.59518349170685
.82492353518804
.61659022172292
1.0619266033173
.65940368175507
.83142201105754
.6838685075442
.84671252965927
.45451069871585
.81651377677917
.66551987330119
.73509174585342
.52905199925105
.77178899447123
.52675839265188
.72782876094182
.55733944972356
.81498469909032
.6230886777242
.75879204273224
.48776758710543
.875
.64678899447123
.95183485746384
.52561161915461
.70642203092575
.50344037016233
.7656727830569
.57454129060109
.78707953294118
.71788992484411
.84900611639023
.50344037016233
.80963303645452
.53325686852137
.70565750201543
.4980886777242
.70489297310511
.43425076206525
.84212539593379
.52293578783671
.72018349170685
.48318041364352
.77866971492767
.46292049686114
.6792813539505
.4889143705368
.70183485746384
.55848622322083
.62538226445516
.56192660331726
.71062690019608
.37538225452105
.6773700316747
.40099388360977
.66131498416265
.4522171318531
.59862385193507
.48776758710543
.6066513856252
.39373087882996
.60512232780457
.46177369356155
.74770641326904
.39258409539858
.53860857089361
.44418960809708
.61773699522018
.43998470902443
.71444954474767
.52981650829315
.69915900627772
.42698776721954
.59021407365799
.50917431712151
.60168196757634
.45259938637416
.5661314924558
.58677371342977
.58639144897461
.34862385193507
.64296634991964
.42507644494375
.65214067697525
.37117737531662
.6949541370074
.36659021178881
.59938836097717
.43310396869977
.61047401030858
.41551987330119
.51796636978785
.47477064530055
.63799695173899
.37155963977178
.57377676169078
.44495412707329
.50802753369013
.30886849761009
.46521406372388
.375
.48432721694311
.34938837091128
.57110091050466
.37652904788653
.55045870939891
.44036696354548
.62079511086146
.31536696354548
.52522935469945
.41743119557699
.60856268803279
.2729357779026
.52025993665059
.41475535432498
.41322629650434
.29434250791868
.50917431712151
.33983180920283
.56727828582128
.29816514253616
.47324158747991
.31727828582128
.46483180920283
.27714066704114
.50573394695918
.21788991491
.516437292099
.32186543941498
.52025995651881
.30198776721954
.41207950313886
.33868501583735
.48356268803279
.28287461400032
.39755351344744
.25344037016233
.32798166076342
.24655963977178
.44342507918676
.25382263461749
.33027523756027
.28707951307297
.44915901621183
.33486239115397
.28822630643845
.24235474069913
.42469419042269
.26185014843941
.44457186261813
.20145259797573
.40634556611379
.34174312154452
.32530580957731
.29013760884603
.4568042755127
.18539755543073
.42775229612986
.31957186261813
.40366972486178
.26070336500804
.44113150238991
.28211009502411
.48547400037448
.27675841252009
.42584097385406
.20948012173176
.43807339668274
.28019877274831
.41131499409676
.28363914291064
.52828745047251
.25305810074011
.46865443388621
.33753822247187
.43922018011411
.202217121919
.38914372523626
.22974005838235
.39831804235776
.25382262468338
.42163608471553
.31498470902443
.51261468728383
.32339449723562
.40022936463356
.26452599962552
.50229357679685
.30733944972356
.40137614806493
.29663609464963
.43310397863388
.22859327495098
.49388379851977
.31422019004822
.46559632817904
.25152905285358
.3998471001784
.31116208434105
.46253822247187
.35091742873192
.46444953481356
.33065749208132
.17889907956123
.31727828582128
.49617736538251
.34785932302475
.49197247624397
.29357798894246
.46980122725169
.25917431712151
.48126912117004
.3180428147316
.37958716352781
.25764524936676
.4025229314963
.24541285137335
.35359326998393
.28096330165863
.5405198931694
.2683486243089
.44074923793475
.30198776721954
.46062691013018
.25152905285358
.37920488913854
.39564220110575
.40596330165863
.29816514253616
.42928134401639
.17928134898345
.46788990497589
.26299693683783
.42660551269849
.36811925967534
.41284403204918
.34785933295886
.47400611639023
.25764525930087
.34327216943105
.25611620644728
.43922018011411
.29816513260206
.44266055027644
.33027522762616
.42125382026037
.30466360847155
.42201835910479
.28746176759402
.3566513756911
.34327216943105
.35397553443909
.26452598969142
.49388377865156
.26070336500804
.34938837091128
.32568806409836
.50955658157667
.34824158747991
.44724770387014
.29931192596753
.44227828582128
.3088685075442
.46483179926872
.39143731196721
.40825686852137
.2886085609595
.4594801167647
.30428134401639
.47553517421087
.34938838084539
.41666666666667
.20336392025153
.28058103720347
.29740060369174
.45145260294278
.35206421216329
.39870030681292
.30810397863388
.34021406372388
.23853210608164
.49847095211347
.29243118564288
.38685015837351
.16934250791868
.44724770387014
.31613150238991
.41475535432498
.24732415874799
.40214067697525
.26223242282867
.3639143705368
.2886085609595
.47935778896014
.32110092043877
.44877675175667
.25229357679685
.5
.23891437550386
.42010702689489
.25879205266635
.48126911123594
.24044342339039
.39717125892639
.28478593627612
.38073394695918
.27331804235776
.51452598969142
.27025993665059
.38646788398425
.28249234954516
.3887614707152
.19342507918676
.46062691013018
.21559632817904
.44571865598361
.25535167256991
.46024464567502
.38073394695918
.44992355505625
.26146788398425
.41513760884603
.36353210608164
.42240061362584
.26643731196721
.37844037016233
.28899082541466
.42354739705722
.28058103720347
.37117737531662
.23470947643121
.36200305819511
.28211008509
.30848623315493
.35856269796689
.43501529097557
.21980122228463
.23700305819511
.32415902614594
.49694188435872
.23509175082048
.37576452891032
.28822630643845
.43119265635808
.26911315321922
.34977064530055
.28211009502411
.36811926960945
.24388379355272
.38761467734973
.21292048692703
.51261467734973
.31307338674863
.30886849761009
.30619266629219
.41284404198329
.29434250791868
.40634556611379
.33333332339923
.39067278305689
.29472478230794
.3887614707152
.25879205266635
.6230886777242
.27561161915461
.53975534439087
.23623853425185
.40366972486178
.25038226445516
.37499999006589
.29548929135005
.41743119557699
.24235474069913
.3860856294632
.19457186261813
.42201834917068
.27217125892639
.4751528998216
.297782878081
.47706421216329
.30351681510607
.47591742873192
.35970948139826
.39296635985374
.25955658157667
.39449541767438
.26643730203311
.35703363021215
.35970947146416
.53899081548055
.25955657164256
.38952598969142
.35321100552877
.55733942985535
.29701835910479
.30657493074735
.29281346003215
.3887614707152
.30963302652041
.55084097385406
.22324158747991
.52981652816137
.26605504751205
.48929663499196
.17889908452829
.48700305819511
.21177369852861
.42163608471553
.26299694180489
.452217121919
.23814984659354
.40749234954516
.26873088876406
.45565749208132
.27905198931694
.452217121919
.32110092043877
.35588684678078
.25802752375603
.32377675175667
.28249234954516
.46253823240598
.31995411713918
.40749235947927
.30007645487785
.54281346003215
.33256880442301
.38111621141434
.28019877274831
.41781345009804
.28631499409676
.45642202099164
.2775229314963
.53822630643845
.34518349170685
.52370029687881
.28287461400032
.44074923793475
.26299694180489
.42469419042269
.28593271970749
.41207951307297
.3685015241305
.45565749208132
.30198776721954
.48662079373995
.22477064530055
.27446482578913
.26681956648827
.41016820073128
.24464831252893
.38264525930087
.21788990497589
.45603976647059
.25535168250402
.45642202099164
.30581039190292
.52599388360977
.29243119557699
.44648317495982
.42278288801511
.4908256928126
.27675840258598
.47821100552877
.29969419042269
.39143731196721
.30772170424461
.27866972486178
.2840214073658
.37538225452105
.33753822247187
.46368501583735
.33142201105754
.32530580957731
.34824159741402
.46100917458534
.32454128066699
.39143730203311
.27102446556091
.47094801068306
.29931192596753
.37729357679685
.26643730203311
.3069571852684
.22629969815413
.36735474069913
.27599388360977
.35894496242205
.28058102726936
.43004588286082
.34862385193507
.34480121731758
.26032111048698
.35129970312119
.31383792559306
.40481651822726
.28440367182096
.41207951307297
.32186543941498
.50076452891032
.32148317495982
.40978593627612
.26452599962552
.37805809577306
.26873088876406
.37347094217936
.12499999751647
.40634556611379
.30772171417872
.38990826408068
.32071865598361
.47477063536644
.22171253959338
.34862385193507
.26146789391836
.38455658157667
.26032111048698
.44151376684507
.21444953978062
.50496941804886
.29625382026037
.4862385292848
.34059633811315
.42469419042269
.30389908949534
.30772170424461
.29663608471553
.43386849761009
.34900610645612
.38914373517036
.2159785926342
.44610091050466
.19418960313002
.37155962983767
.26185016334057
.5007645090421
.28937308986982
.43998470902443
.31957187255224
.48509174585342
.26720183591048
.37691131234169
.2545871535937
.41666665673256
.26032110551993
.3318042854468
.2274464815855
.44266055027644
.26911314328512
.47897553443909
.33295106887817
.26643731196721
.29396024346352
.40825686852137
.28096330165863
.42048930128415
.27408256133397
.39564221103986
.32530580957731
.33639142910639
.41207951307297
.30160550276438
.30389907956123
.54854740699132
.31727828582128
.48012231787046
.26567278305689
.4090214073658
.28172783056895
.42010703682899
.22515290478865
.52866971492767
.24541284143925
.44151375691096
.30810397863388
.43004587292671
.21712538599968
.36085626482964
.29931192596753
.28516819079717
.26146788398425
.38723242282867
.26758409539859
.43081040183703
.23814985156059
.36200305819511
.3226299782594
.35321101546288
.31995412707329
.39831803242366
.27561161915461
.47324159741402
.23662079373995
.48738531271617
.31307338674863
.30466360847155
.22591742873192
.39908257126808
.29854739705722
.48623851935069
.22209479908148
.53555045525233
.33409785230954
.54396023352941
.24159021675587
.3501528998216
.28134556611379
.45718654990196
.14564220110575
.32912844419479
.27102445562681
.40634555617968
.24464831749598
.46177370349566
.43922018011411
.39296635985374
.2545871535937
.48279816905657
.28937308986982
.4430428147316
.2045107036829
.39487767219543
.25955657660961
.36926605304082
.26452598969142
.50114679336548
.42851682504018
.35359326998393
.24159021675587
.37270642320315
.25879204769929
.46980122725169
.28669724861781
.43310398856799
.32186543941498
.36467888951302
.26185014843941
.30504587292671
.3180428147316
.50840978821119
.26796635985374
.43386849761009
.37079510092735
.35741590460141
.29166666666667
.35970947146416
.19418960313002
.30007645487785
.21750765045484
.42698776721954
.20603976150354
.46215595801671
.35856269796689
.45259938637416
.38226300477982
.39067278305689
.26911314328512
.41322629650434
.29548929135005
.46444954474767
.29243118564288
.33295106887817
.25726299484571
.42851682504018
.23241590460141
.5569571852684
.28019877274831
.34977063536644
.29510703682899
.30810397863388
.30733944972356
.46941895286242
.31077980995178
.34097860256831
.30619265635808
.50955658157667
.33868501583735
.6185015241305
.42125382026037
.53975536425908
.20030580957731
.38914373517036
.30313456058502
.52522935469945
.25344036519527
.46444954474767
.19342507918676
.38379204273224
.22171253959338
.38188073039055
.18348623812199
.43960245450338
.32339448730151
.39755351344744
.2385321110487
.39717125892639
.27217125892639
.41972476243973
.24961773554484
.36964831749598
.27752294143041
.49044342835744
.26911315321922
.36888378858566
.24082568287849
.35818043351173
.30925076206525
.44227829575539
.23394495248795
.47438838084539
.34671253959338
.38493884603182
.3180428147316
.39717124899228
.35818042357763
.37041283647219
.26146789391836
.43233944972356
.2905198832353
.3318042854468
.26758409539859
.41551987330119
.24197247624397
.40214067697525
.29969419042269
.40749235947927
.24885321160158
.58944954474767
.27675841252009
.38761467734973
.25573394199212
.37691131234169
.29816514253616
.36964831749598
.38532110055288
.44877676169078
.22974006334941
.36429662505786
.28287462393443
.37538227438927
.29931192596753
.41322629650434
.26032111048698
.37423548102379
.37538226445516
.40328746040662
.29090213775635
.38493883609772
.24617737034957
.38111620148023
.18577981491884
.45412844419479
.36697247624397
.34021407365799
.29892967144648
.39296636978785
.27331804235776
.46177370349566
.29281346003215
.3134556611379
.28631498416265
.48318042357763
.36085626482964
.39373088876406
.30466361840566
.44227828582128
.30848624308904
.33256880442301
.23012232283751
.45336391528447
.27522935469945
.33142201105754
.42698777715365
.38570336500804
.26146788398425
.34136085708936
.24617737034957
.41284403204918
.25611621141434
.44036697347959
.26873088876406
.43845565120379
.31498470902443
.36200305819511
.25840978324413
.34403669834137
.31460244456927
.40099389354388
.32492354512215
.45374618967374
.24579510589441
.46483180920283
.19266055027644
.41704893112183
.2435015241305
.4862385292848
.31307339668274
.37882262468338
.32568807403247
.40519877274831
.34250764052073
.42545870939891
.28669724861781
.33218653996785
.21368502080441
.38685014843941
.22974005838235
.43233944972356
.23738532265027
.45756880442301
.39564221103986
.42698776721954
.40711008509
.32454128066699
.37652904788653
.4862385292848
.36506115396818
.43233943978945
.29931192596753
.27599388360977
.31766055027644
.48738532265027
.30007644494375
.34250764052073
.32951070864995
.38302752375603
.22477064033349
.34059632817904
.31880734364192
.35244647661845
.24006116390228
.43463302652041
.2931957145532
.42698776721954
.30695719520251
.38990826408068
.27790519595146
.43081040183703
.27561161915461
.44036696354548
.25152905285358
.46253822247187
.22094801565011
.33906728029251
.27561161915461
.36888378858566
.22209479908148
.35970948139826
.27064220110575
.56766055027644
.25535168250402
.39640673001607
.27905198931694
.29357797900836
.25802752375603
.40519878268242
.18654434382915
.47897554437319
.28440366188685
.39984709024429
.1865443388621
.3639143705368
.28134556611379
.34785932302475
.37347095211347
.38837919632594
.25879204273224
.53669724861781
.24082568784555
.45259938637416
.22324158747991
.40175841252009
.23967889944712
.3115443388621
.25726299484571
.47324158747991
.33142202099164
.47744647661845
.32186543941498
.33142201105754
.28593271970749
.34785932302475
.24464831749598
.45412843426069
.20259939134121
.31192660331726
.3134556611379
.45833334326744
.24732415874799
.39449541767438
.36391438047091
.4640672703584
.28019877274831
.29434250791868
.30351682504018
.42507645487785
.29740060369174
.55848624308904
.28211008509
.36162079373995
.24044342835744
.41016820073128
.35970947146416
.44648317495982
.33600918451945
.34327216943105
.22629969815413
.29472477237384
.28363914291064
.41322629650434
.26605503757795
.4051987628142
.18539755046368
.37576452891032
.33486239115397
.45718654990196
.24579510589441
.32415901621183
.32224770387014
.39678899447123
.22209480404854
.36467889944712
.25993883609772
.43730886777242
.29204892118772
.4090214073658
.2912843922774
.3520642220974
.28134556611379
.37576451897621
.33218653996785
.43883791565895
.25000000496705
.42928134401639
.3023700316747
.41131498416265
.2270642220974
.32951069871585
.35168195764224
.43310397863388
.2840214073658
.5118501385053
.25152905285358
.38723241289457
.25076452891032
.43616208434105
.32033640146255
.33448012669881
.27905198931694
.23967889944712
.27178899447123
.35703364014626
.2182721743981
.45833332339923
.22133027513822
.37691131234169
.2931957145532
.39602446556091
.30619266629219
.3547400534153
.31880734364192
.53019877274831
.22859326998393
.42851681510607
.2320336351792
.46980122725169
.23050458729267
.34900610645612
.31230886777242
.25573394695918
.2454128464063
.50496940811475
.21827216943105
.43501528104146
.26337920626005
.33256880442301
.27178898453712
.59136084715525
.2729357779026
.47935779889425
.29357797900836
.42431192596753
.31651375691096
.34021406372388
.32798165082932
.38493884603182
.23738531768322
.42889908949534
.19495413204034
.3776758313179
.24503058195114
.47974006334941
.33524464567502
.31192660331726
.29969419042269
.46941896279653
.27675841252009
.39067278305689
.39564220110575
.37117737531662
.3409785926342
.32148317495982
.29051987330119
.46750765045484
.28593271970749
.40596330165863
.31269112229347
.37041285634041
.27561162908872
.44266055027644
.3383027613163
.29357797900836
.10091743121545
.3455657462279
.33715595801671
.5210244456927
.3639143606027
.35588684678078
.38532111048698
.30007645487785
.25267583628496
.46368501583735
.23776758710543
.40940366188685
.29548930128415
.39602446556091
.37308868765831
.41934249798457
.25076453387737
.44571865598361
.24732416371504
.3337156077226
.26414373517036
.48126911123594
.24273700515429
.39487767219543
.31001529097557
.45145260294278
.25535167753696
.45412844419479
.38340978821119
.41972477237384
.27790519595146
.2637614607811
.28555045525233
.34671253959338
.35703364014626
.40787462393443
.32301223278046
.452217121919
.2389143705368
.53937307993571
.40328746040662
.4365443388621
.31077981988589
.4568042755127
.20718654493491
.43272171417872
.23776758213838
.38226299484571
.27828746040662
.42507645487785
.40290520588557
.39717124899228
.3023700316747
.31651375691096
.2182721743981
.49464832743009
.24082568287849
.39717124899228
.38570336500804
.3841743071874
.23432721694311
.33562691013018
.29281345009804
.54587155580521
.30389907956123
.4273700316747
.23318042854468
.33256880442301
.3383027613163
.42354740699132
.3841743071874
.4044342537721
.30925077199936
.39640673001607
.28516819079717
.42775229612986
.3069571852684
.30389908949534
.28822629650434
.47247705856959
.40558103720347
.40596330165863
.19992354512215
.36506116390228
.26070336500804
.45718653996785
.35741589466731
.39296635985374
.35168195764224
.40099388360977
.32874617973963
.38188073039055
.30657493074735
.50114679336548
.40749234954516
.30657492081324
.27408257126808
.43616208434105
.27828746040662
.45030580957731
.36429663499196
.3979357779026
.28019877274831
.4365443388621
.24732415874799
.41016820073128
.27599388360977
.4319571852684
.24044342339039
.40061161915461
.24350152909756
.35741590460141
.24350152909756
.32874617973963
.36926605304082
.47477063536644
.3409785926342
.43157492081324
.26337920626005
.46903670827548
.38799695173899
.46368501583735
.2866972386837
.51720183094343
.27714066704114
.39678898453712
.32415902117888
.42545870939891
.29701833923658
.32989296317101
.3180428147316
.51261467734973
.27331804235776
.29434250791868
.2637614707152
.36429663499196
.41169724861781
.46062691013018
.2610856294632
.50764524936676
.20489296317101
.46177370349566
.31536697347959
.43157493074735
.33409786224365
.39105504751205
.21483180423578
.34824159741402
.30160551269849
.43807339668274
.30389907956123
.49426606297493
.32301222284635
.41207951307297
.30657493074735
.3612385392189
.31154434879621
.46253822247187
.23585626979669
.45374617973963
.37576452891032
.51720184087753
.36009173591932
.47859326004982
.25917431215445
.44151376684507
.27561161915461
.3841743071874
.25955657164256
.4319571852684
.34327216943105
.37652905782064
.30007645487785
.59671252965927
.39296634991964
.4862385292848
.32912843426069
.48547400037448
.23585626979669
.32224770387014
.28058102726936
.41934251785278
.33448012669881
.35741589466731
.23088685174783
.44457186261813
.29472477237384
.36697247624397
.38914372523626
.42125382026037
.3344801167647
.48891438047091
.28287461400032
.4155198832353
.31001529097557
.4954128464063
.30007645487785
.34403668840726
.34136085708936
.5072629849116
.31039755543073
.39717125892639
.37996941804886
.49159022172292
.44610092043877
.41934250791868
.38952599962552
.51643731196721
.25764526923498
.47782875100772
.33753823240598
.24847094714642
.28363914291064
.32148318489393
.16399082541466
.27331803242366
.34480122725169
.25305810570717
.23318042854468
.36314984162649
.32377675175667
.40252294143041
.27561161915461
.2931957244873
.10588685174783
.32798166076342
.34365443388621
.17240061362584
.22668195764224
.33906728029251
.25267584621906
.28746177752813
.25955658157667
.21100917458534
.26911315321922
.26987768212954
.23891437550386
.34327216943105
.23241589963436
.25535168747107
.24579511086146
.27714067697525
.28249235947927
.25917432208856
.28058104713758
.32377676169078
.22859327495098
.2522935817639
.23891437550386
.36620794733365
.29892966151237
.2591743071874
.26032111048698
.28784403204918
.2794342537721
.28172783056895
.24694189925989
.22629969318708
.25840978821119
.23012232283751
.2090978572766
.30581040183703
.23700305819511
.29510703682899
.24159021675587
.29587156573931
.21483180920283
.31422018011411
.16437308986982
.17316513756911
.21406728029251
.29243119557699
.27484709024429
.15596330165863
.29854739705722
.25993884603182
.31001529097557
.17889908452829
.23356268803279
.31001529097557
.3363914390405
.23088684678078
.30198776721954
.33677370349566
.29969419042269
.24006116390228
.3363914390405
.26223241289457
.24464831749598
.32568807403247
.24961773554484
.26796635985374
.1819571852684
.2228593279918
.34518348177274
.21406727532546
.20489296813806
.23891437550386
.18539755543073
.34977063536644
.26911314328512
.34633027513822
.21636085708936
.20909786224365
.22553516924381
.32874617973963
.3180428147316
.24961773057779
.20603975156943
.25344036519527
.18004587292671
.22859327495098
.21674312154452
.27752294143041
.23509174088637
.24961773554484
.22324159244696
.22859326998393
.25191130737464
.25114678839842
.31727828582128
.30160551269849
.20948012173176
.22400611639023
.28096330165863
.33027522762616
.23050458729267
.25076452394327
.22171253959338
.24235474069913
.21788990994294
.26490826408068
.29128440221151
.25535167753696
.2362385292848
.2564984758695
.20030580957731
.31766055027644
.1953363964955
.31957186261813
.17278287311395
.28516819079717
.21444953978062
.26911315321922
.2090978572766
.31307339668274
.27140672008197
.27943424383799
.18807339171569
.26070336500804
.21406728029251
.28478592634201
.19839449723562
.28363914291064
.1769877721866
.19457186758518
.26873088876406
.27025993665059
.17966360847155
.36697248617808
.21024464567502
.28134555617968
.21521406869094
.24464831749598
.27408257126808
.31039754549662
.20259938637416
.27790519595146
.25879205266635
.29166666666667
.24006116390228
.32568807403247
.18730887273947
.19457186261813
.24732416371504
.2568807353576
.16016820073128
.28096330165863
.20068807403247
.23891438047091
.15481651326021
.18577981988589
.26681957642237
.27561162908872
.23050458729267
.19686544438203
.22629969318708
.16781345506509
.2775229314963
.24044342339039
.19036697347959
.23509174088637
.17622324327628
.18922018508116
.20221712688605
.33677370349566
.21215596298377
.26108561952909
.22133027513822
.2435015241305
.21636085708936
.23203364014626
.20183486243089
.18807339668274
.18157492081324
.20833333333333
.16322630147139
.30045870939891
.20795106887817
.24694189925989
.21406727532546
.28822629650434
.18310397366683
.2090978572766
.14181957145532
.27599388360977
.20336391528447
.28593271970749
.27331805229187
.2090978572766
.22247706353664
.25420489907265
.20183486243089
.20986238618692
.22438838084539
.21559632817904
.16934250295162
.22094801068306
.25267584621906
.24541284143925
.17125382026037
.24388378858566
.20068807403247
.23509174088637
.25344036519527
.23279816408952
.21062691013018
.2090978572766
.21903669834137
.20489296813806
.21100917458534
.27217125892639
.23394495248795
.28249235947927
.18081039686998
.28516819079717
.21750764548779
.2362385292848
.22744648655256
.21406728029251
.19189602136612
.29013761878014
.26987768212954
.28822629650434
.21941896279653
.26681957642237
.22821101049582
.21827216943105
.21903670330842
.15711009005706
.24197247624397
.23126911620299
.20336391528447
.28019878268242
.22897553443909
.2545871535937
.21903669834137
.33906728029251
.14296635985374
.14717125395934
.17125382026037
.19915902117888
.19495412707329
.2068042854468
.23470947643121
.21750764548779
.19801223278046
.27522935469945
.1284403676788
.19036697347959
.17354740202427
.24159021675587
.23700305322806
.17278287311395
.22553516924381
.1819571852684
.20642202099164
.23088685174783
.16131498416265
.23700305819511
.25535168747107
.24273700018724
.14678899447123
.24197247127692
.18539755543073
.188837920626
.14870030681292
.40940367182096
.23012232283751
.22859327495098
.25114679336548
.1704892963171
.18463302652041
.23203364014626
.16704893112183
.265672792991
.16781346003215
.22591742873192
.14411314825217
.17622324327628
.21521406869094
.26146788398425
.28019877274831
.24464831749598
.20068807403247
.21636085708936
.18463302652041
.18233944972356
.16743119557699
.20871559778849
.20336391528447
.23738532265027
.16857797900836
.28899082541466
.20336391031742
.24044342835744
.21903669834137
.2159785926342
.23394495248795
.2683486243089
.21024464567502
.30733944972356
.20756880939007
.20412843922774
.20221712688605
.20221712688605
.28019877274831
.19036697347959
.17622324327628
.24694189925989
.17698776721954
.22094801565011
.17354739705722
.29051987330119
.20795106887817
.26299694180489
.21253822743893
.24770642320315
.16934250295162
.19877675672372
.21712538103263
.27484709024429
.21368501583735
.19495413204034
.21980122228463
.3180428147316
.15902140239875
.26299694180489
.20680428047975
.22859326998393
.30313455065091
.34403669834137
.24235473573208
.29854739705722
.21062691013018
.28019877274831
.21788991491
.20298165082932
.22668195764224
.2068042854468
.17201834917068
.20565749208132
.16284404198329
.20642201602459
.21865442891916
.22171253959338
.28593270977338
.26911315321922
.20603975653648
.28249235947927
.17431192596753
.24770642320315
.22897553443909
.28975535432498
.27866972486178
.26987768212954
.19266054530938
.2385321110487
.21980122725169
.2637614707152
.25191131234169
.24082568287849
.21292048692703
.18730886777242
.25802752375603
.20183486739794
.22553516924381
.20986238618692
.29243119557699
.30657493074735
.19227829078833
.16093272467454
.23662079373995
.27140672008197
.27866971492767
.30160550276438
.19801223278046
.26911314328512
.19724770387014
.19457186261813
.19877675672372
.28631498416265
.17660550773144
.21100917458534
.16399082541466
.30542813738187
.22018348673979
.28593271970749
.17278287311395
.28975534439087
.23470948139826
.20527522762616
.15099387864272
.24847095211347
.19074923296769
.21750764052073
.13876146574815
.23814984659354
.18425076206525
.2094801167647
.17125382522742
.24311926960945
.2637614707152
.33944953481356
.37882262468338
.32568808396657
.23662079373995
.23585626979669
.26567278305689
.14296635985374
.23547401030858
.20756880442301
.26605504751205
.25764526426792
.14717125892639
.30542813738187
.21865443885326
.27331804235776
.33409786224365
.33486238121986
.23662079870701
.29472477237384
.21483180423578
.27790520588557
.23012232780457
.41131498416265
.27293578783671
.24388378858566
.27790519595146
.31498470902443
.27828746040662
.21865443388621
.24350152909756
.35741590460141
.27522935469945
.28899082541466
.25382263461749
.23700305819511
.27331804235776
.30084098378817
.29587156573931
.38570336500804
.26070336004098
.35244648655256
.33753822247187
.45451070864995
.3455657462279
.37729357679685
.4319571852684
.37920489907265
.42622323830922
.30581040183703
.3612385292848
.35932721694311
.25344037512938
.09288990745942
.31995412707329
.27866972486178
.31422019004822
.44457187255224
.32683486739794
.41934250791868
.25535167753696
.40214066704114
.2905198832353
.37003058195114
.43692660331726
.40290519595146
.35168195764224
.35129969318708
.41972477237384
.2545871535937
.28440368175507
.38188073039055
.4476299683253
.34441896279653
.39908257126808
.4522171318531
.37003058195114
.44610092043877
.32530580957731
.43348623315493
.40634556611379
.42813456058502
.37805809577306
.3933486243089
.49885321656863
.48088684678078
.4273700316747
.39564220110575
.37882262468338
.53096332152685
.4457186460495
.58218653996785
.43501529097557
.42125382026037
.53516819079717
.5615443388621
.41857797900836
.46521407365799
.34518348177274
.54204893112183
.3704128464063
.35894495248795
.3933486243089
.51337920626005
.44189602136612
.38379204273224
.46100917458534
.48432721694311
.49311927954356
.52140674988429
.54243119557699
.50152905782064
.45145260294278
.48012232780457
.54931191603343
.46292048692703
.47018349170685
.4476299782594
.46788991491
.5699541370074
.41284403204918
.39411315321922
.61620795726776
.5470183690389
.577217121919
.50038226445516
.47897553443909
.44801223278046
.4411314924558
.61659022172292
.52484709024429
.57530581951141
.50840978821119
.72744647661845
.51414372523626
.58218653996785
.65214067697525
.65290520588557
.51567278305689
.53860855102539
.54281346003215
.50535167256991
.53975534439087
.55045870939891
.57415900627772
.78555045525233
.59403669834137
.71368501583735
.47821100552877
.52790518601735
.66093269983927
.56383792559306
.67240061362584
.24273700515429
.71253822247187
.60282874107361
.61888378858566
.57798165082932
.63990825414658
.74006114403407
.6242354909579
.79013762871424
.62767585118612
.85206421216329
.57415902614594
.75802751382192
.90099388360977
.63570336500804
.79931191603343
.57683485746384
.70795106887817
.7427370150884
.66055045525233
.79816512266795
.93157492081324
.31651376684507
.7068042755127
.75344036022822
.65366971492767
.62576452891032
.72438836097717
.63685015837351
.84671252965927
.66743119557699
.61276757717133
.77561161915461
.77331805229187
.56498469909032
.82415902614594
.88302753369013
.66666664679845
.99961771567663
.62079509099325
.81995411713918
.83103974660238
.7243884007136
.76261468728383
.8115443388621
.94686543941498
.83677369356155
.62461773554484
.83371559778849
.88302751382192
.43425075213114
.70107034842173
.74579511086146
.8639143705368
.71177369356155
.62805811564128
.72859328985214
.85321100552877
.91857796907425
1.0214067498843
.97935779889425
.98700306812922
.83639142910639
.79434249798457
1.0397553841273
.70718653996785
.94801223278046
.74426605304082
.75038228432337
.90519877274831
.80466361840566
.74159022172292
1.0424311757088
.73279815912247
1.2675840854645
.99923547108968
1.0485473871231
.77178899447123
.99388382832209
.9300458629926
1.0653669834137
.76987767219543
1.127293586731
.88799695173899
.95986237128576
.85741591453552
1.0034403999647
.98165136575699
.85435779889425
.90940366188685
.95145259300868
.80007644494375
1
.84365443388621
.97897553443909
1.1269113222758
.54319570461909
1.1555810372035
1.1701070467631
1.0898317893346
.99808871746063
.86276757717133
1.0194953878721
.99694190422694
.90214067697525
1.0137614409129
1.1785168250402
1.135703365008
1.1047400633494
.90863913297653
.96980122725169
1.1636085510254
.95489297310511
1.457568804423
1.1926605304082
.84288990497589
1.1005351543427
.79510702689489
.84441896279653
1.0523700316747
.97056575616201
1.0955657164256
1.1808103720347
1.1479357481003
1.0806574821472
1.4204892714818
1.1567278305689
.91704893112183
1.3581804037094
.86276757717133
1.0703363815943
1.0045871535937
1.2217125495275
1.3180428345998
1.2549693981806
1.1922782659531
1.2805810372035
1.2274465163549
1.0298165480296
1.2698776721954
1.2492354313533
1.2213302453359
1.0783639351527
1.2052752176921
1.0252293348312
1.23126912117
1.0401376287142
1.476299683253
1.1957186857859
1.1884556611379
1.1785168250402
1.0967125495275
.7564984758695
.9667430917422
1.0026758511861
1.5508410135905
.86888378858566
1.4529816706975
1.2350917259852
1.3788226445516
1.196865439415
1.4594801266988
1.2431192398071
1.2844036817551
1.5118501186371
1.1368501583735
.94418960809708
1.0951834917068
1.2071865399679
1.4613914092382
1.1662844022115
1.4059633413951
1.4120795329412
1.2744648456573
1.1800458828608
1.0527522961299
1.1788990894953
1.4128440221151
1.1483180522919
1.1399082740148
1.2828746239344
.9246942003568
1.219419002533
1.3073394695918
1.2438838084539
1.1517583926519
1.112003048261
1.0879204670588
1.4900611241659
1.1892201900482
1.3581804037094
1.2469418843587
1.1223241488139
.8887614607811
1.1207951307297
1.4766819477081
1.1257645289103
1.1926605304082
1.0722477436066
1.1334098180135
1.2362385590871
1.5867737134298
1.0477828979492
1.1444954077403
1.1884556214015
1.395259976387
.97133028507233
1.1376146872838
1.3841743071874
1.2626146872838
.9789755543073
1.2354739904404
1.0573394497236
1.1295871734619
1.1108562548955
.95107032855352
1.26873087883
1.2874617576599
1.4147553443909
1.48126912117
1.2454128662745
1.1949541171392
1.2756116390228
1.1781346003215
1.5466361045837
1.1903669834137
1.0462538003922
1.3623853524526
1.108562707901
1.1181192795436
1.1899846792221
1.0925076405207
1.1238532066345
1.1204128265381
1.0730122327805
1.0661314725876
1.2668195565542
1.2920489311218
1.0795106887817
1.3329510688782
1.2209480206172
1.1509938637416
1.2224770387014
.92545872926712
.99808869759242
1.1559633413951
1.0867736736933
1.0439602533976
.89984709024429
.90787462393443
1.1739296515783
1.0707186460495
1.2144495248795
.98012230793635
.77905199925105
1.1991590261459
1.1574923594793
1.020642220974
1.4090213775635
1.1441131432851
1.0814220110575
1.0779816706975
.87079509099325
1.2018348773321
.96253822247187
.90366973479589
1.0852446158727
.98929663499196
.85588685671488
1.0160550276438
1.0466360847155
1.1292049090068
.98126910130183
1.1185015042623
1.045871535937
.95718655983607
.97400609652201
1.0538991292318
1.0619266033173
1.0711009105047
.85474004348119
1.020642220974
1.030580997467
.8318042755127
.86697246630987
.8723241686821
.83600916465123
.92775229612986
.95871561765671
.96368499596914
.7970183690389
1.016437292099
.74961773554484
1.0905963579814
.90099390347799
1.0042049090068
.90175841252009
.88188072045644
.66093271970749
1.0061162114143
.71827214956284
.88532110055288
.80619265635808
.93577980995178
.61162080367406
.90481650829315
.86123851935069
.88837921619415
.7683486143748
.81957187255224
.78440366188685
.85512230793635
.82683485746384
.76376148064931
.68425077199936
.74044344822566
.63340977827708
.68119263648987
.73967887957891
.64258410533269
.83677367369334
.62538224458694
.69342507918676
.74464831749598
.78593271970749
.74388378858566
.83371561765671
.59174311161041
.55275227626165
.57148317495982
.76032108068466
.62194190422694
.62920490900675
.69533640146255
.58371559778849
.7480886777242
.70756880442301
.38761466741562
.49694190422694
.71750766038895
.61850154399872
.58677369356155
.57568806409836
.67048929135005
.55772171417872
.70986239115397
.52828747034073
.64525995651881
.48394495248795
.49120794733365
.47171253959338
.51758410533269
.55542814731598
.79128440221151
.64678899447123
.70489297310511
.52178899447123
.53707949320475
.56192660331726
.38035168250402
.73662080367406
.55810397863388
.54854740699132
.54625382026037
.49961773554484
.61735475063324
.49159021178881
.46521407365799
.67354738712311
.55084097385406
.48547400037448
.37232415874799
.38455657164256
.42889907956123
.43883791565895
.50611620148023
.54166666666667
.52140674988429
.5470183690389
.34747705856959
.39717124899228
.72477064530055
.46636085708936
.36506116390228
.40519877274831
.3612385292848
.54128440221151
.4594801167647
.2748471001784
.4613914390405
.3730886777242
.49847095211347
.43425077199936
.44610092043877
.30198775728544
.30810396869977
.42813455065091
.39143731196721
.31957187255224
.43730886777242
.44342506925265
.46521406372388
.36467890938123
.34250764052073
.43386849761009
.46674311161041
.36506116390228
.38837920626005
.41590214769046
.43081039190292
.45068807403247
.48929663499196
.3199541370074
.36085627476374
.35435778896014
.38723241289457
.36047401030858
.25229357679685
.40061162908872
.3520642220974
.35129969318708
.32377675175667
.38952599962552
.40214066704114
.3933486243089
.31536697347959
.30925077199936
.40099388360977
.33027522762616
.50840977827708
.31077981988589
.3455657462279
.35703364014626
.39143731196721
.30542813738187
.3639143705368
.32148317495982
.26337920626005
.31727828582128
.35932721694311
.35282874107361
.42392967144648
.33065749208132
.41475535432498
.35779815912247
.26796636978785
.44227827588717
.35741589466731
.32683486739794
.36811926960945
.3979357779026
.45145260294278
.40366973479589
.39029052853584
.38264525930087
.3566513756911
.30504587292671
.42087156573931
.3814984758695
.37652904788653
.40863914291064
.46521407365799
.36276757717133
.46177370349566
.38035168250402
.35626911123594
.37308868765831
.2931957145532
.36735474069913
.42966360847155
.36085626482964
.30466360847155
.38379205266635
.28975535432498
.50688072045644
.42010703682899
.3474770685037
.37194189429283
.33409786224365
.36506115396818
.46062690019608
.35856268803279
.41781346003215
.34977064530055
.37805810570717
.45336391528447
.33600917458534
.37614678343137
.2729357779026
.33753822247187
.33256881435712
.35703364014626
.39564220110575
.40137614806493
.35321100552877
.36926605304082
.39258409539859
.26758409539859
.4181957244873
.43233944972356
.44686543941498
.44877676169078
.34250765045484
.45183486739794
.38379205266635
.31154434879621
.31766055027644
.43769113222758
.35550459225972
.32836391528447
.40061161915461
.49273699522018
.4090214073658
.42584098378817
.43960244456927
.45451069871585
.28937308986982
.48776758710543
.50611621141434
.54166666666667
.44074922800064
.43616208434105
.44992353518804
.375
.46292048692703
.45986239115397
.48318043351173
.51261466741562
.52675840258598
.51261468728383
.48050458232562
.44648317495982
.42813456058502
.53516821066538
.4181957145532
.49579512079557
.44342507918676
.51529051860174
.58562692006429
.36773700515429
.46368501583735
.40022935469945
.47133027513822
.54396025339762
.5110856294632
.46980121731758
.52331805229187
.34633026520411
.44342506925265
.48050458232562
.38111621141434
.48547400037448
.54510702689489
.59250764052073
.50267584125201
.4181957145532
.39105504751205
.38493883609772
.4862385292848
.48814985156059
.5653669834137
.56460245450338
.59556575616201
.44915901621183
.54090215762456
.47591742873192
.54128440221151
.55313456058502
.46368500590324
.45642202099164
.46903669834137
.60321100552877
.55657494068146
.48547401030858
.59441894292831
.6020642320315
.46062691013018
.5064984758695
.47821100552877
.54701832930247
.50688073039055
.59594802061717
.61659022172292
.52675841252009
.50649846593539
.65481652816137
.4770642220974
.57759938637416
.54816512266795
.51261467734973
.56307337681452
.59633028507233
.5615443388621
.46903670827548
.62958713372548
.61047401030858
.5680428147316
.62767585118612
.54090213775635
.51261467734973
.5661314924558
.5818042755127
.6158256928126
.56077980995178
.516437292099
.52446484565735
.48509173591932
.72285934289296
.68157492081324
.62461773554484
.65366971492767
.52637614806493
.53555043538411
.66093271970749
.53249235947927
.69724770387014
.57377676169078
.52522937456767
.50535167256991
.57912844419479
.60168194770813
.62920488913854
.57033638159434
.53440366188685
.6368501385053
.6242354909579
.61888378858566
.60053515434265
.68386848767598
.54816512266795
.52599388360977
.64525993665059
.64411314328512
.59785932302475
.58944954474767
.53975534439087
.60359326998393
.65214067697525
.59594802061717
.70718653996785
.65366973479589
.69877676169078
.65902139743169
.50305810570717
.55619265635808
.6681957244873
.59518349170685
.67354738712311
.57912844419479
.61888378858566
0
0
0
0
0
0
0
0
0
0
0
0
0
0
0
0
0
0
0
0
0
0
0
0
0
0
0
0
0
0
0
0
0
0
0
0
0
0
0
0
0
0
0
0
0
0
0
0
0
0
0
0
0
0
0
0
0
0
0
0
0
0
0
0
0
0
0
0
0
0
0
0
0
0
0
0
0
0
0
0
0
0
0
0
0
0
0
0
0
0
0
0
0
0
0
0
0
0
0
0
0
0
0
0
0
0
0
0
0
0
0
0
0
0
0
0
0
0
0
0
0
0
0
0
0
0
0
0
0
0
0
0
0
0
0
0
0
0
0
0
0
0
0
0
0
0
0
0
0
0
0
0
0
0
0
0
0
0
0
0
0
0
0
0
0
0
0
0
0
0
0
0
0
0
0
0
0
0
0
0
0
0
0
0
0
0
0
0
0
0
0
0
0
0
0
0
0
0
0
0
0
0
0
0
0
0
0
0
0
0
0
0
0
0
0
0
0
0
0
0
0
0
0
0
0
0
0
0
0
0
0
0
0
0
0
0
0
0
0
0
0
0
0
0
0
0
0
0
0
0
0
0
0
0
0
0
0
0
0
0
0
0
0
0
0
0
0
0
0
0
0
0
0
0
0
0
0
0
0
0
0
0
0
0
0
0
0
0
0
0
0
0
0
0
0
0
0
0
0
0
0
0
0
0
0
0
0
0
0
0
0
0
0
0
0
0
0
0
0
0
0
0
0
0
0
0
0
0
0
0
0
0
0
0
0
0
0
0
0
0
0
0
0
0
0
0
0
0
0
0
0
0
0
0
0
0
0
0
0
0
0
0
0
0
0
0
0
0
0
0
0
0
0
0
0
0
0
0
0
0
0
0
0
0
0
0
0
0
0
0
0
0
0
0
0
0
0
0
0
0
0
0
0
0
0
0
0
0
0
0
0
0
0
0
0
0
0
0
0
0
0
0
0
0
0
0
0
0
0
0
0
0
0
0
0
0
0
0
0
0
0
0
0
0
0
0
0
0
0
0
0
0
0
0
0
0
0
0
0
0
0
0
0
0
0
0
0
0
0
0
0
0
0
0
0
0
0
0
0
0
0
0
0
0
0
0
0
0
0
0
0
0
0
0
0
0
0
0
0
0
0
0
0
0
0
0
0
0
0
0
0
0
0
0
0
0
0
0
0
0
0
0
0
0
0
0
0
0
0
0
0
0
0
0
0
0
0
0
0
0
0
0
0
0
0
0
0
0
0
0
0
0
0
0
0
0
0
0
0
0
0
0
0
0
0
0
0
0
0
0
0
0
0
0
0
0
0
0
0
0
0
0
0
0
0
0
0
0
0
0
0
0
0
0
0
0
0
0
0
0
0
0
0
0
0
0
0
0
0
0
0
0
0
0
0
0
0
0
0
0
0
0
0
0
0
0
0
0
0
0
0
0
0
0
0
0
0
0
0
0
0
0
0
0
0
0
0
0
0
0
0
0
0
0
0
0
0
0
0
0
0
0
0
0
0
0
0
0
0
0
0
0
0
0
0
0
0
0
0
0
0
0
0
0
0
0
0
0
0
0
0
0
0
0
0
0
0
0
0
0
0
0
0
0
0
0
0
0
0
0
0
0
0
0
0
0
0
0
0
0
0
0
0
0
0
0
0
0
0
0
0
0
0
0
0
0
0
0
0
0
0
0
0
0
0
0
0
0
0
0
0
0
0
0
0
0
0
0
0
0
0
0
0
0
0
0
0
0
0
0
0
0
0
0
0
0
0
0
0
0
0
0
0
0
0
0
0
0
0
0
0
0
0
0
0
0
0
0
0
0
0
0
0
0
0
0
0
0
0
0
0
0
0
0
0
0
0
0
0
0
0
0
0
0
0
0
0
0
0
0
0
0
0
0
0
0
0
0
0
0
0
0
0
0
0
0
0
0
0
0
0
0
0
0
0
0
0
0
0
0
0
0
0
0
0
0
0
0
0
0
0
0
0
0
0
0
0
0
0
0
0
0
0
0
0
0
0
0
0
0
0
0
0
0
0
0
0
0
0
0
0
0
0
0
0
0
0
0
0
0
0
0
0
0
0
0
0
0
0
0
0
0
0
0
0
0
0
0
0
0
0
0
0
0
0
0
0
0
0
0
0
0
0
0
0
0
0
0
0
0
0
0
0
0
0
0
0
0
0
0
0
0
0
0
0
0
0
0
0
0
0
0
0
0
0
0
0
0
0
0
0
0
0
0
0
0
0
0
0
0
0
0
0
0
0
0
0
0
0
0
0
0
0
0
0
0
0
0
0
0
0
0
0
0
0
0
0
0
0
0
0
0
0
0
0
0
0
0
0
0
0
0
0
0
0
0
0
0
0
0
0
0
0
0
0
0
0
0
0
0
0
0
0
0
0
0
0
0
0
0
0
0
0
0
0
0
0
0
0
0
0
0
0
0
0
0
0
0
0
0
0
0
0
0
0
0
0
0
0
0
0
0
0
0
0
0
0
0
0
0
0
0
0
0
0
0
0
0
0
0
0
0
0
0
0
0
0
0
0
0
0
0
0
0
0
0
0
0
0
0
0
0
0
0
0
0
0
0
0
0
0
0
0
0
0
0
0
0
0
0
0
0
0
0
0
0
0
0
0
0
0
0
0
0
0
0
0
0
0
0
0
0
0
0
0
0
0
0
0
0
0
0
0
0
0
0
0
0
0
0
0
0
0
0
0
0
0
0
0
0
0
0
0
0
0
0
0
0
0
0
0
0
0
0
0
0
0
0
0
0
0
0
0
0
0
0
0
0
0
0
0
0
0
0
0
0
0
0
0
0
0
0
0
0
0
0
0
0
0
0
0
0
0
0
0
0
0
0
0
0
0
0
0
0
0
0
0
0
0
0
0
0
0
0
0
0
0
0
0
0
0
0
0
0
0
0
0
0
0
0
0
0
0
0
0
0
0
0
0
0
0
0
0
0
0
0
0
0
0
0
0
0
0
0
0
0
0
0
0
0
0
0
0
0
0
0
0
0
0
0
0
0
0
0
0
0
0
0
0
0
0
0
0
0
0
0
0
0
0
0
0
0
0
0
0
0
0
0
0
0
0
0
0
0
0
0
0
0
0
0
0
0
0
0
0
0
0
0
0
0
0
0
0
0
0
0
0
0
0
0
0
0
0
0
0
0
0
0
0
0
0
0
0
0
0
0
0
0
0
0
0
0
0
0
0
0
0
0
0
0
0
0
0
0
0
0
0
0
0
0
0
0
0
0
0
0
0
0
0
0
0
0
0
0
0
0
0
0
0
0
0
0
0
0
0
0
0
0
0
0
0
0
0
0
0
0
0
0
0
0
0
0
0
0
0
0
0
0
0
0
0
0
0
0
0
0
0
0
0
0
0
0
0
0
0
0
0
0
0
0
0
0
0
0
0
0
0
0
0
0
0
0
0
0
0
0
0
0
0
0
0
0
0
0
0
0
0
0
0
0
0
0
0
0
0
0
0
0
0
0
0
0
0
0
0
0
0
0
0
0
0
0
0
0
0
0
0
0
0
0
0
0
0
0
0
0
0
0
0
0
0
0
0
0
0
0
0
0
0
0
0
0
0
0
0
0
0
0
0
0
0
0
0
0
0
0
0
0
0
0
0
0
0
0
0
0
0
0
0
0
0
0
0
0
0
0
0
0
0
0
0
0
0
0
0
0
0
0
0
0
0
0
0
0
0
0
0
0
0
0
0
0
0
0
0
0
0
0
