.85821137825648
.82585364580154
.79951220750809
.869593501091
.82601624727249
.82650407155355
.80422765016556
.85219514369965
.86861789226532
.83821137746175
.86780488491058
.79398375749588
.84195121129354
.84943089882533
.78455283244451
.85430894295375
.8569105664889
.81414633989334
.88065040111542
.88016259670258
.91674796740214
.89707316954931
.96357723077138
.881951212883
.9258536696434
.83284552892049
.82699185609818
.88959348201752
.8411382039388
.83512194951375
.87983739376068
.86390244960785
.89560973644257
.90487804015478
.89203250408173
.86569106578827
.88601624965668
.85040652751923
.88926827907562
.9598373969396
.8606504201889
.8936585187912
.86601626873016
.89170730113983
.89951219161352
.93430894613266
.95170730352402
.86227643489838
.95853658517202
.9035772283872
.82861787080765
.89333333571752
.87609755992889
.92016261816025
.93365854024887
.90406503280004
.91642276446025
.84504063924154
1.0364227294922
.85772359371185
.93186992406845
.8878048658371
.91723577181498
.89577235778173
.9110569357872
.89560975631078
.94487804174423
.91756097475688
.90731706221898
.97073169549306
.99398374557495
.95918699105581
.98845529556274
.89105689525604
.90341462691625
.94731706380844
.97008130947749
.9564227660497
.95463414986928
.97658536831538
.99772357940674
.9104065100352
.89544715483983
.95138210058212
.92991870641708
.91203254461288
.93967479467392
.96406503518422
.91268291076024
.89577235778173
.98000001907349
.96341462930044
.91821140050888
.9536585410436
.89430892467499
.95008128881454
.90650407473246
.95203252633413
.88585364818573
1.1029268503189
1.0287804603577
.9258536696434
.96487804253896
.98747968673706
.93999999761581
.93073171377182
.91219514608383
.97642278671265
.96715446313222
.95349591970444
1.0019512176514
1.0037398338318
.99609756469727
1.0016260147095
.9882926940918
.95707315206528
.99056911468506
1.0105690956116
.94081300497055
.9447154601415
.97365856170654
1.1839024225871
.94032520055771
.94943088293076
1.0143089294434
.95837398370107
.99300813674927
1.0016260147095
.99317073822021
.98081302642822
1.1047154664993
.94943090279897
.95252031087875
.94894309838613
1.0320324897766
.97121951977412
1.0287804603577
1.0383739471436
1.1008130311966
.99934959411621
1.0133333206177
1.0596748193105
1.06926826636
1.0456910530726
1.0393495559692
1.0265040397644
.98845529556274
.97886178890864
1.0050406455994
.9752845565478
1.0040650367737
1.0360975265503
1.0053658485413
.96032520135244
1.0170731544495
.97024389108022
.98048780361811
1.0009756088257
.99642276763916
1.0232520103455
1.0195121765137
.9378861784935
1.018373966217
1.0242276191711
.97300813595454
.99089431762695
1.01544713974
.99463415145874
.97951219479243
.996910572052
.96211383740107
.96991870800654
.97479675213496
.95284553368886
1.0232520103455
.97398372491201
.94536584615707
.98357723156611
1.0108942985535
.91918700933456
.96796747048696
.97577236096064
.97430894772212
.94569104909897
1.0206503868103
1.0907317399979
.9499186873436
1.127317070961
1.036910533905
1.0013008117676
1.0310568809509
.97268293301264
.96926830212275
.94991870721181
.99186992645264
.98390245437622
.96634145577749
.95512193441391
1.0177235603333
.9317073225975
1.0073170661926
.9882926940918
.98373983303706
.98308944702148
.9653658469518
1.0356097221375
1.0034146308899
.97756095727285
.95008128881454
.97723579406738
.95853658517202
1.006178855896
1.081138253212
.9465040564537
1.0665040810903
1.0299186706543
.9508943160375
.94585365056992
.99674797058105
.98747968673706
1.0266666412354
.99073171615601
.97219510873159
.97333331902822
.98032522201538
.89024390776952
1.0697560707728
1.0144715507825
1.0416259765625
.99512195587158
.93983739614487
1.0195121765137
.99512195587158
1.0071544647217
1.0130081176758
1.0590243736903
1.0139837265015
.97317073742549
.98000001907349
.9554471373558
1.0312194824219
.96016259988149
1.0175609588623
1.0115447044373
1.0334959030151
.9567479689916
1.0102438926697
.97951219479243
1.0593495766322
1.0349593162537
.98130083084106
.97674796978633
.95495933294296
.97577236096064
1.0396747589111
.95317071676254
.99089431762695
.99268293380737
.95593494176865
1.0024390220642
1.0039024353027
.98780488967896
.9904064933459
.96308944622676
.96032518148422
1.0011382102966
.96113818883896
1.0013008117676
.98048780361811
.92634147405624
1.021625995636
.99398374557495
1.0429268280665
1.0458536545436
1.0056910514832
1.0204877853394
.98325202862422
.99967479705811
.99918699264526
.99967479705811
1.0617885986964
.93447154760361
1.0616260369619
.98292682568232
.9536585410436
1.0182113647461
1.0024390220642
.99951219558716
1.0365853309631
.97365852197011
.98943090438843
1.0068292617798
1.0056910514832
.97577236096064
.98032520214717
.97154472271601
.98634147644043
1.0344715118408
1.0073170661926
.95528453588486
.95691057046254
.97463415066401
1.0224390029907
.94520324468613
.98000001907349
1.0601625839869
.98975610733032
1.0273170471191
1.0328454971313
1.0452032486598
1.0011382102966
1.027804851532
.98975610733032
1.0151219367981
1.0141463279724
.92731708288193
.93154472112656
1.0089430809021
1.006178855896
1.0079674720764
.94081300497055
.96959348519643
.98585367202759
.98504066467285
1.0627642472585
.95073171456655
.98634147644043
1.0159349441528
1.0445528030396
1.0165853500366
.97642276684443
.9567479689916
1.018373966217
.90764226516088
.97723579406738
1.0102438926697
1.0199999809265
1.0133333206177
1.0291056632996
.993821144104
.9656910498937
.97642276684443
1.0043902397156
.99707317352295
1.0395121574402
.98357725143433
.9852032661438
.94308942556381
.95560975869497
.9780487815539
.9647154211998
.96130081017812
1.0486178398132
.9715447028478
1.0242276191711
1.0234146118164
1.0167479515076
1.0830893913905
.99056911468506
.99024391174316
1.0089430809021
1.0469918648402
1.0013008117676
1.0313820838928
1.0730081399282
1.0486178398132
1.0842276414235
.96520324548086
1.0016260147095
.97219510873159
1.0027642250061
.99430894851685
.99983739852905
.98585367202759
.93528455495834
.96520324548086
.99300813674927
.9790244102478
.97626016537348
.9162601629893
.93967479467392
.94341462850571
1.0528455177943
.99918699264526
1.0268292427063
.94195121526718
.94634145498276
.98569107055664
1.0269918441772
.99609756469727
.98048782348633
.98585363229116
.98601625363032
.9409756064415
.9842276374499
1.0086178779602
1.0263414382935
.96065038442612
.9203252196312
1.0144715309143
.99528455734253
.94601627190908
.9546341697375
.98081300656001
.98325204849243
.98601625363032
.92764228582382
1.2334959506989
1.0383739471436
1.0282926559448
.98260164260864
.98569107055664
1.0156097412109
1.0131707191467
1.0268292824427
.98747966686885
.9468292593956
.91056913137436
.95398374398549
.96422763665517
.96211381753286
.98601625363032
1.0300812721252
.95138212045034
.96813009182612
1.0081300735474
.97691057125727
.9666666785876
1.0156097610792
.9598373969396
1.003089427948
.98130083084106
.9505691130956
1.0029268264771
1.024715423584
.96422763665517
.99658536911011
.98715448379517
.96422763665517
.97024389108022
.95040649175644
1.0004878044128
1.0034146308899
.96227639913559
1.0034146308899
.99121952056885
.97788619995117
1.0219511985779
1.0053658485413
1.003089427948
.99333333969116
.99170732498169
1.0274796485901
.97268293301264
1.0712195237478
.96715446313222
1.0463414589564
.9780487815539
1.0011382102966
.96032518148422
.97479673226674
1.0198373794556
.97495935360591
.98341463009516
1.0131707191467
.94569104909897
1.0069918632507
.94227641820908
1.0063414573669
.9691057006518
.98569107055664
.96276422341665
1.0147967338562
.99365854263306
1.0481300751368
.94390243291855
1.04634141922
.98065042495728
.95479673147202
.9824390411377
.96764228741328
1.0008130073547
.98065042495728
.9622764190038
.91317075490952
.94243901968002
.93983739614487
.98861789703369
.93723577260971
.95837398370107
.9824390411377
.95577236016591
1.0068292617798
.98406505584717
1.04634141922
.93999999761581
1.0266666412354
1.0117073059082
.98455286026001
.96601627270381
1.006016254425
.94260162115097
.93609756231308
.96601625283559
.98715448379517
.9879674911499
.98715448379517
.993821144104
1.0032520294189
.99479675292969
.92845529317856
1.0141463279724
.98845529556274
.9653658469518
1.0027642250061
.93056911230087
.98943090438843
1.0047154426575
.99447154998779
.97512197494507
.9721951285998
.94325202703476
.94422763586044
.96016259988149
.96081298589706
.94894307851791
.99886178970337
.96146339178085
.97544715801875
1.0195121765137
.98032520214717
.94211381673813
.98829267422358
.9557723402977
.94455283880234
.92406505346298
.97821140289307
.95333331823349
1.0242276191711
.90471543868383
.9499186873436
.96585365136464
.95869916677475
1.0570731957753
.97918699185053
.98650407791138
1.0037398338318
.9910569190979
.96634145577749
1.0191869735718
.96341460943222
.96243902047475
.9712194999059
1.0560975472132
1.0147967338562
.97951221466064
.99040651321411
.99658536911011
1.0213007926941
.90325204531352
1.0193495750427
.99089431762695
.9588617682457
.95609756310781
.99951219558716
.96699188152949
.97544715801875
.89268290996552
1.027804851532
.90585364898046
1.0434145927429
.98406505584717
.97918701171875
.92991870641708
.96780488888423
.96097560723623
.99219512939453
.96943088372548
.96731708447138
.95414632558823
.93463414907455
.97577236096064
1.0320324897766
1.0043902397156
.95528453588486
.94487804174423
.93349593877792
.98780486981074
1.0341463088989
.92650407552719
1.0069918632507
.99983739852905
.98666667938232
.97869918743769
.96243902047475
1.0403251647949
1.0286178588867
.98032522201538
.96487806240718
.97268293301264
.97902439037959
1.021463394165
.95999997854233
1.01544713974
.99300811688105
.96991870800654
.96764226754506
.98325204849243
.89414632320404
1.0001626014709
.9904064933459
.95121949911118
.9762601852417
.95609754323959
1.0004878044128
.94276424249013
.98097560803095
.97349594036738
.96097560723623
1.0147967338562
.9626016219457
1.0208129882812
.99138212203979
.97479675213496
.94113820791245
.94325202703476
1.0169105529785
1.0182113647461
.96211379766464
.94146341085434
.97495935360591
1.0195121765137
.97268291314443
1.0065040588379
.93837398290634
.95967477560043
.96699188152949
.9378861784935
.99934959411621
.96211381753286
.98097560803095
.89170730113983
.96357723077138
.90796746810277
1.0133333206177
.98861789703369
.93447154760361
.96243900060654
.98861789703369
.98439023892085
1.0042276382446
.96276422341665
.94585365056992
1.0024390220642
.9440650343895
.96601625283559
1.0686178604762
.92536586523056
.95934959252675
.97268293301264
.98959350585937
.96975610653559
.9567479689916
.95219510793686
1.056747953097
1.0173983573914
.98991870880127
.99089431762695
.94325202703476
.98845529556274
.97821138302485
.93333333730698
.96845529476802
.98471546173096
.94861787557602
.99447154998779
1.0263414780299
1.0255284309387
.96097560723623
.93544715642929
.98780488967896
1.0611381928126
.9141463637352
.9879674911499
.95219510793686
.96471544106801
.99788618087769
.89528453350067
.9842276374499
.92178861300151
1.009105682373
.97577236096064
.95804878075918
1.0147967338562
.98715448379517
.98178863525391
.98666667938232
.9495934844017
.97073171536128
.96097560723623
.96439025799433
1.0006504058838
1.0042276382446
1.0265040397644
.99788618087769
1.0268292427063
1.0071544647217
.88455283641815
.96065038442612
1.0326828956604
.92455285787582
.99918699264526
.98504066467285
1.0042276382446
.97398374478022
.98666667938232
.9162601629893
1.0169105529785
.94764226675034
.89252032836278
.96975610653559
.94227641820908
.92991870641708
.94178861379623
1.0082926750183
.9598373969396
.90975608428319
.93934959173203
1.0035772323608
.98422765731812
.99138212203979
.996910572052
.94439023733139
.94617885351181
.98959350585937
1.0039024353027
1.0078048706055
.98780488967896
1.0032520294189
.97577236096064
.9567479689916
.99349594116211
.9790244102478
.96487804253896
.98243902126948
.93398372332255
.98504066467285
.96991868813833
.9910569190979
.9879674911499
1.0312194824219
.9632520476977
1.0642276207606
.92373985052109
.95577238003413
.9663414756457
1.0534959236781
.96601627270381
.93447154760361
.97707319259644
.94650407632192
.96959350506465
.94747966527939
.97138210137685
1.0331707000732
.90146340926488
.96796747048696
.99821138381958
.95560973882675
1.0055284500122
.94731706380844
.96113822857539
.99317073822021
.89560973644257
1.018373966217
.96715446313222
.93756097555161
.94731706380844
.92504066228867
.93707317113876
1.0016260147095
.90276422103246
.9557723402977
.93008130788803
.99056911468506
.96520324548086
.95121949911118
.98861789703369
.96065040429433
.99235773086548
1.0037398338318
1.0045528411865
1.0588617722193
.91837398211161
.97284551461538
.95154470205307
.90487806002299
.94552844762802
.91837400197983
.90520324309667
.93398374319077
.94439023733139
.94764226675034
.96471544106801
.99934959411621
.95756097634633
.93626016378403
.87121951580048
.9824390411377
.94601625204086
.98227641979853
.91105691591899
1.0058536529541
1.0570731163025
.97235773007075
.90894307692846
1.0172357559204
.93902438879013
.97203250726064
.96926828225454
.91658538579941
.9320325255394
.96845529476802
.9289430975914
.92439025640488
.91593497991562
.91626018285751
.99203252792358
.96081300576528
.99056911468506
1.0043902397156
.92845529317856
.96016259988149
.93398374319077
.96016259988149
.9721951285998
.96455285946528
.94601625204086
.96666665871938
.93414634466171
.94390243291855
.93365854024887
.99300813674927
.99512195587158
.91300813357035
.95186990499496
.95691057046254
.98536586761475
1.0013008117676
.94764226675034
.9626016219457
.90747966368993
.96585365136464
.96422763665517
.98487804333369
.93821138143539
.94634145498276
.87951219081879
1.0762602090836
.94016259908676
.93886178731918
.91837398211161
1.01544713974
.94211381673813
.98650407791138
.94829267263412
.98845529556274
.98991868893305
.92536586523056
.97349594036738
.97577236096064
.90731706221898
.98731708526611
.95121949911118
.97073171536128
.99658536911011
1.0276422897975
.93869918584824
1.0266666809718
.9595121939977
.98634147644043
.98634145657221
.97333335876465
.96341462930044
.94910569985708
.91999999682109
.97560977935791
.92211383581161
.95105689764023
.88878047466278
.9653658469518
.9409756064415
.97528457641602
1.0043902397156
.97040651241938
.9554471373558
.96617887417475
1.015284538269
1.0253658294678
.97121951977412
.91739839315414
.9227642416954
.90373984972636
.95186990499496
.95756097634633
.92536586523056
.98617887496948
.90959350268046
.91902440786362
.99512195587158
.99447154998779
.90601625045141
.92666667699814
.98569107055664
.98617887496948
.89024390776952
.93772357702255
.93674796819687
.90276422103246
.96146339178085
.93398374319077
.91300815343857
.92048782110214
.99902439117432
.98162603378296
.97349594036738
.97658538818359
.91609756151835
.94715446233749
.9230894446373
.99008131027222
.89121949672699
.95040649175644
.91918700933456
.93008130788803
.96699186166128
.92617885271708
1.0058536529541
.88910567760468
.93674796819687
.88504064083099
.86341464519501
.88308942317963
.94341464837392
.99804878234863
.95447152853012
.93333333730698
.93902438879013
.99788618087769
.96796747048696
.92731708288193
.91544715563456
.9567479689916
.90032519896825
.9759349822998
.96715446313222
1.0147967338562
.8578861951828
.92439025640488
.94292682409286
.96065040429433
.87756097316742
.93105691671371
.98699188232422
.94780486822128
.97642278671265
.92634147405624
.94308942556381
.9653658469518
.89560975631078
1.0021138191223
.93430894613266
.91609756151835
.94341462850571
.96097560723623
.94162601232529
.91121949752172
.93642276525497
.99121952056885
.93300813436508
.96455285946528
.9258536696434
.93528455495834
.91040649016698
.99300813674927
1.0048780441284
.99577236175537
.86585366725922
.9824390411377
.94878047704697
.97024391094844
.93821138143539
.94032520055771
.91268295049667
.96682926019033
.92845529317856
.99756097793579
.95756095647812
.91089431444804
.9378861784935
.91772359609604
.92991870641708
.92666667699814
.94178861379623
.93463414907455
.88975608348846
.98406505584717
.95219510793686
.97138212124507
.95186992486318
.94634145498276
.90569106737773
.96113820870717
.95658536752065
.92959350347519
.93853658437729
.90487804015478
.95463414986928
.8973983724912
.93918699026108
.97658536831538
.94357722997665
.91219512621562
.92829269170761
.94926828145981
.95626014471054
.91365851958593
.96926830212275
.99154472351074
.93756097555161
.90276424090068
.96813007195791
.95170732339223
.94146341085434
.91495935122172
.89837398131688
.93268293142319
.94894307851791
.95056909322739
.93073171377182
.97902439037959
.9032520254453
.92601627111435
.93333333730698
.94813007116318
.92227643728256
.89479672908783
.97105689843496
.88032519817352
.9073170820872
.93154472112656
.92926830053329
.95495935281118
.97967481613159
.93252032995224
.94634147485097
.95138210058212
.94260162115097
.90813008944194
.98471546173096
.98991870880127
.872682929039
1.0169105529785
.878861784935
.95707317193349
.90422763427099
.91073171297709
.92406505346298
.94731706380844
.86487805843353
.87609755992889
.91853660345078
.96390243371328
.96113820870717
.95560973882675
.91967481374741
1.0087804794312
.87609755992889
.93186992406845
.9585365653038
.90764228502909
.93609756231308
.91528457403183
.92991870641708
.92130080858866
.96032518148422
.98195121685664
.9001625974973
.95398372411728
.88422763347626
.89382114013036
.97219510873159
.93349593877792
1.0019512176514
.99040651321411
.95235770940781
.99252033233643
.95317071676254
.94146341085434
.9063414533933
.91073169310888
.93121951818466
.9138211607933
.9653658469518
.93105691671371
.88520326217016
.87317073345184
.88455285628637
.92211383581161
.93837398290634
.91414632399877
.98926830291748
.91300813357035
.94113820791245
.94650407632192
.95512195428212
.92569106817245
.95089429616928
.93414634466171
.93414634466171
.91674798727036
.97170732418696
.95609754323959
.89707316954931
.95040649175644
.97317073742549
.95203250646591
.92455285787582
.91300813357035
.9526829123497
.93447154760361
.93821138143539
.95219510793686
.88715445995331
.9941463470459
.92813009023666
.9721951285998
.94845529397329
.86910569667816
.96260160207748
.95658536752065
.94341462850571
.89268290996552
.9567479689916
.9406504034996
.98536586761475
.93219512701035
.90601627031962
.90422763427099
.8973983724912
.91349595785141
.9227642416954
.91105691591899
.9347967505455
.91398376226425
.91869920492172
.97024391094844
.90520326296488
.95219512780507
.95869916677475
.9258536696434
.9203252196312
.93658536672592
.84845528999964
.95577236016591
.95463413000107
.96552844842275
.88032519817352
.95951217412949
.90341462691625
.96276422341665
.93317073583603
.9026015996933
.88699185848236
.97853660583496
.96422763665517
1.0749593575795
.97951221466064
.95495935281118
.86504065990448
.90813008944194
.95219510793686
.94699186086655
.9104065100352
.93739837408066
.8640650510788
.93317073583603
.91398374239604
.96373983224233
.92178863286972
.9536585410436
.90682927767436
.97739839553833
.90097560485204
.94048780202866
.93154472112656
.93349593877792
.96357723077138
.90406505266825
.92699187994003
.92195123434067
.86146342754364
.91121951738993
.91967481374741
.92634147405624
.93853658437729
.90975610415141
.90845529238383
.92747968435287
.90276420116425
.87707316875458
.97203250726064
.94943088293076
.98130083084106
1.0437397956848
.92341464757919
.90796748797099
.89170730113983
.91788619756699
.91772359609604
.95284551382065
.95495933294296
.94341462850571
1.0151219367981
1.0009756088257
1.0739837884903
1.1323577165604
.98910570144653
.95040649175644
.99365854263306
1.0318698883057
.99853658676147
1.0050406455994
1.0321950912476
1.009105682373
1.0564227501551
1.0066666603088
1.040162563324
1.0850406885147
1.0419511795044
.99544715881348
.9910569190979
1.0426015853882
1.0359349250793
1.033983707428
1.0011382102966
1.093333363533
1.0242276191711
1.006178855896
1.1169105768204
1.0282926559448
1.0835772752762
1.0367479324341
1.0674796501795
1.0967479944229
1.0837398767471
1.0918699502945
1.0891057252884
1.0573983192444
1.1065040826797
1.0834146738052
1.0785366296768
1.1014634370804
1.1263414621353
1.0795122385025
1.1598373651505
1.1754471460978
1.1822764078776
1.102764248848
1.1570731401443
1.1279674768448
1.1954471667608
1.1448780298233
1.2450406551361
1.2123577594757
1.178048769633
1.1806504329046
1.2061788638433
1.2468292713165
1.276097536087
1.2565853595734
1.2471544742584
1.2338211536407
1.2447154521942
1.245365858078
1.3091056744258
1.2943089008331
1.2921950817108
1.3234146436056
1.3476423025131
1.3759349584579
1.3502439260483
1.3326829274495
1.403414607048
1.2871544361114
1.423414627711
1.4297560850779
1.4346341292063
1.4149593512217
1.3899186849594
1.4725203514099
1.4674797058105
1.472195148468
1.4827642440796
1.4917073249817
1.5640650192897
1.5437398354212
1.5541463295619
1.5658536752065
1.6105691194534
1.5730081001918
1.5913821061452
1.6543089151382
1.6300812959671
1.7004878123601
1.7669918934504
1.7014634211858
1.7492682933807
1.769918680191
1.8365854024887
1.8318699598312
1.8616260290146
1.8886178731918
1.8557723760605
1.8588618040085
1.922113776207
1.9333333571752
1.9977235794067
1.9060162305832
1.9640650749207
1.9874796867371
2.0266666412354
2.2039024829864
2.1466666857402
2.1406504313151
2.1847155094147
2.1873171329498
2.2959349155426
2.3297561009725
2.426016330719
2.4154472351074
2.4793496131897
2.5413007736206
2.5769104957581
2.6744715372721
2.7619512081146
2.7536585330963
2.7764227390289
2.8352844715118
2.8523576259613
2.8635772864024
2.7491056919098
2.6325203577677
2.5422764619191
2.4084552923838
2.2452032566071
2.1874796549479
2.1123576958974
2.0315446853638
1.9895934661229
1.8152845700582
1.8559349775314
1.8287805318832
1.7139837344488
1.6731707255046
1.6552845637004
1.5608130296071
1.5530081192652
1.5497560898463
1.5996748209
1.4944715499878
1.4440650542577
1.5048780441284
1.4481300910314
1.4562602043152
1.3985365629196
1.4084552526474
1.3892682790756
1.323414683342
1.3343089818954
1.3084553082784
1.326341509819
1.308292667071
1.2260162830353
1.2816259860992
1.2640650272369
1.2652032375336
1.2035772403081
1.2596747875214
1.1788617769877
1.1842275857925
1.1682926416397
1.1669918696086
1.1525202989578
1.184227625529
1.1583739519119
1.1523576974869
1.14260160923
1.1782113313675
1.1134959459305
1.1465040842692
1.1569105386734
1.1598374048869
1.1222764253616
1.0934959252675
1.0881301164627
1.0772357781728
1.0619512399038
1.1450406312943
1.1170731782913
1.0793496370316
1.0622764031092
1.070569117864
1.130243897438
1.0582113663356
1.0624390045802
1.0606504281362
1.1172357797623
1.0435771942139
1.0816260178884
1.136585354805
1.0889431238174
1.1377235651016
1.1208130121231
1.0232520103455
1.0910569429398
1.1190243959427
1.0853658914566
1.0679674943288
1.1100813150406
1.0985366106033
1.0167479515076
1.0627642075221
1.0985366106033
1.0499186515808
1.1757723490397
1.080975651741
1.0196747779846
1.0730081399282
1.087317109108
1.0757724046707
1.0663414796193
1.0562601884206
1.148943066597
1.0250406265259
1.0356097221375
1.102764248848
1.0917073488235
1.1021138429642
1.0860162973404
1.0512195030848
1.1338211297989
1.0421137809753
.99186992645264
1.0614633957545
1.077886223793
1.0198373794556
1.0004878044128
1.0217885971069
1.0266666412354
1.0302438735962
1.0224390029907
1.0586991707484
1.0357723236084
1.0725203752518
1.0255284309387
1.0791870355606
1.0465040206909
1.006016254425
1.0082926750183
1.0144715309143
1.018536567688
1.0489430824916
1.043089389801
1.0144715309143
1.0874797105789
.98764228820801
1.0330080986023
1.0037398338318
1.0406503677368
1.0052032470703
1.0125203132629
1.009105682373
1.0479674339294
1.0139837265015
1.0378861427307
.98878049850464
.996910572052
1.0865041017532
.99317073822021
1.0626016457876
1.0056910514832
1.1141463518143
1.0393495559692
.98292682568232
.99756097793579
1.050731698672
1.0658536354701
1.0164227485657
1.0536584854126
1.0728455781937
1.0026016235352
1.0256910324097
1.0798374414444
1.0237398147583
1.0487804412842
.99626016616821
.96422765652339
1.0128455162048
1.0517072677612
1.0458536148071
1.0396747589111
1.0104064941406
1.0034146308899
1.0756098031998
1.0209755897522
1.0043902397156
1.0678048531214
.99756097793579
1.0351219177246
1.0876423120499
1.0151219367981
1.0004878044128
.96715448300044
1.0188617706299
.96455281972885
1.0492682854335
1.0839024782181
.99788618087769
1.0175609588623
1.0375609397888
.97040649255117
1.1409755945206
1.0074796676636
1.0465040206909
.99121952056885
1.053658525149
1.0173983573914
1.009268283844
1.0409755706787
1.0016260147095
1.1125203371048
1.0422763824463
1.0414633750916
.98813009262085
1.0721951723099
1.0333333015442
1.0357723236084
1.0014634132385
1.0619512399038
1.0502438545227
1.1078048547109
1.0993495782216
1.009105682373
.98813009262085
1.0764227708181
.98943090438843
.95983737707138
1.0391869544983
1.0234146118164
1.0435771942139
1.0456910133362
1.0352845191956
1.0796748399734
.98471544186274
1.0713821649551
.98097562789917
1.0512194633484
1.0069918632507
1.0284552574158
1.0439024368922
1.0556097428004
1.0549593369166
1.0447154045105
1.0097560882568
1.0239024162292
1.0528455177943
1.0029268264771
1.0539836883545
.99268293380737
1.0128455162048
1.0427642265956
1.0295934677124
1.0232520103455
1.0591870148977
1.0414633750916
1.0614634354909
1.0180487632751
1.0081300735474
1.0206503868103
1.0196747779846
1.0741463502248
1.0554471413294
1.0169105529785
1.0199999809265
.97040651241938
1.0281300544739
.9972357749939
1.0702439149221
1.036910533905
.98813007275263
1.0508942604065
.96455285946528
.9725203315417
1.0037398338318
.97268293301264
1.0047154426575
1.0175609588623
1.0255284309387
1.0349593162537
1.0346341133118
.98292682568232
1.0157723426819
1.0180487632751
1.0344715118408
1.0193495750427
1.0346341133118
1.0414633750916
1.0302438735962
.99674797058105
1.0159349441528
1.0131707191467
1.0058536529541
1.0543088912964
1.0186991691589
1.093333363533
.98162601391474
1.0456910133362
.97869918743769
1.0357723236084
1.043089389801
1.1208130121231
.99528455734253
1.027804851532
.98926830291748
1.0258536338806
1.0073170661926
1.0357723236084
.99138212203979
1.0239024162292
1.0359349250793
1.0373983383179
1.0014634132385
1.0240650177002
1.0169105529785
1.0274796485901
1.0039024353027
1.0131707191467
1.0209755897522
1.0286178588867
1.0323576927185
1.06130083402
1.0265040397644
1.0167479515076
1.0801626046499
.97772357861201
.97772357861201
1.0178861618042
1.0413007736206
1.0721951723099
1.0056910514832
1.0097560882568
1.0255284309387
1.018536567688
1.0699187517166
.96243902047475
.98601627349854
1.0378861427307
1.0178861618042
1.0039024353027
.99447154998779
1.0408129692078
1.0159349441528
1.0169105529785
1.0621138016383
1.0356097221375
1.0052032470703
.97626016537348
.97951221466064
1.0666666825612
1.0962601900101
.97398374478022
.9557723402977
1.0645528634389
1.0211381912231
1.0198373794556
1.0222764015198
.96455281972885
1.0160975456238
1.0534958839417
1.0281300544739
1.0253658294678
1.0598374207815
1.0317072868347
1.0221138000488
.99821138381958
.98406505584717
1.0473170280457
1.0435771942139
1.0087804794312
1.0302438735962
1.0386991500854
1.0406503677368
1.0531707207362
1.0541463295619
1.0014634132385
.97593496243159
1.0271544456482
1.0125203132629
1.1562601327896
1.0206503868103
1.03089427948
1.0089430809021
1.0334959030151
1.0250406265259
1.1354471445084
1.0708943605423
.9910569190979
.95073169469833
1.0489430824916
1.0024390220642
1.0538210868835
1.0695935487747
1.0186991691589
1.0673171281815
1.0437397956848
1.0014634132385
1.0271544456482
1.0268292427063
1.0383739471436
1.0453658501307
1.0117073059082
1.0439024368922
1.0016260147095
1.0029268264771
.99284553527832
1.0478048324585
.99235773086548
1.0747967561086
.99479675292969
.9941463470459
1.0752845605214
1.0959349870682
.99479675292969
1.0261788368225
1.0226016044617
1.0104064941406
1.0294308662415
1.0858536958694
1.1065040826797
.99089431762695
.97382116317749
1.0884553194046
1.0265040397644
1.0560975472132
1.0100812911987
.95528455575307
.98861789703369
1.0237398147583
1.0570731560389
1.0017886161804
1.0678048928579
.97626016537348
1.0507316589355
1.0476422309875
1.0076422691345
1.0001626014709
.98439025878906
1.0265040397644
1.0160975456238
.98861789703369
1.0206503868103
.96471544106801
1.0043902397156
1.0178861618042
1.0039024353027
1.0478048721949
1.0195121765137
.990081290404
1.0349593162537
1.0229268074036
1.0289430618286
1.1245528856913
1.0373983383179
.96682926019033
1.049430847168
1.0180487632751
.98406505584717
1.0465040206909
.99821138381958
1.0190243721008
1.0014634132385
1.0352845191956
1.0143089294434
1.0162601868312
1.0336585044861
1.0354471206665
1.0939837694168
.99756097793579
1.0652032295863
1.0923577547073
1.0681300957998
1.0299186706543
.99918699264526
1.0315446853638
1.0014634132385
1.0056910514832
1.0144715309143
1.0063414573669
.97008130947749
1.0139837265015
1.0284552574158
.96699188152949
1.0243902206421
1.0120325088501
1.0144715309143
.95121949911118
1.0486178398132
.9941463470459
1.0668292840322
.98764228820801
1.0419511795044
.96211381753286
1.0186991691589
1.0131707191467
1.0053658485413
.9577235976855
1.0541463295619
.98504066467285
1.0596747795741
1.0167479515076
1.0001626014709
1.0383739471436
.95528453588486
1.039999961853
1.040162563324
.97268293301264
1.0481300751368
1.0071544647217
1.0295934677124
1.009268283844
1.0435771942139
1.0172357559204
1.0232520103455
.9882926940918
1.0120325088501
1.0281300544739
1.0813008546829
.98373985290527
1.0226016044617
1.0879675149918
1.0208129882812
1.0201625823975
.97463415066401
.97235773007075
1.0261788368225
.99089431762695
1.0426015853882
1.0040650367737
1.0819512605667
1.0396747589111
1.0284552574158
1.0196747779846
1.0731707811356
1.0759349664052
1.040162563324
1.0354471206665
.99154470364253
1.0608130296071
1.0577235619227
1.0211381912231
1.0151219367981
.96520324548086
1.0029268264771
1.0408129692078
.97544715801875
.94878049691518
.99609756469727
1.0076422691345
1.0357723236084
.98504066467285
1.0970731973648
.98943090438843
1.0669918457667
.98943090438843
1.0248780250549
1.027642250061
1.0182113647461
.99837398529053
1.0134959220886
1.0173983573914
1.0084552764893
.96569106976191
1.0295934677124
1.0118699073792
1.0300812721252
1.0403251647949
1.0551219383876
1.0795122385025
1.0131707191467
1.033983707428
.98406503597895
.996910572052
1.0284552574158
1.0291056632996
1.0448780059814
.99447154998779
1.040162563324
1.03089427948
1.0591869751612
1.0203251838684
.9882926940918
1.0089430809021
1.021625995636
.96861789623896
1.024552822113
1.0424389839172
1.0738211870193
1.0606504281362
1.01544713974
1.0297560691833
1.0139837265015
1.0320324897766
1.0492682854335
1.0282926559448
1.0606504281362
1.04634141922
1.0390243530273
.996910572052
1.0017886161804
1.0107316970825
1.024552822113
1.0554471413294
1.0073170661926
1.0237398147583
1.0622764031092
.9910569190979
1.0378861427307
1.0232520103455
1.0203251838684
1.0144715309143
1.1082926988602
1.0393495559692
.98162601391474
.99674797058105
1.030731678009
.98715448379517
1.03089427948
1.0734959840775
1.0357723236084
.99837396542231
1.0297560691833
1.0234146118164
1.0526829163233
1.0066666603088
1.0639024178187
1.0429267883301
.95658536752065
.99056909481684
1.0411381721497
.99430894851685
1.0256910324097
1.0760975678762
1.1494309107463
1.027804851532
1.0575609604518
1.0756097634633
.98406505584717
.9653658469518
1.0559349457423
.98715448379517
1.0073170661926
.98373985290527
1.0043902397156
.93804877996445
1.0235772132874
1.0240650177002
1.021463394165
1.0146341323853
1.0147967338562
1.0199999809265
1.0310568809509
1.0448780457179
1.0520324707031
1.0169105529785
1.0601626237233
1.0009756088257
1.0752846002579
.99886178970337
1.0313820838928
1.0616259972254
1.0349593162537
.96959350506465
.993821144104
1.0169105529785
1.0396747986476
.98097562789917
.99821138381958
1.0439024368922
1.0050406455994
1.0530081192652
1.021463394165
.99089431762695
1.0778861840566
1.0338211456935
1.0617886384328
1.0417885780334
.98910568157832
1.0086178779602
1.0105690956116
1.0242276191711
.99756097793579
1.0323576927185
1.0115447044373
.96894309918086
1.0170731544495
.95577236016591
1.0261788368225
1.073658545812
.99170730511347
.99886178970337
1.0427641868591
1.0692683060964
1.0530080795288
1.0328454971313
1.0639024575551
1.0261788368225
1.0458536148071
1.0159349441528
1.0066666603088
1.0065040588379
.99528455734253
1.0063414573669
.95252031087875
.95365852117538
1.0147967338562
.98504066467285
1.0354471206665
1.0112195014954
.96520324548086
1.0035772323608
1.0632520119349
1.012357711792
1.0873170693715
.97902439037959
1.067317088445
1.0500812530518
1.0465040604273
1.009268283844
.93869918584824
1.0224390029907
1.0427641868591
1.0455284516017
1.0147967338562
1.0482926766078
.96861789623896
1.018373966217
.94796746969223
1.0099186897278
1.0239024162292
1.0186991691589
1.0304064750671
1.0125203132629
1.0647154649099
1.0751219590505
1.0017886161804
1.0422764221827
1.0730081796646
.99138212203979
.98617885510127
1.0510569016139
1.0377235412598
1.0253658294678
1.0541463295619
1.0312194824219
1.0416259765625
.97658538818359
1.0356097221375
.98878047863642
.98048780361811
1.0663414796193
1.0195121765137
.9721951285998
1.07674797376
.9533333381017
.97268293301264
1.0419511795044
1.0439023971558
.98894309997559
1.0386991500854
.96016259988149
1.0074796676636
.98308942715327
1.012195110321
1.0282926559448
1.0175609588623
1.0292682647705
1.024715423584
.9595121939977
.98260162274043
.98552846908569
1.0469918251038
.99398374557495
1.0427641868591
1.0712195237478
.993821144104
1.0364227294922
1.0105690956116
.96357723077138
1.0730081399282
.97544717788696
.96731706460317
1.0136585235596
1.0081300735474
1.0268292427063
1.027804851532
.97772357861201
.98699188232422
.99365854263306
1.0645528634389
1.0165853500366
1.0364227294922
.97544715801875
1.0143089294434
.97430894772212
1.0265040397644
.97788619995117
1.0204877853394
.9848780632019
1.0465040206909
.97821138302485
1.043251991272
.93349593877792
.98195123672485
.97951219479243
1.027642250061
1.0133333206177
1.0876423120499
.98487804333369
1.0089430809021
1.0053658485413
.98552846908569
.96715446313222
.94861787557602
1.0481300354004
1.0328454971313
.97609758377075
1.0269918441772
1.0134959220886
1.0219511985779
.99804876248042
.97105689843496
1.0084552764893
1.0029268264771
1.0226016044617
1.0169105529785
.94617887338003
1.0048780441284
1.0208129882812
.98130083084106
.95024389028549
.9687804778417
1.0248780250549
.96699186166128
.99544715881348
.99024391174316
.9725203315417
.98276424407959
1.0346341133118
1.0528454780579
.98910570144653
1.0173983573914
1.0273170471191
.97317073742549
1.0136585235596
1.0333333015442
1.0356097221375
.96878049770991
1.0191870133082
.99886178970337
1.0282926559448
.96585365136464
.95284553368886
1.0195121765137
.99869918823242
.98601627349854
1.0744715531667
.9289430975914
.99479675292969
1.0076422691345
1.0170731544495
1.0117073059082
.92406505346298
.97024391094844
1.0013008117676
.98504066467285
1.0087804794312
1.0081300735474
.9848780632019
1.0359349250793
.91967481374741
.98731708526611
.98861787716548
1.0827641884486
1.0017886161804
.97382112344106
1.0190243721008
.98617887496948
.97902439037959
1.0549593369166
.9526829123497
1.0222764015198
.99869918823242
.98455286026001
1.0056910514832
.9598373969396
.91121951738993
.98650407791138
1.0273170471191
.93707317113876
.93999999761581
1.0167479515076
1.0112195014954
.9409756064415
1.0039024353027
.98780488967896
1.0043902397156
1.0372357368469
.98975610733032
.97723577419917
.97772357861201
.99186992645264
1.021625995636
1.003089427948
1.0695935090383
.96276424328486
.97853658596675
.90634147326152
.97723579406738
.96617887417475
1.0042276382446
1.0406503677368
.98195121685664
.9725203315417
1.0022764205933
1.0260162353516
.9879674911499
.92243903875351
.99853658676147
.97463415066401
1.0151219367981
.97967481613159
.97089431683222
.96634145577749
1.0040650367737
.97869920730591
1.0143089691798
1.0165853500366
.996910572052
.96634145577749
.98975610733032
.97284553448359
1.0029268264771
.99658536911011
.9378861784935
.96487804253896
.98861787716548
1.0258536338806
.98292684555054
.97577236096064
.93008130788803
.97642276684443
.96292682488759
.98764228820801
.9663414756457
1.030731678009
.96032520135244
.96829267342885
.97821138302485
1.0227642059326
.9440650343895
.95723577340444
.98878049850464
.95382114251455
.97170732418696
.98569107055664
.99203252792358
.95121951897939
.9440650343895
1.0055284500122
1.0951219797134
1.0452032486598
.92764228582382
.9752845565478
1.003089427948
1.074959397316
.95934959252675
.98504066467285
.97837400436401
.96813009182612
.99186992645264
1.0258536338806
1.0172357559204
.99788618087769
1.0304064750671
.99951219558716
.97024389108022
1.024552822113
.97902439037959
.9437398314476
.9598373969396
.96422763665517
.97691059112549
.93674796819687
.96227643887202
.96991868813833
.96861787637075
.94471544027328
.96308944622676
.98243902126948
.91284553209941
.96276420354843
.98032520214717
.94617885351181
1.009268283844
.92373983065287
.95284551382065
.96504064400991
.96650407711665
.98341463009516
1.1139837106069
1.0026016036669
.98308944702148
1.0089430809021
.96325202782949
.91707317034403
.93284553289413
.96195121606191
.97674798965454
.92178863286972
.986991862456
.96764228741328
.93447154760361
.95186992486318
1.0330080986023
.94569104909897
.94894307851791
1.0074796676636
.88520324230194
.9656910498937
.91951221227646
.95040649175644
.92601627111435
.91056913137436
.91089431444804
.88894307613373
.88910567760468
.95154470205307
.92861789464951
.95186990499496
.92130082845688
.96195121606191
.97447154919306
.94211381673813
.91414634386698
.88991868495941
.93138211965561
.91463416814804
.97203250726064
.90829269091288
.92406505346298
.91447154680888
.95918699105581
.92113822698593
.90292682250341
.98341464996338
.89886178572973
.88487803936005
.94520324468613
.93105691671371
.9687804778417
.92081302404404
.85658538341522
.92601627111435
.91723577181498
.91886178652445
.95138210058212
.92422765493393
.83398373921712
.9100813070933
.91853658358256
.93918699026108
.90243901809057
.87739837169647
.8730081319809
.86422765254974
.86422765254974
.92943090200424
.92016261816025
.85593497753143
.88991868495941
.87121951580048
.87040650844574
.90975610415141
.86227643489838
.91821140050888
.9134959379832
.94910567998886
.82032519578934
.9409756064415
.91772359609604
.91934961080551
.91040652990341
.84471545616786
.90373982985814
.87284553050995
.90000001589457
.94178861379623
.8325203259786
.84048779805501
.8473170598348
.93723577260971
.88552844524384
.94520324468613
.85170731941859
.85934960842133
.83382113774617
.88455283641815
.89008130629857
.86975610256195
.8226016163826
.86471545696259
.88601626952489
.88146340847015
.81203252077103
.86552846431732
.87105691432953
.85365853706996
.88439025481542
.89788615703583
.83463414510091
.92536586523056
.89495933055878
.85707318782806
.90373984972636
.84406505028407
.81658536195755
0
0
0
0
0
0
0
0
0
0
0
0
0
0
0
0
0
0
0
0
0
0
0
0
0
0
0
0
0
0
0
0
0
0
0
0
0
0
0
0
0
0
0
0
0
0
0
0
0
0
0
0
0
0
0
0
0
0
0
0
0
0
0
0
0
0
0
0
0
0
0
0
0
0
0
0
0
0
0
0
0
0
0
0
0
0
0
0
0
0
0
0
0
0
0
0
0
0
0
0
0
0
0
0
0
0
0
0
0
0
0
0
0
0
0
0
0
0
0
0
0
0
0
0
0
0
0
0
0
0
0
0
0
0
0
0
0
0
0
0
0
0
0
0
0
0
0
0
0
0
0
0
0
0
0
0
0
0
0
0
0
0
0
0
0
0
0
0
0
0
0
0
0
0
0
0
0
0
0
0
0
0
0
0
0
0
0
0
0
0
0
0
0
0
0
0
0
0
0
0
0
0
0
0
0
0
0
0
0
0
0
0
0
0
0
0
0
0
0
0
0
0
0
0
0
0
0
0
0
0
0
0
0
0
0
0
0
0
0
0
0
0
0
0
0
0
0
0
0
0
0
0
0
0
0
0
0
0
0
0
0
0
0
0
0
0
0
0
0
0
0
0
0
0
0
0
0
0
0
0
0
0
0
0
0
0
0
0
0
0
0
0
0
0
0
0
0
0
0
0
0
0
0
0
0
0
0
0
0
0
0
0
0
0
0
0
0
0
0
0
0
0
0
0
0
0
0
0
0
0
0
0
0
0
0
0
0
0
0
0
0
0
0
0
0
0
0
0
0
0
0
0
0
0
0
0
0
0
0
0
0
0
0
0
0
0
0
0
0
0
0
0
0
0
0
0
0
0
0
0
0
0
0
0
0
0
0
0
0
0
0
0
0
0
0
0
0
0
0
0
0
0
0
0
0
0
0
0
0
0
0
0
0
0
0
0
0
0
0
0
0
0
0
0
0
0
0
0
0
0
0
0
0
0
0
0
0
0
0
0
0
0
0
0
0
0
0
0
0
0
0
0
0
0
0
0
0
0
0
0
0
0
0
0
0
0
0
0
0
0
0
0
0
0
0
0
0
0
0
0
0
0
0
0
0
0
0
0
0
0
0
0
0
0
0
0
0
0
0
0
0
0
0
0
0
0
0
0
0
0
0
0
0
0
0
0
0
0
0
0
0
0
0
0
0
0
0
0
0
0
0
0
0
0
0
0
0
0
0
0
0
0
0
0
0
0
0
0
0
0
0
0
0
0
0
0
0
0
0
0
0
0
0
0
0
0
0
0
0
0
0
0
0
0
0
0
0
0
0
0
0
0
0
0
0
0
0
0
0
0
0
0
0
0
0
0
0
0
0
0
0
0
0
0
0
0
0
0
0
0
0
0
0
0
0
0
0
0
0
0
0
0
0
0
0
0
0
0
0
0
0
0
0
0
0
0
0
0
0
0
0
0
0
0
0
0
0
0
0
0
0
0
0
0
0
0
0
0
0
0
0
0
0
0
0
0
0
0
0
0
0
0
0
0
0
0
0
0
0
0
0
0
0
0
0
0
0
0
0
0
0
0
0
0
0
0
0
0
0
0
0
0
0
0
0
0
0
0
0
0
0
0
0
0
0
0
0
0
0
0
0
0
0
0
0
0
0
0
0
0
0
0
0
0
0
0
0
0
0
0
0
0
0
0
0
0
0
0
0
0
0
0
0
0
0
0
0
0
0
0
0
0
0
0
0
0
0
0
0
0
0
0
0
0
0
0
0
0
0
0
0
0
0
0
0
0
0
0
0
0
0
0
0
0
0
0
0
0
0
0
0
0
0
0
0
0
0
0
0
0
0
0
0
0
0
0
0
0
0
0
0
0
0
0
0
0
0
0
0
0
0
0
0
0
0
0
0
0
0
0
0
0
0
0
0
0
0
0
0
0
0
0
0
0
0
0
0
0
0
0
0
0
0
0
0
0
0
0
0
0
0
0
0
0
0
0
0
0
0
0
0
0
0
0
0
0
0
0
0
0
0
0
0
0
0
0
0
0
0
0
0
0
0
0
0
0
0
0
0
0
0
0
0
0
0
0
0
0
0
0
0
0
0
0
0
0
0
0
0
0
0
0
0
0
0
0
0
0
0
0
0
0
0
0
0
0
0
0
0
0
0
0
0
0
0
0
0
0
0
0
0
0
0
0
0
0
0
0
0
0
0
0
0
0
0
0
0
0
0
0
0
0
0
0
0
0
0
0
0
0
0
0
0
0
0
0
0
0
0
0
0
0
0
0
0
0
0
0
0
0
0
0
0
0
0
0
0
0
0
0
0
0
0
0
0
0
0
0
0
0
0
0
0
0
0
0
0
0
0
0
0
0
0
0
0
0
0
0
0
0
0
0
0
0
0
0
0
0
0
0
0
0
0
0
0
0
0
0
0
0
0
0
0
0
0
0
0
0
0
0
0
0
0
0
0
0
0
0
0
0
0
0
0
0
0
0
0
0
0
0
0
0
0
0
0
0
0
0
0
0
0
0
0
0
0
0
0
0
0
0
0
0
0
0
0
0
0
0
0
0
0
0
0
0
0
0
0
0
0
0
0
0
0
0
0
0
0
0
0
0
0
0
0
0
0
0
0
0
0
0
0
0
0
0
0
0
0
0
0
0
0
0
0
0
0
0
0
0
0
0
0
0
0
0
0
0
0
0
0
0
0
0
0
0
0
0
0
0
0
0
0
0
0
0
0
0
0
0
0
0
0
0
0
0
0
0
0
0
0
0
0
0
0
0
0
0
0
0
0
0
0
0
0
0
0
0
0
0
0
0
0
0
0
0
0
0
0
0
0
0
0
0
0
0
0
0
0
0
0
0
0
0
0
0
0
0
0
0
0
0
0
0
0
0
0
0
0
0
0
0
0
0
0
0
0
0
0
0
0
0
0
0
0
0
0
0
0
0
0
0
0
0
0
0
0
0
0
0
0
0
0
0
0
0
0
0
0
0
0
0
0
0
0
0
0
0
0
0
0
0
0
0
0
0
0
0
0
0
0
0
0
0
0
0
0
0
0
0
0
0
0
0
0
0
0
0
0
0
0
0
0
0
0
0
0
0
0
0
0
0
0
0
0
0
0
0
0
0
0
0
0
0
0
0
0
0
0
0
0
0
0
0
0
0
0
0
0
0
0
0
0
0
0
0
0
0
0
0
0
0
0
0
0
0
0
0
0
0
0
0
0
0
0
0
0
0
0
0
0
0
0
0
0
0
0
0
0
0
0
0
0
0
0
0
0
0
0
0
0
0
0
0
0
0
0
0
0
0
0
0
0
0
0
0
0
0
0
0
0
0
0
0
0
0
0
0
0
0
0
0
0
0
0
0
0
0
0
0
0
0
0
0
0
0
0
0
0
0
0
0
0
0
0
0
0
0
0
0
0
0
0
0
0
0
0
0
0
0
0
0
0
0
0
0
0
0
0
0
0
0
0
0
0
0
0
0
0
0
0
0
0
0
0
0
0
0
0
0
0
0
0
0
0
0
0
0
0
0
0
0
0
0
0
0
0
0
0
0
0
0
0
0
0
0
0
0
0
0
0
0
0
0
0
0
0
0
0
0
0
0
0
0
0
0
0
0
0
0
0
0
0
0
0
0
0
0
0
0
0
0
0
0
0
0
0
0
0
0
0
0
0
0
0
0
0
0
0
0
0
0
0
0
0
0
0
0
0
0
0
0
0
0
0
0
0
0
0
0
