1.1236383517583
1.1112473011017
1.1224128405253
1.1171024243037
1.1143790483475
1.1179194053014
1.1252723137538
1.1136982838313
1.1134259700775
1.1200980345408
1.1072984933853
1.1243191957474
1.1154684225718
1.1067537864049
1.1089324553808
1.1113834381104
1.1149237155914
1.1131535768509
1.1245915095011
1.1085239648819
1.119144876798
1.1187363862991
1.1236383120219
1.1284041802088
1.1288126309713
1.1199618577957
1.1141067743301
1.1382080713908
1.1161492268244
1.112745086352
1.1335784594218
1.1049836476644
1.1112472613653
1.1153322458267
1.1364378929138
1.1304465929667
1.1141067345937
1.1218681732814
1.1111111243566
1.1273148457209
1.1236383120219
1.1108387708664
1.1214597225189
1.1225490172704
1.1122004588445
1.1168300708135
1.123774488767
1.108115474383
1.1173747380575
1.1263616482417
1.1154684225718
1.1180555423101
1.1271786689758
1.1153322458267
1.1123365958532
1.1151960690816
1.1214596827825
1.1289487679799
1.1239106655121
1.1111110846202
1.1278594732285
1.1258170207342
1.1172386010488
1.1089324553808
1.1369825601578
1.1146514415741
1.1066176493963
1.1141067345937
1.1126089493434
1.1247276465098
1.1266340017319
1.1116557518641
1.124455332756
1.1286764542262
1.1126089096069
1.1146513621012
1.1149237553279
1.1045751571655
1.1220043500264
1.1153322060903
1.1064815123876
1.1146514018377
1.118600209554
1.1175109148026
1.1228213707606
1.130855123202
1.1175109148026
1.1196895043055
1.1184640725454
1.1190087000529
1.1180555820465
1.1141067345937
1.1188725233078
1.117919365565
1.1124727725983
1.1293572982152
1.1154683828354
1.1241830190023
1.1322167714437
1.1221405267715
1.1275871197383
1.1263616879781
1.1089324553808
1.1123366355896
1.1221405267715
1.1177832285563
1.10688996315
1.1134259700775
1.1143790483475
1.1207788785299
1.1273148457209
1.1230936845144
1.1149237553279
1.1260892947515
1.1075708071391
1.1085239648819
1.1149237553279
1.1278594732285
1.1229575077693
1.1365740696589
1.134940067927
1.1312636137009
1.1251361767451
1.1136982440948
1.1225490172704
1.117919365565
1.1157406965892
1.1247276862462
1.1357570886612
1.1109749476115
1.1304466327031
1.130174279213
1.1120642820994
1.1183278958003
1.1247276862462
1.1085239648819
1.1557734409968
1.1252723534902
1.1146514018377
1.1195534070333
1.1047112941742
1.1124727725983
1.1184640725454
1.1439270178477
1.1226851940155
1.1188725233078
1.1245915095011
1.1235021750132
1.1192810535431
1.1215958197912
1.1117919683456
1.1213235060374
1.1263616879781
1.1158769130707
1.1094771226247
1.1258169809977
1.135484735171
1.1165577570597
1.1292211214701
1.1350762446721
1.1211873690287
1.1319444576899
1.1273148457209
1.1226851542791
1.1195533672969
1.124455332756
1.131399790446
1.1221405267715
1.1214597225189
1.1134258906047
1.1151960690816
1.1319444179535
1.1160130898158
1.1134258906047
1.141884525617
1.1171023845673
1.1247276862462
1.1304465929667
1.1190087397893
1.1192810535431
1.1485566695531
1.163534839948
1.1752451260885
1.1296296517054
1.1207788785299
1.1226851940155
1.1187363465627
1.1195533672969
1.1150598923365
1.1210511922836
1.1136982440948
1.1218682130178
1.1279956499736
1.1026688416799
1.112745086352
1.1187363862991
1.1128812630971
1.1229575077693
1.1228213310242
1.1085239648819
1.1077069838842
1.1113834381104
1.1187363862991
1.1135620673498
1.1352124214172
1.1105664571126
1.1225490172704
1.1279956499736
1.1190087000529
1.1275871594747
1.1309912999471
1.1352124214172
1.1388888756434
1.1531863212585
1.1255446275075
1.1147875785828
1.1284041404724
1.1203703482946
1.1135621070862
1.1090686321259
1.1294934352239
1.108115474383
1.1105664571126
1.1177832285563
1.1168300708135
1.1199618577957
1.1181917190552
1.1131535768509
1.1258169809977
1.1243191560109
1.0984477202098
1.1032135089238
1.1136982440948
1.1192810535431
1.1109749873479
1.1166938940684
1.1147875785828
1.1215958595276
1.1225490172704
1.1176470518112
1.1151960690816
1.1294934749603
1.1128813028336
1.1390250523885
1.1653050581614
1.1249999602636
1.1104302803675
1.1220043500264
1.1218682130178
1.1131536165873
1.1236383517583
1.1195533672969
1.1171023845673
1.113289753596
1.1161492268244
1.1263616482417
1.1224128405253
1.1175109148026
1.1240468422572
1.1263616879781
1.1090686321259
1.124455332756
1.131399790446
1.1184640725454
1.1312636137009
1.1338507731756
1.1102941036224
1.1083877881368
1.1294934749603
1.107434630394
1.1269063154856
1.1309912602107
1.1220043500264
1.129629611969
1.1599945624669
1.1247276862462
1.119689544042
1.1275871594747
1.1312635739644
1.1300381422043
1.135484735171
1.1446078618368
1.1143790880839
1.1278594732285
1.1286764939626
1.1240468422572
1.1176470518112
1.1371187369029
1.1251361370087
1.1270424922307
1.1326252619425
1.1188725630442
1.1271786689758
1.1277233362198
1.1368464231491
1.1164215405782
1.1154684225718
1.1153322060903
1.1115196148554
1.1225490570068
1.1124728123347
1.119689544042
1.1315359671911
1.1158768733342
1.130310455958
1.1356208721797
1.1175109148026
1.1225490172704
1.119144876798
1.1461056470871
1.1146514415741
1.1115196148554
1.1183278560638
1.1320805946986
1.1292211214701
1.119689544042
1.1151960690816
1.1264977852503
1.1493736108144
1.1105664571126
1.1365740696589
1.1235021750132
1.1250000397364
1.1147875785828
1.1051197846731
1.1179194053014
1.119825720787
1.1059368451436
1.1090686718623
1.1173747380575
1.0992647409439
1.1062091588974
1.1233659982681
1.1192810138067
1.1243191560109
1.1365740696589
1.1243191957474
1.1217320362727
1.1669389804204
1.1285403172175
1.1222767035166
1.1274509827296
1.1188725630442
1.1090685923894
1.1222767035166
1.1334422826767
1.1141067345937
1.1171023845673
1.1319444576899
1.1150598923365
1.1131535768509
1.129629611969
1.1100217501322
1.1127451260885
1.1081154346466
1.1100217898687
1.1102941036224
1.1258170207342
1.1194171905518
1.1112472613653
1.1150598923365
1.0961329142253
1.1288126309713
1.1368464231491
1.1245915095011
1.1258169809977
1.1299020051956
1.1218681732814
1.1364378929138
1.1239106655121
1.1187363862991
1.1136982838313
1.1286764542262
1.1117919286092
1.1128812630971
1.1157407363256
1.1220043897629
1.1200980345408
1.1225490172704
1.1096132993698
1.1309912999471
1.1237745285034
1.1134259303411
1.1180555423101
1.1356209119161
1.1141067743301
1.113289753596
1.1375271876653
1.1334422429403
1.1214596827825
1.1235021750132
1.1142429113388
1.1181917190552
1.1205065250397
1.1235022147497
1.1207789182663
1.1383442481359
1.1151960690816
1.1233660380046
1.11083873113
1.1278594732285
1.1154684225718
1.124455332756
1.116285443306
1.1096132993698
1.114515264829
1.1290849844615
1.1131536165873
1.1158769130707
1.1275871197383
1.1141067345937
1.1264977852503
1.1333061059316
1.1081154346466
1.1241830190023
1.1267701387405
1.1180555423101
1.1270424922307
1.1312636137009
1.1214597225189
1.1166938940684
1.1304465929667
1.1104302803675
1.1130174795787
1.1233659982681
1.112745086352
1.1282679637273
1.1274509429932
1.1206427017848
1.119825720787
1.1274509827296
1.1279956499736
1.125
1.1243191560109
1.1266340017319
1.1192810535431
1.1267701387405
1.1311274766922
1.1194171905518
1.1267701387405
1.1165577173233
1.1293572584788
1.1305827697118
1.113970597585
1.119825720787
1.1226851940155
1.1270424922307
1.120370388031
1.1339869101842
1.1175108750661
1.1228213707606
1.1235022147497
1.1146514415741
1.1192810535431
1.1356209516525
1.1183278958003
1.1263616879781
1.1541393995285
1.119144876798
1.1288126309713
1.1312636137009
1.1405228376389
1.1252723137538
1.1240468422572
1.1338507731756
1.1142429113388
1.1304466327031
1.1281317869822
1.1211873690287
1.1176470518112
1.1311274766922
1.1224128802617
1.1275871992111
1.1418844858805
1.1263616482417
1.1368464231491
1.1254084904989
1.1166938940684
1.1250000397364
1.1207788387934
1.1063452959061
1.1215958595276
1.1228213707606
1.1192810535431
1.1142429113388
1.1286764542262
1.1175108750661
1.1260893344879
1.1424291928609
1.1221405267715
1.1221405267715
1.1271786689758
1.1188725233078
1.1146514018377
1.1410675446192
1.1215958197912
1.1195534070333
1.123774488767
1.1112472613653
1.1175108750661
1.1273148457209
1.1157407363256
1.1150598923365
1.1271786689758
1.1365740299225
1.1288126309713
1.1318082809448
1.1203703482946
1.1251361767451
1.1173747380575
1.1187363862991
1.1119281053543
1.1343954404195
1.1120642820994
1.1239106655121
1.1343954404195
1.118600209554
1.1147875785828
1.1225490172704
1.1226852337519
1.1153322458267
1.1214596827825
1.1215958595276
1.1226851940155
1.1327614386876
1.1360294421514
1.1259531577428
1.1357570886612
1.1323529481888
1.1096132993698
1.1147876183192
1.1243191560109
1.113289753596
1.1274509827296
1.1285403172175
1.124455332756
1.1225490570068
1.1486928065618
1.1258170207342
1.1371187369029
1.1361655791601
1.1168300708135
1.1299019654592
1.1403867006302
1.1263616879781
1.1228213310242
1.1331699291865
1.1194171905518
1.1146514018377
1.1286764542262
1.1273148059845
1.1380718946457
1.1331699291865
1.1241830190023
1.1277233362198
1.1333061059316
1.1240468422572
1.1301743189494
1.1259531577428
1.1168300708135
1.1232298612595
1.1286764542262
1.1156045993169
1.1135621070862
1.1316721041997
1.125544667244
1.1348039309184
1.1243191957474
1.1191448370616
1.1256808439891
1.1300381422043
1.1229575077693
1.1285403172175
1.1230936845144
1.1277232964834
1.1331699291865
1.125544667244
1.1158769130707
1.1236383517583
1.1186002492905
1.1210511922836
1.1405228773753
1.1259531577428
1.1519607702891
1.1338507731756
1.1383442083995
1.1482842763265
1.1365740696589
1.1282680034637
1.1224128405253
1.1222766637802
1.1440631945928
1.1422930161158
1.14011434714
1.1484204530716
1.1369825998942
1.1437908013662
1.1397058566411
1.1424291928609
1.1307189464569
1.1309912999471
1.1435184876124
1.1339869499207
1.1334422429403
1.1441993316015
1.1180555820465
1.137254913648
1.1339869101842
1.1230936845144
1.1254084904989
1.1256808042526
1.1288126309713
1.1334422429403
1.1331699291865
1.1166939338048
1.1285403569539
1.1264978249868
1.1232298612595
1.1333061059316
1.1146514018377
1.1226851940155
1.1235021750132
1.1312636534373
1.1273148059845
1.1233659982681
1.1190087000529
1.1273148059845
1.1266340017319
1.125544667244
1.1297658284505
1.1214596827825
1.1410675446192
1.1135620673498
1.123774488767
1.1277233362198
1.1286764542262
1.1154684225718
1.1315359274546
1.1273148457209
1.1240468422572
1.1157407363256
1.1122004588445
1.1259531577428
1.1206427017848
1.1377995808919
1.1259531577428
1.1258169809977
1.1346677541733
1.1188725630442
1.1431099971135
1.1548202435176
1.1186002492905
1.1190087397893
1.1354847749074
1.1262254714966
1.1338507334391
1.1395697196325
1.1211874087652
1.1358932654063
1.1437908411026
1.1225490172704
1.1364379326502
1.1292211612066
1.124455332756
1.1175108750661
1.1429738601049
1.098175406456
1.1294934352239
1.1278594732285
1.1150598923365
1.1279956499736
1.1271786689758
1.1206426620483
1.1324891249339
1.1269063154856
1.1277232964834
1.1275871594747
1.1474672953288
1.1211873292923
1.1294934749603
1.1367102066676
1.1324890851974
1.1181917587916
1.1232298612595
1.1180555423101
1.124455332756
1.1331699291865
1.1228213310242
1.130174279213
1.1383442481359
1.1214596827825
1.1300381024679
1.1358932256699
1.1371187766393
1.1693900028865
1.1488289833069
1.1184640725454
1.1275871594747
1.1275871594747
1.1181917587916
1.1254084904989
1.1279956499736
1.1323529481888
1.1552287737528
1.1387527386347
1.1316721439362
1.1278594732285
1.1349401076635
1.1525054772695
1.1409313678741
1.1469226678212
1.1677560011546
1.1444716850917
1.1591775814692
1.1433823506037
1.1465141773224
1.1541394392649
1.1496459643046
1.1480120023092
1.1549564599991
1.1613562107086
1.1515522797902
1.165305018425
1.1802832682927
1.1759259303411
1.1642156839371
1.1663943131765
1.1557734409968
1.1885893344879
1.1959422429403
1.1695261398951
1.1786492268244
1.1684368451436
1.1977124214172
1.1911764542262
1.1791939338048
1.1896786292394
1.1830065250397
1.1986655791601
1.1824618577957
1.1820533672969
1.1831427017848
1.1800108750661
1.1741557916005
1.1904956499736
1.1835511922836
1.1744281053543
1.2002995808919
1.1854574680328
1.2039759953817
1.2118736505508
1.1847767035166
1.2000272274017
1.207243959109
1.2054738203684
1.2150054375331
1.2052015066147
1.217320283254
1.2013889153798
1.2261710166931
1.2066993713379
1.2091503143311
1.2171841065089
1.2065631548564
1.2054738601049
1.2054738601049
1.2264433701833
1.2197712262472
1.2181372245153
1.221405227979
1.2181372642517
1.2132352987925
1.2214052677155
1.2204520702362
1.2231753667196
1.227805018425
1.2121459643046
1.2132352987925
1.2139161427816
1.2245370149612
1.2122821410497
1.226579507192
1.2297113339106
1.2235838969549
1.2276688416799
1.2125544548035
1.2308006683985
1.2362472613653
1.21677561601
1.2216775417328
1.2159585952759
1.266339858373
1.2805010875066
1.2998365958532
1.2776415745417
1.2878540356954
1.3164488474528
1.2939814726512
1.3198529481888
1.3262527386347
1.3075980345408
1.3194444974264
1.3371459643046
1.3287037213643
1.3282952308655
1.335920492808
1.3421841462453
1.3349673350652
1.364515264829
1.3458605607351
1.3450435400009
1.3562091588974
1.3525326649348
1.3544389804204
1.3630174001058
1.3607025941213
1.3720043897629
1.3779956499736
1.3794934749603
1.374455332756
1.3769063154856
1.3901143868764
1.3950163523356
1.4005991220474
1.409449895223
1.4064542849859
1.4129901727041
1.4221132596334
1.4237472613653
1.4268791278203
1.4403594732285
1.4361383517583
1.453295191129
1.4478485981623
1.4456699689229
1.4685457547506
1.4779411951701
1.4983660380046
1.487745086352
1.4971405267715
1.5027233362198
1.5328159332275
1.5321350495021
1.5396242141724
1.5702614386876
1.5693082809448
1.6007625261943
1.631399790446
1.6522331237793
1.6559095780055
1.7064270178477
1.7344771226247
1.7445533672969
1.7666122118632
1.8156318267186
1.7977941433589
1.8453158934911
1.8748638232549
1.874455332756
1.876770178477
1.914760351181
1.9091775814692
1.9255174398422
1.9229302803675
1.9025053977966
1.8876633644104
1.9067265987396
1.8656045595805
1.8617919286092
1.841094772021
1.8263888756434
1.795615474383
1.7934368451436
1.7962963183721
1.7694717248281
1.7832244237264
1.7723311185837
1.7474128405253
1.7666122118632
1.7267156839371
1.7282135089238
1.7397875785828
1.7144608100255
1.7117374738057
1.706290880839
1.6894063154856
1.6725217898687
1.6699346701304
1.6673474709193
1.6580882469813
1.65427561601
1.65427561601
1.648420492808
1.6387526988983
1.6409313678741
1.6252723534902
1.6215958595276
1.620370388031
1.6150598923365
1.6130174398422
1.6300381024679
1.6053921381632
1.6078431208928
1.6029411554337
1.5732570886612
1.6021242141724
1.5909585952759
1.5703976154327
1.5816993316015
1.569580634435
1.5766612291336
1.5859204530716
1.5831971963247
1.5501089493434
1.5625
1.5544662475586
1.5285947322845
1.5247821410497
1.5298202435176
1.5114378929138
1.5145697593689
1.5189270178477
1.4925108750661
1.5004084904989
1.4850217501322
1.4621459643046
1.4771241744359
1.4748093684514
1.4522058566411
1.4475762446721
1.4587418238322
1.4394063154856
1.4443082809448
1.4373638232549
1.4202069441477
1.4260621070862
1.4185729821523
1.4204792976379
1.409449895223
1.4011438290278
1.4065903822581
1.4168028434118
1.4148965279261
1.3822167714437
1.3899782101313
1.3818082412084
1.3771786689758
1.3694172302882
1.3631535768509
1.3707789182663
1.3459966977437
1.3558006683985
1.3498093684514
1.3571623166402
1.3498093684514
1.35688996315
1.3558006683985
1.3361928065618
1.34177561601
1.3307461738586
1.3468137582143
1.3312908411026
1.3318355083466
1.3179466327031
1.3265250523885
1.3228485981623
1.302559932073
1.3203976154327
1.2986111243566
1.318355123202
1.3154956499736
1.2879902124405
1.3129084904989
1.3067810138067
1.2945261398951
1.2984749873479
1.3114106655121
1.2859477202098
1.2962962786357
1.3005174398422
1.2860838572184
1.3055555423101
1.2824074029922
1.2984749476115
1.2764161030451
1.2898964881897
1.2972494363785
1.2803649107615
1.2659313678741
1.2653867006302
1.2790032625198
1.2649782101313
1.2592592636744
1.2408769130707
1.3133169809977
1.2467320362727
1.2391067345937
1.2475490172704
1.2406045595805
1.2381535768509
1.2487745285034
1.2493191560109
1.2309368054072
1.258850812912
1.2309368451436
1.2216775417328
1.2653867006302
1.2246731917063
1.2305283546448
1.2170478900274
1.2426470120748
1.221405227979
1.2129629453023
1.2182734409968
1.2107843160629
1.2144607702891
1.2077886660894
1.1977124214172
1.2016612291336
1.1929466327031
1.1778322458267
1.179874698321
1.2037037213643
1.1850490172704
1.1945805946986
1.1819172302882
1.1831427017848
1.1732026338577
1.1760621070862
1.1766067743301
1.1681644916534
1.1744281053543
1.1669389804204
1.1796023845673
1.1839597225189
1.1670751571655
1.1676198244095
1.1582244237264
1.1883170207342
1.1568627357483
1.1644879976908
1.1546840667725
1.1614923874537
1.153594772021
1.1466503143311
1.1606753667196
1.1677560011546
1.1548202435176
1.1597222089767
1.1605392297109
1.1305827697118
1.1540032625198
1.1669389804204
1.1402505636215
1.1470588048299
1.1456971963247
1.1473311583201
1.1305828094482
1.1450163125992
1.1363017559052
1.1281318267186
1.1508714358012
1.1297658284505
1.1391612291336
1.1327614386876
1.1304466327031
1.1328976154327
1.1427015066147
1.1412036816279
1.1403867006302
1.141339858373
1.1470588445663
1.125
1.1260892947515
1.1303104956945
1.1319444576899
1.1403867403666
1.1271786689758
1.1226851542791
1.1221405267715
1.1266340017319
1.1151960690816
1.1166938940684
1.1285402774811
1.1288126309713
1.131399790446
1.1365740696589
1.1151960690816
1.1337145964305
1.1188725630442
1.1260893344879
1.1098856131236
1.1119281053543
1.1158769130707
1.104030529658
1.125544667244
1.1019879976908
1.1207788387934
1.113289753596
1.1059368054072
1.1183278958003
1.1154683828354
1.1130174001058
1.151143749555
1.1290849844615
1.0995370149612
1.1089324553808
1.1142429113388
1.1047113339106
1.1146514018377
1.1112472613653
1.1028049786886
1.0940904219945
1.1113834381104
1.0942265987396
1.0951797564824
1.0958605607351
1.078839858373
1.0816993316015
1.089324593544
1.0874182979266
1.1139705777168
1.0831971764565
1.0777505238851
1.058415055275
1.0988561908404
1.0833333333333
1.0915032625198
1.1064814726512
1.1300381024679
1.1218681732814
1.1222766637802
1.1429738601049
1.1300381024679
1.146514137586
1.136710246404
1.1299019654592
1.1199618975321
1.1467864910762
1.141884525617
1.118600209554
1.1560457150141
1.1239106655121
1.1349401076635
1.1296296517054
1.1407952308655
1.1269063154856
1.1294934749603
1.1274509827296
1.1258169809977
1.144335548083
1.1247276862462
1.1368464231491
1.1177832285563
1.1433823506037
1.1172386010488
1.1386165618896
1.1288126309713
1.1309912999471
1.1252723534902
1.1384803851446
1.1390250523885
1.1343954404195
1.117919365565
1.1316721041997
1.1254084904989
1.1271786292394
1.1224128405253
1.1284041404724
1.1203703482946
1.1330337921778
1.1335784196854
1.1319444576899
1.1241830190023
1.1316721041997
1.1273148059845
1.124455332756
1.1444716850917
1.1176470518112
1.124455332756
1.1379357179006
1.1165577173233
1.1387526988983
1.1263616482417
1.1221405267715
1.1220043897629
1.1456971565882
1.1211873690287
1.1162854035695
1.1405228773753
1.119144876798
1.1203703482946
1.125544667244
1.1452886660894
1.1247276465098
1.1200980345408
1.1285403172175
1.119825720787
1.1270424922307
1.1371187369029
1.1289488077164
1.1070261398951
1.1364379326502
1.1288126707077
1.1391611893972
1.1473311583201
1.1319444179535
1.1341230869293
1.1526416142782
1.1368463834127
1.1401143868764
1.1258169809977
1.1240468819936
1.1206426620483
1.1305827697118
1.1239106655121
1.1324891249339
1.1473311583201
1.1398420333862
1.1258170207342
1.1297658284505
1.1398420333862
1.1352124214172
1.1341230869293
1.1285402774811
1.1440631548564
1.1266340017319
1.1210512320201
1.1235021750132
1.1169662078222
1.1391611893972
1.1195534070333
1.1315359671911
1.1202342112859
1.1281317869822
1.1304466327031
1.1251361767451
1.129084944725
1.1269063154856
1.1213235060374
1.1217319965363
1.1376634041468
1.1181917587916
1.1188725630442
1.1391611893972
1.1151960690816
1.1300381024679
1.1292211612066
1.1173747380575
1.1166939338048
1.130310455958
1.1211873292923
1.1256808042526
1.1266339619954
1.1316721041997
1.1264978249868
1.1233660380046
1.1403867006302
1.1101579268773
1.1248638232549
1.1244553724925
1.1164215405782
1.126770178477
1.1123365958532
1.1109749476115
1.1424291928609
1.1318082809448
1.1113834381104
1.1134259303411
1.1421568791072
1.1156045595805
1.1292211612066
1.1176470518112
1.1299019654592
1.1196895837784
1.135484735171
1.1215958595276
1.1097494363785
1.1320805946986
1.1195534070333
1.1327614386876
1.122140566508
1.1304466724396
1.1105664173762
1.1326252619425
1.1418845653534
1.1254084904989
1.1256808042526
1.1180555423101
1.119689544042
1.1233660380046
1.113970597585
1.1236383120219
1.1190087000529
1.1156045595805
1.1312636137009
1.1373910903931
1.1116557518641
1.1333061059316
1.1309912999471
1.1292211612066
1.1311274369558
1.1300381024679
1.1164215803146
1.1258169809977
1.1410675446192
1.113970597585
1.1668028434118
1.1226851940155
1.1160130500793
1.1304466327031
1.1282680034637
1.1312636137009
1.147739648819
1.1326252619425
1.1365740696589
1.1258169809977
1.1514161030451
1.1249999602636
1.1225490172704
1.118600209554
1.1274509429932
1.1184640328089
1.1180555423101
1.133850812912
1.113970597585
1.1364379326502
1.129084944725
1.1251361370087
1.1107026338577
1.1331699291865
1.1309912999471
1.1184640725454
1.1348039309184
1.1322167714437
1.1251361767451
1.1417483091354
1.1402505636215
1.1269063154856
1.1337145964305
1.1218682130178
1.109204808871
1.1352124214172
1.1230936845144
1.1363017559052
1.1142429113388
1.1328976154327
1.1345315774282
1.1424292325974
1.1496459643046
1.136029402415
1.1382080713908
1.1284041404724
1.141339858373
1.1328976154327
1.1222767035166
1.1316721041997
1.1294934749603
1.1326252619425
1.1469226678212
1.137935757637
1.1213235060374
1.1388888756434
1.1540032625198
1.1406590541204
1.1386165618896
1.1228213310242
1.118600209554
1.113970597585
1.1334422826767
1.1214596827825
1.1222766637802
1.1341230869293
1.1184640725454
1.1373910903931
1.1289488077164
1.1429738601049
1.1245915095011
1.1312636137009
1.1432461738586
1.1342592636744
1.1409313678741
1.1263616879781
1.1342592636744
1.1220043500264
1.1499183177948
1.1293572982152
1.130310455958
1.1451524893443
1.0968136787415
1.1399782101313
1.1304466327031
1.1346677541733
1.1202342112859
1.1382080713908
1.1309912602107
1.1165577173233
1.1403866608938
1.113289753596
1.1138344208399
1.125
1.1221405267715
1.1311274766922
1.1300381024679
1.1365740696589
1.1176470518112
1.136029402415
1.1275871594747
1.1322167714437
1.1461056470871
1.1455609798431
1.1192810535431
1.1290849844615
1.1195533672969
1.1166938940684
1.1331699689229
1.1101579666138
1.1205065250397
1.1388888756434
1.1410675048828
1.1266340017319
1.1319444576899
1.1330337524414
1.1273148059845
1.1478758255641
1.113970597585
1.1530501445134
1.1342592636744
1.1323529084524
1.1363017559052
1.1301743189494
1.1334422826767
1.1369825998942
1.1384803851446
1.1548202435176
1.1267701387405
1.1488289833069
1.1416122118632
1.1446078221003
1.1311274369558
1.15427561601
1.108115474383
1.1256808439891
1.1327614386876
1.124455332756
1.1274509429932
1.1222767035166
1.1085239648819
1.119825720787
1.1405228376389
1.1120642820994
1.1352124214172
1.1300381024679
1.1229575077693
1.1251361767451
1.1334422826767
1.1401143868764
1.1113834381104
1.1431099971135
1.1194171905518
1.113289753596
1.1328975756963
1.1150598923365
1.1172385613124
1.1222766637802
1.1166938940684
1.1115196148554
1.125544667244
1.1200980742772
1.107434630394
1.1466503540675
1.1245915095011
1.1254084904989
1.1186002492905
1.1064815123876
1.1240468422572
1.1181917190552
1.1333061059316
1.1117919286092
1.1365740696589
1.1141067345937
1.1443355083466
1.1319444576899
1.1239106655121
1.128404100736
1.1205065250397
1.1330337524414
1.1160130500793
1.136029402415
1.1191448370616
1.1168300708135
1.129629611969
1.1151960690816
1.1270424922307
1.1134259303411
1.1063452959061
1.1038943529129
1.1251361767451
1.1171023845673
1.1063452959061
1.1275871197383
1.120370388031
1.1258169809977
1.1327614386876
1.1304466327031
1.1044389804204
1.1422930161158
1.1473311583201
1.118600209554
1.1315359671911
1.1427015066147
1.1338507334391
1.1301743189494
1.1568627754847
1.10988565286
1.1205065647761
1.1398420333862
1.1117919286092
1.1451524893443
1.1307189464569
1.1406590541204
1.1083878278732
1.1394335428874
1.1156045993169
1.1211873292923
1.1443355083466
1.1232298612595
1.1183279355367
1.1376634041468
1.1311274766922
1.1260893344879
1.1184640328089
1.1254084904989
1.1108387708664
1.1357570886612
1.1198256810506
1.1169662078222
1.1161492268244
1.1139705578486
1.1131536165873
1.119825720787
1.1214597225189
1.1136982440948
1.1386165618896
1.1213235060374
1.1334422429403
1.1331699291865
1.1323529481888
1.1299019654592
1.1164215803146
1.1574074427287
1.1134259303411
1.1251361767451
1.109340985616
1.1254084904989
1.1207788785299
1.1085239648819
1.1392973661423
1.1305827697118
1.1205065250397
1.1221404870351
1.1452886660894
1.1365740299225
1.1281318267186
1.1401143868764
1.119144876798
1.1243191560109
1.1255446275075
1.1422930558523
1.101034839948
1.1461056868235
1.1213235457738
1.1008987029394
1.1448801755905
1.1275871594747
1.1112472613653
1.1259531180064
1.1612200737
1.1200980345408
1.1354847749074
1.1258169809977
1.1112472613653
1.1290849844615
1.1168300310771
1.1249999602636
1.1135620673498
1.1358932256699
1.1166938940684
1.1211873690287
1.1348038911819
1.117374698321
1.1117919683456
1.1113834381104
1.1416122515996
1.1145152250926
1.1322168111801
1.125544667244
1.1142429113388
1.1338507334391
1.1128813028336
1.1334422429403
1.1180555423101
1.120915055275
1.1274509429932
1.1264978249868
1.132080634435
1.1244553724925
1.1313997507095
1.1356209119161
1.146514137586
1.1361655791601
1.1363017161687
1.1299019654592
1.1105664571126
1.129629611969
1.1271786689758
1.136710246404
1.1135621070862
1.1334422826767
1.1510076125463
1.1455609798431
1.1323529481888
1.1377995411555
1.1727941433589
1.1214596827825
1.1427015463511
1.1297658284505
1.1171023845673
1.1377995411555
1.1153322458267
1.1239107052485
1.1307189464569
1.1194171905518
1.1036219994227
1.1452886660894
1.1316721041997
1.1225490570068
1.1282679637273
1.1200980345408
1.1111111243566
1.1181917190552
1.1482843160629
1.1334422826767
1.1285403172175
1.1289488077164
1.1043028434118
1.1070261398951
1.1180555423101
1.1107025941213
1.0979030529658
1.1319444576899
1.1130174398422
1.0999455451965
1.1299019654592
1.1044389804204
1.1113834381104
1.1277232964834
1.1281318267186
1.1074346701304
1.1417483488719
1.1248638232549
1.120370388031
1.1285403172175
1.1059368451436
1.1161492268244
1.1043028434118
1.1199618577957
1.1166938940684
1.115740776062
1.1172385613124
1.1147875785828
1.1315359274546
1.1122004588445
1.1175109148026
1.119689544042
1.0972222089767
1.1259531577428
1.1102941036224
1.1288126309713
1.1279956102371
1.1337145964305
1.1111111243566
1.135484735171
1.118600209554
1.1353485981623
1.1392973661423
1.1270424524943
1.1363017559052
1.1195534070333
1.1324890851974
1.136029402415
1.1315359671911
1.1281318267186
1.10988565286
1.1180555820465
1.1363017559052
1.1456971565882
1.1177831888199
1.1446078618368
1.126225511233
1.1307189464569
1.1452886263529
1.1353485981623
1.134940067927
1.1292211214701
1.148965160052
1.1334422826767
1.1299019654592
1.134940067927
1.1100217898687
1.1292211612066
1.1424291928609
1.1369825601578
1.118600209554
1.1331699689229
1.1147876183192
1.1184640328089
1.1387527386347
1.1249999602636
1.1382080713908
1.1296296517054
1.1304466327031
1.130855123202
1.1380718946457
1.1109749476115
1.1045751571655
1.1439270178477
1.1260893344879
1.123774488767
1.1248638232549
1.1236383517583
1.1199618975321
1.135484735171
1.137935757637
1.1179194053014
1.1221405267715
1.1279956102371
1.1439270575841
1.1305827697118
1.1282679637273
1.1284041404724
1.1075708071391
1.1373910506566
1.1218682130178
1.1279956102371
1.1233660380046
1.1386165618896
1.1072984933853
1.1312636137009
1.1507352590561
1.1245915095011
1.130174279213
1.1316720644633
1.1342592636744
1.1476034720739
1.1089324553808
1.1241830190023
1.1147875785828
1.130855123202
1.1222767035166
1.1252723137538
1.1048475106557
1.1346677541733
1.1297657887141
1.1158769130707
1.1467864910762
1.1470588048299
1.116285443306
1.1161492268244
1.1458333333333
1.108660141627
1.117919365565
1.1398420333862
1.1156045595805
1.1292211612066
1.1274509827296
1.1102941433589
1.119144876798
1.1383442481359
1.1146514415741
1.1147875785828
1.1416121721268
1.117919365565
1.1194171905518
1.1117919286092
1.1368463834127
1.1083877881368
1.1278594732285
1.123774488767
1.1011710166931
1.1335784196854
1.1211873292923
1.1285403172175
1.1164215803146
1.118600209554
1.1131536165873
1.1146514018377
1.1275871594747
1.136710246404
1.108660141627
1.1183279355367
1.1248638232549
1.1188725233078
1.120370388031
1.1173747380575
1.1233659982681
1.1270424922307
1.1260893344879
1.1192810535431
1.114515264829
1.1247276465098
1.116693854332
1.14311003685
1.1305827697118
1.1147875785828
1.1327614386876
1.1209150155385
1.1202342112859
1.1270424922307
1.109204808871
1.1285403172175
1.1151960690816
1.1122004191081
1.1195533672969
1.130174279213
1.0936819314957
1.1240468422572
1.1348039309184
1.091094772021
1.1207788387934
1.1090686321259
1.0936818917592
1.086465160052
1.1220043500264
1.0957244237264
1.100353995959
1.1220043500264
1.0755719343821
1.1101579666138
1.0902777512868
1.0935457547506
1.096405227979
1.096405227979
1.1254085302353
1.1082516113917
1.131399790446
1.0995370546977
1.1156045595805
1.1029411951701
1.113970597585
1.0985838969549
1.125544667244
1.1083877881368
1.0973583857218
1.1096132993698
1.1070261398951
1.123774488767
1.1156045993169
1.1256808439891
1.1079792976379
1.1252723137538
1.1236383120219
1.1049836476644
1.1173747380575
1.1147875785828
1.1236383517583
1.1085239251455
1.1082516511281
1.1008987029394
1.1051198244095
1.1248638232549
1.1034858226776
1.1224128802617
1.1070261398951
1.1391612291336
1.1214596827825
1.1459695100784
1.1403867006302
1.1105664571126
1.1435184876124
1.1131535768509
1.1252723137538
1.1251361767451
1.1053921778997
1.1282680034637
1.1184640725454
1.1188725233078
1.1232298612595
1.1388888756434
1.0954520702362
1.1264978249868
1.1412036816279
1.0977669159571
1.148420492808
1.1090686321259
1.1239106655121
1.0996731917063
1.1514161427816
1.1102941036224
1.1228213310242
1.1345315774282
1.1126089096069
1.1229575077693
1.1230936845144
1.1343954404195
1.1151960690816
1.1553649504979
1.113289753596
1.1255446275075
1.1802832285563
1.0983115037282
1.1198256810506
1.1228213707606
1.1293572982152
1.1334422826767
1.126225511233
1.1199618577957
1.1154684225718
1.1342592636744
1.1045751571655
1.1199618577957
1.1151961088181
1.1399782101313
1.1312636534373
1.1282679637273
1.1495097875595
1.1241829792658
1.1289488077164
1.1358932654063
1.1356209119161
1.1420207023621
1.1279956499736
1.1236383517583
1.1263616879781
1.1441993316015
1.1147875785828
1.1382080316544
1.1194172302882
1.1424291928609
1.1278594732285
1.1331699291865
1.1292211214701
1.1113834381104
1.1300381422043
1.1098855733871
1.1297658284505
1.1328976154327
1.1089324951172
1.1356209119161
1.113970597585
1.1284041404724
1.1365741093953
1.1348039309184
1.1162854035695
1.1326252619425
1.1349401076635
1.1162854035695
1.1375271876653
1.119144876798
1.1237745285034
1.1221405267715
1.1458333333333
1.1273148059845
1.1215958595276
1.1441993316015
1.1098856131236
1.1358932654063
1.1207788785299
1.1171024243037
1.1004902124405
1.1316721041997
1.1232298612595
1.1087962786357
1.1205065250397
1.1074345906576
1.112745086352
1.1179194053014
1.129084944725
1.1213235457738
1.1278594732285
1.1450163523356
1.1100217898687
1.1402505636215
1.1038943131765
1.1235021750132
1.1003540356954
1.1456971963247
1.1205065647761
1.119689544042
1.1284041404724
1.1153322458267
1.1015795469284
1.1037581761678
1.1109749476115
1.1149237553279
1.1226851940155
1.1318082809448
1.1048474709193
1.1454248428345
1.1128812233607
1.1309912602107
1.1085239648819
1.1119281450907
1.0906862417857
1.1105664571126
1.1055283149083
1.084694981575
1.0983115832011
1.0879629453023
1.1008986632029
1.1019879976908
1.0988562107086
1.1051198244095
1.0870098272959
1.0994008779526
1.085239648819
1.102805018425
1.0703976154327
1.0856481393178
1.0822440385818
1.0702614386876
1.0878268082937
1.0663126309713
1.0584150155385
1.0462963183721
1.061274488767
1.0241013169289
1.0562363465627
1.0531045595805
1.0175653298696
1.0423474709193
1.0231481790543
1.0307734211286
1.0103485584259
1.0315904219945
.99428107341131
.98175380627314
1.0074891050657
.96772875388463
.95669937133789
.95901415745417
.97045207023621
.94294663270315
.92238563299179
.91571348905563
.89488017559052
.89583335320155
.85171570380529
.93001087506612
0
0
0
0
0
0
0
0
0
0
0
0
0
0
0
0
0
0
0
0
0
0
0
0
0
0
0
0
0
0
0
0
0
0
0
0
0
0
0
0
0
0
0
0
0
0
0
0
0
0
0
0
0
0
0
0
0
0
0
0
0
0
0
0
0
0
0
0
0
0
0
0
0
0
0
0
0
0
0
0
0
0
0
0
0
0
0
0
0
0
0
0
0
0
0
0
0
0
0
0
0
0
0
0
0
0
0
0
0
0
0
0
0
0
0
0
0
0
0
0
0
0
0
0
0
0
0
0
0
0
0
0
0
0
0
0
0
0
0
0
0
0
0
0
0
0
0
0
0
0
0
0
0
0
0
0
0
0
0
0
0
0
0
0
0
0
0
0
0
0
0
0
0
0
0
0
0
0
0
0
0
0
0
0
0
0
0
0
0
0
0
0
0
0
0
0
0
0
0
0
0
0
0
0
0
0
0
0
0
0
0
0
0
0
0
0
0
0
0
0
0
0
0
0
0
0
0
0
0
0
0
0
0
0
0
0
0
0
0
0
0
0
0
0
0
0
0
0
0
0
0
0
0
0
0
0
0
0
0
0
0
0
0
0
0
0
0
0
0
0
0
0
0
0
0
0
0
0
0
0
0
0
0
0
0
0
0
0
0
0
0
0
0
0
0
0
0
0
0
0
0
0
0
0
0
0
0
0
0
0
0
0
0
0
0
0
0
0
0
0
0
0
0
0
0
0
0
0
0
0
0
0
0
0
0
0
0
0
0
0
0
0
0
0
0
0
0
0
0
0
0
0
0
0
0
0
0
0
0
0
0
0
0
0
0
0
0
0
0
0
0
0
0
0
0
0
0
0
0
0
0
0
0
0
0
0
0
0
0
0
0
0
0
0
0
0
0
0
0
0
0
0
0
0
0
0
0
0
0
0
0
0
0
0
0
0
0
0
0
0
0
0
0
0
0
0
0
0
0
0
0
0
0
0
0
0
0
0
0
0
0
0
0
0
0
0
0
0
0
0
0
0
0
0
0
0
0
0
0
0
0
0
0
0
0
0
0
0
0
0
0
0
0
0
0
0
0
0
0
0
0
0
0
0
0
0
0
0
0
0
0
0
0
0
0
0
0
0
0
0
0
0
0
0
0
0
0
0
0
0
0
0
0
0
0
0
0
0
0
0
0
0
0
0
0
0
0
0
0
0
0
0
0
0
0
0
0
0
0
0
0
0
0
0
0
0
0
0
0
0
0
0
0
0
0
0
0
0
0
0
0
0
0
0
0
0
0
0
0
0
0
0
0
0
0
0
0
0
0
0
0
0
0
0
0
0
0
0
0
0
0
0
0
0
0
0
0
0
0
0
0
0
0
0
0
0
0
0
0
0
0
0
0
0
0
0
0
0
0
0
0
0
0
0
0
0
0
0
0
0
0
0
0
0
0
0
0
0
0
0
0
0
0
0
0
0
0
0
0
0
0
0
0
0
0
0
0
0
0
0
0
0
0
0
0
0
0
0
0
0
0
0
0
0
0
0
0
0
0
0
0
0
0
0
0
0
0
0
0
0
0
0
0
0
0
0
0
0
0
0
0
0
0
0
0
0
0
0
0
0
0
0
0
0
0
0
0
0
0
0
0
0
0
0
0
0
0
0
0
0
0
0
0
0
0
0
0
0
0
0
0
0
0
0
0
0
0
0
0
0
0
0
0
0
0
0
0
0
0
0
0
0
0
0
0
0
0
0
0
0
0
0
0
0
0
0
0
0
0
0
0
0
0
0
0
0
0
0
0
0
0
0
0
0
0
0
0
0
0
0
0
0
0
0
0
0
0
0
0
0
0
0
0
0
0
0
0
0
0
0
0
0
0
0
0
0
0
0
0
0
0
0
0
0
0
0
0
0
0
0
0
0
0
0
0
0
0
0
0
0
0
0
0
0
0
0
0
0
0
0
0
0
0
0
0
0
0
0
0
0
0
0
0
0
0
0
0
0
0
0
0
0
0
0
0
0
0
0
0
0
0
0
0
0
0
0
0
0
0
0
0
0
0
0
0
0
0
0
0
0
0
0
0
0
0
0
0
0
0
0
0
0
0
0
0
0
0
0
0
0
0
0
0
0
0
0
0
0
0
0
0
0
0
0
0
0
0
0
0
0
0
0
0
0
0
0
0
0
0
0
0
0
0
0
0
0
0
0
0
0
0
0
0
0
0
0
0
0
0
0
0
0
0
0
0
0
0
0
0
0
0
0
0
0
0
0
0
0
0
0
0
0
0
0
0
0
0
0
0
0
0
0
0
0
0
0
0
0
0
0
0
0
0
0
0
0
0
0
0
0
0
0
0
0
0
0
0
0
0
0
0
0
0
0
0
0
0
0
0
0
0
0
0
0
0
0
0
0
0
0
0
0
0
0
0
0
0
0
0
0
0
0
0
0
0
0
0
0
0
0
0
0
0
0
0
0
0
0
0
0
0
0
0
0
0
0
0
0
0
0
0
0
0
0
0
0
0
0
0
0
0
0
0
0
0
0
0
0
0
0
0
0
0
0
0
0
0
0
0
0
0
0
0
0
0
0
0
0
0
0
0
0
0
0
0
0
0
0
0
0
0
0
0
0
0
0
0
0
0
0
0
0
0
0
0
0
0
0
0
0
0
0
0
0
0
0
0
0
0
0
0
0
0
0
0
0
0
0
0
0
0
0
0
0
0
0
0
0
0
0
0
0
0
0
0
0
0
0
0
0
0
0
0
0
0
0
0
0
0
0
0
0
0
0
0
0
0
0
0
0
0
0
0
0
0
0
0
0
0
0
0
0
0
0
0
0
0
0
0
0
0
0
0
0
0
0
0
0
0
0
0
0
0
0
0
0
0
0
0
0
0
0
0
0
0
0
0
0
0
0
0
0
0
0
0
0
0
0
0
0
0
0
0
0
0
0
0
0
0
0
0
0
0
0
0
0
0
0
0
0
0
0
0
0
0
0
0
0
0
0
0
0
0
0
0
0
0
0
0
0
0
0
0
0
0
0
0
0
0
0
0
0
0
0
0
0
0
0
0
0
0
0
0
0
0
0
0
0
0
0
0
0
0
0
0
0
0
0
0
0
0
0
0
0
0
0
0
0
0
0
0
0
0
0
0
0
0
0
0
0
0
0
0
0
0
0
0
0
0
0
0
0
0
0
0
0
0
0
0
0
0
0
0
0
0
0
0
0
0
0
0
0
0
0
0
0
0
0
0
0
0
0
0
0
0
0
0
0
0
0
0
0
0
0
0
0
0
0
0
0
0
0
0
0
0
0
0
0
0
0
0
0
0
0
0
0
0
0
0
0
0
0
0
0
0
0
0
0
0
0
0
0
0
0
0
0
0
0
0
0
0
0
0
0
0
0
0
0
0
0
0
0
0
0
0
0
0
0
0
0
0
0
0
0
0
0
0
0
0
0
0
0
0
0
0
0
0
0
0
0
0
0
0
0
0
0
0
0
0
0
0
0
0
0
0
0
0
0
0
0
0
0
0
0
0
0
0
0
0
0
0
0
0
0
0
0
0
0
0
0
0
0
0
0
0
0
0
0
0
0
0
0
0
0
0
0
0
0
0
0
0
0
0
0
0
0
0
0
0
0
0
0
0
0
0
0
0
0
0
0
0
0
0
0
0
0
0
0
0
0
0
0
0
0
0
0
0
0
0
0
0
0
0
0
0
0
0
0
0
0
0
0
0
0
0
0
0
0
0
0
0
0
0
0
0
0
0
0
0
0
0
0
0
0
0
0
0
0
0
0
0
0
0
0
0
0
0
0
0
0
0
0
0
0
0
0
0
0
0
0
0
0
0
0
0
0
0
0
0
0
0
0
0
0
0
0
0
0
0
0
0
0
0
0
0
0
0
0
0
0
0
0
0
0
0
0
0
0
0
0
0
0
0
0
0
0
0
0
0
0
0
0
0
0
0
0
0
0
0
0
0
0
0
0
0
0
0
0
0
0
0
0
0
0
0
0
0
0
0
0
0
0
0
0
0
0
0
0
0
0
0
0
0
0
0
0
0
0
0
0
0
0
0
0
0
0
0
0
0
0
0
0
0
0
0
0
0
0
0
0
0
0
0
0
0
0
0
0
0
0
0
0
0
0
0
0
0
0
0
0
0
0
0
0
0
0
0
0
0
0
0
0
0
0
0
0
0
0
0
0
0
0
0
0
0
0
0
0
0
0
0
0
0
0
0
0
0
0
0
0
0
0
0
0
0
0
0
0
0
0
0
0
0
0
0
0
0
0
0
0
0
0
0
0
0
0
0
0
0
0
0
0
0
0
0
0
0
0
0
0
0
0
0
0
0
0
0
0
0
0
0
0
0
0
0
0
0
0
0
0
0
0
0
0
0
0
0
0
0
0
0
0
0
0
0
0
0
0
0
0
0
0
0
0
0
0
0
0
0
0
0
0
0
0
0
0
0
0
0
0
0
0
0
0
0
0
0
0
0
0
0
0
0
0
0
0
0
0
0
0
0
0
0
0
0
0
0
0
0
0
0
0
0
0
0
0
0
0
0
0
0
0
0
0
0
0
0
0
0
0
0
0
0
0
0
0
0
0
0
0
0
0
0
0
0
0
0
0
0
0
0
0
0
0
0
0
