.86113822460175
.85056910912196
.79918700456619
.85821137825648
.82341462373734
.82813006639481
.8074796795845
.85967481136322
.85739839076996
.8421138326327
.86520326137543
.8136585354805
.84471543629964
.90878047545751
.80520325899124
.88682925701141
.84894309441249
.82747966051102
.87804877758026
.90666665633519
.88926827907562
.85170731941859
.94845527410507
.87138211727142
.92130080858866
.82504063844681
.82747966051102
.89821137984594
.83186990022659
.83382111787796
.88569104671478
.86536586284637
.89528455336889
.90487804015478
.89528455336889
.89121949672699
.87739837169647
.86455285549164
.89528455336889
.97203252712886
.85707318782806
.90097560485204
.86650407314301
.91707317034403
.89821135997772
.94601625204086
.93967479467392
.87089431285858
.92569106817245
.92357722918193
.83365851640701
.88373982906342
.86926829814911
.93284553289413
.90634147326152
.89934961001078
.91739837328593
.84666667381922
1.0292682647705
.86422765254974
.94780486822128
.90585366884867
.9063414533933
.89626016219457
.92357724905014
.8946341474851
.93821138143539
.93138211965561
.91382114092509
.98178863525391
.98975610733032
.9533333381017
.97479675213496
.88634145259857
.90861789385478
.95300813515981
.95317071676254
.9495934844017
.95869916677475
.9725203315417
.99674797058105
.91333333651225
.90504064162572
.94699186086655
.93691056966782
.93024390935898
.94829269250234
.96292682488759
.88504064083099
.89837396144867
.9653658469518
.93821138143539
.92048782110214
.95365852117538
.89804877837499
.95073171456655
.89983739455541
.9554471373558
.88861787319183
1.1195122003555
1.0203251838684
.91203250487645
.97951221466064
.98780488967896
.94601627190908
.9406504034996
.91642278432846
.97430894772212
.97821140289307
.95983741680781
.99821138381958
1.0141463279724
.99788618087769
1.0105690956116
.97869920730591
.95577236016591
.97203250726064
1.0386991898219
.94617887338003
.95463414986928
.97105691830317
1.1868292490641
.94910567998886
.95024389028549
1.0100812911987
.96065038442612
.98000001907349
1.0105690956116
.996910572052
.94048780202866
1.0998374223709
.95739837487539
.93300813436508
.95544715722402
1.0265040397644
.96471544106801
1.0063414573669
1.0435771942139
1.0630894502004
1.0068292617798
1.0048780441284
1.0666666825612
1.0427641868591
1.0360975265503
1.0234146118164
1.0108942985535
.97739839553833
.98487804333369
1.0024390220642
.98439025878906
.98959350585937
1.0499186515808
.99869918823242
.9666666785876
1.0271544456482
.97886178890864
.98065040508906
.9783739844958
.97170732418696
1.03089427948
.99902439117432
.94617885351181
1.0160975456238
1.0321950912476
.96162601312002
.99430894851685
1.0583739678065
1.0032520294189
.96081300576528
.99869918823242
.97105691830317
.97544715801875
.97723577419917
.96650405724843
1.0232520103455
.97430894772212
.94747966527939
.99837398529053
1.0097560882568
.93073171377182
.96552846829096
.99707317352295
.97382116317749
.95024389028549
1.0094308853149
1.1009756326675
.95512195428212
1.1255284547806
1.0346341133118
.99951219558716
1.0131707191467
.99235773086548
.96406501531601
.96341464916865
.9557723402977
.97642276684443
.96975610653559
.96715448300044
1.0086178779602
.93203250567118
1.0016260147095
.99658536911011
.97333333889643
.9910569190979
.9440650343895
1.0406503677368
1.0004878044128
.97967479626338
.94861787557602
.99235773086548
.96617887417475
1.0039024353027
1.0821138620377
.94455283880234
1.0580487648646
1.0295934677124
.93121951818466
.94292682409286
.98162601391474
1.0058536529541
1.0149593353271
.99024391174316
.96991870800654
.98715448379517
.98032522201538
.90065040191015
1.059837381045
.99365854263306
1.040162563324
.996910572052
.94325202703476
1.024715423584
.98016260067622
1.0182113647461
.99772357940674
1.0255284309387
.99317073822021
.97707317272822
.96780486901601
.95073169469833
1.0266666412354
.96390243371328
1.0120325088501
1.0094308853149
1.033983707428
.95934957265854
.98926830291748
1.0073170661926
1.0097560882568
1.0455284118652
.97626016537348
.98585365215937
.95495935281118
.98211381832759
1.037073135376
.97040651241938
.98471546173096
.99593496322632
.9598373969396
1.0011382102966
.99658536911011
1.0006504058838
.996910572052
.96894307931264
.96065040429433
.99902439117432
.95788615942001
1.0157723426819
.98113822937012
.92341464757919
1.0094308853149
1.0356097618739
.99918699264526
1.0268292427063
.99008131027222
1.0373983383179
.96617885430654
.99365854263306
.97642276684443
1.0126829147339
1.0507316589355
.92520326375961
1.0482926766078
.99837398529053
.95512193441391
1.0382113456726
1.0013008117676
.99951219558716
1.0409755706787
.9814634124438
.98162603378296
1.0313821236293
.99902439117432
.97040651241938
.97333333889643
.98113822937012
.97853658596675
1.0453658103943
.99252033233643
.96390243371328
.94016259908676
.98731708526611
1.0175609588623
.94162601232529
.96211381753286
1.0730081399282
.98991870880127
1.0409756104151
1.0333333015442
1.0678048531214
1.0022764205933
1.0351219177246
.97902439037959
1.0203251838684
.99593496322632
.93918699026108
.94617885351181
1.0029268264771
.99024391174316
1.0011382102966
.95414632558823
.97951219479243
1.0321951111158
1.0252032279968
1.0617885986964
.96016258001328
.9752845565478
1.0177235603333
1.0304064750671
1.0375609397888
.98861789703369
.97365854183833
.99756097793579
.91739839315414
.98065040508906
1.0448780059814
1.0632520119349
1.0255284309387
1.0453658103943
.99040651321411
.96276422341665
1.0169105927149
1.0128455162048
1.0094308853149
1.033983707428
.98471544186274
.97691059112549
.94894307851791
.94081300497055
.96569106976191
.94260162115097
.95934959252675
1.0426016251246
.96520324548086
1.009268283844
1.0133333206177
1.0165853500366
1.0388617515564
.97203252712886
.98894308010737
1.0052032470703
1.044390241305
.99024391174316
1.0344715118408
1.0653658707937
1.0424389839172
1.0699187119802
.96813009182612
.98926830291748
.99024391174316
.98943090438843
.99902439117432
.99430894851685
1.0050406455994
.9169105887413
.9530081152916
.99300813674927
.9882926940918
.96422765652339
.91495935122172
.95040649175644
.95203252633413
1.0391869544983
1.0052032470703
1.0279674530029
.95203250646591
.94016259908676
.98650407791138
1.0011382102966
.97853658596675
.97544715801875
.94422763586044
.98731708526611
.93723577260971
.97398374478022
1.0104064941406
1.0273170471191
.95398372411728
.92243903875351
1.0222764015198
.99869918823242
.95382112264633
.94796746969223
1.0082926750183
.97821140289307
.98878047863642
.92682927846909
1.2217886447906
1.0460162560145
1.0395121971766
1.0130081574122
.98211381832759
.99463415145874
1.0125203132629
1.0035772323608
.97723577419917
.97788616021474
.92813009023666
.96097560723623
.98455286026001
.94813007116318
.99837398529053
1.0009756088257
.96585367123286
.96195123593012
1.0227642059326
.95447152853012
.97040649255117
.96861789623896
.97138212124507
.98682928085327
1.0019512176514
.95691055059433
1.0052032470703
1.0297560691833
.98796747128169
1.0190243721008
.98260164260864
.95235770940781
.93869918584824
.94504064321518
.99333333969116
1.0004878044128
.96471544106801
1.0084552764893
.99853658676147
.97089433670044
1.0226016044617
1.0113821427027
1.0048780441284
.98878049850464
.99918699264526
1.0104064941406
.98373985290527
1.0720325311025
.97170732418696
1.0427641868591
.98406503597895
.98682928085327
.97365854183833
.9567479689916
1.0271544456482
.96601625283559
.99560976028442
1.0086178779602
.96666665871938
1.0188617706299
.96276420354843
.98747968673706
.9780487815539
.98536586761475
.9691057006518
1.0199999809265
.9814634124438
1.0408129692078
.94975608587265
1.0533333222071
.98504064480464
.95593494176865
.97707317272822
.97008128960927
1.0034146308899
.98666667938232
.9663414756457
.90097560485204
.9495934844017
.9440650343895
.98195121685664
.91821138064067
.95024389028549
.9848780632019
.96032520135244
.99853658676147
.99951219558716
1.0315446853638
.93268293142319
1.0188617706299
1.0143089294434
.99284553527832
.97186992565791
.99902439117432
.97040649255117
.95333331823349
.97821140289307
.99609756469727
.98308942715327
.97040651241938
.99333333969116
1.0058536529541
.99463415145874
.91512195269267
1.0066666603088
.98780488967896
.96715448300044
.99577236175537
.95365852117538
1.0032520294189
.99203250805537
1.021463394165
.98130083084106
.9721951285998
.95626014471054
.9567479689916
.9873170653979
.95414632558823
.95430894692739
1.0107316970825
.97365854183833
.98878049850464
1.0304064750671
.9734959602356
.95105689764023
.99073171615601
.96666665871938
.92878049612045
.93252032995224
.97593496243159
.96650405724843
1.0239024162292
.91495935122172
.93756097555161
.97756097714106
.94731706380844
1.0476422309875
.96699186166128
1.0125203331312
1.0047154426575
1.0141463279724
.96276422341665
1.0334959030151
.95479673147202
.97219510873159
.97089431683222
1.0682927370071
.99902439117432
.98406503597895
.99918699264526
1.0068292617798
1.0066666603088
.91983739535014
1.0050406455994
1.0027642250061
.95040649175644
.96699186166128
.99626016616821
.96813007195791
.97967481613159
.90390245119731
1.0300812721252
.93056911230087
1.0455284118652
1.0027642250061
.97365854183833
.93999999761581
.95967479546865
.97626016537348
.9821138381958
.9721951285998
.96048780282338
.96341460943222
.95154470205307
.99560976028442
1.0260162353516
1.0393495957057
.96715446313222
.94975608587265
.91626018285751
.97918699185053
1.0209755897522
.92861789464951
1.0022764205933
1.0191869735718
.9848780632019
.98715446392695
.94341462850571
1.0552845398585
1.0385365486145
.98975610733032
.95853658517202
.9780487815539
.9691057006518
1.0255284309387
.95479675134023
1.0105690956116
.96520324548086
.99333333969116
.96455283959707
.98308944702148
.89268290996552
1.0043902397156
.95203250646591
.96780488888423
.99349594116211
.96243902047475
.98601627349854
.95772357781728
.97967481613159
.97983739773432
.96243902047475
1.0136585235596
.95398372411728
1.0190243721008
.97577238082886
.97300813595454
.94390243291855
.9557723402977
1.0253658294678
1.0107316970825
.96146339178085
.93626016378403
.97739837567012
1.0242276191711
.98048782348633
1.0021138191223
.93300813436508
.98016262054443
.98130081097285
.95203252633413
.98130081097285
.97252035140991
.98341464996338
.88227641582489
.9557723402977
.93642276525497
.99983739852905
.98991870880127
.93105691671371
.97121951977412
.99837398529053
1.0050406455994
.99886178970337
.95999999841054
.95772355794907
1.0237398147583
.94325202703476
.95821136236191
1.0084552764893
.92650407552719
.95447152853012
.9879674911499
.99804878234863
.9824390411377
.95951217412949
.96829269329707
1.0334959030151
1.0139837265015
.99008131027222
.99056911468506
.93447154760361
.98569107055664
.95414632558823
.94813007116318
.96910568078359
1.0048780441284
.94894307851791
1.0071544647217
.98666667938232
1.0352845191956
.96292680501938
.94308942556381
.97512195507685
1.0684553384781
.9169105887413
1.0078048706055
.94601625204086
.97723577419917
.99121952056885
.93642276525497
.99073171615601
.92373985052109
1.0089430809021
.99902439117432
.9536585410436
1.0100812911987
.99203252792358
.98634147644043
.99138212203979
.97056909402211
.98341464996338
.9694309035937
.9320325255394
1.0055284500122
.99252033233643
1.0426016251246
.99170730511347
1.012195110321
.99560976028442
.89934957027435
.96146341164907
1.0341463088989
.92520326375961
.99983739852905
.97544717788696
1.0022764205933
.97544715801875
.99658536911011
.91560975710551
1.0258536338806
.95284551382065
.89707316954931
.96780486901601
.96699188152949
.95203252633413
.97983737786611
.99577236175537
.96943088372548
.90878049532572
.95154470205307
1.0102438926697
.98341464996338
.9793496131897
1.0076422691345
.94292682409286
.96422765652339
.99284553527832
1.0370731751124
1.0182113647461
.98796747128169
1.0136585235596
.98699188232422
.95528453588486
1.009268283844
.96813007195791
.97333333889643
.99252033233643
.93918699026108
.98390245437622
.97203250726064
.98894309997559
.99430894851685
1.0422763824463
.96991870800654
1.0489430824916
.94211381673813
.97479677200317
.97024389108022
1.0572357575099
.96650407711665
.92650407552719
.97934959332148
.95154470205307
.99544715881348
.93365854024887
.96227643887202
1.0230894088745
.92227643728256
.97463417053223
.98861787716548
.95252033074697
1.0112195014954
.94894307851791
1.0056910514832
1.0016260147095
.90422763427099
1.0134959220886
.95577236016591
.93934959173203
.94211381673813
.92975610494614
.94439023733139
.99967479705811
.9001625974973
.94471544027328
.93739837408066
.99934959411621
.98162603378296
.94341462850571
1.0021138191223
.9773983558019
.99853658676147
1.0026016235352
1.0047154426575
1.0484552780787
.92747968435287
.97560977935791
.95170730352402
.90943090120951
.95528453588486
.90926829973857
.92666667699814
.94357722997665
.95203250646591
.93300813436508
.97967479626338
.98065042495728
.97447154919306
.93560975790024
.87056910991669
.97934959332148
.95203250646591
.97154472271601
.92780488729477
1.0149593353271
1.0606504281362
.96504064400991
.92552846670151
1.0178861618042
.94634145498276
.97382114330928
.97365852197011
.91674796740214
.94113822778066
.97577236096064
.92373985052109
.92959350347519
.9162601629893
.91886180639267
.99739837646484
.95999999841054
.98926830291748
.98471546173096
.91691056887309
.94585365056992
.94780486822128
.95105689764023
.97642274697622
.95317071676254
.93658536672592
.97268293301264
.95138212045034
.95512193441391
.93837398290634
.98975610733032
.99170732498169
.90487806002299
.94943088293076
.95853658517202
.97967479626338
1.0029268264771
.95089429616928
.96422763665517
.92113822698593
.97008130947749
.98894308010737
.97869920730591
.95398374398549
.95447152853012
.88878047466278
1.0702439149221
.95821138223012
.93983739614487
.92292684316635
1.0281300544739
.9564227660497
1.0003252029419
.95658534765244
.99544715881348
.99138210217158
.91674796740214
.98552846908569
.99804878234863
.9063414533933
.99495935440063
.95999999841054
.97024391094844
1.0178861618042
1.0024390220642
.94634145498276
1.0013008117676
.96617885430654
.96097558736801
.98308944702148
.96504066387812
.96487804253896
.95365852117538
.9533333381017
.97723579406738
.95073171456655
.95918699105581
.90780486663183
.95252031087875
.95024389028549
.96325202782949
1.0196747779846
.97788619995117
.97008130947749
.95804878075918
1.0315446853638
1.0164227485657
.98552846908569
.92292684316635
.93626016378403
.90747968355815
.96341462930044
.94601625204086
.9378861784935
.98926830291748
.92390245199203
.92926830053329
.99056911468506
.9824390411377
.9190243879954
.94113820791245
.99577236175537
.97723577419917
.90162603060404
.9468292593956
.9691057006518
.90162603060404
.96666665871938
.93837398290634
.92764228582382
.92634147405624
1.0105690956116
.98747968673706
.98780486981074
.95691057046254
.90959352254868
.94487804174423
.93056911230087
.97723577419917
.90422763427099
.95430894692739
.91707317034403
.94910567998886
.97886178890864
.93853658437729
1.0104064941406
.8878048658371
.9230894446373
.88406505187353
.87869918346405
.8785365819931
.94552844762802
.99804878234863
.98130083084106
.93707317113876
.95105691750844
.99658536911011
.96081300576528
.93317073583603
.9351219534874
.97235773007075
.90829269091288
.9756097594897
.94487804174423
1.006178855896
.87886180480321
.92796748876572
.94308942556381
.95772355794907
.90146340926488
.89121949672699
.94991870721181
.95105689764023
.98162601391474
.92504066228867
.95252031087875
.96390241384506
.90650407473246
.99138212203979
.95642274618149
.90601625045141
.95203252633413
.95040649175644
.94455283880234
.90861789385478
.97317073742549
.97739837567012
.9440650343895
.96959348519643
.93674796819687
.93772357702255
.91918698946635
.9910569190979
1.0108942985535
1.0024390220642
.88796746730804
.99886178970337
.94747966527939
.98000001907349
.93089431524277
.9465040564537
.93300813436508
.96552844842275
.94260162115097
.98682928085327
.990081290404
.92764226595561
.93300813436508
.90926829973857
.93219512701035
.93235772848129
.94422763586044
.95089429616928
.90341462691625
.98682928085327
.97024391094844
.96341460943222
.96650405724843
.94731706380844
.92731706301371
.93886178731918
.95723575353622
.9378861784935
.95495933294296
.90650407473246
.96471544106801
.90081300338109
.93739837408066
.99284553527832
.95235770940781
.92211383581161
.92764228582382
.95626016457876
.95121951897939
.93772357702255
.99951219558716
.98585365215937
.9406504034996
.91642278432846
.98471546173096
.9530081152916
.93739837408066
.91821140050888
.88943088054657
.93121951818466
.96227639913559
.94666665792465
.9478048880895
.98097560803095
.93853658437729
.92682927846909
.93186992406845
.94357722997665
.9320325255394
.88650405406952
.97626014550527
.89642276366552
.92113820711772
.93626016378403
.94861787557602
.91447156667709
.93821138143539
.92634147405624
.92699187994003
.96422763665517
.94260162115097
.93089431524277
.98292682568232
.97300813595454
.8847154378891
1.018373966217
.88504066069921
.95544715722402
.90439025561015
.90211381514867
.9190243879954
.95121949911118
.85853658119837
.89105689525604
.92487806081772
.95252031087875
.96813007195791
.94292682409286
.93235772848129
1.0139837265015
.88487803936005
.92065042257309
.95593496163686
.91723575194677
.9715447028478
.93609756231308
.93560975790024
.91902440786362
.96682928005854
.98016262054443
.90032519896825
.95626014471054
.878861784935
.88699185848236
.97512195507685
.93073171377182
1.0110569000244
.99138212203979
.95170730352402
.98617887496948
.95040651162465
.94796746969223
.91983739535014
.90764228502909
.93723577260971
.91739839315414
.98813007275263
.94601625204086
.88113820552826
.89382114013036
.89804877837499
.92845529317856
.95999999841054
.91902440786362
.99951219558716
.90894309679667
.95382114251455
.95691055059433
.95739835500717
.91902440786362
.9842276374499
.95186992486318
.93333333730698
.91674798727036
1.0086178779602
.9687804778417
.92780488729477
.96601625283559
.97821138302485
.95837398370107
.9465040564537
.91560977697372
.96276422341665
.94536584615707
.97284555435181
.95121951897939
.89918698867162
.9811382095019
.94439023733139
.97040649255117
.96178861459096
.86195123195648
.98016260067622
.95918699105581
.95252031087875
.88699185848236
.98406505584717
.99089431762695
1.006016254425
.95317071676254
.91642278432846
.93219512701035
.90569104750951
.92813009023666
.94048780202866
.93121951818466
.9526829123497
.91983739535014
.94276422262192
.97235773007075
.90569104750951
.96471544106801
.97463415066401
.93821138143539
.94016259908676
.92422763506571
.86520326137543
.97235773007075
.96178861459096
.96943088372548
.8964227437973
.94276422262192
.91756099462509
.95495933294296
.9440650343895
.90926829973857
.89560975631078
.99056911468506
.96211381753286
1.0710569222768
.99739837646484
.93300813436508
.8754471540451
.89203250408173
.94178861379623
.93138211965561
.90195121367772
.94016259908676
.86569106578827
.93382114171982
.91398374239604
.95544715722402
.93121951818466
.94325202703476
.90894307692846
.98910570144653
.8912195165952
.94162601232529
.9378861784935
.9554471373558
.96975610653559
.91073171297709
.94227643807729
.93821138143539
.87918700774511
.92016261816025
.93089431524277
.93642276525497
.95089429616928
.9172357916832
.93186992406845
.92357724905014
.91804877916972
.87495934963226
.99219512939453
.94585365056992
.99154472351074
1.0372357368469
.93268291155497
.92065040270487
.89788617690404
.92731708288193
.91739839315414
.96406503518422
.96747966607412
.93951219320297
1.0160975456238
1.0263414382935
1.0682926972707
1.133333325386
.99333333969116
.97609756390254
1.0050406455994
1.0373983383179
1.0026016235352
1.01544713974
1.0304064750671
1.0146341323853
1.0570731560389
1.0229268074036
1.039999961853
1.1073170900345
1.0344715118408
1.018373966217
.99463415145874
1.0460162560145
1.0242276191711
1.0367479324341
1.0014634132385
1.0882927179337
1.0107316970825
1.0042276382446
1.1030894517899
1.0160975456238
1.055609703064
1.0230894088745
1.0613007942835
1.064390261968
1.049430847168
1.0596747795741
1.0294308662415
1.0024390220642
1.055447101593
1.0603251854579
1.0213007926941
1.0440650383631
1.0380487442017
1.0003252029419
1.0736585855484
1.0960975885391
1.0843902428945
1.0040650367737
1.0492682854335
1.0221138000488
1.0697561105092
1.0302438735962
1.0860162973404
1.0876422723134
1.0143089294434
1.0281300544739
1.0455284118652
1.0738211870193
1.0908943414688
1.0769106149673
1.0530080795288
1.0411381721497
1.0224390029907
1.0252032279968
1.0866667032242
1.0754471619924
1.0627642472585
1.0967479944229
1.1001626253128
1.1349593400955
1.1063414812088
1.0956097841263
1.1526829004288
1.0530080795288
1.1848780314128
1.2172358036041
1.2526829242706
1.2578861713409
1.2882926861445
1.4458536307017
1.5227642059326
1.5941463311513
1.7107317447662
1.8185365994771
1.9869918823242
2.0541462898254
2.1699186960856
2.3042275905609
2.4704065322876
2.5782114664714
2.708455324173
2.9097561041514
2.9868292808533
3.1730082035065
3.2894308567047
3.2869918346405
3.3422764142354
3.3484551906586
3.3751219113668
3.3689430554708
3.3326828479767
3.3146340847015
3.2284553050995
3.1489431063334
3.1295934518178
3.058699131012
3.0027642250061
2.8299186229706
2.7458536624908
2.6751220226288
2.6030893325806
2.6671545505524
2.509268283844
2.3930081526438
2.3095934391022
2.2095935344696
2.2292683124542
2.1193494796753
2.0884552001953
1.9760975837708
1.9352845748266
1.8956097364426
1.8247154951096
1.8203252156576
1.8042276302973
1.7107317447662
1.630243897438
1.6221138238907
1.605853676796
1.6060162782669
1.5323576927185
1.478536605835
1.455447157224
1.4196747541428
1.3365854024887
1.3544715642929
1.3180487950643
1.3110568920771
1.2736585140228
1.165691057841
1.2200000286102
1.1775609254837
1.1239024400711
1.1156097650528
1.1144715547562
1.0647154649099
1.0604877869288
1.0707317193349
1.1478048563004
1.0739837884903
1.0367479324341
1.1204878091812
1.0697561105092
1.1076422929764
1.0559349457423
1.0913821458817
1.0712194840113
1.030731678009
1.049268245697
1.0382113456726
1.0560975472132
1.0603252251943
.98390245437622
1.053658525149
1.0364227294922
1.0560975074768
1.0331707000732
1.08422768116
1.0035772323608
1.040162563324
1.0071544647217
1.0341463088989
1.027804851532
1.0541463295619
1.0315446853638
1.0304064750671
1.0074796676636
1.0852032899857
1.0120325088501
1.0269918441772
1.0182113647461
1.0523577133814
1.030731678009
.98894308010737
.99235773086548
.99886178970337
.99983739852905
1.0692683060964
1.0455284118652
1.0305690765381
.99349594116211
1.0146341323853
1.0544715325038
1.0008130073547
1.0084552764893
1.01544713974
1.050569097201
.98731708526611
1.0224390029907
1.0941463708878
1.0391869544983
1.0912195444107
1.0572357575099
.98292680581411
1.0572357177734
1.0853658914566
1.0346341133118
1.0395121971766
1.0468292236328
1.0622764428457
.97626016537348
1.0386991500854
1.073658545812
1.0321950912476
1.1713821093241
1.067317088445
.98910570144653
1.0390243530273
1.0585365692774
1.0443902015686
1.0822763840357
1.0525203148524
1.1152845621109
.99788618087769
1.0165853500366
1.0686179002126
1.0788618326187
1.093333363533
1.070569117864
1.0390243530273
1.1209756135941
1.0328454971313
.97203254699707
1.0362601280212
1.0603251854579
1.0330081383387
.98585367202759
1.0113821029663
1.006016254425
1.012195110321
1.0081300735474
1.0521950721741
1.04634141922
1.0829268693924
1.0144715309143
1.0834146738052
1.0386991500854
1.0134959220886
1.0147967338562
1.0074796676636
1.0276422897975
1.047642270724
1.0341463088989
1.0295934677124
1.0806504487991
1.0081300735474
1.0242276191711
1.0133333206177
1.0357723236084
1.0237398147583
1.0107316970825
1.0261788368225
1.0591870148977
1.0159349441528
1.0416259765625
.99463415145874
1.0058536529541
1.1019512414932
.99756097793579
1.0718699296316
1.0294308662415
1.1369105577469
1.0435771942139
.99284553527832
1.0149593353271
1.0630894502004
1.063089410464
1.0305690765381
1.0429267883301
1.0876423120499
1.015284538269
1.024552822113
1.0712195237478
1.0377235412598
1.0525203148524
.98943090438843
.9656910498937
1.0281300544739
1.0411381721497
1.0660162766774
1.0235772132874
1.0204877853394
1.0141463279724
1.0917073488235
1.0213007926941
1.0097560882568
1.0639024575551
1.0213007926941
1.0182113647461
1.0947967767715
1.021625995636
1.0006504058838
.98276422421137
1.0336585044861
.96731706460317
1.064390261968
1.0829268693924
1.003089427948
1.0097560882568
1.0484552383423
.98016262054443
1.1626015901566
1.0032520294189
1.0660162766774
.98325204849243
1.0487804810206
1.0242276191711
1.0265040397644
1.0426015853882
1.0050406455994
1.1123577356339
1.0583739678065
1.0323576927185
1.0022764205933
1.0648780266444
1.0572357575099
1.0255284309387
1.0008130073547
1.0790243546168
1.0964227517446
1.0333333015442
1.0905691385269
1.0052032470703
.99804878234863
1.0821138620377
1.0138211250305
.96731706460317
1.0616259972254
1.0268292427063
1.1157723665237
1.0414633750916
1.0378861427307
1.0634146134059
1.0089430809021
1.0533332824707
.99203252792358
1.0413007736206
1.0224390029907
1.0419511795044
1.0583739678065
1.0460162162781
1.0557723442713
1.0458536148071
1.0276422897975
1.0388617515564
1.0879674752553
1.0549593369166
1.0665040810903
1.0282926956813
1.047642270724
1.0388617515564
1.0422763824463
1.0281300544739
1.0858536958694
1.056910554568
1.0725203752518
1.0128455162048
1.021625995636
1.0294308662415
1.03089427948
1.0772357781728
1.0661788781484
1.0395121574402
1.0190243721008
.97837400436401
1.0269918441772
.99495935440063
1.0747967561086
1.0442276000977
.99772357940674
1.0471544265747
.97821136315664
.96943088372548
1.0104064941406
.97512197494507
1.0178861618042
1.0144715309143
1.0373983383179
1.0333333015442
1.0515447060267
.98747968673706
1.021463394165
1.0230894088745
1.0419511795044
1.0208129882812
1.0388617515564
1.0364227294922
1.0466666221619
1.0034146308899
1.0208129882812
1.0068292617798
1.0089430809021
1.0627642075221
1.0390243927638
1.0972357988358
1.006178855896
1.0674796501795
.97967481613159
1.0289430618286
1.0560975472132
1.1315447092056
1.003089427948
1.0198373794556
1.0027642250061
1.009105682373
1.0224390029907
1.0385365486145
.99886178970337
1.0346341133118
1.0437397956848
1.0336585044861
1.0217885971069
1.0248780250549
1.0489430824916
1.0505690574646
1.0372357765834
1.0175609588623
1.0344715118408
1.0287804603577
1.0461788574855
1.0504064957301
1.043089389801
1.0190243721008
1.0975610017776
.97739837567012
.99430894851685
1.0136585235596
1.053658525149
1.0626016060511
1.0248780250549
1.0146341323853
1.0341463088989
1.0053658485413
1.084065079689
.97138210137685
1.0042276382446
1.0349593162537
1.0334959030151
1.0009756088257
1.0097560882568
1.050731698672
1.027642250061
1.0156097412109
1.1073170900345
1.0497560898463
1.0110569000244
.99024391174316
.9941463470459
1.0684553384781
1.1426016489665
.97707317272822
.96943088372548
1.0572357575099
1.0430894295375
1.0165853500366
1.0331707000732
.97105691830317
1.0354471206665
1.0547967354457
1.0365853309631
1.0323576927185
1.0634146531423
1.0440649986267
1.0304064750671
1.0190243721008
1.0008130073547
1.0435771942139
1.0565853118896
1.0006504058838
1.0388617515564
1.0386991500854
1.0360975265503
1.0375609397888
1.0573983589808
1.0068292617798
.99235773086548
1.0240650177002
1.0284552574158
1.1479674577713
1.0354471206665
1.0382113456726
1.0094308853149
1.0271544456482
1.0201625823975
1.1214634180069
1.0624390443166
.99544715881348
.96634145577749
1.040162563324
1.012357711792
1.0347967147827
1.0798374414444
1.0289430618286
1.0746341546377
1.0531707207362
1.0128455162048
1.0354471206665
1.0226016044617
1.0359349250793
1.0634146531423
1.0206503868103
1.0596747795741
.99349592129389
.99902439117432
.9882926940918
1.0517072677612
.99056911468506
1.0868293046951
.9882926940918
1.0068292617798
1.0749593575795
1.1177235841751
.98991870880127
1.0191869735718
1.0138211250305
1.0196747779846
1.0386991500854
1.0866667032242
1.1082926988602
1
.98682928085327
1.0895935297012
1.0131707191467
1.0543089310328
1.0235772132874
.96585365136464
.99886178970337
1.0349593162537
1.0593495766322
1.0544715722402
1.0895935297012
.97495935360591
1.0391869544983
1.0557723442713
1.0170731544495
1.0056910514832
.9882926940918
1.0442276000977
1.0195121765137
.98162601391474
1.0198373794556
.97203252712886
1.0144715309143
1.0169105529785
.99658536911011
1.0469918251038
1.0147967338562
.99577236175537
1.0512194633484
1.0273170471191
1.0315446853638
1.0878049135208
1.0333333015442
.98260164260864
1.0318698883057
1.0222764015198
.99788618087769
1.0575609604518
.99349594116211
1.0315446853638
1.0058536529541
1.0382113456726
1.0016260147095
.98682928085327
1.0352845191956
1.0422763824463
1.0855284929276
1.0177235603333
1.0573983192444
1.1095935106277
1.0608129898707
1.0255284309387
1.0032520294189
1.0375609397888
1.0017886161804
1.0141463279724
1.0263414382935
1.0213007926941
.97382114330928
1.0235772132874
1.01544713974
.97024391094844
1.021463394165
1.018373966217
1.0346341133118
.96747966607412
1.0386991500854
1.0190243721008
1.0839023987452
1.0073170661926
1.0396747589111
.96308940649033
1.0279674530029
1.0312194824219
1.0130081176758
.98016260067622
1.0473170677821
1.0252032677333
1.0782114267349
1.0300812721252
1.035121957461
1.0604877869288
.96325202782949
1.0663414796193
1.0349593162537
.98845529556274
1.0380487442017
1.0139837265015
1.0237398147583
1.0417885780334
1.0487804412842
1.0440649986267
1.0315446853638
.99154472351074
1.0141463279724
1.0310568809509
1.0853658914566
.99642276763916
1.0349593162537
1.102601647377
1.0172357559204
1.0156097412109
.98276424407959
.97869918743769
1.021625995636
.99593496322632
1.0375609397888
1.0271544456482
1.0720325311025
1.0560975472132
1.0255284309387
1.0416259765625
1.0824390649796
1.0747967561086
1.0299186706543
1.0317072868347
.97609756390254
1.0752846002579
1.0663414796193
1.0273170471191
1.0014634132385
.97089429696401
1.0073170661926
1.0274796485901
.97560973962148
.96146341164907
1.0021138191223
1.0190243721008
1.0468292633692
1.0022764205933
1.0839024782181
1.0019512176514
1.0682926972707
.99658536911011
1.0160975456238
1.0499186515808
1.0258536338806
1.0173983573914
1.01544713974
1.0240650177002
1.0209755897522
.97691057125727
1.0508943001429
1.0513821045558
1.0188617706299
1.0408129692078
1.0533332824707
1.0814634561539
1.0027642250061
1.0414633750916
.98878049850464
.98926830291748
1.012195110321
1.037073135376
1.0489430427551
1.0089430809021
1.0297560691833
1.0817885796229
1.0626016060511
1.0143089294434
.98943090438843
1.0032520294189
1.03089427948
.94552844762802
1.0286178588867
1.0564227501551
1.0700813134511
1.0751219987869
1.0167479515076
1.0313820838928
1.0159349441528
1.0390243530273
1.0439023971558
1.0341463088989
1.0499186913172
1.0928455193837
1.0923576752345
.99853658676147
1.0003252029419
1.0052032470703
1.0206503868103
1.0639024575551
1
1.0439023971558
1.0520325104396
.99967479705811
1.0439023971558
1.0325202941895
1.0113821029663
1.018373966217
1.1196748415629
1.0598374207815
.98308944702148
1.0180487632751
1.0439023971558
1.0039024353027
1.03089427948
1.0889431238174
1.0274796485901
.99756097793579
1.0385365486145
1.0240650177002
1.0541462898254
1.0204877853394
1.0611381928126
1.0439023971558
.95918697118759
1
1.0375609397888
1
1.0136585235596
.99609756469727
1.1325203180313
1.0396747589111
1.0543088912964
1.0676422913869
.97902439037959
.97544715801875
1.0318698883057
1.0032520294189
.99837398529053
.98536586761475
1.0141463279724
.97430894772212
1.0360975265503
1.021463394165
1.0243902206421
1.0333333015442
1.0282926559448
1.0437397956848
1.0265040397644
1.0544715325038
1.0585365692774
1.0162601470947
1.0564227501551
1.0029268264771
1.0804878473282
1.0008130073547
1.0360975265503
1.07674797376
1.0403251647949
.97788618008296
.99544715881348
1.0346341133118
1.0323576927185
.97268293301264
1.0021138191223
1.0694309075673
1.0203251838684
1.0739837884903
1.0113821029663
1.0027642250061
1.0500812927882
1.0502438942591
1.0635772546132
1.0560975074768
.99040651321411
1.0208129882812
1.015284538269
1.0372357368469
.9972357749939
1.0471544663111
1.0237398147583
.98650405804316
1.0066666603088
.97170732418696
1.0250406265259
1.0707317590714
1.0009756088257
.99772357940674
1.0352845191956
1.0752846002579
1.062926808993
1.0552845398585
1.0673171281815
1.0333333015442
1.0367479324341
1.0255284309387
1.0209755897522
1.0211382309596
.99073169628779
1.0178861618042
.9554471373558
.97804880142212
1.0203251838684
1.0417886177699
1.0707316795985
1.018373966217
1.000813027223
1.0211381912231
1.0256910324097
1.0134959220886
1.0208129882812
.9821138381958
1.0512194633484
1.0671544869741
1.0112195014954
1.021463394165
.94260162115097
1.0260162353516
1.0388617515564
1.0333333015442
1.0016260147095
1.0569105148315
.96813009182612
1.0193495750427
.95121949911118
1.0263414382935
1.0282926559448
1.0286178588867
1.0466666221619
1.0242276191711
1.0547967354457
1.0632520516713
1.0032520294189
1.0273170471191
1.0686179002126
1.0110569000244
.98113822937012
1.0624390045802
1.0474796295166
1.0295934677124
1.0460162162781
1.0357723236084
1.0391869544983
.98747968673706
1.0143089294434
1.0081300735474
.9734959602356
1.0769106149673
1.0170731544495
.97512195507685
1.066016236941
.97235773007075
.98455286026001
1.052520275116
1.056910554568
1.0182113647461
1.0422763824463
.96016258001328
1.0193495750427
.99089429775874
.99479675292969
1.0356097221375
1.009105682373
1.0447154045105
1.0242276191711
.96959348519643
.98260164260864
.98813009262085
1.0559349457423
1.0043902397156
1.0424389839172
1.0747967561086
.99056911468506
1.0442276000977
1.0071544647217
.98016262054443
1.0850406885147
.99170730511347
.9656910498937
1.0209755897522
1.0063414573669
1.0404877662659
1.0256910324097
.9972357749939
.98292684555054
1.0016260147095
1.0469918251038
1.0138211250305
1.0297560691833
.98747966686885
1.0162601470947
.99121952056885
1.0213007926941
1.0050406455994
1.0029268264771
.99398374557495
1.0484552383423
.9780487815539
1.0208129882812
.95821138223012
.99203252792358
.97447154919306
1.0258536338806
1.0235772132874
1.0777236223221
1.0056910514832
1.0008130073547
1.006178855896
.97869920730591
.97951219479243
.9478048880895
1.0640650590261
1.027804851532
.98878049850464
1.0282926559448
1.0133333206177
1.015284538269
1.0082926750183
.98455284039179
1.0157723426819
.99300813674927
1.0195121765137
1.0130081176758
.96390245358149
1.0204877853394
1.0437398354212
.98276424407959
.96178863445918
.96666663885117
1.0279674530029
.95788617928823
1.0006504058838
1.0013008117676
.98536586761475
.98943090438843
1.0356097221375
1.0530081192652
1.0003252029419
1.0315446853638
1.0559349060059
.97186990578969
1.0120325088501
1.0221138000488
1.0325202941895
.95121949911118
.98861789703369
.99918699264526
1.0196747779846
.95772355794907
.96682928005854
1.0151219367981
.99967479705811
.98910570144653
1.0915447473526
.94227641820908
1.0037398338318
.99512195587158
1.0325202941895
1.0008130073547
.92731708288193
.97495935360591
1.0094308853149
.97804880142212
1.0133333206177
.99967479705811
1.0055284500122
1.0302438735962
.92861789464951
.97105689843496
.97252035140991
1.0500812927882
.993821144104
.98959350585937
1.0304064750671
.99121952056885
1.0050406455994
1.0546341339747
.96926830212275
1.0131707191467
1.0037398338318
1.0009756088257
1.0133333206177
.96373983224233
.92926830053329
1.009268283844
1.0393495559692
.94357722997665
.94975610574086
1.003089427948
1.0120325088501
.93934959173203
1.0169105529785
.98048780361811
1.0113821029663
1.0180487632751
.99398374557495
.99609756469727
.9882926940918
.99853658676147
1.0268292427063
1.0034146308899
1.0887805223465
.97495935360591
.98715446392695
.9032520254453
1.0068292617798
.95772355794907
1.0235772132874
1.0604877869288
1.0017886161804
.96829269329707
1.0058536529541
1.0204877853394
.99398374557495
.92552846670151
1.0104064941406
.97853658596675
1.0217885971069
.96211381753286
.97349594036738
.95154470205307
1.0035772323608
.97300813595454
1
1.0226016044617
.99528455734253
1.0258536537488
1.0208129882812
.97853658596675
1.0081300735474
.99869918823242
.95512195428212
.98634147644043
.99170732498169
1.0199999809265
.99235773086548
.96829267342885
.92634147405624
.96178861459096
.97186992565791
.96504064400991
.96146341164907
1.0237398147583
.97300811608632
.97788618008296
.98455284039179
1.0131707191467
.94747966527939
.95105689764023
1.0160975456238
.94455283880234
.98130083084106
.97691057125727
1.0016260147095
.94731706380844
.95967479546865
.99170732498169
1.1019512414932
1.0367479324341
.92601627111435
.95918699105581
1.0199999809265
1.0769106149673
.96422765652339
.98699188232422
.99365854263306
.95495933294296
.99707317352295
1.0271544456482
1.0186991691589
.99528455734253
1.0442276000977
.99902439117432
.98162601391474
1.0178861618042
.97658536831538
.92845529317856
.95593494176865
.95999999841054
.98747968673706
.93317073583603
.96715448300044
.98146343231201
.96243904034297
.95105689764023
.97300813595454
.97593496243159
.92243903875351
.96520324548086
.98178863525391
.94471544027328
1.0222764015198
.92113822698593
.95479675134023
.9790244102478
.96308942635854
.98195123672485
1.0601625839869
.96390243371328
.99121952056885
1.0053658485413
.96162601312002
.91902440786362
.93447154760361
.96211381753286
.9904064933459
.9261788725853
1.0047154426575
.9746341307958
.93886178731918
.9468292593956
1.0406503677368
.95658534765244
.95804876089096
1.0100812911987
.90227641661962
.96682926019033
.92813009023666
.95626016457876
.93219512701035
.92016261816025
.92959350347519
.90617887179057
.8946341474851
.93154472112656
.93593496084213
.94487804174423
.9317073225975
.93040651082993
.97186992565791
.93674796819687
.93577235937119
.89837396144867
.94260162115097
.90373982985814
.99186992645264
.91804879903793
.92975610494614
.90569104750951
.9557723402977
.92130082845688
.9169105887413
.99235773086548
.90682927767436
.89170732100805
.94243901968002
.92845529317856
.97203252712886
.93691056966782
.87756097316742
.91837398211161
.93284553289413
.91918700933456
.94894307851791
.91252032915751
.86000001430511
.9110569357872
.91577235857646
.93268293142319
.91333333651225
.88520326217016
.88097560405731
.8606504201889
.86276423931122
.91577235857646
.92536586523056
.86146342754364
.9230894446373
.87219512462616
.87951219081879
.91089433431625
.88048779964447
.90260161956151
.91642278432846
.95512195428212
.8362601796786
.93186992406845
.92471545934677
.91186992327372
.91056911150614
.85609755913417
.91560975710551
.86747968196869
.92390245199203
.93528455495834
.82699187596639
.85398375988007
.84845528999964
.94211381673813
.90569106737773
.93528455495834
.85203252236048
.85235772530238
.86910569667816
.89073169231415
.90227643648783
.86520326137543
.8222764134407
.86357724666595
.88487803936005
.88520326217016
.83544713258743
.85983741283417
.89284551143646
.8578861951828
.88764226436615
.88211381435394
.84422765175502
.91544715563456
.88536584377289
.8609756231308
.91918700933456
.82276421785355
.84065041939418
0
0
0
0
0
0
0
0
0
0
0
0
0
0
0
0
0
0
0
0
0
0
0
0
0
0
0
0
0
0
0
0
0
0
0
0
0
0
0
0
0
0
0
0
0
0
0
0
0
0
0
0
0
0
0
0
0
0
0
0
0
0
0
0
0
0
0
0
0
0
0
0
0
0
0
0
0
0
0
0
0
0
0
0
0
0
0
0
0
0
0
0
0
0
0
0
0
0
0
0
0
0
0
0
0
0
0
0
0
0
0
0
0
0
0
0
0
0
0
0
0
0
0
0
0
0
0
0
0
0
0
0
0
0
0
0
0
0
0
0
0
0
0
0
0
0
0
0
0
0
0
0
0
0
0
0
0
0
0
0
0
0
0
0
0
0
0
0
0
0
0
0
0
0
0
0
0
0
0
0
0
0
0
0
0
0
0
0
0
0
0
0
0
0
0
0
0
0
0
0
0
0
0
0
0
0
0
0
0
0
0
0
0
0
0
0
0
0
0
0
0
0
0
0
0
0
0
0
0
0
0
0
0
0
0
0
0
0
0
0
0
0
0
0
0
0
0
0
0
0
0
0
0
0
0
0
0
0
0
0
0
0
0
0
0
0
0
0
0
0
0
0
0
0
0
0
0
0
0
0
0
0
0
0
0
0
0
0
0
0
0
0
0
0
0
0
0
0
0
0
0
0
0
0
0
0
0
0
0
0
0
0
0
0
0
0
0
0
0
0
0
0
0
0
0
0
0
0
0
0
0
0
0
0
0
0
0
0
0
0
0
0
0
0
0
0
0
0
0
0
0
0
0
0
0
0
0
0
0
0
0
0
0
0
0
0
0
0
0
0
0
0
0
0
0
0
0
0
0
0
0
0
0
0
0
0
0
0
0
0
0
0
0
0
0
0
0
0
0
0
0
0
0
0
0
0
0
0
0
0
0
0
0
0
0
0
0
0
0
0
0
0
0
0
0
0
0
0
0
0
0
0
0
0
0
0
0
0
0
0
0
0
0
0
0
0
0
0
0
0
0
0
0
0
0
0
0
0
0
0
0
0
0
0
0
0
0
0
0
0
0
0
0
0
0
0
0
0
0
0
0
0
0
0
0
0
0
0
0
0
0
0
0
0
0
0
0
0
0
0
0
0
0
0
0
0
0
0
0
0
0
0
0
0
0
0
0
0
0
0
0
0
0
0
0
0
0
0
0
0
0
0
0
0
0
0
0
0
0
0
0
0
0
0
0
0
0
0
0
0
0
0
0
0
0
0
0
0
0
0
0
0
0
0
0
0
0
0
0
0
0
0
0
0
0
0
0
0
0
0
0
0
0
0
0
0
0
0
0
0
0
0
0
0
0
0
0
0
0
0
0
0
0
0
0
0
0
0
0
0
0
0
0
0
0
0
0
0
0
0
0
0
0
0
0
0
0
0
0
0
0
0
0
0
0
0
0
0
0
0
0
0
0
0
0
0
0
0
0
0
0
0
0
0
0
0
0
0
0
0
0
0
0
0
0
0
0
0
0
0
0
0
0
0
0
0
0
0
0
0
0
0
0
0
0
0
0
0
0
0
0
0
0
0
0
0
0
0
0
0
0
0
0
0
0
0
0
0
0
0
0
0
0
0
0
0
0
0
0
0
0
0
0
0
0
0
0
0
0
0
0
0
0
0
0
0
0
0
0
0
0
0
0
0
0
0
0
0
0
0
0
0
0
0
0
0
0
0
0
0
0
0
0
0
0
0
0
0
0
0
0
0
0
0
0
0
0
0
0
0
0
0
0
0
0
0
0
0
0
0
0
0
0
0
0
0
0
0
0
0
0
0
0
0
0
0
0
0
0
0
0
0
0
0
0
0
0
0
0
0
0
0
0
0
0
0
0
0
0
0
0
0
0
0
0
0
0
0
0
0
0
0
0
0
0
0
0
0
0
0
0
0
0
0
0
0
0
0
0
0
0
0
0
0
0
0
0
0
0
0
0
0
0
0
0
0
0
0
0
0
0
0
0
0
0
0
0
0
0
0
0
0
0
0
0
0
0
0
0
0
0
0
0
0
0
0
0
0
0
0
0
0
0
0
0
0
0
0
0
0
0
0
0
0
0
0
0
0
0
0
0
0
0
0
0
0
0
0
0
0
0
0
0
0
0
0
0
0
0
0
0
0
0
0
0
0
0
0
0
0
0
0
0
0
0
0
0
0
0
0
0
0
0
0
0
0
0
0
0
0
0
0
0
0
0
0
0
0
0
0
0
0
0
0
0
0
0
0
0
0
0
0
0
0
0
0
0
0
0
0
0
0
0
0
0
0
0
0
0
0
0
0
0
0
0
0
0
0
0
0
0
0
0
0
0
0
0
0
0
0
0
0
0
0
0
0
0
0
0
0
0
0
0
0
0
0
0
0
0
0
0
0
0
0
0
0
0
0
0
0
0
0
0
0
0
0
0
0
0
0
0
0
0
0
0
0
0
0
0
0
0
0
0
0
0
0
0
0
0
0
0
0
0
0
0
0
0
0
0
0
0
0
0
0
0
0
0
0
0
0
0
0
0
0
0
0
0
0
0
0
0
0
0
0
0
0
0
0
0
0
0
0
0
0
0
0
0
0
0
0
0
0
0
0
0
0
0
0
0
0
0
0
0
0
0
0
0
0
0
0
0
0
0
0
0
0
0
0
0
0
0
0
0
0
0
0
0
0
0
0
0
0
0
0
0
0
0
0
0
0
0
0
0
0
0
0
0
0
0
0
0
0
0
0
0
0
0
0
0
0
0
0
0
0
0
0
0
0
0
0
0
0
0
0
0
0
0
0
0
0
0
0
0
0
0
0
0
0
0
0
0
0
0
0
0
0
0
0
0
0
0
0
0
0
0
0
0
0
0
0
0
0
0
0
0
0
0
0
0
0
0
0
0
0
0
0
0
0
0
0
0
0
0
0
0
0
0
0
0
0
0
0
0
0
0
0
0
0
0
0
0
0
0
0
0
0
0
0
0
0
0
0
0
0
0
0
0
0
0
0
0
0
0
0
0
0
0
0
0
0
0
0
0
0
0
0
0
0
0
0
0
0
0
0
0
0
0
0
0
0
0
0
0
0
0
0
0
0
0
0
0
0
0
0
0
0
0
0
0
0
0
0
0
0
0
0
0
0
0
0
0
0
0
0
0
0
0
0
0
0
0
0
0
0
0
0
0
0
0
0
0
0
0
0
0
0
0
0
0
0
0
0
0
0
0
0
0
0
0
0
0
0
0
0
0
0
0
0
0
0
0
0
0
0
0
0
0
0
0
0
0
0
0
0
0
0
0
0
0
0
0
0
0
0
0
0
0
0
0
0
0
0
0
0
0
0
0
0
0
0
0
0
0
0
0
0
0
0
0
0
0
0
0
0
0
0
0
0
0
0
0
0
0
0
0
0
0
0
0
0
0
0
0
0
0
0
0
0
0
0
0
0
0
0
0
0
0
0
0
0
0
0
0
0
0
0
0
0
0
0
0
0
0
0
0
0
0
0
0
0
0
0
0
0
0
0
0
0
0
0
0
0
0
0
0
0
0
0
0
0
0
0
0
0
0
0
0
0
0
0
0
0
0
0
0
0
0
0
0
0
0
0
0
0
0
0
0
0
0
0
0
0
0
0
0
0
0
0
0
0
0
0
0
0
0
0
0
0
0
0
0
0
0
0
0
0
0
0
0
0
0
0
0
0
0
0
0
0
0
0
0
0
0
0
0
0
0
0
