.87479676802953
.86682925621668
.82243903477987
.87203252315521
.86894309520721
.84016259511312
.82227643330892
.8606504201889
.87252032756805
.85495936870575
.86422765254974
.81479674577713
.84536586205165
.85414636135101
.76390244563421
.85691058635712
.85008130470912
.81886180241903
.88617885112762
.88764226436615
.88585364818573
.83951218922933
.94422763586044
.87691056728363
.91886180639267
.82178860902786
.82422763109207
.90048782030741
.82731705904007
.84373984734217
.88699185848236
.875772356987
.90699185927709
.90861787398656
.91154470046361
.91674796740214
.87398374080658
.86341462532679
.89707314968109
.98032520214717
.85609757900238
.90943092107773
.85951220989227
.91186992327372
.88926827907562
.94715446233749
.95658536752065
.87756097316742
.92373985052109
.92341464757919
.83105691274007
.88585364818573
.86048779884974
.9073170820872
.90699185927709
.89382114013036
.92178863286972
.85398374001185
1.0351219177246
.86780488491058
.93739837408066
.90227641661962
.9032520254453
.90487806002299
.91463414827983
.90910569826762
.93983739614487
.93073171377182
.90292682250341
.97203252712886
.97853660583496
.96487804253896
.9712194999059
.89284551143646
.90910569826762
.96211381753286
.95609754323959
.9721951285998
.9499186873436
.97040651241938
.99642276763916
.90601625045141
.91105691591899
.94617885351181
.92634147405624
.92439025640488
.95398374398549
.95382112264633
.89609756072362
.91430894533793
.98227641979853
.95756095647812
.91138209899267
.94926828145981
.90487804015478
.94032520055771
.90439023574193
.95414632558823
.88097560405731
1.1069918870926
1.0182113647461
.92113822698593
.96731706460317
1.0071544647217
.93349593877792
1.016747991244
.9320325255394
1.0047154426575
.97414634625117
.96178859472275
1.0133333206177
1.0082926750183
1.0011382102966
1.0172357559204
.97642276684443
.96455283959707
.99024391174316
1.0042276382446
.9437398314476
.94390243291855
.96162601312002
1.18097559611
.94796746969223
.95219510793686
1.0081300735474
.95723575353622
.98520324627558
1.0056910514832
.98048780361811
.94617887338003
1.096585392952
.95138210058212
.93934959173203
.97317073742549
1.0211381912231
.98097562789917
1.01544713974
1.0508942604065
1.0403251647949
1.0113821029663
1.0068292617798
1.06130083402
1.0533333222071
1.037073135376
1.0318698883057
1.0380487442017
.98682928085327
.99008131027222
.99869918823242
.98455284039179
.99284553527832
1.0375609397888
1.006016254425
.96813009182612
1.0139837265015
.9756097594897
.98731708526611
.99593496322632
.96048780282338
1.0256910324097
.99918699264526
.98699188232422
1.0165853500366
1.0323576927185
.97902439037959
1.0042276382446
.99642276763916
1.0037398338318
.97902439037959
1.0108942985535
.97918701171875
.96861789623896
.9780487815539
.97447154919306
1.0169105529785
.98162601391474
.94780486822128
1.0004878044128
1.0113821029663
.93495935201645
.98130083084106
1.0095934867859
.98276424407959
.94780486822128
1.0130081176758
1.0951219797134
.95186990499496
1.0973984003067
1.0855284531911
1.0198373794556
1.0239024162292
.99284553527832
.96552844842275
.97138212124507
.97089431683222
.98569107055664
.9694309035937
.96032520135244
1.0248780250549
.93642276525497
1.0068292617798
.99073171615601
.97886178890864
.98682928085327
.95967479546865
1.0469918251038
1.0042276183764
.97886178890864
.93983739614487
.98943090438843
.96048780282338
.99951219558716
1.0821138620377
.94747966527939
1.0832520723343
1.044552842776
.93528455495834
.94439023733139
.98617887496948
1.0429268280665
1.0227642059326
1.0003252029419
.96699186166128
.97983739773432
.98341463009516
.94552844762802
1.0682926575343
.98926830291748
1.0343089103699
.99853658676147
.93951219320297
1.0429268280665
1.0235772530238
1.0112195014954
1.0014634132385
1.0113821029663
.98747966686885
.99756097793579
.98975610733032
.95691057046254
1.0310568809509
.99365850289663
1.012357711792
1.0097560882568
1.0356097221375
.9879674911499
.99463415145874
1.0216260353724
1.0095934867859
1.0505690574646
.98682928085327
.98910570144653
.96146341164907
.99056911468506
1.0396747589111
.98585365215937
.99235773086548
.98699188232422
.9437398314476
1.0128455162048
1.0102438926697
.98991870880127
.99365854263306
.97300815582275
.94504064321518
.99447154998779
.94845527410507
1.0250406265259
.9780487815539
.93186992406845
1.0102438926697
1.012195110321
1.0032520294189
1.0273170471191
1.0053658485413
1.0318698883057
.96731706460317
1.0052032470703
.97349594036738
1.0198373794556
1.0336585044861
.94390243291855
1.0404877662659
1.0034146308899
.95902438958486
1.0495934883753
1
1.0056910514832
1.0326828956604
.99349594116211
.99073171615601
1.0131707191467
.99447154998779
.98113822937012
.96487804253896
.98894309997559
.97609754403432
1.0426015853882
1.0050406455994
.96276424328486
.95056909322739
.98276424407959
1.0048780441284
.93886178731918
.96422763665517
1.0995121796926
1.0094308853149
1.0437397956848
1.0167479515076
1.0747967561086
.9879674911499
1.046178817749
.99317073822021
1.0125203132629
1.0006504058838
.93219510714213
.93739837408066
1.0208129882812
.99479675292969
1.0102438926697
.94390243291855
.97203252712886
.96487804253896
1.0008130073547
1.0497560898463
.96650407711665
.97739839553833
1.0248780250549
1.0289430618286
1.0385365486145
.9601626197497
.9622764190038
.99983739852905
.92569106817245
.98747968673706
1.0343089103699
1.0224390029907
1.0284552574158
1.0320324897766
1.0052032470703
.9653658469518
.98439025878906
.99756097793579
1.0026016235352
1.0492682854335
.98747968673706
.9725203315417
.94341462850571
.92601625124613
.97268293301264
.96065040429433
.95089429616928
1.0372357368469
.96926828225454
1.0065040588379
1.0175609588623
1.0313820838928
1.0507316589355
.98666665951411
.99040651321411
1.0021138191223
1.0580487648646
1.0170731544495
1.0334959030151
1.0764227708181
1.0435771942139
1.0717072884242
.96910568078359
.99056911468506
.98341464996338
.98260164260864
.9941463470459
.98601625363032
.99951219558716
.93560975790024
.9530081152916
.98601627349854
.98780488967896
.96211381753286
.91544717550278
.94796746969223
.96975610653559
1.0547967354457
.98943090438843
1.0313820838928
.95365852117538
.94325202703476
1.0019512176514
1.012357711792
.98585367202759
.99398374557495
.93869918584824
.98113822937012
.94796746969223
.9780487815539
1.0224390029907
1.0170731544495
.96373981237411
.92910569906235
1.0115447044373
.99040651321411
.95999999841054
.95837398370107
1.0130081176758
.97479677200317
.99902439117432
.92910567919413
1.2258536815643
1.0330080986023
1.0063414573669
.97609756390254
1.0048780441284
.99739837646484
1.0095934867859
.99609756469727
.99495935440063
.93756097555161
.92845529317856
.97918699185053
.98178861538569
.95024391015371
.9941463470459
1.0110569000244
.95186990499496
.9653658469518
1.0250406265259
.9691057006518
.97024389108022
.97479675213496
.97040651241938
.9783739844958
.99918699264526
.95691055059433
1.0048780441284
1.0134959220886
.96926828225454
1.003089427948
1.0221138397853
.9598373969396
.9468292593956
.94796746969223
.99983739852905
1.0040650367737
.97008128960927
1.0037398338318
.99528455734253
.99951219558716
1.027642250061
.97544717788696
1.0108942985535
1.0006504058838
.99658536911011
1.0113821029663
.97674798965454
1.0775610208511
.96471546093623
1.030731678009
.97626016537348
.98325202862422
.97056911389033
.9530081152916
1.0239024162292
.95999999841054
.98894309997559
1.0078048706055
.96682928005854
1.0078048706055
.95333331823349
.99235773086548
.97544715801875
.9879674911499
.97398374478022
1.0066666603088
.98357725143433
1.0469918251038
.95056909322739
1.0383739471436
.99252033233643
.9554471373558
.96894309918086
.96016259988149
1.0068292617798
.9780487815539
.96747966607412
.90373982985814
.95674794912338
.93528455495834
.99609756469727
.92959350347519
.97138212124507
.97463415066401
.96650405724843
1.003089427948
1.0024390220642
1.0469918251038
.93934959173203
1.0037398338318
1.0271544456482
.97642276684443
.99739837646484
.98991870880127
.94796748956045
.93983739614487
.98048780361811
1.0151219367981
.9879674911499
.98081300656001
.98813009262085
.99235771099726
.9972357749939
.92341462771098
1.0219511985779
.99512195587158
.9734959602356
.99219512939453
.94780486822128
1.003089427948
1.0035772323608
.99024391174316
.98617887496948
.97463415066401
.95382112264633
.9530081152916
.9882926940918
.95203252633413
.95609754323959
1.0076422691345
.96341460943222
.98032522201538
1.0343089103699
.97951219479243
.9595121939977
.98471546173096
.96113820870717
.9347967505455
.94243901968002
.97186992565791
.95788617928823
1.0343089103699
.91300813357035
.94422763586044
.96975608666738
.95918699105581
1.056747953097
.97869918743769
1.0021138191223
.99203252792358
1.0058536529541
.96585365136464
1.0268292427063
.94943088293076
.9598373969396
.95853658517202
1.0621138016383
1.0052032470703
.97869920730591
.97723577419917
1.0050406455994
1.0191869735718
.92227643728256
1.0149593353271
1
.95626014471054
.95479673147202
1.0056910514832
.97886178890864
.96747968594233
.90975608428319
1.033821105957
.88601624965668
1.0325202941895
.99609756469727
.97902439037959
.93317073583603
.96487804253896
.96211381753286
1.0003252029419
.97170730431875
.9684552748998
.96504064400991
.95414634545644
.97756099700928
1.0143089294434
1.0248780250549
.96243902047475
.93918699026108
.93674796819687
.9811382095019
1.0282926559448
.93951219320297
.99772357940674
1.0089430809021
.98471546173096
1.0074796676636
.94666665792465
1.0547967354457
1.0439023971558
.97495935360591
.9622764190038
.98260162274043
.97317073742549
1.0317072868347
.94195121526718
1.0108942985535
.96796747048696
.97902439037959
.97756097714106
.97479675213496
.89447154601415
1.0256910324097
.95284553368886
.96308942635854
.98991870880127
.96585365136464
.98715446392695
.93609756231308
.9743089278539
.98341464996338
.97089429696401
1.0069918632507
.94536584615707
1.0217885971069
.98504066467285
.98617885510127
.95089429616928
.95284551382065
1.018536567688
1.0250406265259
.9585365653038
.94699186086655
.97398374478022
1.0160975456238
.96910568078359
1.0068292617798
.93886178731918
.98666665951411
.99609756469727
.9684552748998
.97951221466064
.97317073742549
.98227643966675
.89317071437836
.96341462930044
.92130082845688
1.0173983573914
.99089431762695
.93219512701035
.9824390411377
.98308944702148
.98406505584717
.99853658676147
.95642274618149
.95560973882675
1.0138211250305
.93951219320297
.98146343231201
1.0320324897766
.93073171377182
.96308942635854
.97544717788696
.99349594116211
.96747966607412
.95333331823349
.96715446313222
1.0252032279968
1.0131707191467
.99577234188716
.98016262054443
.92747968435287
.99235773086548
.96650407711665
.95837396383286
.95999997854233
.98617887496948
.95024389028549
.99674797058105
.98878049850464
1.0315446853638
.95642274618149
.9351219534874
.9721951285998
1.0678048928579
.91105691591899
1.0027642250061
.94520324468613
.96991868813833
.99463415145874
.92113822698593
.99284553527832
.92439025640488
1.0167479515076
.98455286026001
.95723575353622
1.0146341323853
.99739837646484
1.0021138191223
.99609756469727
.97707319259644
.98065040508906
.97967477639516
.95430894692739
1.0172357559204
1.0165853500366
1.0351219177246
.98926830291748
1.0086178779602
1.0089430809021
.89268290996552
.95219512780507
1.0391869544983
.94569106896718
1.0035772323608
.98991870880127
1.0013008117676
.98113822937012
.98991870880127
.92780488729477
1.0315446853638
.96130081017812
.89902438720067
.97951219479243
.93804877996445
.93219512701035
.95560973882675
1.0022764205933
.96195121606191
.91252032915751
.95382112264633
1.0047154426575
.9773983558019
.98878049850464
1.006178855896
.94081300497055
.9533333381017
.99674797058105
1.0117073059082
1.0120325088501
.99186992645264
1.0167479515076
.98926830291748
.96682928005854
.99349594116211
.98032520214717
.9824390411377
.97008130947749
.93691056966782
.98097562789917
.96455283959707
.99284553527832
.98406505584717
1.0372357368469
.96926830212275
1.0146341323853
.92065042257309
.95073169469833
.97691057125727
1.0508942604065
.96341462930044
.94130080938339
.97024391094844
.95365852117538
.98146343231201
.95219510793686
.94943088293076
1.0253658294678
.9172357916832
.95691057046254
.98455286026001
.95902438958486
1.0069918632507
.94081300497055
.97447156906128
.99951219558716
.92130082845688
1.021625995636
.96666665871938
.93723577260971
.94715446233749
.93853658437729
.94601625204086
1.012357711792
.89414632320404
.94455283880234
.93382114171982
1.0040650367737
.97642276684443
.94878047704697
1.0026016235352
.97170730431875
.99804878234863
1.0118699073792
1.0048780441284
1.0546341339747
.93772357702255
.97479675213496
.9783739844958
.9193495909373
.9530081152916
.9066666563352
.92243901888529
.93317073583603
.94910567998886
.94439023733139
.9756097594897
.99560976028442
.9635772506396
.92682925860087
.869593501091
.97951221466064
.96731706460317
.97707319259644
.91544715563456
1.0133333206177
1.0565853118896
.97723579406738
.92699187994003
1.0265040397644
.93495935201645
.95853658517202
.97495935360591
.92601627111435
.94471544027328
.98081300656001
.93154472112656
.92211383581161
.91479674975077
.93560975790024
.99804878234863
.97609756390254
.98195123672485
.9941463470459
.91626018285751
.97447152932485
.94471544027328
.95170730352402
.97073171536128
.95869916677475
.9351219534874
.96926830212275
.95056909322739
.94975608587265
.93284553289413
.9852032661438
.98634147644043
.91333333651225
.95284551382065
.94845527410507
.96731708447138
.98715448379517
.94861787557602
.96146341164907
.90926829973857
.97447154919306
.98065042495728
.97723579406738
.96406503518422
.96650407711665
.9001625974973
1.0689430634181
.94943088293076
.93219512701035
.9230894446373
.99983739852905
.9557723402977
.99333333969116
.95593496163686
.98878049850464
.99528455734253
.92634147405624
.98943090438843
.95999999841054
.90910569826762
.98878049850464
.96471544106801
.95821136236191
1.0050406455994
.99463415145874
.9554471373558
.98504066467285
.97317071755727
.96390245358149
.96861789623896
.9793496131897
.95821136236191
.94536584615707
.92097562551498
.97447154919306
.95121951897939
.9666666785876
.91186992327372
.96666665871938
.94666665792465
.96406505505244
1.0082926750183
.9783739844958
.95837396383286
.94861789544423
1.0268292427063
1.0102438926697
.98552844921748
.92146342992783
.93626016378403
.90081300338109
.96048780282338
.95089429616928
.95121949911118
.98845529556274
.90975610415141
.92682927846909
.98162601391474
.97853660583496
.92357724905014
.94048780202866
.99284553527832
.98308944702148
.91333333651225
.9653658469518
.94943088293076
.88081300258636
.97544715801875
.94146341085434
.90959348281225
.92130082845688
1.0079674720764
.98065042495728
.98081302642822
.97089429696401
.9131707350413
.94796746969223
.92975610494614
.98845529556274
.89593493938446
.95024389028549
.90796748797099
.94487804174423
.9715447028478
.92439023653666
1.0100812911987
.89528453350067
.91447152694066
.88845527172089
.87317073345184
.85414636135101
.95414632558823
.99365854263306
.97203252712886
.93398374319077
.94601625204086
1.003089427948
.96601625283559
.9347967505455
.93544715642929
.97235771020253
.92227641741435
.96439023812612
.96959350506465
1.0107316970825
.87463414669037
.92536586523056
.92065042257309
.95593496163686
.89089431365331
.90373982985814
.92504066228867
.95317071676254
.97593496243159
.90861789385478
.96016258001328
.94666665792465
.89219512542089
.98552846908569
.94390243291855
.91333333651225
.93398374319077
.95691057046254
.94162601232529
.91154472033183
.92292682329814
.96341462930044
.96747968594233
.95284551382065
.93235772848129
.93642276525497
.91837400197983
.97691059112549
1.0170731544495
.99300813674927
.88146340847015
.99235773086548
.95853658517202
.97609758377075
.9495934844017
.93186992406845
.93756097555161
.95804878075918
.93674796819687
.9824390411377
.95512195428212
.93154472112656
.94422763586044
.90471545855204
.93593496084213
.92260164022446
.95170730352402
.92991870641708
.89479672908783
1.0424390236537
.97105691830317
.96422761678696
.96764228741328
.92991870641708
.91902440786362
.93056911230087
.96097558736801
.93024390935898
.95528455575307
.90796748797099
.98666667938232
.88926827907562
.95186990499496
.96699186166128
.95073169469833
.91430892546972
.92731708288193
.94243901968002
.95089429616928
.92243903875351
.99073171615601
.98813009262085
.95024389028549
.90666667620341
.9756097594897
.94162601232529
.9554471373558
.92487806081772
.88764226436615
.9406504034996
.96081300576528
.9406504034996
.95317073663076
.97723579406738
.92569106817245
.92390245199203
.93268293142319
.94211381673813
.93333333730698
.89739835262299
.98357725143433
.88861787319183
.91333335638046
.91918700933456
.94227641820908
.92162603139877
.93073171377182
.91756099462509
.93398374319077
.95073169469833
.9261788725853
.92569106817245
.9821138381958
.97609754403432
.8754471540451
1.012195110321
.88048779964447
.95430892705917
.91252034902573
.91333333651225
.92650407552719
.95186990499496
.87024390697479
.87186992168427
.92065040270487
.95951217412949
.9557723402977
.93544715642929
.92081302404404
1.0019512176514
.87333333492279
.93154472112656
.95821138223012
.88601624965668
.93804877996445
.91642278432846
.93463414907455
.91821140050888
.96081298589706
.9725203315417
.88943088054657
.92878049612045
.89284551143646
.87934958934784
.95788615942001
.92065042257309
1.0052032470703
.9762601852417
.95170730352402
.9780487815539
.95495933294296
.94699186086655
.92666667699814
.90373982985814
.92634147405624
.92406505346298
.97869918743769
.93560975790024
.881951212883
.8730081319809
.87560975551605
.92325204610825
.95219510793686
.91203252474467
.99658536911011
.91772357622782
.95073169469833
.94504064321518
.96211381753286
.91804879903793
.95739835500717
.93999999761581
.9230894446373
.90146340926488
.98747968673706
.9557723402977
.91138211886088
.94520324468613
.99252033233643
.95463414986928
.9317073225975
.92162601153056
.94813007116318
.94699186086655
.94113820791245
.94243901968002
.89772355556488
.98422765731812
.9351219534874
.97089431683222
.9622764190038
.86113822460175
.9626016219457
.94943090279897
.93121951818466
.89186990261078
.96894309918086
.92650407552719
.99333333969116
.93008130788803
.91707319021225
.92243903875351
.91886178652445
.91691056887309
.93983739614487
.90829267104467
.93642276525497
.91121953725815
.92455285787582
.96991870800654
.9121951063474
.95528453588486
.9585365653038
.93739837408066
.93495935201645
.93219512701035
.86552846431732
.9626016219457
.96178861459096
.94861787557602
.90292682250341
.93300813436508
.9001625974973
.95528453588486
.94130080938339
.88666665554047
.90471545855204
.99252033233643
.96162601312002
1.0585365692774
.99967479705811
.92926830053329
.88081300258636
.89138209819794
.95170730352402
.92829269170761
.91707319021225
.9347967505455
.86195123195648
.92780488729477
.91365851958593
.94504064321518
.92113822698593
.93447154760361
.91512195269267
.98504066467285
.89528453350067
.9495934844017
.93902438879013
.94878047704697
.96585365136464
.9131707350413
.93560975790024
.92731708288193
.86845529079437
.90650405486425
.92422765493393
.94308942556381
.93642276525497
.91626018285751
.93577235937119
.94195121526718
.91056911150614
.87951219081879
.99089431762695
.95609756310781
.98292684555054
1.0195121765137
.93073171377182
.91317075490952
.8977235754331
.92373983065287
.92943090200424
.94113820791245
.9557723402977
.93317073583603
1.006016254425
1.0221138000488
1.0785366296768
1.1432520151138
.98943090438843
.96682926019033
.99528455734253
1.0356097221375
.99447154998779
.99788618087769
1.0331707000732
1.0112195014954
1.043089389801
1.0224390029907
1.0375609397888
1.0980488061905
1.036910533905
.99886178970337
.98634147644043
1.0281300544739
1.0266666412354
1.0313820838928
.98666667938232
1.0982114076614
1.0034146308899
.99365854263306
1.0790244340897
1.0102438926697
1.0513820648193
1.0084552764893
1.0263414382935
1.0652032693227
1.0380487442017
1.0455284118652
1.037073135376
.99918699264526
1.0409756104151
1.0193495750427
.99447154998779
1.033821105957
1.0260162353516
.98016262054443
1.0539836883545
1.0791870355606
1.0804878473282
1.0141463279724
1.037073135376
1.0084552764893
1.0639024575551
1.0195121765137
1.0912195444107
1.0687805016836
1.0134959220886
1.0175609588623
1.0265040397644
1.074959397316
1.0775609811147
1.0575609604518
1.0299186706543
1.0173983573914
1.0066666603088
1.0144715309143
1.0652032693227
1.0671544869741
1.0439023971558
1.0578862031301
1.0700813531876
1.1024390459061
1.0822764635086
1.0730081399282
1.1279674768448
1.0274796485901
1.1559349298477
1.1799999475479
1.1980487505595
1.210081299146
1.1847154299418
1.3110568920771
1.3143089214961
1.3746341466904
1.4321951071421
1.5014634132385
1.6372357606888
1.7110569079717
1.7863414684931
1.8957723776499
2.0334959030151
2.1026016871134
2.2222764492035
2.4039024511973
2.5039024353027
2.7152845859528
2.9050406614939
2.9725203514099
3.1578862667084
3.3060162067413
3.4613008499146
3.5578861236572
3.6380488077799
3.7004878520966
3.6905691623688
3.6754472255707
3.7603251934052
3.7123577594757
3.7035772005717
3.5134960015615
3.3904064496358
3.2377235889435
3.0892682870229
3.104552825292
2.8852032820384
2.7118699550629
2.5944715340932
2.4359350204468
2.3982113997142
2.2920324802399
2.2284553050995
2.0964227517446
2.0213007926941
1.9819512367249
1.881951212883
1.8715447187424
1.8621138334274
1.7365853786469
1.6773983637492
1.6401625871658
1.5996748209
1.6022764444351
1.5422763824463
1.4687804778417
1.4198373953501
1.3873170614243
1.3008129994075
1.302113811175
1.2777235507965
1.2616260051727
1.2378861904144
1.1260162591934
1.1783739328384
1.1754471063614
1.1160975694656
1.1094309091568
1.1040650606155
1.0440649986267
1.0460162162781
1.0635772546132
1.1422764062881
1.0544714927673
1.0213007926941
1.0998374223709
1.0523577133814
1.1011382341385
1.0539837280909
1.0782113869985
1.0627642472585
1.0186991691589
1.0386991500854
1.0203251838684
1.0453658501307
1.0523577133814
.9731707572937
1.0453658103943
1.0347967147827
1.0557723045349
1.0217885971069
1.0718699296316
1.0066666603088
1.0346341530482
.99593496322632
1.0334959030151
1.0071544647217
1.0499186515808
1.0243902206421
1.0440649986267
1.0175609588623
1.0832520723343
.9941463470459
1.0386991500854
1.0239024162292
1.0440649986267
1.0144715309143
.98195123672485
.9941463470459
.98894309997559
.98065040508906
1.0562601486842
1.0543088912964
1.0208129882812
1.0035772323608
1.0268292427063
1.0608129898707
1.0434146324793
1.0050406455994
1.0317072868347
1.0531707207362
.9824390411377
1.0177235603333
1.0895935297012
1.0165853500366
1.0821138620377
1.0629268487295
.97447156906128
1.0479674339294
1.0658537149429
1.0346341133118
1.0243902206421
1.0526828765869
1.0598373413086
.9721951285998
1.0162601470947
1.0426015853882
1.0160975456238
1.1162601709366
1.0671544472377
.97853658596675
1.0291056632996
1.06130083402
1.0515446662903
1.0458536148071
1.0346341133118
1.1079674959183
.98422765731812
1.0146341323853
1.0684552987417
1.0728455384572
1.0835772752762
1.0624390443166
1.0373983383179
1.1188617944717
1.030731678009
.97040651241938
1.0291056632996
1.0582113663356
1.0172357559204
.99560976028442
1.0081300735474
1.0164227485657
1.0201625823975
.99707317352295
1.052520275116
1.0323576927185
1.0699187119802
.99365854263306
1.0863415002823
1.0635772148768
1.0065040588379
1.0066666603088
1.041463414828
1.012195110321
1.0391869544983
1.0315446853638
1.0128455162048
1.0827642679214
1.0032520294189
1.0195121765137
1.0006504058838
1.0377235412598
1.0632520119349
1.0175609588623
1.0237398147583
1.0560975472132
1.0084552764893
1.0700812737147
.98878049850464
.98861789703369
1.1037398576736
.99008131027222
1.0648780266444
1.0112195014954
1.1245528459549
1.0378861427307
.9910569190979
1.0073170661926
1.0534959236781
1.0653658707937
1.0357723236084
1.0504064559937
1.0720325311025
1.0008130073547
1.0235772132874
1.0613007942835
1.0318698883057
1.0413007736206
.98959350585937
.95121949911118
1.0539837280909
1.0437398354212
1.0855284929276
1.0321950912476
1.0239024162292
1.03837398688
1.0941463708878
1.0450406471888
1.0235772132874
1.0944715340932
1.0074796676636
1.021625995636
1.0881301164627
1.0139837265015
.99333333969116
.98487804333369
1.0248780250549
.96308942635854
1.0543089310328
1.090243935585
1.0095934867859
1.0056910514832
1.0437397956848
.9715447028478
1.1481300592422
.99934959411621
1.0778861840566
.98048782348633
1.0437397956848
1.0024390220642
1.0226016044617
1.0469918251038
1.0056910514832
1.1112195253372
1.0465040206909
1.0291056632996
.99252033233643
1.0604877869288
1.046178817749
1.0227642059326
1.0073170661926
1.0541462898254
1.0500812530518
1.0331707000732
1.0897561311722
1.0034146308899
1.0042276382446
1.0764228105545
1.01544713974
.98796747128169
1.0570731560389
1.0343089103699
1.049430847168
1.0279674530029
1.0229268074036
1.0655284722646
1.0027642250061
1.0539836883545
.98585367202759
1.0435771942139
1.0250406265259
1.0465040206909
1.049268245697
1.0487804412842
1.0543089310328
1.0460162162781
1.0203251838684
1.0282926559448
1.0741463899612
1.0180487632751
1.0614634354909
.99447154998779
1.0211381912231
1.033821105957
1.0292682647705
1.0242276191711
1.0726829767227
1.0557723442713
1.119512240092
1.0110569000244
1.0118699073792
1.018373966217
1.024552822113
1.0648780663808
1.0583739678065
1.0393495559692
1.0248780250549
.97300813595454
1.0211381912231
.99235773086548
1.0777236223221
1.0499186515808
.98926830291748
1.0486178398132
.96715446313222
.98130083084106
1.0082926750183
.96731706460317
1.0196747779846
1.0188617706299
1.0359349250793
1.0352845191956
1.0312194824219
.99658536911011
1.0170731544495
1.012357711792
1.0455284118652
1.0284552574158
1.0258536338806
1.0409755706787
1.040162563324
1.0034146308899
1.0226016044617
1.0073170661926
1.0237398147583
1.0471544265747
1.0196747779846
1.0954471826553
.99593496322632
1.0773983399073
.98764228820801
1.0437397956848
1.0533332824707
1.127317070961
1.0056910514832
1.018536567688
.99073171615601
1.018373966217
1.0063414573669
1.0365853309631
.99837398529053
1.0326828956604
1.0565853516261
1.0299186706543
1.0232520103455
1.0235772132874
1.0465040604273
1.0469918648402
1.0120325088501
1.012195110321
1.0286178588867
1.0323576927185
1.0395121574402
1.0520325104396
1.0299186706543
1.0195121765137
1.0944715738297
.98032520214717
.98699188232422
1.009268283844
1.043089389801
1.0863414605459
1.0279674530029
1.0081300735474
1.0435771942139
1.012195110321
1.0808130502701
.9616259932518
1.0131707191467
1.0261788368225
1.0265040397644
1.0008130073547
1.0035772323608
1.0333333015442
1.0279674530029
1.0209755897522
1.0866667032242
1.0346341133118
1.0034146308899
.98845529556274
.99089431762695
1.0767480134964
1.1032520532608
.98634147644043
.97073171536128
1.058048804601
1.0406503677368
1.0160975456238
1.0349593162537
.96959350506465
1.0395121574402
1.0453658103943
1.0382113456726
1.0266666412354
1.0689431031545
1.0359349250793
1.0313820838928
1.0053658485413
.98536586761475
1.0525203148524
1.0562601089478
.99772357940674
1.040162563324
1.0484552383423
1.037073135376
1.0256910324097
1.0458536148071
1.009268283844
.98439025878906
1.0315446853638
1.018536567688
1.1525202989578
1.0300812721252
1.0347967147827
1.0160975456238
1.0182113647461
1.084552804629
1.1461788415909
1.0826016267141
.99967479705811
.96699188152949
1.0434145927429
1.0027642250061
1.0365853309631
1.0704065561295
1.0213007926941
1.0639024575551
1.0482926368713
1.0105690956116
1.0305690765381
1.0478048324585
1.0242276191711
1.0791870355606
1.0013008117676
1.0443902015686
1.009268283844
.99463415145874
.99967479705811
1.0684552987417
.99154472351074
1.0926829576492
.98682928085327
1.0110569000244
1.0743089914322
1.102764248848
.98552846908569
1.0271544456482
1.0255284309387
1.0138211250305
1.0525203148524
1.1029268503189
1.1019512414932
.98357725143433
.97951219479243
1.093495965004
1.0125203132629
1.0741463899612
1.0136585235596
.98552844921748
.99821138381958
1.0458536545436
1.0544715325038
1.0042276382446
1.0800000429153
.98422765731812
1.0487804810206
1.0635772148768
1.0078048706055
.99138212203979
.9941463470459
1.036910533905
1.0351219177246
.97658538818359
1.0203251838684
.97447154919306
1.0146341323853
1.0243902206421
1.0113821029663
1.0586992104848
1.0258536338806
1.0014634132385
1.0331707000732
1.0282926559448
1.0354471206665
1.0756097634633
1.0360975265503
.98065042495728
1.0486178398132
1.0224390029907
1.0089430809021
1.049430847168
.98536586761475
1.0343089103699
.99577236175537
1.0429267883301
1.0045528411865
.98569107055664
1.0297560691833
1.0474796295166
1.0811382134755
1.0126829147339
1.058699131012
1.0957723855972
1.0713821252187
1.0206503868103
.99918699264526
1.0378861427307
.99479675292969
1.0136585235596
1.0110569000244
1.0141463279724
.98000001907349
1.0317073265711
1.0273170471191
.96471544106801
1.0239024162292
1.0105690956116
1.0295934677124
.95365852117538
1.0359349250793
.99528455734253
1.1081300973892
1.006178855896
1.0515446662903
.9598373969396
1.0321950912476
1.0242276191711
1.0040650367737
.96585367123286
1.052357673645
1.0014634132385
1.0786991914113
1.0429268280665
1.0182113647461
1.053658525149
.97219514846802
1.0481300354004
1.0486178398132
.99365854263306
1.0364227294922
1.0151219367981
1.021463394165
1.021463394165
1.0351219177246
1.0295934677124
1.0089430809021
.98780488967896
1.0112195014954
1.0364227294922
1.0746341943741
.98260164260864
1.0321950912476
1.0962601900101
1.0188617706299
1.0385365883509
.98780486981074
1.0040650367737
1.033983707428
1.0022764205933
1.0465040206909
1.0032520294189
1.0886179208755
1.0578861633937
1.0266666412354
1.0326828956604
1.0798374414444
1.0778861840566
1.0466666618983
1.0352845191956
.98520324627558
1.0713821252187
1.0508943001429
1.0315446853638
1.0118699073792
.96113820870717
1.0040650367737
1.0390243530273
.98130083084106
.96341462930044
.9821138381958
1.0203251838684
1.0479674339294
1.0016260147095
1.0907317399979
1.0138211250305
1.0609756310781
.99837398529053
1.0622764031092
1.0455284118652
1.0143089294434
1.0065040588379
1.0204877853394
1.0113821029663
.9972357749939
1.0016260345777
1.0582113663356
1.0164227485657
1.0253658294678
1.0575609604518
1.0452032089233
1.0804878075918
.99495935440063
1.0409755706787
.98926830291748
.98682928085327
1.0204877853394
1.0482926368713
1.0367479324341
.99463415145874
1.0188617706299
1.0403251647949
1.0648780663808
1.0229268074036
.99349594116211
1.009105682373
1.0165853500366
.95707317193349
1.0144715309143
1.0648780266444
1.0808130502701
1.0790244340897
1.0349593162537
1.0364227294922
1.0284552574158
1.0502438545227
1.0504064559937
1.0469918251038
1.0578861633937
1.0554471413294
1.0406503677368
.99788618087769
.99934959411621
1.0206503868103
1.0160975456238
1.0551219383876
.9941463470459
1.0388617515564
1.0640650590261
.99479675292969
1.040162563324
1.0344715118408
1.0082926750183
1.0100812911987
1.0806504487991
1.0507316589355
.97723579406738
1.0055284500122
1.0481300354004
1.012195110321
1.0203251838684
1.0720325708389
1.015284538269
.9910569190979
1.0248780250549
1.0229268074036
1.0468292236328
1.0252032279968
1.0629268487295
1.0359349250793
.96504064400991
.99349594116211
1.0382113456726
1.0108942985535
1.0248780250549
.99658536911011
1.1390243768692
1.0393495559692
1.061138232549
1.067317088445
.97918701171875
.96861787637075
1.0263414382935
.993821144104
.99219512939453
.98178863525391
1.0120325088501
.96439023812612
1.0333333015442
1.0126829147339
1.0242276191711
1.0347967147827
1.0260162353516
1.0414633750916
1.0260162353516
1.06130083402
1.0622764428457
1.0107316970825
1.0541463295619
.99317073822021
1.0847154855728
.99154472351074
1.0265040397644
1.0917073488235
1.0349593162537
.98195123672485
1.0053658485413
1.0424390236537
1.0471544663111
.96650407711665
1.0058536529541
1.0590243736903
1.0094308853149
1.0744715929031
1.0157723426819
1.0039024353027
1.0484552383423
1.04634141922
1.0741463502248
1.0440649986267
.98552846908569
1.0232520103455
1.0073170661926
1.0279674530029
.99073171615601
1.0476422309875
1.0146341323853
.98569107055664
1.0282926559448
.95983737707138
1.0359349250793
1.0730081399282
1.0341463088989
.99593496322632
1.0386991500854
1.0757724046707
1.0504064957301
1.0434145927429
1.06130083402
1.0265040397644
1.0357723236084
1.0094308853149
1.0071544647217
1.0226016044617
.98308944702148
1.01544713974
.9567479689916
.97235771020253
1.0074796676636
.99626016616821
1.0300812721252
1.0198373794556
.97056911389033
1.0198373794556
1.0196747779846
1.0227642059326
1.0240650177002
.98552846908569
1.0575610001882
1.0760975678762
1.0076422691345
1.0182113647461
.94081300497055
1.0396747589111
1.0396747589111
1.0424389839172
1.0131707191467
1.0619512399038
.95447152853012
1.0239024162292
.96959350506465
1.0341463088989
1.0195121765137
1.0292682647705
1.0357723236084
1.0304064750671
1.0575609604518
1.0717073281606
1.0081300735474
1.0330080986023
1.0614633957545
1.0022764205933
.9725203315417
1.0482926766078
1.0393495559692
1.0295934677124
1.0489430427551
1.0409756104151
1.0378861427307
.98536586761475
1.0287804603577
.99674797058105
.96780486901601
1.0775609811147
1.0743089119593
.97707317272822
1.0767480134964
.96162601312002
.98943090438843
1.0458536148071
1.0408129692078
1.0081300735474
1.0419511795044
.97447154919306
1.0099186897278
.98601627349854
.99577236175537
1.0217885971069
1.0063414573669
1.0373983383179
1.0177235603333
.98227643966675
.98065042495728
.99398374557495
1.0513821045558
.9941463470459
1.0317072868347
1.0726829767227
.99951219558716
1.0479674736659
1.0050406455994
.97024391094844
1.0582113663356
.99430894851685
.95512193441391
1.0190243721008
1.024552822113
1.033983707428
1.01544713974
.99398374557495
.99463415145874
1.0056910514832
1.0422763824463
1.0287804603577
1.0403251647949
.99154472351074
1.0237398147583
.99219512939453
1.0256910324097
1.0110569000244
1.0178861618042
1.0343089501063
1.0517072677612
.99219512939453
1.0352845191956
.9474796851476
.98634147644043
.96813009182612
1.0196747779846
1.0421137809753
1.1065040826797
1.0055284500122
1.0013008117676
.99593496322632
.97739837567012
.96796749035517
.95756095647812
1.0547967354457
1.036910533905
.99707317352295
1.0302438735962
1.0260162353516
1.0117073059082
1.0068292617798
.96861787637075
1.0076422691345
.99235773086548
1.0250406265259
1.0136585235596
.96975608666738
1.0117073059082
1.0390243530273
.98162603378296
.95869916677475
.9694309035937
1.0354471206665
.95317071676254
1.0068292617798
.99430894851685
.97414632638295
1.0053658485413
1.0513821045558
1.0517072677612
.99788618087769
1.0203251838684
1.0390243530273
.96552844842275
1.0144715309143
1.0217885971069
1.0764227310816
.97512195507685
1.0091057022413
.99853658676147
1.021625995636
.9564227660497
.95560973882675
1.0297560691833
1.0039024353027
.98032520214717
1.0804878473282
.96308942635854
1.0065040588379
1.0013008117676
1.0439023971558
1.0055284500122
.93739837408066
.97674796978633
1.0104064941406
.97105691830317
1.0227642059326
1.0019512176514
.98699188232422
1.0450406074524
.92910569906235
.98390243450801
.97609758377075
1.0297560691833
.99788618087769
.98146343231201
1.0227642059326
.99300813674927
.9882926940918
1.0375609397888
.96276422341665
1.012357711792
1.0078048706055
.98471546173096
1.0178861618042
.96162601312002
.92747968435287
.99804878234863
1.0334959030151
.94520324468613
.94439023733139
1.0078048706055
1.009268283844
.94894307851791
1.0160975456238
.99512195587158
1.0026016235352
1.0239024162292
.99349594116211
.98780488967896
.97609756390254
1
1.0331707000732
1.0076422691345
1.0814634164174
.9598373969396
.9910569190979
.90682925780614
.9811382095019
.96422763665517
1.0113821029663
1.0414633750916
.99642274777095
.97105691830317
1.0113821029663
1.0160975456238
.99869918823242
.92829269170761
.99951219558716
.98991870880127
1.0224390029907
.97756097714106
.98569105068843
.96357723077138
1.0117073059082
.96455283959707
1.0035772323608
1.0139837265015
.99788618087769
.96796747048696
1.0027642250061
.96796747048696
1.0055284500122
1.0022764205933
.96211381753286
.96227639913559
.99365854263306
1.0204877853394
.99138212203979
.96943088372548
.93219510714213
.97642278671265
.96747966607412
.96780486901601
.9632520476977
1.018373966217
.95414632558823
.9759349822998
.98861789703369
1.0229268074036
.95593494176865
.94943088293076
1.0213007926941
.95723577340444
.99593496322632
.98682928085327
1.0198373794556
.95691055059433
.95869916677475
.99528455734253
1.0949593782425
1.0365853309631
.93235772848129
.96926828225454
1.0282926956813
1.0721951723099
.95447152853012
.98552844921748
.98894309997559
.96308942635854
1.0133333206177
1.0326828956604
1.0188617706299
1.0047154426575
1.0424389839172
1.0047154426575
.98764228820801
1.0209755897522
.9721951285998
.94747966527939
.97512195507685
.96097560723623
.98146343231201
.93804877996445
.97284555435181
.98081302642822
.97544715801875
.95756097634633
.98536586761475
.97788619995117
.91170732180278
.95154470205307
.97983741760254
.93934959173203
1.0190243721008
.91967481374741
.95902438958486
.98471544186274
.9721951285998
.97414632638295
1.0434145927429
.97170732418696
.9852032661438
1.0024390220642
.9684552748998
.91560977697372
.93040651082993
.9499186873436
.98699188232422
.91756097475688
.99186992645264
.9814634124438
.92926830053329
.94943088293076
1.0305690765381
.96195121606191
.97674794991811
1.0169105529785
.90991870562236
.97512195507685
.92699187994003
.95658534765244
.93934959173203
.91528457403183
.93138211965561
.9001625974973
.90878049532572
.93707317113876
.93544715642929
.94585365056992
.93317073583603
.93365854024887
.97544715801875
.93121951818466
.9131707350413
.89219510555267
.94943090279897
.89821137984594
.98878049850464
.90715446074804
.9437398314476
.8967479467392
.95967479546865
.93186994393667
.92146341005961
.98162603378296
.90536584456762
.88731708129247
.9499186873436
.93804877996445
.98016262054443
.94292682409286
.87414634227753
.9063414533933
.91869918505351
.92032519976298
.94178861379623
.91999999682109
.85674796501795
.91203252474467
.91447154680888
.92390245199203
.90081302324931
.87951219081879
.88569104671478
.86666665474574
.86666667461395
.9230894446373
.9073170820872
.85707318782806
.90845529238383
.86861789226532
.88699185848236
.91447154680888
.87430894374847
.91203252474467
.90243901809057
.9495934844017
.82715445756912
.94796746969223
.92715448141098
.91560975710551
.92471543947856
.85024390618006
.90747968355815
.8908942937851
.91024392843246
.9687804778417
.83154471715291
.84715447823207
.8479674855868
.95804876089096
.88552844524384
.93674796819687
.84585366646449
.86162602901459
.84455283482869
.88325202465057
.89804877837499
.86747968196869
.82666665315628
.87073171138763
.90162603060404
.87756097316742
.81999999284744
.85804879665375
.88682925701141
.85983741283417
.89447154601415
.89284553130468
.87040650844574
.96861787637075
.8973983724912
.88357724746068
.91544715563456
.82097560167313
.8325203259786
0
0
0
0
0
0
0
0
0
0
0
0
0
0
0
0
0
0
0
0
0
0
0
0
0
0
0
0
0
0
0
0
0
0
0
0
0
0
0
0
0
0
0
0
0
0
0
0
0
0
0
0
0
0
0
0
0
0
0
0
0
0
0
0
0
0
0
0
0
0
0
0
0
0
0
0
0
0
0
0
0
0
0
0
0
0
0
0
0
0
0
0
0
0
0
0
0
0
0
0
0
0
0
0
0
0
0
0
0
0
0
0
0
0
0
0
0
0
0
0
0
0
0
0
0
0
0
0
0
0
0
0
0
0
0
0
0
0
0
0
0
0
0
0
0
0
0
0
0
0
0
0
0
0
0
0
0
0
0
0
0
0
0
0
0
0
0
0
0
0
0
0
0
0
0
0
0
0
0
0
0
0
0
0
0
0
0
0
0
0
0
0
0
0
0
0
0
0
0
0
0
0
0
0
0
0
0
0
0
0
0
0
0
0
0
0
0
0
0
0
0
0
0
0
0
0
0
0
0
0
0
0
0
0
0
0
0
0
0
0
0
0
0
0
0
0
0
0
0
0
0
0
0
0
0
0
0
0
0
0
0
0
0
0
0
0
0
0
0
0
0
0
0
0
0
0
0
0
0
0
0
0
0
0
0
0
0
0
0
0
0
0
0
0
0
0
0
0
0
0
0
0
0
0
0
0
0
0
0
0
0
0
0
0
0
0
0
0
0
0
0
0
0
0
0
0
0
0
0
0
0
0
0
0
0
0
0
0
0
0
0
0
0
0
0
0
0
0
0
0
0
0
0
0
0
0
0
0
0
0
0
0
0
0
0
0
0
0
0
0
0
0
0
0
0
0
0
0
0
0
0
0
0
0
0
0
0
0
0
0
0
0
0
0
0
0
0
0
0
0
0
0
0
0
0
0
0
0
0
0
0
0
0
0
0
0
0
0
0
0
0
0
0
0
0
0
0
0
0
0
0
0
0
0
0
0
0
0
0
0
0
0
0
0
0
0
0
0
0
0
0
0
0
0
0
0
0
0
0
0
0
0
0
0
0
0
0
0
0
0
0
0
0
0
0
0
0
0
0
0
0
0
0
0
0
0
0
0
0
0
0
0
0
0
0
0
0
0
0
0
0
0
0
0
0
0
0
0
0
0
0
0
0
0
0
0
0
0
0
0
0
0
0
0
0
0
0
0
0
0
0
0
0
0
0
0
0
0
0
0
0
0
0
0
0
0
0
0
0
0
0
0
0
0
0
0
0
0
0
0
0
0
0
0
0
0
0
0
0
0
0
0
0
0
0
0
0
0
0
0
0
0
0
0
0
0
0
0
0
0
0
0
0
0
0
0
0
0
0
0
0
0
0
0
0
0
0
0
0
0
0
0
0
0
0
0
0
0
0
0
0
0
0
0
0
0
0
0
0
0
0
0
0
0
0
0
0
0
0
0
0
0
0
0
0
0
0
0
0
0
0
0
0
0
0
0
0
0
0
0
0
0
0
0
0
0
0
0
0
0
0
0
0
0
0
0
0
0
0
0
0
0
0
0
0
0
0
0
0
0
0
0
0
0
0
0
0
0
0
0
0
0
0
0
0
0
0
0
0
0
0
0
0
0
0
0
0
0
0
0
0
0
0
0
0
0
0
0
0
0
0
0
0
0
0
0
0
0
0
0
0
0
0
0
0
0
0
0
0
0
0
0
0
0
0
0
0
0
0
0
0
0
0
0
0
0
0
0
0
0
0
0
0
0
0
0
0
0
0
0
0
0
0
0
0
0
0
0
0
0
0
0
0
0
0
0
0
0
0
0
0
0
0
0
0
0
0
0
0
0
0
0
0
0
0
0
0
0
0
0
0
0
0
0
0
0
0
0
0
0
0
0
0
0
0
0
0
0
0
0
0
0
0
0
0
0
0
0
0
0
0
0
0
0
0
0
0
0
0
0
0
0
0
0
0
0
0
0
0
0
0
0
0
0
0
0
0
0
0
0
0
0
0
0
0
0
0
0
0
0
0
0
0
0
0
0
0
0
0
0
0
0
0
0
0
0
0
0
0
0
0
0
0
0
0
0
0
0
0
0
0
0
0
0
0
0
0
0
0
0
0
0
0
0
0
0
0
0
0
0
0
0
0
0
0
0
0
0
0
0
0
0
0
0
0
0
0
0
0
0
0
0
0
0
0
0
0
0
0
0
0
0
0
0
0
0
0
0
0
0
0
0
0
0
0
0
0
0
0
0
0
0
0
0
0
0
0
0
0
0
0
0
0
0
0
0
0
0
0
0
0
0
0
0
0
0
0
0
0
0
0
0
0
0
0
0
0
0
0
0
0
0
0
0
0
0
0
0
0
0
0
0
0
0
0
0
0
0
0
0
0
0
0
0
0
0
0
0
0
0
0
0
0
0
0
0
0
0
0
0
0
0
0
0
0
0
0
0
0
0
0
0
0
0
0
0
0
0
0
0
0
0
0
0
0
0
0
0
0
0
0
0
0
0
0
0
0
0
0
0
0
0
0
0
0
0
0
0
0
0
0
0
0
0
0
0
0
0
0
0
0
0
0
0
0
0
0
0
0
0
0
0
0
0
0
0
0
0
0
0
0
0
0
0
0
0
0
0
0
0
0
0
0
0
0
0
0
0
0
0
0
0
0
0
0
0
0
0
0
0
0
0
0
0
0
0
0
0
0
0
0
0
0
0
0
0
0
0
0
0
0
0
0
0
0
0
0
0
0
0
0
0
0
0
0
0
0
0
0
0
0
0
0
0
0
0
0
0
0
0
0
0
0
0
0
0
0
0
0
0
0
0
0
0
0
0
0
0
0
0
0
0
0
0
0
0
0
0
0
0
0
0
0
0
0
0
0
0
0
0
0
0
0
0
0
0
0
0
0
0
0
0
0
0
0
0
0
0
0
0
0
0
0
0
0
0
0
0
0
0
0
0
0
0
0
0
0
0
0
0
0
0
0
0
0
0
0
0
0
0
0
0
0
0
0
0
0
0
0
0
0
0
0
0
0
0
0
0
0
0
0
0
0
0
0
0
0
0
0
0
0
0
0
0
0
0
0
0
0
0
0
0
0
0
0
0
0
0
0
0
0
0
0
0
0
0
0
0
0
0
0
0
0
0
0
0
0
0
0
0
0
0
0
0
0
0
0
0
0
0
0
0
0
0
0
0
0
0
0
0
0
0
0
0
0
0
0
0
0
0
0
0
0
0
0
0
0
0
0
0
0
0
0
0
0
0
0
0
0
0
0
0
0
0
0
0
0
0
0
0
0
0
0
0
0
0
0
0
0
0
0
0
0
0
0
0
0
0
0
0
0
0
0
0
0
0
0
0
0
0
0
0
0
0
0
0
0
0
0
0
0
0
0
0
0
0
0
0
0
0
0
0
0
0
0
0
0
0
0
0
0
0
0
0
0
0
0
0
0
0
0
0
0
0
0
0
0
0
0
0
0
0
0
0
0
0
0
0
0
0
0
0
0
0
0
0
0
0
0
0
0
0
0
0
0
0
0
0
0
0
0
0
0
0
0
0
0
0
0
0
0
0
0
0
0
0
0
0
0
0
0
0
0
0
0
0
0
0
0
0
0
0
0
0
0
0
0
0
0
0
0
0
0
0
0
0
0
0
0
0
0
0
0
0
0
0
0
0
0
0
0
0
0
0
0
0
0
0
0
0
0
0
0
0
0
0
0
0
0
0
0
0
0
0
0
0
0
0
