.86634147167206
.80650407075882
.79821139574051
.86373982826869
.83479674657186
.81593495607376
.80276423692703
.83203250169754
.86130082607269
.81024390459061
.84552846352259
.80048781633377
.8343089222908
.82601624727249
.77349593242009
.83089429140091
.82975608110428
.78959349791209
.87317073345184
.86569106578827
.87983739376068
.81821137666702
.93154472112656
.86699185768763
.91154474020004
.78991870085398
.81626015901566
.87821137905121
.82471543550491
.80878049135208
.85853660106659
.85967481136322
.87138211727142
.87463414669037
.88926827907562
.84991870323817
.86000001430511
.84048779805501
.88341462612152
.9378861784935
.84715447823207
.87837398052216
.85674798488617
.87333333492279
.86796748638153
.90569104750951
.93853658437729
.83886178334554
.90796748797099
.88878047466278
.8136585354805
.85414636135101
.85414636135101
.90130080779394
.90162601073583
.8878048658371
.90487804015478
.82406502962112
1.0413007736206
.83886178334554
.93138211965561
.87138211727142
.88715445995331
.88422763347626
.90308942397436
.88146340847015
.9261788725853
.89528453350067
.88601624965668
.95902438958486
.98682928085327
.92471545934677
.95967479546865
.869593501091
.90065040191015
.92065042257309
.94601625204086
.93593496084213
.94813007116318
.95121949911118
.98357723156611
.88764226436615
.88666665554047
.92390245199203
.9200000166893
.88341462612152
.93658536672592
.93577235937119
.88878047466278
.87593495845795
.96195121606191
.92276422182719
.90845529238383
.8995121717453
.89203250408173
.91577237844467
.89382112026215
.91772359609604
.878861784935
1.0710569222768
1.0094308853149
.8915447195371
.97414634625117
.96731706460317
.92487806081772
.91089431444804
.90081300338109
.95528453588486
.96243900060654
.93528455495834
.98943090438843
.96959350506465
.97853658596675
.97934959332148
.96471546093623
.91739837328593
.96796749035517
.98764228820801
.92195123434067
.91056911150614
.96829267342885
1.1554471254349
.94504064321518
.92357724905014
.99170732498169
.93219512701035
.9721951285998
.98422765731812
.97284553448359
.90780486663183
1.0839024782181
.92991870641708
.92487806081772
.91317075490952
1.0055284500122
.93999999761581
1.0068292617798
1.0182113647461
1.043089389801
.97756099700928
1.0035772323608
1.0380487442017
1.0481300354004
1.0104064941406
1.0126829147339
.99869918823242
.95414632558823
.94276422262192
.99365854263306
.94829267263412
.98959350585937
1.0027642250061
.97869918743769
.92991870641708
1.0068292617798
.93821138143539
.96601625283559
.95121949911118
.95447152853012
1.0032520294189
.98991870880127
.92747968435287
.99967479705811
1.0014634132385
.9468292593956
.9780487815539
.98292684555054
.96097560723623
.96813009182612
.97203252712886
.96276422341665
.9468292593956
.97479673226674
.95170730352402
1.0042276382446
.95317071676254
.91739839315414
1.0035772323608
.99073171615601
.89934957027435
.95382112264633
.96162603298823
.97414634625117
.94406505425771
1.0043902397156
1.0679674943288
.94308942556381
1.0839024782181
1.0365853309631
.96731706460317
1.0073170661926
.93593496084213
.95219510793686
.9190243879954
.96406503518422
.93902438879013
.95495933294296
.93219512701035
.99804878234863
.90796748797099
.99739837646484
.9632520476977
.97219510873159
.95138210058212
.93821138143539
.99821138381958
.99756097793579
.95512193441391
.94162601232529
.95089429616928
.94926828145981
.9530081152916
1.0754472017288
.89121949672699
1.0528455177943
1.0130081176758
.93073171377182
.89349591732025
.97040651241938
.9656910498937
1.0302438735962
.97951221466064
.96130081017812
.9440650343895
.95837396383286
.8686178723971
1.0604878266652
.94780486822128
1.0295934677124
.96325202782949
.90764228502909
.98764228820801
.98195121685664
.9780487815539
.99284553527832
.95674794912338
.99170732498169
.95349591970444
.96878049770991
.9203252196312
1.0147967338562
.92439025640488
1.0016260147095
.97642276684443
.99430894851685
.9203252196312
.98081302642822
.9725203315417
.99853658676147
.99609756469727
.97804880142212
.9626016219457
.93252032995224
.9554471373558
1.0380487442017
.92455285787582
.97398374478022
.94520324468613
.94780486822128
.96292682488759
.98682928085327
.96422763665517
.97349594036738
.93560975790024
.94471544027328
.96032518148422
.95609754323959
.97658536831538
.9752845565478
.90406503280004
.99674797058105
.96601625283559
1.0019512176514
1.0095934867859
.99756097793579
.98552844921748
.94504064321518
.95560973882675
.99739837646484
.9684552748998
1.030731678009
.89528453350067
1.0554471413294
.95626014471054
.9468292593956
.99544715881348
.97983739773432
.95756095647812
1.0040650367737
.95512193441391
.95707315206528
.98000001907349
.98504064480464
.93609756231308
.96211381753286
.94390243291855
.96130081017812
1
.99544715881348
.92357724905014
.9465040564537
.93626016378403
.99902439117432
.91479674975077
.95382112264633
1.0305690765381
.97869920730591
1.006178855896
1.0100812911987
1.0297560691833
.98308942715327
1.0126829147339
.97203250726064
.96959350506465
.99886178970337
.90552846590678
.92845529317856
.97138212124507
.98439025878906
.9762601852417
.91886180639267
.94146341085434
.9554471373558
1.0269918441772
1.0570731163025
.91186992327372
.96487802267075
.99365854263306
1.0138211250305
.99252033233643
.95999997854233
.91934961080551
.98569105068843
.87739837169647
.96325202782949
1.0003252029419
.993821144104
.99121952056885
1.0047154426575
.98130083084106
.96406503518422
.95723575353622
.98634147644043
.9752845565478
1.0352845191956
.95284551382065
.9585365653038
.90666665633519
.92016261816025
.95170730352402
.92130082845688
.93284553289413
1.0435772339503
.93707317113876
1.0082926750183
1.0029268264771
.99658536911011
1.0052032470703
.96959350506465
.94585365056992
.99983739852905
1.0294308662415
.99284553527832
1.0172357559204
1.0608130296071
1.0019512176514
1.0547967354457
.9437398314476
.98536586761475
.96796749035517
.97024391094844
.95512193441391
.97934959332148
.96276422341665
.92861789464951
.93495935201645
.97398374478022
.94585365056992
.95723577340444
.88666665554047
.9227642416954
.92796748876572
1.0426015853882
.97365854183833
.99138212203979
.91528455416362
.92357724905014
.96081298589706
1.0011382102966
.96016258001328
.98536586761475
.93398374319077
.96048778295517
.91951221227646
.96991870800654
.98146343231201
.99674797058105
.91739837328593
.89951219161352
.99772357940674
.97821138302485
.92162603139877
.94341462850571
.98081302642822
.96585365136464
.96162601312002
.91235772768656
1.1730081240336
1.0063414573669
.98048780361811
.96146341164907
.96357723077138
.98325204849243
.97853658596675
.98260164260864
.95528453588486
.92878049612045
.88373982906342
.94699186086655
.95723577340444
.94504064321518
.9684552748998
.99804878234863
.91365855932236
.93918699026108
.98747968673706
.94227641820908
.93756097555161
.9588617682457
.9320325255394
.99528457721074
.99983739852905
.9526829123497
.97577236096064
1.003089427948
.92650407552719
.99203252792358
.98308944702148
.93609756231308
.91268293062846
.94292682409286
.96780486901601
.97333333889643
.92975610494614
.98861789703369
.98959346612295
.96016258001328
.97983741760254
.96032520135244
.98471546173096
.9848780632019
.97317073742549
1.0076422691345
.93609756231308
1.0439023971558
.94422763586044
1.0235772132874
.94439023733139
.97577236096064
.93577235937119
.96097558736801
.99544715881348
.95918697118759
.95837396383286
.99040651321411
.94032520055771
.99804878234863
.92325204610825
.97918699185053
.94520324468613
.95089429616928
.93008130788803
.98439025878906
.95593494176865
1.0234146118164
.9289430975914
1.0302438735962
.94357722997665
.93154472112656
.94894307851791
.95398374398549
.97821140289307
.96406503518422
.93674796819687
.90113820632299
.92357724905014
.92260164022446
.97235774993896
.91333333651225
.93268293142319
.96390241384506
.91365853945414
.99544715881348
.96878049770991
1.0190243721008
.89593493938446
1.0081300735474
.97544715801875
.95626014471054
.94536584615707
.99284553527832
.92325204610825
.92878049612045
.93886178731918
.96471546093623
.95853658517202
.9666666785876
.97349594036738
.98471546173096
.96764228741328
.95300813515981
.98195123672485
.9691057006518
.94357722997665
.99398374557495
.94113822778066
.99398374557495
.9619511961937
.99073171615601
.93886178731918
.94439023733139
.92422765493393
.9499186873436
.95739837487539
.9347967505455
.91447154680888
.99203252792358
.93609756231308
.97674798965454
1.0102438926697
.9653658469518
.91821140050888
.97577236096064
.93219512701035
.91609758138657
.90162601073583
.94747966527939
.92991870641708
1.0146341323853
.87707316875458
.92439025640488
.93723577260971
.94520324468613
1.0143089294434
.95219510793686
.96211379766464
.9852032661438
.97300815582275
.95414632558823
.99154470364253
.95804876089096
.94260162115097
.94471544027328
1.0414633750916
.98634145657221
.95999997854233
.98016262054443
.97414634625117
1.0099186897278
.8847154378891
.98975610733032
.96195121606191
.93560975790024
.92682927846909
.99040651321411
.93642276525497
.96308942635854
.87235772609711
1.0011382102966
.87447154521942
1.0117073059082
.96390243371328
.96666665871938
.91398376226425
.9320325255394
.93219512701035
.98211381832759
.9437398314476
.95252031087875
.93853658437729
.92991870641708
.95918699105581
.98585367202759
.97886178890864
.94910569985708
.92048782110214
.90097560485204
.93398374319077
1.0136585235596
.90260161956151
.97707319259644
.98081302642822
.96341462930044
.9530081152916
.93869918584824
1.0234146118164
1.0001626014709
.95560975869497
.95154472192128
.94894307851791
.94390243291855
.9941463470459
.9317073225975
.96715446313222
.95365852117538
.93674796819687
.95967479546865
.93999999761581
.88585364818573
.96455283959707
.94471544027328
.93414634466171
.97463415066401
.92650407552719
.99707317352295
.92910569906235
.97235774993896
.96471544106801
.94747966527939
.97951221466064
.91804879903793
1.0102438926697
.97105689843496
.94926828145981
.92682927846909
.93658536672592
1.0045528411865
.98943090438843
.94699186086655
.90894307692846
.9567479689916
.97983739773432
.96048780282338
.98569107055664
.92878049612045
.94243901968002
.9598373969396
.92764228582382
.96894307931264
.94048780202866
.97560977935791
.86390244960785
.93495935201645
.88601624965668
.97577236096064
.96991870800654
.93105691671371
.94601625204086
.96682926019033
.94975608587265
.98308944702148
.94585365056992
.93414634466171
.98032522201538
.91382114092509
.92422765493393
1.0040650367737
.89869916439056
.94357722997665
.94682927926381
.96178861459096
.94455283880234
.93138211965561
.94325202703476
1.0102438926697
.97918701171875
.9663414756457
.94243901968002
.91560975710551
.9557723402977
.97235773007075
.91626018285751
.9554471373558
.96081300576528
.92650407552719
.95284551382065
.97512197494507
1.0087804794312
.94796746969223
.90422763427099
.9793496131897
1.0248780250549
.89918698867162
.95593494176865
.92731708288193
.95365852117538
.98666667938232
.87739837169647
.95609754323959
.90292684237162
.98747968673706
.94634145498276
.92943090200424
.98601627349854
.97463415066401
.9752845565478
.98065042495728
.95235770940781
.96065038442612
.91967481374741
.92211383581161
.99040651321411
.99707317352295
.99186992645264
.97772357861201
.97008130947749
.9790244102478
.86715447902679
.95756095647812
.99674797058105
.92373983065287
.97382114330928
.95642274618149
.99463415145874
.99317069848378
.9554471373558
.90682925780614
1.0026016235352
.93934959173203
.8699187040329
.95658534765244
.90780486663183
.92081302404404
.91138211886088
.98552846908569
.94048780202866
.90260161956151
.90910569826762
.9824390411377
.95463413000107
.97626016537348
.9684552748998
.92813009023666
.92959350347519
.95918697118759
.97967481613159
.99918699264526
.9554471373558
.98991870880127
.94032520055771
.9378861784935
.96520324548086
.97788619995117
.95788615942001
.93430894613266
.90878049532572
.96650407711665
.9536585410436
.98991868893305
.97186992565791
1.0268292427063
.95170732339223
1.0065040588379
.9004878004392
.94390243291855
.94552844762802
1.0380487442017
.93382114171982
.91186994314194
.93121951818466
.94926828145981
.95089429616928
.9317073225975
.92666667699814
1.0039024353027
.8874796628952
.95463413000107
.95999997854233
.94292682409286
.97674798965454
.93593496084213
.95235772927602
.9941463470459
.8843902349472
1.0008130073547
.95056909322739
.92048782110214
.91056911150614
.90162601073583
.91121951738993
.98536586761475
.88276422023773
.93284553289413
.89121949672699
.96975610653559
.9530081152916
.96373983224233
.97317073742549
.99235773086548
.98357723156611
.9824390411377
.98065042495728
1.0404877662659
.89479672908783
.94861787557602
.92130082845688
.90162601073583
.9203252196312
.89707316954931
.87756097316742
.92552846670151
.9221138159434
.93544715642929
.9406504034996
.96341462930044
.9409756064415
.92910569906235
.8630894223849
1.031544705232
.90569106737773
.95642274618149
.88422763347626
1.0037398338318
1.0336585044861
.95837398370107
.9045528570811
1.0021138191223
.91414634386698
.94325202703476
.9495934844017
.90796746810277
.9032520254453
.95284551382065
.91788617769877
.89382112026215
.88178861141205
.90747968355815
.96910568078359
.96048780282338
.97089431683222
1.0081300735474
.88455283641815
.94439023733139
.91073173284531
.93284553289413
.92536586523056
.93349593877792
.9014634291331
.96032520135244
.91560977697372
.94813007116318
.91707317034403
.9790244102478
.9554471373558
.90666665633519
.92715448141098
.93983739614487
.94162601232529
.99268291393916
.9227642416954
.9409756064415
.8816260099411
.94276422262192
.95691057046254
.95430892705917
.91121951738993
.93495935201645
.86325204372406
1.0534958839417
.92991870641708
.9351219534874
.9035772283872
.99089431762695
.90178861220678
.97658536831538
.92520326375961
.98032520214717
.99674799044927
.89886178572973
.95138210058212
.96747966607412
.87365853786469
.96715446313222
.91577235857646
.94975608587265
.95756095647812
.97707317272822
.9317073225975
.97658536831538
.94048780202866
.95056909322739
.94747966527939
.95658534765244
.94276422262192
.94178861379623
.87203252315521
.95983737707138
.90211379528046
.94634145498276
.87333333492279
.94032520055771
.91560977697372
.94081300497055
.98032522201538
.96455283959707
.93300813436508
.92764228582382
1.0001626014709
.98585367202759
.94878047704697
.89756095409393
.90715448061625
.87821137905121
.92292684316635
.92471545934677
.90975610415141
.96016259988149
.86845529079437
.9073170820872
.96308942635854
.97869918743769
.89544713497162
.92422765493393
.97934959332148
.9557723402977
.85804877678553
.91414634386698
.93544715642929
.87382113933563
.94195121526718
.9261788725853
.90959350268046
.91642276446025
.97479675213496
.96585365136464
.96390243371328
.96016259988149
.88341462612152
.92959350347519
.90487804015478
.96601627270381
.88634145259857
.93918699026108
.9004878004392
.93495935201645
.95609756310781
.90975610415141
.98113822937012
.88715445995331
.89723577102025
.88682925701141
.84715447823207
.87040650844574
.93105691671371
.98357725143433
.94308942556381
.91300813357035
.91951221227646
.96926828225454
.93772357702255
.9317073225975
.89430892467499
.93414634466171
.87918698787689
.96943092346191
.93024390935898
.99349594116211
.8754471540451
.91333331664403
.91463414827983
.93544715642929
.87772357463837
.8977235754331
.92048780123393
.9351219534874
.95707315206528
.90081300338109
.92634147405624
.94146341085434
.89430892467499
.97414636611938
.91707319021225
.90536586443583
.92130080858866
.93934959173203
.90764228502909
.90715448061625
.91414632399877
.97479675213496
.91967481374741
.94747966527939
.90211381514867
.93804877996445
.89853658278783
.96780486901601
.97983739773432
.98113822937012
.85365853706996
.98130081097285
.92780488729477
.97414634625117
.91121951738993
.9141463637352
.90747966368993
.95154470205307
.93121951818466
.96373985211054
.93609756231308
.90487804015478
.91495937108994
.89252030849457
.89804877837499
.92780488729477
.92926830053329
.92260162035624
.89658536513646
.99430894851685
.93951219320297
.95073169469833
.94845529397329
.93772357702255
.89934959014257
.92081302404404
.92682927846909
.93317073583603
.92065042257309
.90195119380951
.92048782110214
.87609755992889
.91333333651225
.95902438958486
.90243901809057
.89138209819794
.90341462691625
.94845527410507
.93252032995224
.92829269170761
.96601625283559
.95739835500717
.92292684316635
.89382114013036
.97463415066401
.92764228582382
.93804877996445
.91951221227646
.87772359450658
.91918700933456
.93918699026108
.93008130788803
.90959350268046
.95528453588486
.89934959014257
.91008132696152
.89821135997772
.93121951818466
.91138211886088
.88178861141205
.94455283880234
.87040650844574
.89138211806615
.90292682250341
.90260161956151
.90243901809057
.89967479308446
.92048782110214
.9193495909373
.93284553289413
.91365855932236
.91186994314194
.95203250646591
1.0164227485657
.85983741283417
1.0128455162048
.85268294811249
.94260162115097
.90243901809057
.87788617610931
.8995121717453
.9317073225975
.83333333333333
.86016261577606
.89219510555267
.9351219534874
.9227642416954
.93333333730698
.88634145259857
.99544715881348
.8668292760849
.91447156667709
.92682927846909
.86780488491058
.90894309679667
.88926829894384
.89479672908783
.90829267104467
.93333333730698
.95073169469833
.87203252315521
.92601627111435
.86260163784027
.87170732021332
.93463414907455
.8933333158493
.96601625283559
.97203250726064
.92764228582382
.95430894692739
.93544715642929
.92682925860087
.878861784935
.88910567760468
.90048778057098
.89577235778173
.93804877996445
.90471543868383
.84227641423543
.85674798488617
.85772359371185
.89999997615814
.91252032915751
.93008128801982
.9465040564537
.88829267024994
.90390245119731
.92113822698593
.9230894446373
.89999999602636
.92471543947856
.91821140050888
.89967477321625
.88390243053436
.94617885351181
.93658536672592
.86715447902679
.92325204610825
.94731706380844
.91544715563456
.89707314968109
.89463412761688
.90747968355815
.92406505346298
.91788617769877
.92065042257309
.86178863048553
.9653658469518
.89479672908783
.9499186873436
.91512197256088
.85138211647669
.93804877996445
.93544715642929
.91024388869603
.87967479228973
.92634147405624
.91300811370214
.94471544027328
.92016261816025
.88178861141205
.87918698787689
.85853658119837
.89040648937225
.88357722759247
.88373982906342
.90455283721288
.88634145259857
.89691054821014
.93609756231308
.86894309520721
.92227643728256
.91739837328593
.90260161956151
.89073169231415
.90032517910004
.82455283403397
.93089431524277
.90617885192235
.91544717550278
.8699187040329
.91479674975077
.86601626873016
.93837398290634
.89674796660741
.88227641582489
.85447154442469
.95821136236191
.91934961080551
1.043089389801
.94845527410507
.91886180639267
.83040648698807
.86341464519501
.91951221227646
.90796746810277
.87626016139984
.91105691591899
.83853658040365
.91707317034403
.87382113933563
.92357724905014
.87495934963226
.89967479308446
.86227643489838
.94601625204086
.84634147087733
.91951219240824
.88731706142426
.89707314968109
.9320325255394
.85772359371185
.89544715483983
.89008128643036
.81626015901566
.87837398052216
.88308942317963
.89463412761688
.89609754085541
.88845527172089
.87495934963226
.88650405406952
.87073171138763
.84894309441249
.94227641820908
.91154472033183
.9530081152916
1.0011382102966
.87804877758026
.87821137905121
.83723574876785
.872682929039
.86699187755585
.9317073225975
.91186990340551
.90585364898046
.97040649255117
.95902436971664
1.021625995636
1.0744715929031
.95365852117538
.92195123434067
.95772355794907
.99154472351074
.96195121606191
.97365854183833
1.0004878044128
.96991870800654
1.021625995636
.97918699185053
1.0056910514832
1.0523577133814
1.003089427948
.99268291393916
.95414634545644
.9852032661438
1.0039024353027
.98764226833979
.96780486901601
1.0435771942139
.97349594036738
.94552844762802
1.053658525149
.95121949911118
1.0356097221375
.95121949911118
.99804878234863
1.0128455162048
.99349594116211
1.0047154426575
1.0130081176758
.97398374478022
1.0134959220886
.9619511961937
.97577236096064
.9793496131897
1.0055284500122
.94926828145981
1.0295934677124
1.0321950912476
1.0570731163025
.94292682409286
.99528455734253
.94585365056992
1.0268292427063
.96325202782949
1.0541463295619
.99056911468506
.97821138302485
.95463413000107
1.0125203132629
1.0074796676636
1.0352845191956
1.0050406455994
.99268293380737
.97365856170654
.96471546093623
.94601625204086
1.0198373794556
.98178863525391
.96878049770991
.98975610733032
1.0188617706299
1.027804851532
.99642276763916
.96097558736801
1.0193495750427
.89593493938446
1.0188617706299
1.0099186897278
1.0213007926941
.96097560723623
.94699186086655
1.0029268264771
.99853658676147
.97089431683222
.99203252792358
.97918699185053
1.0448780059814
1.0021138191223
1.0053658485413
.98146343231201
1.0224390029907
.96813009182612
.99869918823242
1.0388617912928
.99463413159053
1.0069918632507
1.0665040810903
.97203252712886
.98682928085327
.98926830291748
1.0448780059814
1.0069918632507
1.0229268074036
1.0149593353271
.98650407791138
.95512193441391
1.0248780250549
1.0068292617798
1.0731707811356
.95414632558823
1.0577236016591
.98032522201538
.99138212203979
1.1206504106522
1.0570731163025
.99089431762695
.9972357749939
.95398372411728
1.0066666603088
.98325204849243
1.0419511795044
.94764226675034
.98682928085327
.98357723156611
.95967479546865
1.0068292617798
1.0578861633937
.98130083084106
.98585367202759
.98471546173096
1.0186991691589
1.0378861427307
1.0289430618286
1.0055284500122
1.0191869735718
1.033821105957
.98097562789917
1.0162601470947
1.0279674530029
1.0097560882568
1.0424389839172
.9406504034996
1.0234146118164
1.0445528030396
.99739837646484
.99821138381958
1.009105682373
.96487804253896
.96715446313222
1.0045528411865
1.0808130502701
.99203252792358
.98813009262085
1.043089389801
1.0170731544495
1.0456910133362
1.0224390029907
1.0406503677368
1.0281300544739
.96764228741328
1.0035772323608
.98894309997559
1.0252032279968
1.0042276382446
.95073169469833
1.0068292617798
1.0222764015198
1.0261788368225
.996910572052
1.0435772339503
.98617887496948
1.0160975456238
.98569107055664
1.0040650367737
.99902439117432
1.0191869735718
1.0143089294434
.99560976028442
.99772357940674
1.046178817749
.9882926940918
.99495935440063
1.0297560691833
1.0086178779602
1.0139837265015
.9554471373558
.97951221466064
.97138212124507
.99203252792358
1.0531706809998
1.0326828956604
.99642276763916
.98617887496948
1.0052032470703
1.0596747795741
.98097560803095
1.0042276382446
1.0019512176514
1.064227660497
1.0035772323608
1.0321950912476
1.0943089723587
1.0660162766774
1.1003252267838
1.0884553194046
1.0102438926697
1.1013008356094
1.1269918680191
1.0972357988358
1.0821138223012
1.1286178827286
1.1341463327408
1.0904064973195
1.1157723665237
1.18097559611
1.1378861665726
1.2619512081146
1.1967479785283
1.1448780298233
1.2136585315069
1.2364227771759
1.2552845478058
1.2603251934052
1.2630894184113
1.363414645195
1.2443902492523
1.2913820743561
1.3478049039841
1.3830894231796
1.4040650129318
1.3949593305588
1.3760975599289
1.4865040779114
1.4144715070724
1.3653658628464
1.4434146483739
1.529105703036
1.4546341498693
1.4915447235107
1.4951219558716
1.5291056632996
1.5354471206665
1.5608129898707
1.6110569238663
1.6351219415665
1.7138211329778
1.6637398004532
1.7333333492279
1.7479674816132
1.7346341609955
1.7691056728363
1.7999999920527
1.8647154569626
1.915934920311
1.9611382087072
1.9943089485168
2.1159349282583
2.06178855896
2.1525203386943
2.1869919300079
2.3094309171041
2.3110568523407
2.3806504408518
2.4302438894908
2.5500813325246
2.573495944341
2.622926791509
2.6097561518351
2.7071544329325
2.877235809962
2.8726829687754
3.033333381017
3.1426016489665
3.3913821379344
3.4305690924327
3.4478048483531
3.5089430809021
3.5234146118164
3.4533332983653
3.2915447552999
3.1684552828471
2.9889430999756
2.7840650081635
2.6034146149953
2.5021138191223
2.3029267787933
2.2013008594513
2.0094308853149
1.8905691305796
1.8879675070445
1.8486178716024
1.7809755802155
1.7045528888702
1.618048787117
1.5884553194046
1.6121951341629
1.5300812721252
1.4902439117432
1.5204877853394
1.4304064909617
1.4160975217819
1.4551219542821
1.3826016187668
1.3097560803096
1.2852032184601
1.2957723538081
1.2279675006866
1.3030894200007
1.317723552386
1.1882926623027
1.2108943462372
1.2052032550176
1.161300778389
1.3032520214717
1.1517072916031
1.1821138064067
1.1006504297256
1.1577235460281
1.1213008165359
1.1139837503433
1.1484552621841
1.0837398767471
1.2000000476837
1.1362601518631
1.1266666650772
1.0619512001673
1.1354471445084
1.1014634370804
1.1123577356339
1.0640650590261
1.1317073106766
1.1024390459061
1.1107317209244
1.1377235651016
1.0708943208059
1.0468292236328
1.1725203196208
1.0687804619471
1.0265040397644
1.1242276827494
1.0783740282059
1.0832520723343
1.0900813341141
1.0822764635086
1.11512196064
1.0286178588867
1.08422768116
1.0143089294434
1.0913821458817
1.0492682854335
1.0837398767471
1.0721951723099
1.0947967767715
1.087154507637
1.0752845605214
1.0388617515564
1.056910554568
1.0786992311478
1.0396747589111
1.0624390045802
1.0100812911987
1.0217885971069
1.0582113265991
1.0318698883057
1.0413007736206
1.0660162766774
1.0691057046254
1.0474796295166
1.012195110321
.99235773086548
1.0274796485901
1.0167479515076
1.0590243736903
1.0458536148071
1.0382113456726
1.0026016235352
.96894309918086
1.0112195014954
.99073171615601
1.0656910339991
1.0409755706787
.98113822937012
1.0320324897766
.94601625204086
.9959349433581
.98325204849243
.95430892705917
.98780488967896
1.0385365486145
1.0452032486598
1.0334959030151
1.0165853500366
.99430894851685
.99951219558716
.9941463470459
1.0173983573914
1.0159349441528
1.0047154426575
1.0165853500366
1.0271544456482
.99609756469727
.99544715881348
1.0055284500122
.99284553527832
1.0528455177943
1.0008130073547
1.070406516393
.98357725143433
1.0469918251038
.96130079030991
1.0295934677124
1.0271544456482
1.105853676796
.97040651241938
1.0144715309143
.97252031167348
1.0079674720764
.97658536831538
1.0551219383876
.99365854263306
1.0136585235596
1.0226016044617
1.0318698883057
.99089431762695
1.0156097412109
.99837398529053
1.0201625823975
.97983741760254
1.0102438926697
1.0016260147095
1.0043902397156
1.0125203132629
1.0377235412598
1.0035772323608
1.0019512176514
1.0585365692774
1.0682926972707
1.009105682373
1.0372357765834
1.037073135376
1.059999982516
.98032522201538
1.0016260147095
1.0097560882568
.99837398529053
1.0416259765625
.95365852117538
.9653658469518
1.0243902206421
1.0073170661926
.98943090438843
.98601627349854
1.0294308662415
.99333333969116
.99756097793579
1.046178817749
1.030731678009
.98032522201538
.96097558736801
.96861787637075
1.0648780266444
1.0777236223221
.96682926019033
.94325202703476
1.0518699089686
1.0084552764893
.99918699264526
.99869918823242
.95853658517202
.993821144104
1.0398373603821
1.0058536529541
1.0130081176758
1.0268292427063
1.037073135376
1.0016260147095
.99983739852905
.95349591970444
1.0391869544983
1.0331707000732
.99804878234863
1.0078048706055
1.0173983573914
1.015284538269
1.0177235603333
1.021625995636
.98959350585937
.94894307851791
.9972357749939
.98325204849243
1.1196748018265
1.018373966217
1.0047154426575
.97886180877686
.99967479705811
.99121952056885
1.1209756135941
1.03089427948
.99121952056885
.92552846670151
1.0305690765381
.98666667938232
1.0489430427551
1.0517072677612
.99479675292969
1.0495934486389
1.0525203148524
1.0328455368678
1.0191869735718
1.0100812911987
1.0204877853394
1.024552822113
1.0087804794312
1.0073170661926
.99040651321411
.95902436971664
.98878047863642
1.0208129882812
.99008131027222
1.0517072677612
.98439025878906
.96780488888423
1.0596748193105
1.0349593162537
.98585367202759
.99902439117432
1.0052032470703
.97609758377075
1.0274796485901
1.0606503883998
1.0821138620377
.97707319259644
.97008128960927
1.0629268487295
1.0024390220642
1.0388617515564
.99918699264526
.93886178731918
.98634147644043
1.0100812911987
1.0565853913625
.97869920730591
1.0611381928126
.94422763586044
1.0196747779846
1.0273170471191
1.0008130073547
.9585365653038
1.0112195213636
1.0008130073547
1.0160975456238
.95951217412949
1.0141463279724
.95024389028549
.99398374557495
.99869918823242
.98699188232422
1.0182113647461
1.0065040588379
.96910568078359
1.024715423584
1.0042276382446
1.0151219367981
1.059837381045
1.0143089294434
.94617885351181
1.0224390029907
.99121952056885
.95934959252675
1.0331707000732
.98146343231201
1.0034146308899
1.0056910514832
1.0118699073792
.98715448379517
.96260160207748
1.0226016044617
1.0082926750183
1.0772358179092
.97024391094844
1.0398373603821
1.0720325311025
1.0391869544983
.99804878234863
.98959350585937
1.0177235603333
.98634147644043
.97479675213496
.99235773086548
.98552846908569
.95235770940781
.98959350585937
1.006016254425
.94845527410507
1.0082926750183
.98422765731812
1.009268283844
.92487806081772
1.0297560691833
.97203254699707
1.0413007736206
.96325202782949
1.0177235603333
.92715448141098
1.0134959220886
1
.98764228820801
.92699187994003
1.0359349250793
.96585365136464
1.0445528030396
.99756097793579
1.0076422691345
1.0105690956116
.94243901968002
1.0164227485657
1.0196747779846
.9585365653038
1.0299186706543
.97967481613159
1.0076422691345
.98764228820801
1.0230894088745
1.0095934867859
1.0013008117676
.96617885430654
1.0147967338562
.99186992645264
1.0634146531423
.95447152853012
1.015284538269
1.0673171281815
1.0013008117676
.98878049850464
.96390243371328
.96308940649033
1.0016260147095
.96341464916865
1.0180487632751
.96699188152949
1.0634146531423
1.0130081176758
1.0404877662659
1.0094308853149
1.0658536752065
1.0469918251038
1.0239024162292
1.047479669253
.97056911389033
1.0265040397644
1.0508942604065
.98081302642822
1.0006504058838
.95626014471054
.98959350585937
1.006178855896
.95414632558823
.93284553289413
.98032522201538
.98455286026001
1.0230894088745
.97024391094844
1.0806504487991
.96975608666738
1.0520325104396
.9725203315417
.99463415145874
1.003089427948
1.015284538269
.99430894851685
.99495935440063
.98211381832759
.9882926940918
.96178861459096
1.0097560882568
.98113822937012
1.0065040588379
1.0253658294678
1.0456910133362
1.0570731163025
.99170732498169
1.0149593353271
.98065040508906
.96699188152949
1.0076422691345
1.0040650367737
1.0234146118164
.96504064400991
1.0019512176514
.99609756469727
1.0547967354457
.98991870880127
.97268291314443
.98341464996338
1.0157723426819
.92650407552719
1.0058536529541
1.0242276191711
1.0539837280909
1.0378861427307
.98617887496948
1.0089430809021
.99317073822021
.99804878234863
1.0221138000488
1.0141463279724
1.049268245697
1.0130081176758
1.0258536338806
.96162601312002
.99154472351074
.97300813595454
1.0107316970825
1.0196747779846
.98357725143433
1.006016254425
1.0486178398132
.96211381753286
1.0289430618286
1.0056910514832
1.0021138191223
.97577236096064
1.0409755706787
.99934959411621
.96731706460317
.97463417053223
1.0346341133118
.96471546093623
1.0016260147095
1.053658525149
1.0087804794312
.96308944622676
1.0186991691589
.99983739852905
1.0413007736206
.98292684555054
1.0458536148071
1.0113821029663
.95983737707138
.96650405724843
1.0325202941895
.97951219479243
1.0130081176758
.97170732418696
1.1260162591934
1.0211381912231
1.0481300751368
1.0469918648402
.95951217412949
.94357722997665
1.0113821029663
.97495935360591
.97317071755727
.95463413000107
.98682928085327
.93674796819687
1.0260162353516
.97073171536128
1.0065040588379
.99674797058105
1.0196747779846
1.01544713974
1.0229268074036
1.0063414573669
1.0521950721741
.96975608666738
1.0448780059814
.96764226754506
1.0621138413747
.9647154211998
1.01544713974
1.0419511795044
1.0300812721252
.94617885351181
1.0078048706055
1.009105682373
1.0258536338806
.94585365056992
.99203252792358
1.0289430618286
.9882926940918
1.0518698692322
.99707317352295
.97056911389033
1.0186991691589
1.0146341323853
1.0614634354909
1.0136585235596
.97918701171875
1.0052032470703
.98308944702148
1.0037398338318
.96894309918086
1.024715423584
1.0004878044128
.95008128881454
1.0034146308899
.9320325255394
1.009268283844
1.0422763824463
.99365854263306
.97170734405518
1.0190243721008
1.0393495559692
1.0287804603577
1.0265040397644
1.0417885780334
.99934959411621
1.0227642059326
.96861787637075
.9811382095019
.97512197494507
.97365854183833
.98471546173096
.93398374319077
.93658536672592
1.0021138191223
.9684552748998
1.0260162353516
.99105689922969
.95560973882675
.99089431762695
1.0003252029419
1.0099186897278
1.0502438942591
.97219510873159
1.0271544456482
1.0217885971069
.98341464996338
.97642278671265
.92764228582382
1.006178855896
1.0170731544495
1.0274796485901
.99252033233643
1.0258536338806
.95317071676254
.99186992645264
.94975608587265
.96504064400991
1.0196747779846
.9910569190979
1.0125203132629
.98813009262085
1.0224390029907
1.0377235412598
.98585367202759
.98569107055664
1.0364227294922
.96910568078359
.96357721090317
1.0229268074036
1.0095934867859
.99317073822021
1.040162563324
1.0019512176514
1.0266666412354
.96146341164907
1.0188617706299
.96764228741328
.9793496131897
1.0495934883753
1.0099186897278
.94731706380844
1.0505690574646
.9261788725853
.97024389108022
1.0056910514832
1.0224390029907
.97967479626338
1.0320324897766
.94747966527939
.98552846908569
.96536582708359
.99024391174316
1.0099186897278
.99495935440063
1.0048780441284
.99918699264526
.95024389028549
.97056911389033
.9526829123497
1.0289430618286
.96162601312002
1.0349593162537
1.0385365486145
.98504066467285
1.0193495750427
.98682928085327
.93658536672592
1.0562601486842
.96081298589706
.94764226675034
.97105691830317
1.0078048706055
1.0053658485413
1.0136585235596
.94780486822128
.97382114330928
.96975608666738
1.039999961853
.98146343231201
1.0104064941406
.93999999761581
1.009105682373
.95951217412949
1.0102438926697
.9557723402977
1.0094308853149
.96926830212275
1.0390243530273
.9598373969396
1.0188617706299
.91495935122172
.97317073742549
.94569104909897
1.0190243721008
1.0126829147339
1.0599999427795
.96243902047475
.99495935440063
.97479675213496
.96650405724843
.93951219320297
.93105691671371
1.0173983573914
1.018373966217
.9499186873436
1.0178861618042
.99317073822021
.9972357749939
.98048782348633
.95918697118759
.97707319259644
.96991868813833
.99333333969116
.99853658676147
.93317073583603
.99398374557495
1.0056910514832
.96390243371328
.93105691671371
.95821138223012
.98390245437622
.94617885351181
.97203252712886
.95902436971664
.93853658437729
.993821144104
.99495935440063
1.0294308662415
.96097562710444
1.0073170661926
.99642276763916
.94585365056992
.9691057006518
1.012195110321
.99430894851685
.95479673147202
.96813009182612
.9759349822998
.99544715881348
.94308942556381
.93284553289413
1.0130081176758
.96959350506465
.96747966607412
1.0512195030848
.93691056966782
.9752845565478
.98585367202759
.98373985290527
1.0016260147095
.89788617690404
.95528453588486
.98162603378296
.94731706380844
.97821140289307
.9972357749939
.95479675134023
1.0310568809509
.89804875850677
.96048780282338
.93138211965561
1.033821105957
.9725203315417
.95869916677475
.99707317352295
.98081300656001
.96455283959707
1.0391869544983
.94048780202866
.99674797058105
.96845529476802
.97447154919306
.99560976028442
.94731706380844
.88536584377289
.97544715801875
1.0045528411865
.92162603139877
.91658536593119
1.0047154426575
.97512195507685
.94422765572866
1.0021138191223
.97105691830317
.96894309918086
1.0159349441528
.96601627270381
.95593494176865
.95951217412949
.9821138381958
1.0040650367737
.9910569190979
1.047642270724
.96308942635854
.95723575353622
.90081300338109
.95414632558823
.9526829123497
.98455286026001
1.0237398147583
.95089429616928
.96552846829096
.97756097714106
1.0006504058838
.95463414986928
.91252032915751
.97577236096064
.9721951285998
.99186992645264
.96422761678696
.93056911230087
.9595121939977
.98569107055664
.95642274618149
.96747966607412
1.0141463279724
.97414634625117
.95918699105581
.97186992565791
.9653658469518
.9743089278539
.98048782348633
.91934961080551
.97170732418696
.94471544027328
1.0055284500122
.96130079030991
.95186990499496
.8967479467392
.94666665792465
.93008130788803
.94780486822128
.93056911230087
1.0182113647461
.93252032995224
.94146341085434
.96487804253896
1.0081300735474
.92406505346298
.94764226675034
.98536586761475
.93121951818466
.95512193441391
.97073171536128
.98910570144653
.9406504034996
.93560975790024
.98000001907349
1.0663414796193
1.015284538269
.89999997615814
.96130079030991
.97186992565791
1.0564227898916
.93333333730698
.98016260067622
.95056909322739
.95089429616928
.97756099700928
1.0027642250061
.98276422421137
.98910570144653
.99837398529053
.98666667938232
.94731706380844
1.0048780441284
.93121951818466
.93934959173203
.92878049612045
.95951217412949
.95951217412949
.92341464757919
.93430894613266
.96276422341665
.93544715642929
.94520324468613
.93658536672592
.97447154919306
.87821137905121
.95495933294296
.95252031087875
.93821138143539
.97723579406738
.8936585187912
.93691056966782
.95365852117538
.93528455495834
.96796747048696
1.0076422691345
.9588617682457
.95512193441391
.98910570144653
.93837398290634
.90585364898046
.90845529238383
.94764226675034
.96569106976191
.8967479467392
.95479673147202
.95398372411728
.90390243132909
.95495935281118
1.0017886161804
.93235772848129
.9347967505455
.99024391174316
.869593501091
.95869916677475
.88943088054657
.9351219534874
.9172357916832
.89967477321625
.89219510555267
.88813006877899
.86780488491058
.94634145498276
.90048778057098
.93658536672592
.92926830053329
.9169105887413
.94113820791245
.92829269170761
.89008130629857
.87626016139984
.90894309679667
.88796746730804
.97512197494507
.9004878004392
.92780486742655
.90975610415141
.93008130788803
.90113818645477
.87642276287079
.95463413000107
.89382112026215
.86504065990448
.9227642416954
.91105691591899
.93772357702255
.92406505346298
.84894309441249
.90211381514867
.89170730113983
.90666667620341
.90390243132909
.91040652990341
.80325204133987
.90780488650004
.88504064083099
.92243903875351
.88341462612152
.86113822460175
.85495934883753
.83609757820765
.84699187676112
.91463414827983
.89934959014257
.85284554958344
.86975610256195
.86601626873016
.85138211647669
.90487806002299
.87788617610931
.89609756072362
.87788617610931
.93886178731918
.79869920015335
.91609756151835
.89772355556488
.89073169231415
.88276422023773
.81886178255081
.881951212883
.86341464519501
.8905690908432
.92162603139877
.81560975313187
.84471545616786
.8284552693367
.9221138159434
.86585366725922
.91495935122172
.8256910443306
.85495936870575
.81886178255081
.8609756231308
.85609755913417
.84048779805501
.79414635896683
.84715447823207
.86032521724701
.87186992168427
.78390244642893
.85365855693817
.8538211385409
.84569106499354
.85089433193207
.89008128643036
.82731705904007
.90601625045141
.85008130470912
.84357724587123
.93300811449687
.86813008785248
.80487805604935
0
0
0
0
0
0
0
0
0
0
0
0
0
0
0
0
0
0
0
0
0
0
0
0
0
0
0
0
0
0
0
0
0
0
0
0
0
0
0
0
0
0
0
0
0
0
0
0
0
0
0
0
0
0
0
0
0
0
0
0
0
0
0
0
0
0
0
0
0
0
0
0
0
0
0
0
0
0
0
0
0
0
0
0
0
0
0
0
0
0
0
0
0
0
0
0
0
0
0
0
0
0
0
0
0
0
0
0
0
0
0
0
0
0
0
0
0
0
0
0
0
0
0
0
0
0
0
0
0
0
0
0
0
0
0
0
0
0
0
0
0
0
0
0
0
0
0
0
0
0
0
0
0
0
0
0
0
0
0
0
0
0
0
0
0
0
0
0
0
0
0
0
0
0
0
0
0
0
0
0
0
0
0
0
0
0
0
0
0
0
0
0
0
0
0
0
0
0
0
0
0
0
0
0
0
0
0
0
0
0
0
0
0
0
0
0
0
0
0
0
0
0
0
0
0
0
0
0
0
0
0
0
0
0
0
0
0
0
0
0
0
0
0
0
0
0
0
0
0
0
0
0
0
0
0
0
0
0
0
0
0
0
0
0
0
0
0
0
0
0
0
0
0
0
0
0
0
0
0
0
0
0
0
0
0
0
0
0
0
0
0
0
0
0
0
0
0
0
0
0
0
0
0
0
0
0
0
0
0
0
0
0
0
0
0
0
0
0
0
0
0
0
0
0
0
0
0
0
0
0
0
0
0
0
0
0
0
0
0
0
0
0
0
0
0
0
0
0
0
0
0
0
0
0
0
0
0
0
0
0
0
0
0
0
0
0
0
0
0
0
0
0
0
0
0
0
0
0
0
0
0
0
0
0
0
0
0
0
0
0
0
0
0
0
0
0
0
0
0
0
0
0
0
0
0
0
0
0
0
0
0
0
0
0
0
0
0
0
0
0
0
0
0
0
0
0
0
0
0
0
0
0
0
0
0
0
0
0
0
0
0
0
0
0
0
0
0
0
0
0
0
0
0
0
0
0
0
0
0
0
0
0
0
0
0
0
0
0
0
0
0
0
0
0
0
0
0
0
0
0
0
0
0
0
0
0
0
0
0
0
0
0
0
0
0
0
0
0
0
0
0
0
0
0
0
0
0
0
0
0
0
0
0
0
0
0
0
0
0
0
0
0
0
0
0
0
0
0
0
0
0
0
0
0
0
0
0
0
0
0
0
0
0
0
0
0
0
0
0
0
0
0
0
0
0
0
0
0
0
0
0
0
0
0
0
0
0
0
0
0
0
0
0
0
0
0
0
0
0
0
0
0
0
0
0
0
0
0
0
0
0
0
0
0
0
0
0
0
0
0
0
0
0
0
0
0
0
0
0
0
0
0
0
0
0
0
0
0
0
0
0
0
0
0
0
0
0
0
0
0
0
0
0
0
0
0
0
0
0
0
0
0
0
0
0
0
0
0
0
0
0
0
0
0
0
0
0
0
0
0
0
0
0
0
0
0
0
0
0
0
0
0
0
0
0
0
0
0
0
0
0
0
0
0
0
0
0
0
0
0
0
0
0
0
0
0
0
0
0
0
0
0
0
0
0
0
0
0
0
0
0
0
0
0
0
0
0
0
0
0
0
0
0
0
0
0
0
0
0
0
0
0
0
0
0
0
0
0
0
0
0
0
0
0
0
0
0
0
0
0
0
0
0
0
0
0
0
0
0
0
0
0
0
0
0
0
0
0
0
0
0
0
0
0
0
0
0
0
0
0
0
0
0
0
0
0
0
0
0
0
0
0
0
0
0
0
0
0
0
0
0
0
0
0
0
0
0
0
0
0
0
0
0
0
0
0
0
0
0
0
0
0
0
0
0
0
0
0
0
0
0
0
0
0
0
0
0
0
0
0
0
0
0
0
0
0
0
0
0
0
0
0
0
0
0
0
0
0
0
0
0
0
0
0
0
0
0
0
0
0
0
0
0
0
0
0
0
0
0
0
0
0
0
0
0
0
0
0
0
0
0
0
0
0
0
0
0
0
0
0
0
0
0
0
0
0
0
0
0
0
0
0
0
0
0
0
0
0
0
0
0
0
0
0
0
0
0
0
0
0
0
0
0
0
0
0
0
0
0
0
0
0
0
0
0
0
0
0
0
0
0
0
0
0
0
0
0
0
0
0
0
0
0
0
0
0
0
0
0
0
0
0
0
0
0
0
0
0
0
0
0
0
0
0
0
0
0
0
0
0
0
0
0
0
0
0
0
0
0
0
0
0
0
0
0
0
0
0
0
0
0
0
0
0
0
0
0
0
0
0
0
0
0
0
0
0
0
0
0
0
0
0
0
0
0
0
0
0
0
0
0
0
0
0
0
0
0
0
0
0
0
0
0
0
0
0
0
0
0
0
0
0
0
0
0
0
0
0
0
0
0
0
0
0
0
0
0
0
0
0
0
0
0
0
0
0
0
0
0
0
0
0
0
0
0
0
0
0
0
0
0
0
0
0
0
0
0
0
0
0
0
0
0
0
0
0
0
0
0
0
0
0
0
0
0
0
0
0
0
0
0
0
0
0
0
0
0
0
0
0
0
0
0
0
0
0
0
0
0
0
0
0
0
0
0
0
0
0
0
0
0
0
0
0
0
0
0
0
0
0
0
0
0
0
0
0
0
0
0
0
0
0
0
0
0
0
0
0
0
0
0
0
0
0
0
0
0
0
0
0
0
0
0
0
0
0
0
0
0
0
0
0
0
0
0
0
0
0
0
0
0
0
0
0
0
0
0
0
0
0
0
0
0
0
0
0
0
0
0
0
0
0
0
0
0
0
0
0
0
0
0
0
0
0
0
0
0
0
0
0
0
0
0
0
0
0
0
0
0
0
0
0
0
0
0
0
0
0
0
0
0
0
0
0
0
0
0
0
0
0
0
0
0
0
0
0
0
0
0
0
0
0
0
0
0
0
0
0
0
0
0
0
0
0
0
0
0
0
0
0
0
0
0
0
0
0
0
0
0
0
0
0
0
0
0
0
0
0
0
0
0
0
0
0
0
0
0
0
0
0
0
0
0
0
0
0
0
0
0
0
0
0
0
0
0
0
0
0
0
0
0
0
0
0
0
0
0
0
0
0
0
0
0
0
0
0
0
0
0
0
0
0
0
0
0
0
0
0
0
0
0
0
0
0
0
0
0
0
0
0
0
0
0
0
0
0
0
0
0
0
0
0
0
0
0
0
0
0
0
0
0
0
0
0
0
0
0
0
0
0
0
0
0
0
0
0
0
0
0
0
0
0
0
0
0
0
0
0
0
0
0
0
0
0
0
0
0
0
0
0
0
0
0
0
0
0
0
0
0
0
0
0
0
0
0
0
0
0
0
0
0
0
0
0
0
0
0
0
0
0
0
0
0
0
0
0
0
0
0
0
0
0
0
0
0
0
0
0
0
0
0
0
0
0
0
0
0
0
0
0
0
0
0
0
0
0
0
0
0
0
0
0
0
0
0
0
0
0
0
0
0
0
0
0
0
0
0
0
0
0
0
0
0
0
0
0
0
0
0
0
0
0
0
0
0
0
0
0
0
0
0
0
0
0
0
0
0
0
0
0
0
0
0
0
0
0
0
0
0
0
0
0
0
0
0
0
0
0
0
0
0
0
0
0
0
0
0
0
0
0
0
0
0
0
0
0
0
0
0
0
0
0
0
0
0
0
0
0
0
0
0
0
0
0
0
0
0
0
