.80242375532786
.79629629850388
.79684094587962
.80106208721797
.79656861225764
.81399782498678
.80691721041997
.80392156044642
.80732570091883
.81372551123301
.79983659585317
.80364924669266
.80596405267715
.80051743984222
.79793028036753
.80868734916051
.80078975359599
.80678105354309
.80650871992111
.79861110448837
.79956426223119
.80446622769038
.79724945624669
.79888345797857
.79724947611491
.79561545451482
.8029684027036
.8054193854332
.79643245538076
.80078975359599
.80501087506612
.78662856419881
.81331700086594
.7947984735171
.80705336729685
.79970043897629
.79901959498723
.80555556217829
.80405773719152
.79561547438304
.80991286039352
.78962417443593
.80582787593206
.80160675446192
.79697714249293
.80732570091883
.80106208721797
.79221133391062
.80514705181122
.81168299913406
.80187906821569
.80487471818924
.81454247236252
.80501089493434
.80528322855632
.81086601813634
.80705338716507
.80718954404195
.80051743984222
.80133442083995
.80841503540675
.81821894645691
.79534314076106
.79616012175878
.80065361658732
.79602398475011
.80187910795212
.80814272165298
.79003268480301
.80732572078705
.80773419141769
.80051741997401
.80106210708618
.8054193854332
.79384531577428
.80255991220474
.81304466724396
.8043300708135
.83101852734884
.80991284052531
.79901961485545
.79847494761149
.80378540356954
.80364922682444
.80201524496078
.81726578871409
.7947984735171
.79983659585317
.80160675446192
.79016884167989
.79752178986867
.80936817328135
.79697712262472
.80160675446192
.80215142170588
.80487473805745
.79602394501368
.80392156044642
.81290851036708
.80841503540675
.80038124322891
.80528322855632
.80024508635203
.79738563299179
.8112745086352
.80460238456726
.80460238456726
.81821896632512
.79302831490835
.80827887852987
.81617647409439
.80569173892339
.8052832086881
.80705338716507
.79153048992157
.79779412349065
.83238017559052
.80392158031464
.80678103367488
.81876361370087
.80610022942225
.80269606908162
.83946079015732
.82448258002599
.80623636643092
.8278867204984
.80528322855632
.80092593034109
.80664487679799
.80868736902873
.81004901727041
.81372551123301
.79738561312358
.80787036816279
.80732570091883
.7960239648819
.79248364766439
.79547927776972
.78635621070862
.78894335031509
.78989650805791
.78812634944916
.78676470120748
.79507080713908
.78853485981623
.79221133391062
.8018790880839
.79956428209941
.78676470120748
.79874728123347
.7947984735171
.79180282354355
.79153048992157
.79738561312358
.79425382614136
.79221131404241
.80895968278249
.79302831490835
.79452615976334
.80038126309713
.81086601813634
.80814270178477
.80841501553853
.81277233362198
.79697712262472
.80882352590561
.80378540356954
.80364922682444
.81386164824168
.7924836675326
.79398149251938
.80610022942225
.80215142170588
.8029684027036
.79901959498723
.79289215803146
.79670478900274
.79997277259827
.7937091588974
.79343682527542
.80487473805745
.79711329936981
.80051741997401
.81386164824168
.8021514415741
.80909585952759
.81590414047241
.81059370438258
.8101851940155
.80909583965937
.80460238456726
.80160673459371
.81181915601095
.81672114133835
.80855121215185
.81767429908117
.80378540356954
.80487473805745
.81590414047241
.79575163125992
.80269608894984
.80555556217829
.7971132795016
.79929194847743
.80773421128591
.80759803454081
.80596405267715
.8126361767451
.80364924669266
.80228757858276
.80895968278249
.81427013874054
.80977670351664
.82720587650935
.81181917587916
.80228757858276
.79602394501368
.81181917587916
.80378540356954
.81113835175832
.81467866897583
.81712961196899
.81467864910762
.80228757858276
.80038126309713
.83700980742772
.80950433015823
.80473856131236
.80882352590561
.80650871992111
.79765796661377
.80147059758504
.80405773719152
.79901959498723
.80228757858276
.80746187766393
.80773421128591
.80691721041997
.80378540356954
.8029684027036
.80296842257182
.81413398186366
.80392156044642
.80147059758504
.80610020955404
.79112199942271
.79793026049932
.79466231664022
.80269606908162
.79942810535431
.80228757858276
.79575163125992
.79942810535431
.80678103367488
.79997275273005
.79915577173233
.81072984139125
.79847494761149
.80664487679799
.81331700086594
.79970043897629
.80283224582672
.80923203627268
.80596405267715
.80065359671911
.80705338716507
.79670478900274
.79942810535431
.81440633535385
.80242375532786
.81740196545919
.81467864910762
.85906863212585
.80800654490789
.81209150950114
.79752178986867
.80991286039352
.81086601813634
.81195535262426
.81086601813634
.81358933448792
.81944443782171
.80119826396306
.8135893146197
.81045752763748
.81563178698222
.81644880771637
.82121459643046
.81168301900228
.80773419141769
.81644878784815
.80841503540675
.81236384312312
.80596407254537
.80201524496078
.79044119517008
.802015264829
.80038124322891
.80759803454081
.80596405267715
.79343682527542
.81699345509211
.81767427921295
.80555556217829
.80228759845098
.81781045595805
.7997004588445
.81100217501322
.81113833189011
.79970043897629
.80215142170588
.80610020955404
.78839868307114
.80392156044642
.81399782498678
.80215142170588
.81195533275604
.81685729821523
.79915577173233
.78812634944916
.80092593034108
.80133444070816
.79765794674555
.79861112435659
.80800654490789
.8052832086881
.80773419141769
.79970043897629
.79547929763794
.80501089493434
.84300108750661
.79656861225764
.80841503540675
.7913943529129
.80814270178477
.81222766637802
.79438998301824
.79847494761149
.79724945624669
.8029684027036
.79425380627314
.79084966580073
.80133440097173
.78281589349111
.7982025941213
.79602398475011
.78880719343821
.79643245538076
.80160675446192
.80255991220474
.7924836675326
.80324073632558
.79084966580073
.8043300708135
.80964052677155
.79588780800502
.80024510622025
.80528322855632
.79929192860921
.80582787593206
.80895968278249
.79942808548609
.80514707167943
.80800654490789
.80855119228363
.80977668364843
.8112745086352
.80514705181122
.81481482585271
.819852968057
.80555554231008
.8031045794487
.81549563010534
.80514705181122
.80882352590561
.80977668364843
.81045750776927
.80487473805745
.80610020955404
.81413398186366
.81113835175832
.80337691307068
.79806645711263
.80283224582672
.81399782498678
.80324073632558
.79779412349065
.802015264829
.80133442083995
.81427015860875
.80746185779572
.80855119228363
.80242373545965
.81168299913406
.80977670351664
.82366557916005
.8137254913648
.80283224582672
.80378540356954
.80841503540675
.81304464737574
.80610020955404
.81345315774282
.81672114133835
.80718952417374
.81195533275604
.82448258002599
.8123638232549
.81263615687688
.81958059469859
.80269606908162
.80814270178477
.81467864910762
.80106208721797
.80732570091883
.81399782498678
.80610022942225
.81522331635157
.81304466724396
.80950433015823
.80637254317602
.81386164824168
.80283224582672
.81086601813634
.80582787593206
.80119824409485
.81045752763748
.81944443782171
.80473856131236
.80555556217829
.80718954404195
.79929192860921
.79752177000046
.8479030529658
.82911219199498
.81917210419973
.8148148059845
.79656863212585
.80024508635203
.8125
.79398149251938
.81467864910762
.81113835175832
.81358933448792
.81331700086594
.8137254913648
.80501091480255
.81876363356908
.82216775417328
.80773421128591
.8208061059316
.81876363356908
.8103213707606
.81781045595805
.81917210419973
.81045752763748
.81767427921295
.82706971963247
.81045750776927
.81767431894938
.81712963183721
.81508713960648
.81821894645691
.81563182671865
.81876363356908
.81781045595805
.81631265083949
.82938454548518
.81508715947469
.80800652503967
.82257626454035
.81753812233607
.82325708866119
.81712963183721
.81413398186366
.83238017559052
.82352940241496
.8126361767451
.81699345509211
.82175926367442
.81563180685043
.81658498446147
.82747821013133
.80759803454081
.81386166810989
.82352940241496
.80882352590561
.82448258002599
.81045750776927
.81059368451436
.82026143868764
.82543573776881
.80514707167943
.82380173603694
.82393791278203
.80991286039352
.81399782498678
.81195535262426
.80991284052531
.82053377230962
.82380175590515
.81726580858231
.81604031721751
.81998910506566
.81141066551208
.82489105065664
.82638887564341
.81304466724396
.82815901438395
.82843136787415
.82107841968536
.82135075330734
.83292482296626
.82720587650935
.82761436700821
.83156317472458
.82230391105016
.8300653497378
.8372821410497
.83129086097081
.82747822999954
.82298475503922
.83523964881897
.82543571790059
.82843138774236
.83265250921249
.82257624467214
.82135077317556
.82761438687642
.82979303598404
.82856752475103
.83129086097082
.82053377230962
.8220315972964
.83047384023666
.83292486270269
.82924836874008
.8419117530187
.82475489377975
.83605664968491
.85321348905563
.83156317472458
.82734205325445
.83755447467168
.8374183177948
.83455882469813
.8383714556694
.8231209119161
.83238017559052
.83714596430461
.83006536960602
.82829521099726
.83796296517054
.83632898330688
.84177559614182
.8395969470342
.83660129706065
.83278866608938
.84068628152212
.83156317472458
.84232026338577
.84613289435705
.83197166522344
.82992919286092
.85049019257228
.83455882469813
.84395424524943
.84463508923848
.83265252908071
.83687365055084
.83700980742772
.82843136787415
.84055010477702
.8385076324145
.83551196257273
.83387800057729
.840822438399
.84572440385818
.84191177288691
.85484751065572
.85443900028865
.85879629850388
.85416664679845
.88276143868764
.84041394790014
.85348582267761
.85062634944916
.84259259700775
.84068628152212
.84735838572184
.85934096574783
.85498364766439
.86710238456726
.85117103656133
.83973310391108
.84722222884496
.83932461341222
.84586056073507
.84967319170634
.84381806850433
.85212417443593
.85157952706019
.83632898330688
.84899238745371
.84735838572184
.85389433304469
.84381806850433
.85062636931737
.84381806850433
.84967319170634
.86206426223119
.84163941939672
.84749454259872
.8585239648819
.84354575475057
.85171570380529
.84885621070862
.84504355986913
.85893247524897
.85280501842499
.85702613989512
.8479030529658
.84803920984268
.85266886154811
.84545207023621
.84844770034154
.85498364766439
.86179192860921
.85634531577428
.85008170207341
.84953705469767
.85675382614136
.84722222884496
.85552833477656
.86356210708618
.85620913902919
.84831154346466
.85266884167989
.84490740299225
.85239650805791
.85838780800502
.85443900028865
.86233659585317
.85893245538076
.86397059758504
.85920478900274
.85811545451482
.86043028036753
.86233659585317
.86696622769038
.87322984139125
.86288128296534
.86587691307068
.8737745086352
.85893245538076
.86846405267715
.86941721041997
.8762254913648
.87037038803101
.8773148059845
.8690087000529
.86478755871455
.88003812233607
.86342593034108
.86723858118057
.87690631548564
.86832787593206
.87282135089238
.87949345509211
.86968954404195
.8739106853803
.87581700086594
.87636164824168
.87840414047241
.88970589637756
.87145968278249
.87418299913406
.88126361370087
.87254901727041
.875
.90073529879252
.87595315774282
.87649782498678
.88494006792704
.87649780511856
.88085512320201
.88997821013133
.88507626454035
.88793571790059
.91598584254583
.90890522797902
.90209696690242
.90386710564295
.8927015264829
.88643791278203
.90400326251984
.88534857829412
.89882898330688
.89855664968491
.88262528181076
.88698258002599
.89324617385864
.89297386010488
.89338235060374
.88916122913361
.89460784196854
.88439544041951
.89869280656179
.89474401871363
.87949345509211
.89583331346512
.89256536960602
.88779958089193
.89365468422572
.89392703771591
.89052287737528
.89419935146968
.91053920984268
.88684640328089
.89174836874008
.90822440385818
.8903867204984
.9010076324145
.90563726425171
.89392703771591
.89133987824122
.90822440385818
.89964596430461
.8916122118632
.90236928065618
.88643791278203
.89787580569585
.89651417732239
.89297386010488
.9022331237793
.9031862616539
.88344224294027
.909177561601
.91693900028865
.91666668653488
.94444445768992
.92007078727086
.91040307283401
.91162852446238
.92293028036753
.91503268480301
.90767975648244
.92184096574783
.93559366464615
.91993463039398
.92224945624669
.91911766926448
.91612201929092
.94035947322845
.92429194847743
.92388343811035
.92919391393661
.92633444070816
.93491286039352
.93586601813634
.91666666666667
.93028324842453
.93436819314957
.93096405267715
.93423203627268
.93763615687688
.93586599826813
.93995100259781
.94975489377975
.94893791278203
.95179736614227
.94444445768992
.95125271876653
.95629086097081
.96309912204742
.96092047293981
.94880175590515
.95111656188965
.95683550834656
.95179738601049
.95370370149612
.96936275561651
.95915033419927
.96909040212631
.97440089782079
.97426472107569
1.0270969669024
.9916938940684
.97862201929092
.98638343811035
.98760894934336
.98502178986867
.99455338716507
.99945533275604
.99251089493434
.9915577173233
1.0019063353539
1.0038126309713
1.0127995610237
1.0118464231491
1.0016340017319
1.0166121721268
1.0217864910762
1.0085784196854
1.0216503540675
1.0172930558523
.99509805440903
1.0228758255641
1.0253267685572
1.0202886660894
1.0268246332804
1.0354030529658
1.0305010875066
1.0309095780055
1.0373093684514
1.0423475106557
1.0439815123876
1.0487472613653
1.046160141627
1.0468409458796
1.054874698321
1.0359477202098
1.0510620673498
1.0554194053014
1.0511982440948
1.0499727725983
1.0536492268244
1.0516067743301
1.0540577173233
1.0604575475057
1.0664487679799
1.051062087218
1.0467047691345
1.0558278958003
1.0521514217059
1.0468409657478
1.0688997507095
1.0680828094482
1.0697167714437
1.0814270178477
1.0736656188965
1.0859204530716
1.08061003685
1.0770697196325
1.0727123816808
1.0830610195796
1.0799291928609
1.0725762446721
1.0716230869293
1.0703976154327
1.078159014384
1.0961329142253
1.067810455958
1.0837418635686
1.0901416142782
1.0758442083995
1.0816993316015
1.0836056868235
1.0803376833598
1.0866012970606
1.112064242363
1.080065369606
1.0697168111801
1.0781590541204
1.0605936845144
1.0664488077164
1.0721677541733
1.0580065250397
1.0740741093953
1.0638616482417
1.0626361370087
1.057870388031
1.0757080713908
1.0597767035166
1.0556917190552
1.0648148059845
1.0608659982681
1.0528322458267
1.0505174001058
1.0498365561167
1.0483387708664
1.0584150155385
1.0446623166402
1.0649509827296
1.0720315774282
1.0483387708664
1.0486110846202
1.0471132596334
1.0535130500793
1.0366285244624
1.0467047691345
1.0580065647761
1.0427560011546
1.0547385613124
1.0556917587916
1.0419390201569
1.0400326649348
1.0433006683985
1.0318627357483
1.0400326649348
1.0375816822052
1.0269608100255
1.0439814329147
1.0396241744359
1.0145697196325
1.0231481393178
1.0428921778997
1.0314542452494
1.0299564599991
1.0360838969549
1.0204248428345
1.0349945624669
1.0310457547506
1.016884525617
1.0182461341222
1.021514137586
1.013480424881
1.0300925970078
1.0236928065618
1.0217864910762
1.0130718946457
1.021514137586
1.0102124214172
1.0148420333862
1.0170207023621
1.0065359671911
1.0083060661952
1.0136165221532
1.0042211413383
1.0202887058258
1.0102123816808
.99332789580027
1.0098039309184
1.0167483886083
1.0062635938327
1.0013616482417
1.0032679637273
1.0054466724396
1.0032679637273
1.0181099971135
1.007352968057
.99482570091883
.99428105354309
1.0029956499736
.99577887852987
1.0054466327031
.99645968278249
.99959150950114
.99537036816279
.9989106853803
.99332789580027
1.0036764740944
1.0039488077164
.99537036816279
.99183005094528
1.0142973661423
.99700435002645
.9998638232549
1.0020424723625
.99183005094528
.99945533275604
.98733661572138
.97494554519653
.97753268480301
.99060455958049
.97589870293935
.97930282354355
.99019606908162
.97794117530187
.98924291133881
.99577885866165
.9741285443306
.98706426223119
1.0020424524943
.98502180973689
.99319171905518
.98679194847743
.97399238745371
.97766886154811
.97998364766439
.97426470120748
.98243463039398
.9822984735171
.97194989522298
.98093680540721
.9812091588974
.97494552532832
.97685184081395
.97576252619425
.97440085808436
.97930284341176
.97998364766439
.96732026338577
.97821350892385
.95846951007843
.96800108750661
.97440085808436
.96759259700775
.95915033419927
.9645969470342
.97440087795258
.95683552821477
.95206971963247
.97358389695485
.96623092889786
.95547384023666
.95424836874008
.94199347496033
.95220587650935
.95179738601049
.95724399884542
.94934642314911
.93477668364843
.9492102265358
.93382352590561
.96827342112859
.95057189464569
.9467592438062
.9445806145668
.93790849049886
.93327887852987
.93191721041997
.94212961196899
.93191721041997
.93327885866165
.94253812233607
.93586601813634
.93777233362198
.93586601813634
.92960240443548
.93464052677155
.93804466724396
.92497275273005
.94076798359553
.93600217501322
.93954249223073
.93777235349019
.9409041206042
.92510890960693
.91530501842499
.9210239648819
.91666666666667
.91598584254583
.9163943529129
.90849671761195
.91761980454127
.93218954404195
.91203703482946
.92415579160055
.91938998301824
.91898147265116
.91571352879206
.91503268480301
.91380719343821
.91230936845144
.91612199942271
.90264161427816
.90767973661423
.94144880771637
.92742373545965
.89896514018377
.91217319170634
.90400326251984
.89787582556407
.90236928065618
.89964596430461
.90454794963201
.90373092889786
.89678651094437
.90631808837255
.91067538658778
.90005445480347
.90413943926493
.89297384023666
.90495644013087
.88793573776881
.9044117530187
.90931371847789
.90264161427816
.88698258002599
.89842047293981
.88248910506566
.88303375244141
.93314270178477
.89828431606293
.93246187766393
.91367103656133
.88875269889832
.89406319459279
.90073527892431
.89324617385864
.88167212406794
.89324619372686
.88494008779526
.89025056362152
.89433550834656
.88044661283493
.88276143868764
.88752724726995
.89106754461924
.88289759556452
.88303377230962
.87145968278249
.86914487679799
.88793573776881
.87064268191655
.88480393091838
.88711873690287
.87608933448792
.88044663270315
.89501635233561
.88180826107661
.87527233362198
.88875271876653
.89556101957957
.88602942228317
.89692264795303
.88371459643046
.90318628152211
.89692266782125
.88017429908117
.88085510333379
.8914760351181
.88017429908117
.88453157742818
.88711873690287
.88861654202143
.88262526194255
.88766340414683
.87595317761103
.87227668364843
.88276143868764
.87922112147013
.8773148059845
.87704249223073
.89351852734884
.87540849049886
.88003812233607
.87663398186366
.86832789580027
.87214052677155
.88916122913361
.86492375532786
.87145968278249
.87418301900228
.87064270178477
.86533224582672
.87118736902873
.8596132795016
.86029412349065
.89923747380575
.85893247524897
.8574346502622
.875
.86070261398951
.84694989522298
.86260892947515
.85198801755905
.86628542343775
.86928105354309
.86083879073461
.8502178589503
.86968954404195
.85443900028865
.85552831490835
.85947712262472
.85770698388418
.85280499855677
.86247277259827
.85688998301824
.85307735204697
.86056643724442
.85661764939626
.8585239648819
.87227666378021
.8562091588974
.86805556217829
.8596132795016
.85157952706019
.85716231664022
.85974945624669
.85103485981623
.85307733217875
.87037038803101
.85334968566895
.8572984735171
.85893245538076
.84055010477702
.85811545451482
.84994554519653
.84545207023621
.84477122624715
.85008172194163
.84722222884496
.84422657887141
.84899238745372
.85974945624669
.84286493062973
.85157952706019
.86015796661377
.85757080713908
.84940085808436
.85362199942271
.86492373545965
.86233659585317
.85879629850388
.84654140472412
.84041394790014
.8572984735171
.85416666666667
.85688998301824
.85702613989512
.84517975648244
.85130719343821
.85825165112813
.85307735204697
.84872003396352
.85103487968445
.84055010477702
.8394607702891
.84858387708664
.84000545740128
.83687363068263
.83483117818832
.83769065141678
.84586056073507
.84136710564295
.83197168509165
.83319717645645
.84368193149567
.83469498157501
.84136710564295
.85157950719198
.8312908411026
.83932461341222
.83700978755951
.81767427921295
.83088233073552
.83755445480347
.82679736614227
.82434638341268
.83292484283447
.82393791278203
.8302015264829
.82516338427862
.8231209119161
.82557189464569
.82366557916005
.82502722740173
.8220315972964
.82638887564341
.82393791278203
.82107843955358
.82775052388509
.83755445480347
.83129086097081
.82393791278203
.85280501842499
.82230391105016
.81753812233607
.83346951007843
.82325708866119
.81835512320201
.82843138774236
.82666120926539
.82502722740173
.83455880482992
.82720589637756
.8208061059316
.82489105065664
.82393791278203
.82434640328089
.82148693005244
.81672112147013
.81903594732285
.82570807139079
.81658498446147
.83197168509165
.83592049280802
.8123638232549
.82026143868764
.83074617385864
.81535947322845
.82434640328089
.82965687910716
.81672114133835
.81277233362198
.82407406965892
.81644880771637
.82380173603694
.81644880771637
.80936819314957
.81862745682398
.81808278958003
.8125
.81563180685043
.83333333333333
.81522331635157
.82448258002599
.82325708866119
.81032135089238
.81876361370087
.81753812233607
.81399782498678
.80991286039352
.81944445768992
.80855121215185
.80759803454081
.81113835175832
.80827887852987
.80732572078705
.80514705181122
.79820261398951
.80882352590561
.8137254913648
.82312089204788
.80841503540675
.80841505527496
.8101851940155
.80255991220474
.802015264829
.81849128007889
.80678103367488
.79929192860921
.80555556217829
.80841503540675
.8054193854332
.81889977057775
.80596407254537
.8159041206042
.82393791278203
.80038126309713
.80637254317602
.8220315972964
.81209148963292
.80215142170588
.80882352590561
.80827885866165
.79670478900274
.81345315774282
.79507080713908
.80010892947515
.8148148059845
.80882352590561
.81032135089238
.80201524496078
.79833879073461
.80650871992111
.81495098272959
.80051743984222
.80215142170588
.79656863212585
.79711329936981
.79915577173233
.80868734916051
.79261982440948
.80283224582672
.82026143868764
.83428647120794
.82611654202143
.80964052677155
.81617647409439
.79929192860921
.79847494761149
.79847494761149
.79193898042043
.79779410362244
.79861112435659
.79275600115458
.8054193854332
.79507080713908
.79343682527542
.80787036816279
.78649238745371
.78962417443593
.7875816822052
.78935186068217
.7792755762736
.79452613989512
.80242373545965
.79098582267761
.79656863212585
.80800654490789
.79452613989512
.80147059758504
.80255991220474
.79711329936981
.80678103367488
.79261982440948
.7935729821523
.80160675446192
.80337691307068
.80174293120702
.81522329648336
.81141066551208
.80732570091883
.79507080713908
.80882352590561
.80092593034108
.80310455958049
.82992919286092
.79547929763794
.79248364766439
.8502178589503
.80201524496078
.79915579160055
.80392158031464
.78349673748016
.78812636931737
.81222768624624
.78867101669312
.79520696401596
.78785403569539
.81876361370087
.78703703482946
.78826250632604
.78199891249339
.76906317472458
.78540307283401
.79479849338531
.79261982440948
.80106208721797
.78839870293935
.80528322855632
.81454247236252
.80065361658732
.80446622769038
.81154684225718
.79166666666667
.79629629850388
.80555556217829
.79643245538076
.80664487679799
.81740196545919
.7982025941213
.81004901727041
.80855119228363
.81658496459325
.80637254317602
.81726578871409
.81467864910762
.80923201640447
.8018790880839
.8206699291865
.80650871992111
.80800654490789
.8148148059845
.80882354577382
.81345315774282
.81481482585271
.80596403280894
.81072984139125
.80787036816279
.80501089493434
.82244008779526
.8123638232549
.8197167913119
.80637254317602
.81658496459325
.80038126309713
.8029684027036
.81958059469859
.79847494761149
.81481482585271
.81522329648336
.80119824409485
.80596403280894
.81794661283493
.80555558204651
.81059370438258
.82584422826767
.80324073632558
.81862743695577
.81767429908117
.79997277259827
.80378540356954
.80827885866165
.80283222595851
.80065359671911
.80691721041997
.80201524496078
.79752178986867
.81100217501322
.79779412349065
.80024510622025
.81522331635157
.80759805440903
.80773419141769
.81113835175832
.79793028036753
.80610020955404
.80868734916051
.80283224582672
.80065359671911
.81386166810989
.79970043897629
.80269608894984
.81004903713862
.82162308692932
.81358933448792
.81998910506566
.8195806145668
.79765796661377
.80201524496078
.81195535262426
.80119826396306
.7982025941213
.80160673459371
.802015264829
.80255991220474
.80977668364843
.80119826396306
.80569171905518
.80841503540675
.80664487679799
.80827887852987
.81250001986821
.80242373545965
.80364924669266
.81113835175832
.80650871992111
.80038126309713
.81059370438258
.79248364766439
.80133442083995
.80514707167943
.80147059758504
.79398149251938
.81277233362198
.79656863212585
.80228757858276
.79534316062927
.79343682527542
.79765794674555
.8052832086881
.79847494761149
.80255993207296
.80364922682444
.80473854144414
.79765794674555
.8123638232549
.80827887852987
.79942808548609
.80582789580027
.79970043897629
.80501089493434
.81086601813634
.80364924669266
.80501089493434
.81222768624624
.80610020955404
.80909585952759
.80201524496078
.80664489666621
.81563182671865
.81740196545919
.79997277259827
.80909585952759
.81440631548564
.81672114133835
.82666122913361
.80541940530141
.80773419141769
.80582787593206
.80201524496078
.82257624467214
.80038124322891
.81154684225718
.80936819314957
.80623638629913
.81604029734929
.80964050690333
.80637256304423
.80119826396306
.81917212406794
.8032407561938
.80269606908162
.81985294818878
.80610020955404
.81781045595805
.82448258002599
.80678103367488
.80882354577382
.81386164824168
.80773419141769
.81072984139125
.81876363356908
.80637256304423
.80909585952759
.81835512320201
.80705338716507
.80746187766393
.81549563010534
.80732568105062
.80868736902873
.81563178698222
.79330066839854
.80460240443548
.80514705181122
.80078975359599
.80664487679799
.81889977057775
.80773419141769
.80364922682444
.80405773719152
.80528322855632
.80773421128591
.81032135089238
.79820261398951
.79779412349065
.80038128296534
.79901961485545
.80487471818924
.81168299913406
.82080608606338
.80827885866165
.81209148963292
.7971132795016
.81821896632512
.85253268480301
.83523964881897
.81985294818878
.88480391105016
.81876361370087
.80623636643092
.7971132795016
.82107843955358
.79656863212585
.81277233362198
.81181917587916
.79724945624669
.81413398186366
.81454249223073
.80255991220474
.80296842257182
.80528322855632
.81059368451436
.80528322855632
.81658498446147
.80405773719152
.80841503540675
.80732570091883
.80065359671911
.81304466724396
.80092593034108
.79779412349065
.80255991220474
.80950435002645
.80787036816279
.79874728123347
.81781045595805
.80487473805745
.80991286039352
.80528322855632
.79942810535431
.80501089493434
.8112745086352
.80119826396306
.80637256304423
.81495098272959
.81059368451436
.8101851940155
.80964052677155
.79806645711263
.80514707167943
.80678105354309
.80351306994756
.80310455958048
.82094226280848
.79874726136525
.805147031943
.80473858118057
.794662296772
.80392156044642
.81535947322845
.81427015860875
.81495098272959
.81876361370087
.80255991220474
.80078975359599
.80923203627268
.80882354577382
.79888343811035
.80773419141769
.80691721041997
.79384529590607
.80215142170588
.81222766637802
.81740196545919
.80623636643092
.80732570091883
.80691721041997
.79343682527542
.81222766637802
.80310455958049
.81454249223073
.81889979044596
.80405773719152
.81304466724396
.80895968278249
.80814270178477
.81427015860875
.81794661283493
.80501089493434
.7949346502622
.80324073632558
.80487473805745
.80201524496078
.80855119228363
.78390524784724
.80215142170588
.80623638629913
.79956426223119
.79874730110168
.81127448876699
.79738561312358
.8125
.80909585952759
.80868736902873
.79779410362244
.80814270178477
.79970041910807
.80364922682444
.80977668364843
.79316447178523
.80596405267715
.80255991220474
.80950436989466
.8029684027036
.80691719055176
.79289215803146
.80269608894984
.81318084398905
.80650871992111
.80255991220474
.80868736902873
.80678105354309
.79915577173233
.80841503540675
.80392158031464
.80501089493434
.81045750776927
.80610022942225
.79779410362244
.80746187766393
.81222766637802
.79752180973689
.80460242430369
.80541940530141
.79738561312358
.80201524496078
.80255991220474
.79643247524897
.79112201929092
.8029684027036
.78254357973735
.7935729821523
.80705336729685
.79030501842499
.80827887852987
.81100219488144
.79261982440948
.79643245538076
.80201524496078
.79016884167989
.79684094587962
.81386164824168
.80460238456726
.79874728123347
.82407406965892
.79629629850388
.80705336729685
.80718954404195
.80991284052531
.79874728123347
.80773421128591
.80936819314957
.80814270178477
.81821896632512
.81004903713862
.80487471818924
.8103213707606
.79915577173233
.80610022942225
.80664489666621
.79330064853032
.7960239648819
.81209150950114
.79752178986867
.80228759845098
.81617647409439
.80078975359599
.80787038803101
.81440631548564
.80174291133881
.79847494761149
.80242373545965
.79139433304469
.80038126309713
.7947984735171
.79643245538076
.79425382614136
.81045752763748
.80133442083995
.79643245538076
.80405773719152
.81100217501322
.79398149251938
.79983659585317
.82203157742818
.80269606908162
.80473856131236
.81685729821523
.79861110448837
.80337689320246
.81386164824168
.79684094587962
.80201524496078
.805147031943
.79575163125992
.80855119228363
.81113835175832
.80487473805745
.8054193854332
.80337691307068
.79370913902919
.80746187766393
.82039759556452
.80242373545965
.80215140183767
.80010894934336
.80868736902873
.8052832086881
.81685729821523
.79479849338531
.80691721041997
.80855119228363
.81045750776927
.80010892947515
.79861110448837
.79711329936981
.79806643724442
.82352940241496
.81631263097127
.7937091588974
.81535949309667
.79425382614136
.80718952417374
.80283224582672
.79752177000046
.79670478900274
.80855117241542
.79166666666667
.80351306994756
.80582789580027
.7958877881368
.79261982440948
.80160675446192
.79656863212585
.79520696401596
.79684094587962
.79153048992157
.79057733217875
.79738561312358
.79697714249293
.79098584254583
.79874728123347
.79547929763794
.79575165112813
.80337691307068
.80664487679799
.78785403569539
.80065357685089
.80419391393661
.79343682527542
.79888343811035
.81072984139125
.79997275273005
.80392156044642
.8112745086352
.79098584254583
.80201524496078
.83619280656179
.8302015264829
.80092591047287
.81100217501322
.80024510622025
.82475489377975
.81399782498678
.80228757858276
.80283224582672
.8159041206042
.79507080713908
.8065087000529
.79861112435659
.81590414047241
.80106208721797
.80528322855632
.79806643724442
.80310455958049
.82570805152257
.81045750776927
.8101851940155
.80392156044642
.81086603800456
.82039761543274
.80623638629913
.80514705181122
.80337691307068
.80787036816279
.80964050690333
.80664487679799
.81781045595805
.81209148963292
.80800654490789
.80800652503967
.80569171905518
.81127452850342
.81699345509211
.79861110448837
.80964050690333
.80718956391017
.80378540356954
.80187906821569
.79793028036753
.80732572078705
.80119826396306
.80664489666621
.80678105354309
.80174291133881
.80787038803101
.81032135089238
.79752178986867
.80201524496078
.83796296517054
.79656863212585
.81563178698222
.81427015860875
.794662296772
.79234751065572
.80351306994756
.78690085808436
.79493463039398
.79275600115458
.78240740299225
.79084968566895
.79289215803146
.7866285443306
.78649238745371
.78730936845144
.7700163324674
.77927559614182
.7958877881368
.79248364766439
.80051741997401
.81604031721751
.79221133391062
.80024510622025
.80147059758504
.79166666666667
.80855119228363
.79534312089284
.79534314076106
.79942810535431
.80623640616735
.80473856131236
.80324073632558
.80473854144414
.79411764939626
.79711329936981
.80187906821569
.79833877086639
.80215142170588
.80473858118057
.80106208721797
.79670478900274
.8043300708135
.7960239648819
.79861112435659
.80923203627268
.79752178986867
.79302831490835
.80827887852987
.79561545451482
.80024508635203
.79711329936981
.80106208721797
.78948801755905
.78499454259872
.79629629850388
.78976035118103
.79575163125992
.79398149251938
.7866285443306
.78785403569539
.79847494761149
.78594772020976
.79193900028865
.78962417443593
.77546296517054
.78799021244049
.78608387708664
.77246733506521
.76606752475103
.77301198244095
.77614378929138
.76511438687642
.76824619372686
.74972766637802
.76429738601049
.76742921272914
.75054468711217
.75027233362198
.74945533275604
.73828973372777
.73965142170588
.78036493062973
.7698801557223
.76947166522344
.77301198244095
.76293573776881
.7595315972964
.76742919286092
.74822984139125
.74455338716507
.7501361767451
.73856208721797
.73665579160055
.73815359671911
.73488563299179
.72712419430415
.72644335031509
.7218137383461
.71214596430461
.7145969470342
.69757624467214
.69294663270315
.6958061059316
.67851306994756
.67483659585317
.65808822711309
.65631808837255
.65604577461878
.65944987535477
.62200435002645
.62513615687688
.61900871992111
.58020150661469
.64515250921249
0
0
0
0
0
0
0
0
0
0
0
0
0
0
0
0
0
0
0
0
0
0
0
0
0
0
0
0
0
0
0
0
0
0
0
0
0
0
0
0
0
0
0
0
0
0
0
0
0
0
0
0
0
0
0
0
0
0
0
0
0
0
0
0
0
0
0
0
0
0
0
0
0
0
0
0
0
0
0
0
0
0
0
0
0
0
0
0
0
0
0
0
0
0
0
0
0
0
0
0
0
0
0
0
0
0
0
0
0
0
0
0
0
0
0
0
0
0
0
0
0
0
0
0
0
0
0
0
0
0
0
0
0
0
0
0
0
0
0
0
0
0
0
0
0
0
0
0
0
0
0
0
0
0
0
0
0
0
0
0
0
0
0
0
0
0
0
0
0
0
0
0
0
0
0
0
0
0
0
0
0
0
0
0
0
0
0
0
0
0
0
0
0
0
0
0
0
0
0
0
0
0
0
0
0
0
0
0
0
0
0
0
0
0
0
0
0
0
0
0
0
0
0
0
0
0
0
0
0
0
0
0
0
0
0
0
0
0
0
0
0
0
0
0
0
0
0
0
0
0
0
0
0
0
0
0
0
0
0
0
0
0
0
0
0
0
0
0
0
0
0
0
0
0
0
0
0
0
0
0
0
0
0
0
0
0
0
0
0
0
0
0
0
0
0
0
0
0
0
0
0
0
0
0
0
0
0
0
0
0
0
0
0
0
0
0
0
0
0
0
0
0
0
0
0
0
0
0
0
0
0
0
0
0
0
0
0
0
0
0
0
0
0
0
0
0
0
0
0
0
0
0
0
0
0
0
0
0
0
0
0
0
0
0
0
0
0
0
0
0
0
0
0
0
0
0
0
0
0
0
0
0
0
0
0
0
0
0
0
0
0
0
0
0
0
0
0
0
0
0
0
0
0
0
0
0
0
0
0
0
0
0
0
0
0
0
0
0
0
0
0
0
0
0
0
0
0
0
0
0
0
0
0
0
0
0
0
0
0
0
0
0
0
0
0
0
0
0
0
0
0
0
0
0
0
0
0
0
0
0
0
0
0
0
0
0
0
0
0
0
0
0
0
0
0
0
0
0
0
0
0
0
0
0
0
0
0
0
0
0
0
0
0
0
0
0
0
0
0
0
0
0
0
0
0
0
0
0
0
0
0
0
0
0
0
0
0
0
0
0
0
0
0
0
0
0
0
0
0
0
0
0
0
0
0
0
0
0
0
0
0
0
0
0
0
0
0
0
0
0
0
0
0
0
0
0
0
0
0
0
0
0
0
0
0
0
0
0
0
0
0
0
0
0
0
0
0
0
0
0
0
0
0
0
0
0
0
0
0
0
0
0
0
0
0
0
0
0
0
0
0
0
0
0
0
0
0
0
0
0
0
0
0
0
0
0
0
0
0
0
0
0
0
0
0
0
0
0
0
0
0
0
0
0
0
0
0
0
0
0
0
0
0
0
0
0
0
0
0
0
0
0
0
0
0
0
0
0
0
0
0
0
0
0
0
0
0
0
0
0
0
0
0
0
0
0
0
0
0
0
0
0
0
0
0
0
0
0
0
0
0
0
0
0
0
0
0
0
0
0
0
0
0
0
0
0
0
0
0
0
0
0
0
0
0
0
0
0
0
0
0
0
0
0
0
0
0
0
0
0
0
0
0
0
0
0
0
0
0
0
0
0
0
0
0
0
0
0
0
0
0
0
0
0
0
0
0
0
0
0
0
0
0
0
0
0
0
0
0
0
0
0
0
0
0
0
0
0
0
0
0
0
0
0
0
0
0
0
0
0
0
0
0
0
0
0
0
0
0
0
0
0
0
0
0
0
0
0
0
0
0
0
0
0
0
0
0
0
0
0
0
0
0
0
0
0
0
0
0
0
0
0
0
0
0
0
0
0
0
0
0
0
0
0
0
0
0
0
0
0
0
0
0
0
0
0
0
0
0
0
0
0
0
0
0
0
0
0
0
0
0
0
0
0
0
0
0
0
0
0
0
0
0
0
0
0
0
0
0
0
0
0
0
0
0
0
0
0
0
0
0
0
0
0
0
0
0
0
0
0
0
0
0
0
0
0
0
0
0
0
0
0
0
0
0
0
0
0
0
0
0
0
0
0
0
0
0
0
0
0
0
0
0
0
0
0
0
0
0
0
0
0
0
0
0
0
0
0
0
0
0
0
0
0
0
0
0
0
0
0
0
0
0
0
0
0
0
0
0
0
0
0
0
0
0
0
0
0
0
0
0
0
0
0
0
0
0
0
0
0
0
0
0
0
0
0
0
0
0
0
0
0
0
0
0
0
0
0
0
0
0
0
0
0
0
0
0
0
0
0
0
0
0
0
0
0
0
0
0
0
0
0
0
0
0
0
0
0
0
0
0
0
0
0
0
0
0
0
0
0
0
0
0
0
0
0
0
0
0
0
0
0
0
0
0
0
0
0
0
0
0
0
0
0
0
0
0
0
0
0
0
0
0
0
0
0
0
0
0
0
0
0
0
0
0
0
0
0
0
0
0
0
0
0
0
0
0
0
0
0
0
0
0
0
0
0
0
0
0
0
0
0
0
0
0
0
0
0
0
0
0
0
0
0
0
0
0
0
0
0
0
0
0
0
0
0
0
0
0
0
0
0
0
0
0
0
0
0
0
0
0
0
0
0
0
0
0
0
0
0
0
0
0
0
0
0
0
0
0
0
0
0
0
0
0
0
0
0
0
0
0
0
0
0
0
0
0
0
0
0
0
0
0
0
0
0
0
0
0
0
0
0
0
0
0
0
0
0
0
0
0
0
0
0
0
0
0
0
0
0
0
0
0
0
0
0
0
0
0
0
0
0
0
0
0
0
0
0
0
0
0
0
0
0
0
0
0
0
0
0
0
0
0
0
0
0
0
0
0
0
0
0
0
0
0
0
0
0
0
0
0
0
0
0
0
0
0
0
0
0
0
0
0
0
0
0
0
0
0
0
0
0
0
0
0
0
0
0
0
0
0
0
0
0
0
0
0
0
0
0
0
0
0
0
0
0
0
0
0
0
0
0
0
0
0
0
0
0
0
0
0
0
0
0
0
0
0
0
0
0
0
0
0
0
0
0
0
0
0
0
0
0
0
0
0
0
0
0
0
0
0
0
0
0
0
0
0
0
0
0
0
0
0
0
0
0
0
0
0
0
0
0
0
0
0
0
0
0
0
0
0
0
0
0
0
0
0
0
0
0
0
0
0
0
0
0
0
0
0
0
0
0
0
0
0
0
0
0
0
0
0
0
0
0
0
0
0
0
0
0
0
0
0
0
0
0
0
0
0
0
0
0
0
0
0
0
0
0
0
0
0
0
0
0
0
0
0
0
0
0
0
0
0
0
0
0
0
0
0
0
0
0
0
0
0
0
0
0
0
0
0
0
0
0
0
0
0
0
0
0
0
0
0
0
0
0
0
0
0
0
0
0
0
0
0
0
0
0
0
0
0
0
0
0
0
0
0
0
0
0
0
0
0
0
0
0
0
0
0
0
0
0
0
0
0
0
0
0
0
0
0
0
0
0
0
0
0
0
0
0
0
0
0
0
0
0
0
0
0
0
0
0
0
0
0
0
0
0
0
0
0
0
0
0
0
0
0
0
0
0
0
0
0
0
0
0
0
0
0
0
0
0
0
0
0
0
0
0
0
0
0
0
0
0
0
0
0
0
0
0
0
0
0
0
0
0
0
0
0
0
0
0
0
0
0
0
0
0
0
0
0
0
0
0
0
0
0
0
0
0
0
0
0
0
0
0
0
0
0
0
0
0
0
0
0
0
0
0
0
0
0
0
0
0
0
0
0
0
0
0
0
0
0
0
0
0
0
0
0
0
0
0
0
0
0
0
0
0
0
0
0
0
0
0
0
0
0
0
0
0
0
0
0
0
0
0
0
0
0
0
0
0
0
0
0
0
0
0
0
0
0
0
0
0
0
0
0
0
0
0
0
0
0
0
0
0
0
0
0
0
0
0
0
0
0
0
0
0
0
0
0
0
0
0
0
0
0
0
0
0
0
0
0
0
0
0
0
0
0
0
0
0
0
0
0
0
0
0
0
0
0
0
0
0
0
0
0
0
0
0
0
0
0
0
0
0
0
0
0
0
0
0
0
0
0
0
0
0
0
0
0
0
0
0
0
0
0
0
0
0
0
0
0
0
0
0
0
0
0
0
0
0
0
0
0
0
0
0
0
0
0
0
0
0
0
0
0
0
0
0
0
0
0
0
0
0
0
0
0
0
0
0
0
0
0
0
0
0
0
0
0
0
0
0
0
0
0
0
0
0
0
0
0
0
0
0
0
0
0
0
0
0
0
0
0
0
0
0
0
0
0
0
0
0
0
0
0
0
0
0
0
0
0
0
0
0
0
0
0
0
0
0
0
0
0
0
0
0
0
0
0
0
0
0
0
0
0
0
0
0
0
0
0
0
0
0
0
0
0
0
0
0
0
0
0
0
0
0
0
0
0
0
0
0
0
0
0
0
0
0
0
0
0
0
0
0
0
0
0
0
0
0
0
0
0
0
0
0
0
0
0
0
0
0
0
0
0
0
0
0
0
0
0
0
0
0
0
0
0
0
0
0
0
0
0
0
0
0
0
0
0
0
0
0
0
0
