.81386164824168
.80065359671911
.80977668364843
.8135893146197
.80174293120702
.80473856131236
.81631263097127
.79888343811035
.80133442083995
.79997275273005
.78771787881851
.78703705469767
.80324073632558
.79684094587962
.79221131404241
.79343682527542
.77437363068263
.7794117530187
.79316449165344
.77355664968491
.80065357685089
.79044117530187
.82570807139079
.78608389695485
.78240740299225
.77736930052439
.77219498157501
.77096951007843
.76497822999954
.76960786183675
.77328431606293
.78254357973735
.80364924669266
.80255991220474
.80773421128591
.80378540356954
.80147059758504
.80324073632558
.80705336729685
.8112745086352
.81045752763748
.80501089493434
.80337691307068
.80841503540675
.79643245538076
.80678105354309
.80855119228363
.79193898042043
.80038126309713
.79929194847743
.79234749078751
.79207515716553
.80487473805745
.79765794674555
.78581154346466
.79016884167989
.78839870293935
.78894337018331
.79071348905563
.78131808837255
.79793026049932
.81767429908117
.7969771027565
.81086601813634
.80977668364843
.80855119228363
.79724945624669
.80691721041997
.7960239648819
.8029684027036
.81045752763748
.8054193854332
.80269606908162
.79970043897629
.80106210708618
.79697712262472
.81004903713862
.79139433304469
.80010892947515
.80119826396306
.80255989233653
.79942808548609
.79629627863566
.78717319170634
.79929194847743
.80487471818924
.79493463039398
.79561547438304
.80187906821569
.79030501842499
.79221133391062
.79575163125992
.78513071934382
.78758170207342
.78690085808436
.8032407561938
.78935184081395
.79711329936981
.80664487679799
.80787036816279
.79534312089284
.81386164824168
.79425380627314
.80691721041997
.79956426223119
.80255991220474
.80364922682444
.80787036816279
.80242375532786
.79547929763794
.80855121215185
.80010892947515
.82352940241496
.81222766637802
.80283224582672
.80814270178477
.80147059758504
.79779412349065
.80078975359599
.8041938940684
.80106208721797
.80038128296534
.81889977057775
.79765796661377
.79398149251938
.81181917587916
.79684096574783
.79970043897629
.80895970265071
.80364922682444
.80623638629913
.81331700086594
.81413398186366
.81277233362198
.80378540356954
.79357300202052
.80514705181122
.80759803454081
.79956426223119
.80201524496078
.80623638629913
.79316449165344
.7949346502622
.79861112435659
.79166666666667
.79861110448837
.81467864910762
.79643247524897
.79983659585317
.80759803454081
.79629627863566
.79670478900274
.81699345509211
.79929192860921
.79098584254583
.79438998301824
.80528322855632
.79016884167989
.78989650805791
.80895968278249
.78935184081395
.79956426223119
.80800652503967
.80255993207296
.81699345509211
.83523964881897
.80392158031464
.80174291133881
.80964052677155
.80174293120702
.80501089493434
.79956426223119
.79452615976334
.79547929763794
.79261980454127
.79112201929092
.78989650805791
.80378540356954
.78567538658778
.78308822711309
.7875816822052
.78131808837255
.78254357973735
.79030501842499
.78567538658778
.78186273574829
.79193900028865
.76783768335978
.77982024351756
.78090957800547
.76715685923894
.76579521099726
.77913943926493
.76674834887187
.77069717645645
.76511438687642
.7570806145668
.75408498446147
.75190631548564
.74891066551208
.74223856131236
.74210238456726
.7241285443306
.73624728123347
.71446079015732
.71051198244095
.76348038514455
.802015264829
.78608385721842
.79098582267761
.79915577173233
.79724945624669
.79847494761149
.80051741997401
.78853485981623
.78649238745372
.78894335031509
.79670478900274
.7875816822052
.79016884167989
.79248364766439
.77519063154856
.79084968566895
.80010892947515
.79915577173233
.78458603223165
.80623638629913
.7866285443306
.79139431317647
.80392156044642
.78336056073507
.79030501842499
.79330064853032
.78676472107569
.78513071934382
.78935184081395
.78431371847789
.79207517703374
.78907954692841
.78581156333288
.78444987535477
.79343682527542
.79153048992157
.78839868307114
.78730936845144
.77273966868718
.78622003396352
.78172657887141
.77287582556407
.77396514018377
.76974401871363
.76606754461924
.76606754461924
.76797384023666
.76348038514455
.76579519112905
.76933552821477
.75476578871409
.75776141881943
.8112745086352
.80473856131236
.79643245538076
.80378540356954
.79221135377884
.80160675446192
.80160677433014
.7958877881368
.8029684027036
.8029684027036
.7852668762207
.79616014162699
.80228757858276
.78744554519653
.78962419430415
.8031045794487
.79057733217875
.79330064853032
.78839870293935
.79425382614136
.78063726425171
.78853487968445
.79139433304469
.7772331237793
.78376907110214
.78349673748016
.78199891249339
.78376907110214
.78690087795258
.76729301611582
.79970043897629
.79629629850388
.78077342112859
.79044117530187
.79221133391062
.78159042199453
.78622003396352
.80078975359599
.78989652792613
.78853485981623
.80787036816279
.79084966580073
.79261982440948
.80024510622025
.7877178589503
.79398149251938
.79656863212585
.7937091588974
.79534314076106
.79534314076106
.78431371847789
.79221135377884
.79820261398951
.78635621070862
.79016884167989
.7958877881368
.79098584254583
.78499456246694
.78594772020976
.78390522797902
.78581154346466
.79425382614136
.77845859527588
.78295207023621
.78363289435705
.77165031433105
.7843137383461
.80215142170588
.78989650805791
.79697714249293
.79970043897629
.79670478900274
.80133442083995
.8054193854332
.80324073632558
.80555554231008
.80501091480255
.79874728123347
.79684094587962
.79997275273005
.8018790880839
.79956426223119
.80051741997401
.8032407561938
.80269606908162
.80460238456726
.81781045595805
.81059368451436
.80160675446192
.80882352590561
.80051743984222
.81862745682398
.81576796372732
.8029684027036
.80460240443548
.81263615687688
.80787036816279
.80528322855632
.80841503540675
.80147059758504
.80119826396306
.80936819314957
.80174291133881
.80582789580027
.81495098272959
.79956426223119
.80732570091883
.80718954404195
.80174293120702
.80378540356954
.81549564997355
.80324073632558
.80746187766393
.79874730110168
.78976037104925
.79684096574783
.80923201640447
.80106208721797
.81004901727041
.81399782498678
.8043300708135
.79915577173233
.81740194559097
.80800654490789
.8032407561938
.81113833189011
.8009259502093
.794662296772
.80501089493434
.7924836675326
.80909585952759
.80691721041997
.79847494761149
.80569171905518
.81889979044596
.81168299913406
.81345315774282
.82175926367442
.80827887852987
.80637256304423
.84014161427816
.82584422826767
.80773421128591
.80610022942225
.81304466724396
.80010892947515
.81277231375376
.8125
.80650871992111
.80610022942225
.80623638629913
.79534312089284
.79874728123347
.81644878784815
.80746185779572
.79929194847743
.80827885866165
.80378540356954
.80964052677155
.81304466724396
.8009259502093
.79507082700729
.8041938940684
.79534314076106
.79833877086639
.80868736902873
.79997277259827
.79779412349065
.81181915601095
.80787036816279
.8029684027036
.81141066551208
.80133440097173
.79738561312358
.80487471818924
.79166666666667
.79956426223119
.80977668364843
.7926198442777
.81644880771637
.80964052677155
.80024510622025
.79697712262472
.80732572078705
.80092593034108
.80215140183767
.80950435002645
.78676470120748
.82107841968536
.80283224582672
.80160675446192
.79997275273005
.80909585952759
.80814270178477
.80936819314957
.80964050690333
.79997277259827
.81372547149658
.81318082412084
.81168299913406
.81181917587916
.80787036816279
.8148148059845
.81032135089238
.80637254317602
.80855121215185
.79874728123347
.80405773719152
.80814272165298
.8041938940684
.81726578871409
.81277231375376
.80637254317602
.80147059758504
.79874728123347
.79411764939626
.8054193854332
.80800654490789
.80759803454081
.80555556217829
.81481482585271
.79806643724442
.80664487679799
.81399780511856
.79888345797857
.80964052677155
.81508713960648
.79970041910807
.81113835175832
.80950436989466
.80923203627268
.81018517414729
.81440631548564
.80228757858276
.81658498446147
.80787038803101
.80773419141769
.80569171905518
.81672114133835
.80678105354309
.8112745086352
.81644880771637
.80337691307068
.81413398186366
.81018517414729
.80255989233653
.81086601813634
.82298475503922
.80283222595851
.80718952417374
.8220315972964
.80337691307068
.80746185779572
.80473856131236
.79643245538076
.80460238456726
.80473856131236
.80977668364843
.8125
.82175926367442
.80269608894984
.80936819314957
.80228755871455
.81576798359553
.80787036816279
.80419391393661
.81236384312312
.80160675446192
.8031045794487
.8101851940155
.80078975359599
.80732570091883
.81345315774282
.80569171905518
.8101851940155
.81631261110306
.8029684027036
.81072986125946
.80664487679799
.8041938940684
.80501089493434
.8146786292394
.80895968278249
.81249998013178
.81290849049886
.80950436989466
.81631263097127
.81358933448792
.80174291133881
.81141066551208
.81522331635157
.80460238456726
.81195533275604
.81930828094482
.80310455958049
.80773419141769
.81413398186366
.80882354577382
.80909583965937
.80991284052531
.80010894934336
.80964052677155
.80691719055176
.80119826396306
.80569171905518
.81481482585271
.81072986125946
.81944445768992
.81876363356908
.81100219488144
.81658496459325
.81059366464615
.80841503540675
.80324073632558
.81236384312312
.79697712262472
.79724945624669
.80324073632558
.79656863212585
.79670480887095
.80133442083995
.79384531577428
.80473854144414
.80501089493434
.81958059469859
.80623638629913
.81209150950114
.80637256304423
.79561545451482
.80065359671911
.79997275273005
.79806645711263
.8041938940684
.80228757858276
.8032407561938
.80746187766393
.81794663270315
.8031045794487
.81495098272959
.82135077317556
.81141066551208
.81086599826813
.81781043608983
.81617647409439
.80678103367488
.8029684027036
.80664487679799
.81604031721751
.81318082412084
.80514705181122
.81004899740219
.81467864910762
.80582787593206
.81100217501322
.80228757858276
.80119826396306
.80487471818924
.80569171905518
.8054193854332
.79888343811035
.81168297926585
.81644878784815
.7960239648819
.81454247236252
.80160675446192
.80283224582672
.81917210419973
.80787036816279
.80977668364843
.81726578871409
.82352940241496
.80610022942225
.80650871992111
.80664489666621
.80514705181122
.81127452850342
.7971132795016
.79534314076106
.80296842257182
.79112199942271
.80473856131236
.8043300708135
.80242373545965
.80201524496078
.80814270178477
.80800652503967
.81794663270315
.80841501553853
.82066994905472
.81045750776927
.80841503540675
.82053377230962
.79997275273005
.82026143868764
.81699347496033
.80582789580027
.80773423115412
.80623636643092
.8101851940155
.80977668364843
.81209148963292
.80269608894984
.81794663270315
.81100217501322
.80514705181122
.79820261398951
.80664487679799
.79003268480301
.79384531577428
.79221133391062
.80759803454081
.83088235060374
.80664489666621
.79970041910807
.80909585952759
.80555554231008
.79915575186412
.80228757858276
.80678105354309
.80255991220474
.80678105354309
.81821896632512
.80378542343775
.80283224582672
.81318082412084
.81386164824168
.80923201640447
.8101851940155
.80569171905518
.80895970265071
.80868734916051
.8242102265358
.81358933448792
.81195533275604
.80078975359599
.81018517414729
.82380173603694
.79929192860921
.80841503540675
.81277235349019
.80868736902873
.79711329936981
.79752177000046
.79330064853032
.80092593034108
.81086601813634
.82121459643046
.80637254317602
.80623638629913
.81685729821523
.80977670351664
.81563180685043
.81767429908117
.80487471818924
.81277231375376
.82570805152257
.81018517414729
.81712965170542
.81522329648336
.81345315774282
.81726578871409
.81590414047241
.80541940530141
.81563180685043
.81985294818878
.81168299913406
.82543571790059
.82489105065664
.80242375532786
.81427015860875
.81917212406794
.82570805152257
.81794663270315
.8137254913648
.80310455958049
.81440633535385
.82625271876653
.80501089493434
.81386164824168
.82393791278203
.82094226280848
.8208061059316
.82461873690287
.81726578871409
.82366557916005
.82039759556452
.81808278958003
.82148693005244
.82203157742818
.81644880771637
.81249998013178
.82584422826767
.80882352590561
.81141066551208
.83047386010488
.80773419141769
.81821894645691
.82543571790059
.81086599826813
.82992921272914
.82815903425217
.81889977057775
.81508715947469
.82366557916005
.81032135089238
.80895970265071
.81767429908117
.82911219199498
.82271242141724
.83986928065618
.8291122118632
.82489107052485
.81304464737574
.83061001698176
.82230391105016
.82475489377975
.8363290031751
.82026143868764
.82352940241496
.8289760351181
.82026143868764
.83265250921249
.83946079015732
.83115468422572
.84967321157455
.8549836675326
.8502178589503
.85157952706019
.86315359671911
.86465142170588
.86574073632558
.87949345509211
.86683005094528
.87118736902873
.89338235060374
.87867649396261
.88126361370087
.89923747380575
.89215685923894
.90400328238805
.92524510622025
.90509259700775
.91149238745372
.93001089493434
.91789215803146
.92306645711263
.93600217501322
.92619826396306
.9271514415741
.94104029734929
.93709150950114
.93981482585271
.96173747380575
.94880175590515
.9636438091596
.96282678842545
.96078431606293
.96636710564295
.98379629850388
.98093682527542
.99074073632558
1.0087145765622
1.0013616482417
1.0113017559052
1.0261437892914
1.010484735171
1.0228758056959
1.0388071934382
1.0408496856689
1.0462963183721
1.0611383517583
1.0789760351181
1.073529402415
1.0868736108144
1.1034858226776
1.1041666666667
1.1147875785828
1.1331699291865
1.1293573379517
1.1458333333333
1.1548202435176
1.1433823903402
1.175789753596
1.1789215803146
1.1888616879781
1.2016612291336
1.2180010875066
1.221405227979
1.2355664173762
1.2404684225718
1.2472767035166
1.2641612291336
1.2864923477173
1.2843137184779
1.3123638629913
1.3278867006302
1.3442265987396
1.3602941433589
1.390659014384
1.3996459643046
1.4204792976379
1.4541121721268
1.4737199942271
1.5232843160629
1.571350812912
1.6210511922836
1.6917211214701
1.7679738998413
1.8361927668254
1.8754084904989
1.9680010477702
1.9419934749603
1.9398148059845
1.9550653298696
1.9177559614182
1.8933823506037
1.8807189861933
1.8459967374802
1.8435457150141
1.8040577570597
1.7814542452494
1.7641612291336
1.7342047691345
1.7045207023621
1.6824618975321
1.6693900028865
1.6365740299225
1.6285403172175
1.6168300708135
1.5968137582143
1.578839858373
1.5770697196325
1.5603213310242
1.5433006286621
1.5315904219945
1.5324074029922
1.5059912602107
1.5016340017319
1.4906045595805
1.4825708071391
1.4577886660894
1.4528867006302
1.4306916793187
1.4274237553279
1.3947439988454
1.3845315774282
1.3694171905518
1.3607026338577
1.34177561601
1.3146786292394
1.3033769130707
1.278050104777
1.281045794487
1.2685185273488
1.2660675048828
1.2584422429403
1.2339324553808
1.2244008779526
1.2178649107615
1.2205882469813
1.1996187369029
1.1958061059316
1.1978485584259
1.1736111243566
1.171704808871
1.1781045595805
1.1569989124934
1.1486928065618
1.1491012970606
1.1237745285034
1.1352124214172
1.130310455958
1.119144876798
1.1304466327031
1.1248638232549
1.1062091588974
1.1037581761678
1.0920479695002
1.0834695100784
1.084014137586
1.0872821410497
1.0819716850917
1.0665849844615
1.0586873690287
1.0502451260885
1.0354030132294
1.0487473011017
1.0275054375331
1.0212418238322
1.0172930558523
1.0148420333862
1.0012255311012
.9915577173233
.99577889839808
.99863835175832
.98692808548609
.98447712262472
.96568628152211
.96023964881897
.96078431606293
.94035949309667
.94526141881943
.93913398186366
.92088780800502
.91802831490835
.92143247524897
.90441177288691
.92660677433014
.91122005383174
.89733115832011
.91557733217875
.90345861514409
.89692266782125
.89705882469813
.89869280656179
.88153594732285
.88058278958003
.88575708866119
.87581698099772
.87622547149658
.88262528181076
.85974945624669
.86397057771683
.86056643724442
.86505991220474
.86070261398951
.86696622769038
.85797929763794
.85389433304469
.84640522797902
.82693354288737
.84109477202098
.82924834887187
.82557189464569
.83714596430461
.87935729821523
.82856752475103
.83496731519699
.83496731519699
.82489107052485
.82407406965892
.8314270178477
.82584422826767
.82706971963247
.83115468422572
.82162310679754
.84000545740128
.82747821013133
.82638889551163
.82352942228317
.82652505238851
.83510347207387
.82066994905472
.82557189464569
.83387802044551
.8125
.82257624467214
.81712961196899
.80718954404195
.82244008779526
.82339326540629
.80923201640447
.81998910506566
.81917210419973
.83197168509165
.81113835175832
.81427015860875
.81944443782171
.81236384312312
.82339324553808
.81672112147013
.83673747380575
.82393791278203
.81658496459325
.8217592438062
.82952068249385
.81072984139125
.8112745086352
.81985294818878
.81222768624624
.81263615687688
.82638889551163
.81386164824168
.80691723028819
.81835514307022
.80460240443548
.81209150950114
.82121461629868
.81549564997355
.82107843955358
.82148693005244
.81181917587916
.82652505238851
.81712961196899
.81427013874054
.81331700086594
.81821894645691
.80977668364843
.81318082412084
.81072984139125
.80923201640447
.82148691018422
.81767427921295
.80855119228363
.81331698099772
.81794663270315
.80460238456726
.82706971963247
.81413398186366
.81563180685043
.81753812233607
.81576798359553
.82284857829412
.8123638232549
.80855119228363
.81617645422618
.80678103367488
.8148148059845
.82026145855586
.80855121215185
.8101851940155
.81604031721751
.81699347496033
.80868736902873
.82271242141724
.83510349194209
.81576798359553
.82107843955358
.80610020955404
.80691723028819
.81345315774282
.80637254317602
.80569173892339
.81794661283493
.80936821301778
.81658496459325
.82012526194255
.80759803454081
.81998908519745
.8206699291865
.80514705181122
.80909585952759
.81358933448792
.80160675446192
.81753812233607
.80841501553853
.80038126309713
.81604029734929
.8197167913119
.80501091480255
.82066994905472
.82121457656225
.80964050690333
.8101851940155
.81168299913406
.80024510622025
.81290849049886
.8148148059845
.81440633535385
.8040577173233
.8195806145668
.80337689320246
.8126361767451
.80855119228363
.8114106853803
.81331700086594
.82216777404149
.80473856131236
.81209148963292
.82244008779526
.80705338716507
.8040577173233
.80541936556498
.81495098272959
.80460240443548
.81059368451436
.81876359383265
.80555554231008
.82039761543274
.81372547149658
.8052832086881
.81576798359553
.82598040501277
.80514707167943
.81086601813634
.81604031721751
.80501089493434
.80038128296534
.82393789291382
.8137254913648
.85716231664022
.83537580569585
.82693354288737
.81263615687688
.81290851036708
.81998908519745
.81685731808345
.8101851940155
.81672112147013
.81644878784815
.82829519112905
.82570807139079
.81971677144368
.82107843955358
.80473856131236
.80732570091883
.81903594732285
.80718956391017
.80610020955404
.81617645422618
.81576798359553
.80868736902873
.82393791278203
.81086599826813
.81522331635157
.81440631548564
.80487471818924
.80787036816279
.80950436989466
.79234749078751
.80827885866165
.80160675446192
.80501089493434
.80501089493434
.80759803454081
.80923201640447
.81277231375376
.81331698099772
.80228759845098
.8054193854332
.81331702073415
.81944443782171
.8112745086352
.81181915601095
.80814270178477
.80895968278249
.80501089493434
.80964052677155
.80637256304423
.81072984139125
.81100217501322
.80610020955404
.82039759556452
.82352942228317
.81726578871409
.81399782498678
.81331698099772
.80705338716507
.8029684027036
.80555554231008
.81004903713862
.80255991220474
.81903594732285
.80446622769038
.79752177000046
.80895970265071
.80024510622025
.794662296772
.80637254317602
.80038124322891
.80065359671911
.80950435002645
.79847494761149
.79833877086639
.80705338716507
.79302833477656
.81427013874054
.81740196545919
.80255991220474
.80841503540675
.80378540356954
.79071350892385
.79384531577428
.83360566695531
.79874726136525
.80746185779572
.83387800057729
.80038126309713
.79547927776972
.79833877086639
.79643245538076
.80160673459371
.80991286039352
.79765794674555
.8032407561938
.80010894934336
.79942810535431
.80228757858276
.80664489666621
.80596405267715
.80623638629913
.81072984139125
.81508715947469
.80364922682444
.81086599826813
.80596405267715
.79724943637848
.81141066551208
.81358933448792
.78976033131282
.79125815629959
.80650871992111
.79561547438304
.81032135089239
.80487473805745
.79507080713908
.80187906821569
.80242375532786
.79738561312358
.80147057771683
.80487473805745
.79030499855677
.79806643724442
.80991284052531
.79193900028865
.80215140183767
.80705336729685
.79779412349065
.79888345797857
.80650871992111
.8052832086881
.80582789580027
.81753812233607
.79997277259827
.81440631548564
.81590414047241
.79983659585317
.81018517414729
.8125
.80691721041997
.8029684027036
.81835512320201
.8126361767451
.82257626454035
.83714598417282
.81699345509211
.82148694992065
.82216777404149
.81168301900228
.80923201640447
.82284857829412
.80664487679799
.81604031721751
.82666122913361
.80800652503967
.81467866897583
.81876361370087
.81141066551208
.81181915601095
.82366555929184
.8065087000529
.80950435002645
.80623638629913
.81386164824168
.8029684027036
.79888343811035
.81168299913406
.80501089493434
.81290849049886
.82325708866119
.80991284052531
.80473854144414
.8206699291865
.80078975359599
.81086599826813
.80787038803101
.79098584254583
.80569171905518
.80868734916051
.80514707167943
.80650871992111
.80950435002645
.79411764939626
.8018790880839
.81127452850342
.78989652792613
.79942810535431
.80024508635203
.80405773719152
.79207515716553
.802015264829
.79765796661377
.79738561312358
.80895970265071
.80242375532786
.81358933448792
.81318080425262
.79793030023575
.81998910506566
.8123638232549
.81767429908117
.82516340414683
.81658496459325
.82148693005244
.8209422826767
.81358933448792
.8032407561938
.80664485692978
.80705336729685
.80541940530141
.80174293120702
.81331698099772
.80664487679799
.81032135089238
.80337689320246
.80201524496078
.81399782498678
.80160673459371
.79724945624669
.79575163125992
.80119826396306
.80078975359599
.80228757858276
.81032135089238
.79588780800502
.79057735204697
.80582789580027
.80936819314957
.80337691307068
.80650871992111
.81672114133835
.80324073632558
.80841503540675
.80814270178477
.80964052677155
.80147057771683
.81100217501322
.79847494761149
.79942810535431
.80705336729685
.80664487679799
.79970043897629
.8112745086352
.79139433304469
.79057735204697
.84041392803192
.79302833477656
.80296842257182
.80909585952759
.79629629850388
.79874726136525
.80092593034108
.78880719343821
.80324073632558
.81113835175832
.79793028036753
.79153050978978
.8007897734642
.79738563299179
.80909585952759
.81604029734929
.80038126309713
.79534314076106
.80746187766393
.8043300708135
.79901961485545
.8040577173233
.79656861225764
.80882354577382
.80664489666621
.79561549425125
.80201524496078
.81495098272959
.80147057771683
.80065359671911
.81454247236252
.79942808548609
.80855121215185
.79547929763794
.80487471818924
.80065357685089
.80895970265071
.80092591047287
.81100217501322
.80678103367488
.80392156044642
.81032135089239
.80610022942225
.81168301900228
.80596405267715
.81331698099772
.85198801755905
.81876359383265
.81113835175832
.8125
.81413398186366
.80664489666621
.8041938940684
.80324073632558
.8041938940684
.81944443782171
.80895968278249
.81781045595805
.81263615687688
.80569171905518
.81086601813634
.81481482585271
.80378540356954
.79983661572138
.80964050690333
.79929192860921
.80787036816279
.81467864910762
.80773421128591
.80841503540675
.80923203627268
.79956426223119
.80528322855632
.81876363356908
.80106208721797
.80800654490789
.82175928354263
.80473856131236
.80841501553853
.82489107052485
.80705338716507
.79330064853032
.80732570091883
.78254357973735
.80582789580027
.81481482585271
.80283224582672
.81345317761103
.81318082412084
.80582789580027
.81045750776927
.81726578871409
.80514705181122
.80936819314957
.80569171905518
.79983661572138
.79765796661377
.81222766637802
.7960239648819
.80255991220474
.81617647409439
.80528322855632
.80800652503967
.81222766637802
.81835510333379
.81454247236252
.81712963183721
.81849128007889
.8146786292394
.81808278958003
.81699345509211
.80895970265071
.81331700086594
.81699347496033
.80160675446192
.80201524496078
.80732572078705
.79997277259827
.80283224582672
.81440631548564
.80569173892339
.81535947322845
.80882352590561
.80133442083995
.80827885866165
.81604029734929
.80092591047287
.81399782498678
.81113835175832
.80991284052531
.85049021244049
.81971677144368
.80147059758504
.8041938940684
.81590414047241
.8031045794487
.8018790880839
.81467864910762
.81154684225718
.81059368451436
.81604029734929
.80283226569494
.80582787593206
.80610020955404
.80773419141769
.80732570091883
.80841503540675
.80827885866165
.81522331635157
.81072984139125
.79888343811035
.80555554231008
.80378540356954
.79942810535431
.81004903713862
.80705338716507
.79629629850388
.8043300708135
.80841505527496
.79343680540721
.80691721041997
.81631265083949
.79806645711263
.80569171905518
.80119826396306
.83973310391108
.79888343811035
.80106208721797
.81413398186366
.80691721041997
.79874726136525
.80827887852987
.79411764939626
.802015264829
.81467864910762
.81576798359553
.81495098272959
.80800652503967
.80133444070816
.80855119228363
.80174293120702
.81018517414729
.80324073632558
.81753812233607
.8031045794487
.8114106853803
.80895968278249
.80419391393661
.80255991220474
.81168299913406
.80664487679799
.80364922682444
.80392156044642
.80147057771683
.80337691307068
.81004901727041
.80950435002645
.80147059758504
.80106208721797
.80364922682444
.80487473805745
.80664487679799
.79289213816325
.80215140183767
.79915577173233
.80255991220474
.79861112435659
.79874726136525
.79765792687734
.80174293120702
.80324073632558
.80024510622025
.80501089493434
.80610022942225
.79779412349065
.80174293120702
.80460240443548
.81168299913406
.79765796661377
.80991286039352
.79833879073461
.79806643724442
.81318084398905
.82257626454035
.79684096574783
.80405773719152
.80950436989466
.82965685923894
.80147059758504
.81930828094482
.80364924669266
.81590414047241
.86247277259827
.80351306994756
.8054193854332
.80964052677155
.80296842257182
.80010892947515
.8018790880839
.80119826396306
.80106208721797
.81604031721751
.8041938940684
.80705336729685
.81168299913406
.79793028036753
.80773421128591
.80623638629913
.80364924669266
.80010894934336
.80405773719152
.80269608894984
.80746187766393
.80773419141769
.7852668762207
.79275598128637
.83646514018377
.82489107052485
.80119826396306
.80473858118057
.79507078727086
.79044117530187
.80446624755859
.79711329936981
.79275600115458
.80610020955404
.79411764939626
.79616012175878
.79997277259827
.79724945624669
.80092593034108
.79915577173233
.79398147265116
.8032407561938
.80514705181122
.81222766637802
.80473856131236
.80664487679799
.79901961485545
.80909585952759
.8065087000529
.79248364766439
.80868734916051
.80800654490789
.79139431317647
.79398147265116
.80582787593206
.82012528181076
.80569171905518
.80473856131236
.80174291133881
.79425382614136
.80378540356954
.81113835175832
.79874728123347
.79656863212585
.80569171905518
.79779410362244
.80078973372777
.80405773719152
.80460238456726
.8040577173233
.80228757858276
.8029684027036
.79779412349065
.8018790880839
.80364924669266
.80800654490789
.80977668364843
.80255989233653
.80351306994756
.80473858118057
.80596405267715
.79874728123347
.80119826396306
.79547929763794
.7924836675326
.80092593034108
.78812636931737
.79575163125992
.80623638629913
.80405773719152
.79752178986867
.81168301900228
.80405773719152
.79084968566895
.79820261398951
.79874728123347
.79112199942271
.80324073632558
.79384529590607
.79507078727086
.80228757858276
.79575163125992
.80147059758504
.81018517414729
.79806643724442
.79752178986867
.81100217501322
.8018790880839
.80691719055176
.80650871992111
.83074619372686
.81399782498678
.81277233362198
.79983659585317
.80051743984222
.80487471818924
.81576796372732
.8054193854332
.80936817328135
.81372551123301
.80119826396306
.80215142170588
.81917212406794
.8043300708135
.81672114133835
.82121461629868
.79901959498723
.80895970265071
.81154684225718
.79520696401596
.7924836675326
.80378540356954
.78717319170634
.80964052677155
.80977670351664
.80351306994756
.8007897734642
.81617647409439
.79997275273005
.80487473805745
.80242375532786
.79425380627314
.79806643724442
.82230391105016
.79738561312358
.80923203627268
.81549563010534
.80446622769038
.80255991220474
.81345315774282
.79861112435659
.80555554231008
.81154684225718
.8065087000529
.81413400173187
.8195806145668
.80596405267715
.80718954404195
.80351306994756
.80596405267715
.80895968278249
.81222766637802
.80364924669266
.80378540356954
.81753810246785
.81100217501322
.81917210419973
.82053375244141
.81045750776927
.80705338716507
.81604031721751
.80582789580027
.80691723028819
.81590414047241
.80746187766393
.81495098272959
.81903594732285
.82012526194255
.81168299913406
.81072984139125
.82121461629868
.80596407254537
.81781045595805
.81781045595805
.81263615687688
.81808278958003
.82257624467214
.81004901727041
.81753814220428
.82325708866119
.80133442083995
.81794663270315
.80718954404195
.80746185779572
.80242375532786
.80133440097173
.79588780800502
.81508713960648
.81930828094482
.80678103367488
.81018517414729
.81467864910762
.80732572078705
.8075980146726
.81209150950114
.79820261398951
.8385076324145
.80351306994756
.79942808548609
.79970043897629
.81195535262426
.79752178986867
.81590414047241
.81712963183721
.7960239648819
.79942810535431
.80569171905518
.80201524496078
.79398149251938
.80596403280894
.7947984735171
.80405773719152
.80487473805745
.80024508635203
.79888345797857
.80664485692978
.79983659585317
.80514705181122
.81644878784815
.80392156044642
.80569173892339
.81794663270315
.79629629850388
.79901959498723
.80378540356954
.79207517703374
.79874728123347
.80201524496078
.80759803454081
.80351306994756
.81181917587916
.80637254317602
.80242375532786
.80255991220474
.81699345509211
.80800652503967
.80255991220474
.81072984139125
.80351308981578
.80078975359599
.80787036816279
.80283224582672
.79724945624669
.81576798359553
.79793026049932
.80582787593206
.82026141881943
.80092593034108
.80051743984222
.80678105354309
.80814270178477
.80065359671911
.8041938940684
.80460238456726
.80473856131236
.80977668364843
.80582789580027
.79057735204697
.8123638232549
.80228757858276
.8007897734642
.81699345509211
.80991286039352
.80501089493434
.80378540356954
.81726578871409
.80705336729685
.80269608894984
.80732570091883
.80133442083995
.80446622769038
.80187906821569
.79901961485545
.80732570091883
.80133442083995
.80528322855632
.79507080713908
.80255991220474
.79997277259827
.80800652503967
.79656861225764
.80610020955404
.81100219488144
.80092593034109
.79929192860921
.8054193854332
.80174291133881
.80460240443548
.80446620782216
.80841503540675
.79588780800501
.80977668364843
.81209148963292
.80855119228363
.83224399884542
.81794663270315
.79343682527542
.80718952417374
.80650871992111
.80664485692978
.79983659585317
.8041938940684
.81032135089239
.81563178698222
.81576798359553
.80487473805745
.80269608894984
.80718954404195
.80078975359599
.79561547438304
.80460238456726
.79765794674555
.79697712262472
.80473856131236
.80691721041997
.80732570091883
.80650871992111
.794662296772
.79275598128637
.79861110448837
.78826252619425
.79071350892385
.79166666666667
.79547927776972
.80106208721797
.79656861225764
.78676470120748
.79153050978978
.80092593034108
.79670480887095
.80392158031464
.79643245538076
.78935186068217
.80147057771683
.80255989233653
.80065359671911
.79697712262472
.80555556217829
.79806645711263
.78976035118103
.80106208721797
.79098584254583
.79398147265116
.79452613989512
.79588780800501
.7937091588974
.79929194847743
.79629629850388
.79316447178523
.79289215803146
.80078975359599
.79752178986867
.79643247524897
.80283224582672
.80106208721797
.79030499855677
.7937091588974
.78363289435705
.79874728123347
.80364924669266
.78390522797902
.79833877086639
.79697712262472
.78267973661423
.79942810535431
.80364924669266
.78336058060328
.78349673748016
.79261982440948
.77396514018377
.78703701496124
.80065359671911
.78240742286046
.78608387708664
.79275600115458
.77777777115504
.778322438399
.78703703482946
.77219500144323
.78145426511765
.77614378929138
.76947168509165
.76906319459279
.76947168509165
.76960784196854
.76688452561696
.77151415745417
.75762528181076
.75803377230962
.75245098272959
.7429193854332
.75258713960648
.74863833189011
.72766884167989
.73502178986867
.7406045794487
.71718408664068
.71296294530233
.72031589349111
.7050653497378
.69798475503922
.69812093178431
.67538128296534
.68069171905518
.6793300708135
.66258170207342
.66367103656133
.65046294530233
.63344226280848
.63888889551163
.61996185779572
.58278866608938
.65767973661423
0
0
0
0
0
0
0
0
0
0
0
0
0
0
0
0
0
0
0
0
0
0
0
0
0
0
0
0
0
0
0
0
0
0
0
0
0
0
0
0
0
0
0
0
0
0
0
0
0
0
0
0
0
0
0
0
0
0
0
0
0
0
0
0
0
0
0
0
0
0
0
0
0
0
0
0
0
0
0
0
0
0
0
0
0
0
0
0
0
0
0
0
0
0
0
0
0
0
0
0
0
0
0
0
0
0
0
0
0
0
0
0
0
0
0
0
0
0
0
0
0
0
0
0
0
0
0
0
0
0
0
0
0
0
0
0
0
0
0
0
0
0
0
0
0
0
0
0
0
0
0
0
0
0
0
0
0
0
0
0
0
0
0
0
0
0
0
0
0
0
0
0
0
0
0
0
0
0
0
0
0
0
0
0
0
0
0
0
0
0
0
0
0
0
0
0
0
0
0
0
0
0
0
0
0
0
0
0
0
0
0
0
0
0
0
0
0
0
0
0
0
0
0
0
0
0
0
0
0
0
0
0
0
0
0
0
0
0
0
0
0
0
0
0
0
0
0
0
0
0
0
0
0
0
0
0
0
0
0
0
0
0
0
0
0
0
0
0
0
0
0
0
0
0
0
0
0
0
0
0
0
0
0
0
0
0
0
0
0
0
0
0
0
0
0
0
0
0
0
0
0
0
0
0
0
0
0
0
0
0
0
0
0
0
0
0
0
0
0
0
0
0
0
0
0
0
0
0
0
0
0
0
0
0
0
0
0
0
0
0
0
0
0
0
0
0
0
0
0
0
0
0
0
0
0
0
0
0
0
0
0
0
0
0
0
0
0
0
0
0
0
0
0
0
0
0
0
0
0
0
0
0
0
0
0
0
0
0
0
0
0
0
0
0
0
0
0
0
0
0
0
0
0
0
0
0
0
0
0
0
0
0
0
0
0
0
0
0
0
0
0
0
0
0
0
0
0
0
0
0
0
0
0
0
0
0
0
0
0
0
0
0
0
0
0
0
0
0
0
0
0
0
0
0
0
0
0
0
0
0
0
0
0
0
0
0
0
0
0
0
0
0
0
0
0
0
0
0
0
0
0
0
0
0
0
0
0
0
0
0
0
0
0
0
0
0
0
0
0
0
0
0
0
0
0
0
0
0
0
0
0
0
0
0
0
0
0
0
0
0
0
0
0
0
0
0
0
0
0
0
0
0
0
0
0
0
0
0
0
0
0
0
0
0
0
0
0
0
0
0
0
0
0
0
0
0
0
0
0
0
0
0
0
0
0
0
0
0
0
0
0
0
0
0
0
0
0
0
0
0
0
0
0
0
0
0
0
0
0
0
0
0
0
0
0
0
0
0
0
0
0
0
0
0
0
0
0
0
0
0
0
0
0
0
0
0
0
0
0
0
0
0
0
0
0
0
0
0
0
0
0
0
0
0
0
0
0
0
0
0
0
0
0
0
0
0
0
0
0
0
0
0
0
0
0
0
0
0
0
0
0
0
0
0
0
0
0
0
0
0
0
0
0
0
0
0
0
0
0
0
0
0
0
0
0
0
0
0
0
0
0
0
0
0
0
0
0
0
0
0
0
0
0
0
0
0
0
0
0
0
0
0
0
0
0
0
0
0
0
0
0
0
0
0
0
0
0
0
0
0
0
0
0
0
0
0
0
0
0
0
0
0
0
0
0
0
0
0
0
0
0
0
0
0
0
0
0
0
0
0
0
0
0
0
0
0
0
0
0
0
0
0
0
0
0
0
0
0
0
0
0
0
0
0
0
0
0
0
0
0
0
0
0
0
0
0
0
0
0
0
0
0
0
0
0
0
0
0
0
0
0
0
0
0
0
0
0
0
0
0
0
0
0
0
0
0
0
0
0
0
0
0
0
0
0
0
0
0
0
0
0
0
0
0
0
0
0
0
0
0
0
0
0
0
0
0
0
0
0
0
0
0
0
0
0
0
0
0
0
0
0
0
0
0
0
0
0
0
0
0
0
0
0
0
0
0
0
0
0
0
0
0
0
0
0
0
0
0
0
0
0
0
0
0
0
0
0
0
0
0
0
0
0
0
0
0
0
0
0
0
0
0
0
0
0
0
0
0
0
0
0
0
0
0
0
0
0
0
0
0
0
0
0
0
0
0
0
0
0
0
0
0
0
0
0
0
0
0
0
0
0
0
0
0
0
0
0
0
0
0
0
0
0
0
0
0
0
0
0
0
0
0
0
0
0
0
0
0
0
0
0
0
0
0
0
0
0
0
0
0
0
0
0
0
0
0
0
0
0
0
0
0
0
0
0
0
0
0
0
0
0
0
0
0
0
0
0
0
0
0
0
0
0
0
0
0
0
0
0
0
0
0
0
0
0
0
0
0
0
0
0
0
0
0
0
0
0
0
0
0
0
0
0
0
0
0
0
0
0
0
0
0
0
0
0
0
0
0
0
0
0
0
0
0
0
0
0
0
0
0
0
0
0
0
0
0
0
0
0
0
0
0
0
0
0
0
0
0
0
0
0
0
0
0
0
0
0
0
0
0
0
0
0
0
0
0
0
0
0
0
0
0
0
0
0
0
0
0
0
0
0
0
0
0
0
0
0
0
0
0
0
0
0
0
0
0
0
0
0
0
0
0
0
0
0
0
0
0
0
0
0
0
0
0
0
0
0
0
0
0
0
0
0
0
0
0
0
0
0
0
0
0
0
0
0
0
0
0
0
0
0
0
0
0
0
0
0
0
0
0
0
0
0
0
0
0
0
0
0
0
0
0
0
0
0
0
0
0
0
0
0
0
0
0
0
0
0
0
0
0
0
0
0
0
0
0
0
0
0
0
0
0
0
0
0
0
0
0
0
0
0
0
0
0
0
0
0
0
0
0
0
0
0
0
0
0
0
0
0
0
0
0
0
0
0
0
0
0
0
0
0
0
0
0
0
0
0
0
0
0
0
0
0
0
0
0
0
0
0
0
0
0
0
0
0
0
0
0
0
0
0
0
0
0
0
0
0
0
0
0
0
0
0
0
0
0
0
0
0
0
0
0
0
0
0
0
0
0
0
0
0
0
0
0
0
0
0
0
0
0
0
0
0
0
0
0
0
0
0
0
0
0
0
0
0
0
0
0
0
0
0
0
0
0
0
0
0
0
0
0
0
0
0
0
0
0
0
0
0
0
0
0
0
0
0
0
0
0
0
0
0
0
0
0
0
0
0
0
0
0
0
0
0
0
0
0
0
0
0
0
0
0
0
0
0
0
0
0
0
0
0
0
0
0
0
0
0
0
0
0
0
0
0
0
0
0
0
0
0
0
0
0
0
0
0
0
0
0
0
0
0
0
0
0
0
0
0
0
0
0
0
0
0
0
0
0
0
0
0
0
0
0
0
0
0
0
0
0
0
0
0
0
0
0
0
0
0
0
0
0
0
0
0
0
0
0
0
0
0
0
0
0
0
0
0
0
0
0
0
0
0
0
0
0
0
0
0
0
0
0
0
0
0
0
0
0
0
0
0
0
0
0
0
0
0
0
0
0
0
0
0
0
0
0
0
0
0
0
0
0
0
0
0
0
0
0
0
0
0
0
0
0
0
0
0
0
0
0
0
0
0
0
0
0
0
0
0
0
0
0
0
0
0
0
0
0
0
0
0
0
0
0
0
0
0
0
0
0
0
0
0
0
0
0
0
0
0
0
0
0
0
0
0
0
0
0
0
0
0
0
0
0
0
0
0
0
0
0
0
0
0
0
0
0
0
0
0
0
0
0
0
0
0
0
0
0
0
0
0
0
0
0
0
0
0
0
0
0
0
0
0
0
0
0
0
0
0
0
0
0
0
0
0
0
0
0
0
0
0
0
0
0
0
0
0
0
0
0
0
0
0
0
0
0
0
0
0
0
0
0
0
0
0
0
0
0
0
0
0
0
0
0
0
0
0
0
0
0
0
0
0
0
0
0
0
0
0
0
0
0
0
0
0
0
0
0
0
0
0
0
0
0
0
0
0
0
0
0
0
0
0
0
0
0
0
0
0
0
0
0
0
0
0
0
0
0
0
0
0
0
0
0
0
0
0
0
0
0
0
0
0
0
0
0
0
0
0
0
0
0
0
0
0
0
0
0
0
0
0
0
0
0
0
0
0
0
0
0
0
0
0
0
0
0
0
0
0
0
0
0
0
0
0
0
0
0
0
0
0
0
0
0
0
0
0
0
0
0
0
0
0
0
0
0
0
0
0
0
0
0
0
0
0
0
0
0
0
0
0
0
0
0
0
0
0
0
0
0
0
0
0
0
0
0
0
0
0
0
0
0
0
0
0
0
0
0
0
0
0
0
0
0
0
0
0
0
0
0
0
0
0
0
0
0
0
0
0
0
0
0
0
0
0
0
0
0
0
0
0
0
0
0
0
0
0
0
0
0
0
0
0
0
0
0
0
0
0
0
0
0
0
0
0
0
0
0
0
0
0
0
0
0
0
0
0
0
0
0
0
0
0
0
0
0
0
0
0
0
0
0
0
0
0
0
0
0
0
0
0
0
0
0
0
0
0
0
0
0
0
0
0
0
0
0
0
0
0
0
0
0
0
0
0
0
0
0
0
0
0
0
0
0
0
0
0
0
0
0
0
0
0
0
0
0
0
0
