.84177559614182
.82053377230962
.86628542343775
.84980936845144
.81781047582626
.8289760351181
.81876363356908
.81699345509211
.83224399884542
.83496729532878
.80895970265071
.81195533275604
.85008170207341
.87091503540675
.83918845653534
.83918845653534
.80541940530141
.84545207023621
.8385076324145
.82053377230962
.83619282643
.82325708866119
.77137800057729
.82053377230962
.82012526194255
.83864378929138
.81059368451436
.81467864910762
.84204792976379
.84354575475057
.82652505238851
.85811547438304
.80460238456726
.81181917587916
.84504357973735
.82843138774236
.81413398186366
.85212419430415
.8457244237264
.84300108750661
.84150326251984
.83564815918605
.82393791278203
.8583877881368
.85879629850388
.86846405267715
.81631261110306
.82815903425217
.88276143868764
.8289760351181
.80038126309713
.794662296772
.83551200230916
.83946079015732
.81467864910762
.85157952706019
.85008170207341
.81522333621979
.8773148059845
.83346949021022
.84477122624715
.86519606908162
.84858387708664
.86288126309713
.84817538658778
.86070261398951
.86138345797857
.84327342112859
.83319715658824
.85280501842499
.86043028036753
.83687365055084
.8114106853803
.84041392803192
.8903867204984
.89202070236206
.8679193854332
.8289760351181
.85457517703374
.87554464737574
.82992919286092
.86260894934336
.85294117530187
.83700980742772
.84136710564295
.87554464737574
.85403048992157
.8455882469813
.85688998301824
.87200435002645
.8726851940155
.83238017559052
.83660129706065
.81045750776927
.83700978755951
.81644878784815
.82162308692932
.83700980742772
.83401415745417
.8549836675326
.84613289435705
.85688996315002
.84014161427816
.84449891249339
.82924836874008
.84286493062973
.78907950719198
.81985294818878
.82475491364797
.81604031721751
.87009803454081
.80487473805745
.85648149251938
.8217592438062
.81399782498678
.81399782498678
.78921568393707
.78581156333288
.79643245538076
.80460238456726
.82107843955358
.79071348905563
.85334966580073
.82992919286092
.84980936845144
.83319717645645
.80119824409485
.81862745682398
.81086601813634
.84123092889786
.88494008779526
.81236384312312
.83877994616826
.81467864910762
.79793028036753
.82897601524989
.83823527892431
.84055010477702
.8419117530187
.83946079015732
.82625273863475
.85525600115458
.83891612291336
.91217319170634
.89215685923894
.85089868307114
.90182461341222
.8386438091596
.88044663270315
.89910131692886
.87050652503967
.85348584254583
.85634531577428
.82965683937073
.84041394790014
.86247277259827
.85702613989512
.85934096574783
.87214052677155
.83183550834656
.87881263097127
.85157952706019
.86955336729685
.84286493062973
.88630173603694
.84803920984268
.9044117530187
.8502178589503
.85974945624669
.83306099971135
.8385076324145
.81740194559097
.85552831490835
.80242375532786
.80051741997401
.79180284341176
.8103213707606
.79112201929092
.81535949309667
.82475491364797
.81072984139125
.80351308981578
.81168299913406
.80746185779572
.81726578871409
.83387798070908
.80133440097173
.85362199942271
.83129086097081
.86097492774328
.80555554231008
.8394607702891
.78622003396352
.81985292832057
.83905229965846
.79139433304469
.83592049280802
.81331700086594
.81998910506566
.82870370149612
.82148693005244
.87064270178477
.84558822711309
.86138345797857
.83782678842545
.83156317472458
.82366557916005
.81386162837346
.8397331237793
.80623638629913
.83319717645645
.83687365055084
.83292484283447
.85784314076106
.82543573776881
.83592047293981
.85239652792613
.82870368162791
.81427015860875
.79561547438304
.82448256015778
.81549563010534
.81767429908117
.81781045595805
.78962417443593
.78526689608892
.77382898330688
.82815903425217
.83823529879252
.83523964881897
.83687363068263
.86056645711263
.83415033419927
.81753812233607
.83183550834656
.84463508923848
.8314270178477
.85049019257228
.85443900028865
.83061003684998
.82162310679754
.83769063154856
.86655773719152
.85811547438304
.85770698388418
.84885621070862
.85566451152166
.84817538658778
.81086599826813
.81358933448792
.81998910506566
.85457515716553
.80487471818924
.78921568393707
.77519065141678
.81059368451436
.84940085808436
.84150326251984
.83891612291336
.80691719055176
.83455882469813
.82257624467214
.8231209119161
.85906863212585
.85362199942271
.82802287737528
.85062636931737
.80065361658732
.83047386010488
.83523964881897
.81522331635157
.83932461341222
.84232024351756
.80514705181122
.86601305007935
.81944443782171
.82271242141724
.81998910506566
.81386166810989
.82529956102371
.83809912204742
.80541940530141
.83864376942317
.81495098272959
.83442264795303
.8125
.79302833477656
.82475489377975
.84109479188919
.84245642026265
.86451524496078
.85239650805791
.82148693005244
.84150328238805
.82666122913361
.83483115832011
.82148691018422
.85294117530187
.82461873690287
.84163943926493
.85035403569539
.85307733217875
.84259259700775
.83074619372686
.84477124611537
.83129086097082
.83292482296626
.83632898330688
.8654684027036
.86138343811035
.90413941939672
.86737471818924
.8726851940155
.89406317472458
.87268517414729
.88194443782171
.83918845653534
.88003812233607
.8206699291865
.87132352590561
.84286493062973
.85144335031509
.84490740299225
.81072986125946
.81876361370087
.83047386010488
.83319715658824
.82802287737528
.87009803454081
.86138343811035
.85389433304469
.88112743695577
.89842049280802
.84191177288691
.88602942228317
.83387798070908
.8101851940155
.81617649396261
.83020150661469
.85253268480301
.83156317472458
.82747821013133
.84490740299225
.83238017559052
.86628540356954
.84068628152211
.85675382614136
.86151961485545
.83632898330688
.85484749078751
.86982572078705
.86124728123347
.83741829792658
.83183550834656
.81032135089238
.78240740299225
.87091503540675
.81222766637802
.86805556217829
.85498364766439
.83442264795303
.82434640328089
.83265248934428
.83700980742772
.80582789580027
.82979301611582
.81944443782171
.82856754461924
.83210784196854
.82788670063019
.82216775417328
.82979303598404
.81222766637802
.80051741997401
.80664487679799
.80228759845098
.80228757858276
.80392156044642
.8206699291865
.82175926367442
.83469498157501
.79643247524897
.80569171905518
.8065087000529
.8397331237793
.87037034829458
.88739107052485
.88017429908117
.87595315774282
.88657406965892
.8820806145668
.85797929763794
.84722222884496
.89202070236206
.87050652503967
.85811547438304
.87404684225718
.89188454548518
.90822440385818
.91217321157455
.88344224294027
.92633442083995
.89991829792658
.90005445480347
.89828429619471
.93913398186366
.86465142170588
.86996185779572
.88194443782171
.90141612291336
.9174836675326
.88848040501277
.9197984735171
.90740742286046
.92061547438304
.89991829792658
.89828431606293
.91285403569539
.91680282354355
.90767973661423
.93395968278249
.92265794674555
.9105392297109
.92252178986867
.95029956102371
.90550108750661
.94008713960648
.99686819314957
.97589870293935
.98311547438304
.95138889551163
.96840959787369
.98733661572138
1.0113017161687
.9965958793958
1.0344498753548
1.0507897933324
1.0563725630442
.99618738889694
1.0285947322845
1.0709422826767
1.0486111243566
1.0928649107615
1.0774782101313
1.0940903822581
1.0972222487132
1.1064814726512
1.1365740696589
1.1462418238322
1.1462418238322
1.1620370546977
1.1217320362727
1.2130991617839
1.234204808871
1.2638888756434
1.2378812630971
1.2559912999471
1.2581699291865
1.2655228773753
1.285130739212
1.2632080713908
1.2934368054072
1.305419365565
1.2866285641988
1.3096405267715
1.3041938940684
1.3385076125463
1.3197167714437
1.3483115434647
1.3059640328089
1.2990196148554
1.3604302803675
1.3160403172175
1.3779956499736
1.4046841065089
1.427559932073
1.4279684225718
1.4222494761149
1.4407679637273
1.4026416142782
1.4069989124934
1.4018246332804
1.4586056868235
1.4191176096598
1.4176198244095
1.4074074029922
1.4663670857747
1.5442537864049
1.5185185273488
1.5649509429932
1.5430283149083
1.5347222089767
1.6036219994227
1.5623638629913
1.5976306994756
1.6154684225718
1.5972222089767
1.5980392297109
1.6053921381632
1.6473311185837
1.6239106655121
1.6535947322845
1.6373910903931
1.5965414047241
1.6598583857218
1.6439269781113
1.6211873690287
1.625
1.6262254714966
1.613289753596
1.5984477202098
1.5766611893972
1.5931372642517
1.5840141773224
1.5867375135422
1.6318082809448
1.6078431606293
1.5906862815221
1.5959967374802
1.5716231266658
1.5386710166931
1.5664488077164
1.5356753667196
1.4701797564824
1.5008169809977
1.5138888756434
1.4576524893443
1.4430828094482
1.4473039309184
1.4749455451965
1.4445805946986
1.4340958595276
1.4120370149612
1.370915055275
1.3898420333862
1.3951525290807
1.3607025941213
1.3203976154327
1.3208061059316
1.3175381422043
1.2836329142253
1.2449618975321
1.2034313678741
1.2271241744359
1.1849128802617
1.2182734409968
1.1785130898158
1.1427015066147
1.1948529084524
1.2031590541204
1.1895424922307
1.1493736108144
1.1673474709193
1.1232298612595
1.1195533672969
1.0736656188965
1.0569171905518
.99251091480255
1.0667211214701
1.0607298612595
1.0541939338048
1.0024509827296
.97113289435705
.98406861225764
.97780501842499
1.000272333622
1.0202886859576
1.0400326649348
1.0284585952759
.99768515427907
.99523419141769
1.0076252818108
1.0408496459325
1.0313180685043
1.0243736505508
.9896514415741
.98965142170588
.99686819314957
.96854573488235
1.0038126508395
1.0294117530187
1.0408496856689
1.0078976154327
.99278322855632
.99605119228363
.99863835175832
.98515794674555
1.0142973462741
1.0287309487661
1.0345860322316
1.0536492268244
1.0270969470342
1.0561002492905
1.038534839948
1.0129357179006
.99686817328135
.99400871992111
1.0522876183192
1.0295479297638
1.0702613989512
1.0836056470871
1.0748910506566
1.0427559614182
1.0389434099197
1.0599128802617
1.0555555820465
1.0625
1.0337690909704
1.0644063154856
1.0234204530716
1.0296841065089
1.0206971565882
.97167754173279
.98420480887095
.99822986125946
.97685186068217
.96922657887141
.96132896343867
.93654684225718
.9729030529658
.99087689320246
.93069171905518
.93559368451436
.92769608894984
.88575708866119
.89910131692886
.93259803454081
.90536493062973
.90876907110214
.89569715658824
.95057191451391
.89079521099726
.92075163125992
.89501635233561
.86968956391017
.85620913902919
.83891612291336
.87649780511856
.84572440385818
.83673745393753
.8218954205513
.87363833189011
.83306101957957
.83891612291336
.86519608894984
.85593680540721
.86764705181122
.86696622769038
.89705884456635
.85443900028865
.84163943926493
.83156317472458
.81277233362198
.82952068249385
.84872003396352
.84722220897675
.83265250921249
.82366557916005
.85212419430415
.80473856131236
.83891610304515
.87363833189011
.83905229965846
.80569171905518
.88643791278203
.83455880482992
.84926470120748
.84858387708664
.78962417443593
.78853485981623
.82775054375331
.80827885866165
.84545207023621
.84940085808436
.81753812233607
.81644878784815
.82162308692932
.88303377230962
.85171568393707
.88425926367442
.87254901727041
.86179194847743
.87145970265071
.86805556217829
.87826798359553
.8031045794487
.81072986125946
.85539215803146
.82053377230962
.79915577173233
.86397059758504
.86437906821569
.84354575475057
.84463506937027
.83646514018377
.81413398186366
.85689000288645
.88929738601049
.83769065141678
.85226033131282
.87091503540675
.82066994905472
.84395424524943
.86764705181122
.83877996603648
.8643790880839
.84967321157455
.83401415745417
.84395424524943
.79643247524897
.82162308692932
.82352942228317
.80691721041997
.82244008779526
.80106208721797
.84381806850433
.82121459643046
.83360566695531
.83932461341222
.83510349194209
.82883987824122
.87731482585271
.81658496459325
.82516340414683
.83973310391108
.83782678842545
.82883987824122
.8031045794487
.81059370438258
.80637254317602
.85866014162699
.81113835175832
.8043300708135
.80814268191655
.82625271876653
.81617645422618
.8126361767451
.7947984735171
.7855392297109
.79983659585317
.79656863212585
.78676470120748
.79112199942271
.82461873690287
.81712963183721
.84463506937027
.80964052677155
.81304466724396
.82026143868764
.82026143868764
.82938454548518
.80582787593206
.78240740299225
.79411764939626
.77069715658824
.79180282354355
.77192266782125
.78867101669312
.79261982440948
.77736928065618
.78077342112859
.79697712262472
.81413400173187
.80773421128591
.80024508635203
.79084966580073
.76674836874008
.77083333333333
.79929192860921
.82325706879298
.79861110448837
.7935729821523
.79112199942271
.80569171905518
.8397331237793
.84136710564295
.8148148059845
.80977668364843
.83809912204742
.84572440385818
.81685729821523
.81821894645691
.82461873690287
.83496733506521
.84722220897675
.88153594732285
.85988561312358
.84068628152211
.84613291422526
.80569171905518
.8052832086881
.81590414047241
.85797929763794
.8386438091596
.79874728123347
.79616012175878
.78363289435705
.80610022942225
.78853485981623
.78390522797902
.78118191162745
.78063726425171
.78730936845144
.83415033419927
.85702613989512
.80487471818924
.81767427921295
.80024510622025
.83986928065618
.82339324553808
.80337689320246
.81740196545919
.80596405267715
.83932461341222
.82244008779526
.82543571790059
.79997277259827
.80392158031464
.82570807139079
.82979303598404
.84517973661423
.8372821410497
.8101851940155
.86274508635203
.79207515716553
.79561547438304
.83033768335978
.86274510622025
.81944443782171
.80337691307068
.79738561312358
.82611656188965
.85838780800501
.84763071934382
.91149238745372
.83415033419927
.85430282354355
.8218954205513
.87636166810989
.82162308692932
.81168301900228
.85906863212585
.84354575475057
.82897605498632
.83061003684998
.83537580569585
.79275598128637
.83183550834656
.83578431606293
.82611654202143
.81590414047241
.86247275273005
.84381808837255
.8572984735171
.84654140472412
.83537582556407
.81835512320201
.84041394790014
.86111112435659
.840822438399
.83169935146968
.83306101957957
.90944989522298
.85811545451482
.84517973661423
.85825165112813
.79847494761149
.80718954404195
.78254357973735
.79697712262472
.84354575475057
.80106208721797
.79588780800502
.84926470120748
.77995644013087
.78472222884496
.78894337018331
.7960239648819
.82938452561696
.80092593034108
.78390522797902
.77641614278158
.82380175590515
.78976035118103
.77260347207387
.77056099971135
.78404140472412
.77913941939672
.75476576884588
.77982026338577
.78690085808436
.76851850748062
.72235838572184
.77192266782125
.78894337018331
.75490196545919
.78254357973735
.76388887564341
.72780501842499
.76811001698176
.78676470120748
.76742919286092
.76525054375331
.75108933448792
.78622003396352
.77192264795303
.80596405267715
.80269608894984
.81699347496033
.84667758146922
.8240740497907
.82829521099726
.7971132795016
.79507080713908
.79302831490835
.77069717645645
.79997277259827
.82489107052485
.82026143868764
.78267973661423
.80501089493434
.82366555929184
.81263615687688
.82502722740173
.81862745682398
.85593682527542
.8468137383461
.87132352590561
.83782680829366
.80664487679799
.86369824409485
.80691721041997
.8075980146726
.90168845653534
.86356208721797
.86083879073461
.83673747380575
.81876361370087
.84613289435705
.82393791278203
.8385076324145
.85185184081395
.86996185779572
.83496731519699
.86056643724442
.87513615687688
.88276143868764
.85593682527542
.86505993207296
.85375817616781
.85334966580073
.8206699291865
.85947712262472
.83183550834656
.82952070236206
.81004901727041
.78159040212631
.84163941939672
.85198801755905
.82271242141724
.82244008779526
.80732570091883
.82652505238851
.80487471818924
.81331700086594
.83306099971135
.84980936845144
.79888345797857
.82557189464569
.81930830081304
.8325163324674
.78077342112859
.83006536960602
.8148148059845
.83523964881897
.81958063443502
.82489105065664
.83891612291336
.80787036816279
.81862743695577
.8137254913648
.8148148059845
.83047386010488
.83932461341222
.83782678842545
.8206699291865
.78172657887141
.81304466724396
.83292482296626
.81862745682398
.81100217501322
.79670478900274
.82979301611582
.8314270178477
.84858389695485
.8208061059316
.81740194559097
.80610022942225
.81930828094482
.80746187766393
.80119826396306
.78349675734838
.81495098272959
.79016884167989
.82543571790059
.81168299913406
.81985292832057
.77464596430461
.81917212406794
.83278866608938
.80991286039352
.7960239648819
.81699347496033
.77342047293981
.79970043897629
.84259259700775
.80732572078705
.81604029734929
.81808276971181
.80228757858276
.82148693005244
.83047384023666
.82706971963247
.81481482585271
.8477668762207
.84940085808436
.84545207023621
.83061001698176
.83074619372686
.83088237047195
.79057733217875
.83292484283447
.82802287737528
.85198799769084
.85253268480301
.81604029734929
.84409042199453
.79561545451482
.83238017559052
.81712963183721
.82475491364797
.86887254317602
.83687365055084
.83918845653534
.80977668364843
.83864378929138
.81467864910762
.81767429908117
.77192264795303
.80215142170588
.83197168509165
.85866012175878
.85294117530187
.83809912204742
.82911219199498
.79207515716553
.81808280944824
.76742921272914
.73706426223119
.80569173892339
.81644878784815
.80610020955404
.82339324553808
.82802287737528
.8395969470342
.79534314076106
.81345317761103
.80705338716507
.82747821013133
.82666122913361
.79697712262472
.81318082412084
.80855121215185
.78962417443593
.76252724726995
.79316449165344
.78581154346466
.8385076324145
.86260892947515
.8477668762207
.87704249223073
.88807189464569
.86070261398951
.91312636931737
.85934096574783
.87064270178477
.87608933448792
.84872003396352
.84708605209986
.84994554519653
.86465140183767
.86941723028819
.88316994905472
.88303377230962
.83877994616826
.84300108750661
.86179192860921
.86111112435659
.83646514018377
.81427013874054
.85362199942271
.84368191162745
.81699347496033
.82393791278203
.86179194847743
.86941721041997
.83605664968491
.87350217501322
.8585239648819
.84504355986913
.88698258002599
.85049021244049
.81127448876699
.82775054375331
.83755447467168
.84422657887141
.81917210419973
.86097494761149
.8031045794487
.79057735204697
.84136708577474
.81917212406794
.83837147553762
.84204792976379
.8455882469813
.81971677144368
.8325163324674
.84994554519653
.82189544041951
.8218954205513
.82039759556452
.81072986125946
.79820261398951
.80923203627268
.80269608894984
.7935729821523
.81644878784815
.82938454548518
.80732570091883
.82053375244141
.82775054375331
.83006536960602
.81781045595805
.80528322855632
.82516340414683
.83946079015732
.78050108750661
.83101850748062
.77968410650889
.80800654490789
.81549564997355
.79616012175878
.8123638232549
.81427015860875
.81808278958003
.82325706879298
.79684096574783
.81045750776927
.83415033419927
.82802287737528
.79547929763794
.84259259700775
.83115468422572
.83346949021022
.80078975359599
.84613287448883
.7935729821523
.80936817328135
.82883985837301
.83619282643
.81998910506566
.80514707167943
.85457515716553
.84899238745371
.81440631548564
.85784314076106
.8572984735171
.85784314076106
.84504357973735
.88820807139079
.82366557916005
.83973310391108
.82352942228317
.83523964881897
.8278867204984
.79983659585317
.82965685923894
.82461871703466
.84000545740128
.81672112147013
.8773148059845
.82638889551163
.83646514018377
.84885623057683
.84014161427816
.86342593034108
.86397059758504
.84531591335932
.8314270178477
.82924836874008
.81004901727041
.79302833477656
.8018790880839
.81862745682398
.79779410362244
.80514705181122
.83033768335978
.86301743984222
.85825163125992
.84586056073507
.88385077317556
.8762254913648
.88834422826767
.83537582556407
.88793571790059
.85906863212585
.85307733217875
.84749456246694
.84082245826721
.83837147553762
.85484749078751
.82598038514455
.86410677433014
.85797929763794
.83700980742772
.88616555929184
.81821896632512
.83346951007843
.8596132795016
.83551198244095
.81004903713862
.79833879073461
.81944443782171
.7935729821523
.81549563010534
.82339324553808
.85062636931737
.81032135089238
.81930826107661
.85198801755905
.83551198244095
.82216777404149
.88494008779526
.86151961485545
.86206428209941
.81876361370087
.83809912204742
.85648147265116
.84027779102325
.86206428209941
.81004901727041
.830337703228
.80895970265071
.83632898330688
.82883987824122
.80841503540675
.85988563299179
.81467864910762
.81971677144369
.81113833189011
.8112745086352
.82366555929184
.84027779102325
.83101850748062
.83483115832011
.82257626454035
.84041394790014
.82516340414683
.84449891249339
.82924836874008
.82543573776881
.82666122913361
.89106754461924
.83932461341222
.83238017559052
.82938452561696
.83455882469813
.85757080713908
.85525598128637
.84953703482946
.82570807139079
.86029412349065
.82366557916005
.84014161427816
.81944445768992
.8302015264829
.80392158031464
.81944443782171
.82829521099726
.83415033419927
.82693356275558
.8302015264829
.8386438091596
.83047387997309
.82298475503922
.77886710564295
.79289215803146
.80718954404195
.82802287737528
.86505991220474
.79479849338531
.79752178986867
.79302831490835
.83714596430461
.77042484283447
.80909585952759
.82775054375331
.82843136787415
.8395969470342
.83660131692886
.77478212118149
.79166668653488
.82775054375331
.8491285443306
.82979303598404
.81508715947469
.77491829792658
.80024510622025
.79520696401596
.78118191162745
.81318082412084
.81604029734929
.77328431606293
.78867103656133
.80405773719152
.80106208721797
.82625273863475
.78254357973735
.79711329936981
.82094226280848
.80106210708618
.76116557916005
.80038126309713
.78976033131282
.80364924669266
.84449891249339
.81399780511856
.81004901727041
.83346949021022
.81658496459325
.82475489377975
.87254899740219
.79983659585317
.8195806145668
.83455882469813
.82938452561696
.79343680540721
.77028866608938
.78690085808436
.77423747380575
.79997277259827
.79234749078751
.76933550834656
.8206699291865
.81045750776927
.8031045794487
.81998912493388
.79752177000046
.77219500144323
.8208061059316
.81685729821523
.79466231664022
.83238017559052
.83660131692886
.81740194559097
.84354573488235
.85770698388418
.80514707167943
.83088235060374
.86029412349065
.81985294818878
.83605664968491
.79098582267761
.82883985837301
.83115468422572
.81495098272959
.81753812233607
.81604029734929
.83700978755951
.82107843955358
.84109477202098
.83578429619471
.846677561601
.86247275273005
.80514705181122
.83632898330688
.88752722740173
.84940085808436
.79370913902919
.77505447467168
.78703703482946
.79330064853032
.84463506937027
.78935186068217
.8137254913648
.83796296517054
.84436275561651
.846677561601
.86192808548609
.84817538658778
.85906863212585
.8643790880839
.79547929763794
.82053379217784
.8325163324674
.83632898330688
.80610022942225
.81004901727041
.83483115832011
.83809912204742
.8831699291865
.8679193854332
.86356210708618
.83224399884542
.79425382614136
.81399782498678
.83265248934428
.8491285443306
.79207517703374
.79915577173233
.78240740299225
.83374182383219
.78962417443593
.79493463039398
.83537582556407
.84123092889786
.85511982440948
.82175926367442
.81345315774282
.81563180685043
.77941177288691
.84191177288691
.80950435002645
.82679738601049
.79806645711263
.8395969470342
.82979301611582
.8479030529658
.84123092889786
.83741829792658
.83905229965846
.80460238456726
.80841503540675
.83210784196854
.8419117530187
.82448258002599
.81781045595805
.81631265083949
.80310455958049
.78009257713954
.81290851036708
.78213508923848
.79874728123347
.79684094587962
.82720587650935
.82094226280848
.80909585952759
.84994552532832
.82325706879298
.87254901727041
.84204792976379
.81985294818878
.84327342112859
.85103485981623
.85879629850388
.90386710564295
.84463508923848
.82802287737528
.84722222884496
.83673745393753
.80773419141769
.8372821410497
.82788670063019
.82026143868764
.83782680829366
.84640520811081
.89406317472458
.79929192860921
.82393791278203
.80255991220474
.7982025941213
.83442266782125
.79180284341176
.82489107052485
.83673747380575
.81835512320201
.83483113845189
.83605662981669
.81222768624624
.77532680829366
.80868734916051
.78785403569539
.79452613989512
.78935184081395
.7924836675326
.77641612291336
.78145424524943
.78581154346466
.79983659585317
.81767429908117
.82012526194255
.80610020955404
.80868734916051
.84694987535477
.82992919286092
.79071348905563
.85280501842499
.81277233362198
.81821896632512
.8395969470342
.80283224582672
.83891612291336
.79438998301824
.82734205325445
.80392158031464
.81086601813634
.80882352590561
.78676472107569
.8114106853803
.84844772020976
.80555558204651
.85334968566895
.79261982440948
.80296842257182
.8208061059316
.81917210419973
.81753812233607
.82339326540629
.8041938940684
.81781043608983
.86111110448837
.85171568393707
.84722222884496
.81998910506566
.86465142170588
.85866012175878
.83700980742772
.85049019257228
.80936817328135
.82992917299271
.84286493062973
.81168299913406
.83224399884542
.84327340126038
.8914760351181
.88112745682398
.86260890960693
.84477124611537
.83605664968491
.87391066551208
.82870370149612
.8491285443306
.86519608894984
.84027777115504
.84967319170634
.8372821410497
.83238017559052
.82502724726995
.86043030023575
.8820806145668
.83823529879252
.85906861225764
.86805556217829
.84300110737483
.87159585952759
.86492375532786
.87295750776927
.82230391105016
.85389433304469
.857162296772
.85906863212585
.85511980454127
.85688998301824
.84436273574829
.80582787593206
.83673745393753
.79425380627314
.79779412349065
.83061001698176
.80215142170588
.81604031721751
.82203157742818
.79153050978978
.8184912999471
.80718954404195
.80514707167943
.79003268480301
.78485838572184
.78022875388463
.79084968566895
.78131806850433
.78594772020976
.84068628152212
.79112199942271
.8041938940684
.79343682527542
.81386164824168
.80596403280894
.82475489377975
.84545207023621
.81277231375376
.82366557916005
.80569171905518
.79057733217875
.81889979044596
.79044115543365
.75885075330734
.7830882469813
.80964052677155
.81808278958003
.81032135089239
.79452615976334
.8029684027036
.8125
.78472222884496
.80269606908162
.81386164824168
.80433005094528
.79724945624669
.84204792976379
.87813182671865
.83578431606293
.79942810535431
.8018790880839
.78594772020976
.80473858118057
.83932461341222
.84163943926493
.83551196257273
.81672112147013
.83224399884542
.83415031433105
.8052832086881
.79684094587962
.88289761543274
.87894880771637
.80977668364843
.84844770034154
.83183550834656
.85811547438304
.86791940530141
.85348584254583
.84368191162745
.83238017559052
.85334968566895
.82339324553808
.85049017270406
.81726578871409
.81318080425262
.83210784196854
.82475491364797
.84259259700775
.84286495049795
.79983661572138
.84449891249339
.84545207023621
.88398693005244
.83660131692886
.79643245538076
.87418299913406
.85362199942271
.85675382614136
.83986928065618
.85226035118103
.83632898330688
.79234749078751
.84558822711309
.86124728123347
.80991286039352
.86138343811035
.86505989233653
.81617645422618
.80964052677155
.85661764939626
.81563180685043
.85130719343821
.80555554231008
.82802287737528
.81576798359553
.8502178589503
.81032135089239
.79384531577428
.81495098272959
.78513071934382
.80868736902873
.84613289435705
.82625273863475
.82720587650935
.84340957800547
.84517971674601
.83319717645645
.84490740299225
.83537580569585
.80501087506612
.81440629561742
.85634529590607
.81399782498678
.85498364766439
.82924836874008
.83265248934428
.81113833189011
.84123092889786
.86192808548609
.81590416034063
.80637254317602
.81522331635157
.81617647409439
.77873092889786
.77273966868718
.7760076324145
.74714050690333
.78948803742727
.79956428209941
.80364922682444
.81018517414729
.83006536960602
.80106208721797
.80283226569494
.79044117530187
.79221131404241
.77791394790014
.75544663270315
.79847494761149
.79221133391062
.78499454259872
.78090957800547
.77355664968491
.79275598128637
.82162308692932
.82952070236206
.83592049280802
.82979303598404
.78581154346466
.78513071934382
.79942812522252
.81413400173187
.78730936845144
.83319717645645
.81154684225718
.80800652503967
.79901961485545
.81209150950114
.82952070236206
.83061001698176
.80623638629913
.87527233362198
.83047386010488
.84967319170634
.82584422826767
.83946079015732
.83755447467168
.85239650805791
.87540851036708
.87745098272959
.82434638341268
.82965685923894
.80528322855632
.84055010477702
.81767429908117
.83210784196854
.8417755762736
.82693356275558
.83496731519699
.80596405267715
.83061003684998
.82584422826767
.79793028036753
.84177559614182
.79180282354355
.80718954404195
.79044117530187
.83346951007843
.82094226280848
.81345315774282
.8314270178477
.79466233650843
.83646514018377
.80392156044642
.8054193854332
.78077342112859
.78390522797902
.79779412349065
.79384531577428
.77818628152212
.7664760351181
.76742919286092
.82489109039307
.8220315972964
.8112745086352
.80215140183767
.77573529879252
.77873092889786
.80623636643092
.78976035118103
.79316447178523
.81100217501322
.78009259700775
.84545207023621
.80446622769038
.85702613989512
.81958059469859
.83265250921249
.83646514018377
.78186273574829
.81454247236252
.78622003396352
.80909585952759
.83986928065618
.84967321157455
.83837147553762
.81958059469859
.82502722740173
.78989650805791
.78785401582718
.80569171905518
.74455336729685
.81004901727041
.81862745682398
.81209150950114
.79765796661377
.79561545451482
.80378540356954
.78880719343821
.83197166522344
.83877994616826
.80991286039352
.80269606908162
.84953703482946
.83061003684998
.80732570091883
.80010894934336
.82734205325445
.82598038514455
.85239650805791
.81345315774282
.79942808548609
.79915579160055
.81876359383265
.81236384312312
.81168301900228
.79275598128637
.79588780800502
.82053377230962
.81876361370087
.85484749078751
.857162296772
.84259261687597
.86220043897629
.85443898042043
.8502178589503
.79983659585317
.83551198244095
.80678103367488
.8052832086881
.81181917587916
.79779412349065
.80473856131236
.8325163324674
.79316449165344
.82352942228317
.81209148963292
.79697712262472
.80773421128591
.80283224582672
.83061001698176
.85906863212585
.82693354288737
.82924836874008
.78907952706019
.79112199942271
.79997277259827
.79888345797857
.81781045595805
.7760076324145
.80405773719152
.74074073632558
.7877178589503
.80010894934336
.80964052677155
.82815903425217
.7958877881368
.81004903713862
.81168301900228
.81399782498678
.77532678842545
.81195533275604
.79030501842499
.82911219199498
.83047386010488
.83183550834656
.79793030023575
.8103213707606
.82924836874008
.79316449165344
.85076252619425
.83523966868718
.82366557916005
.81345315774282
.82107841968536
.82802287737528
.80296842257182
.85838780800502
.81617645422618
.84082245826721
.85185184081395
.85430282354355
.84272875388463
.81495098272959
.82965685923894
.81576798359553
.79153048992157
.79915575186412
.82924836874008
.83632896343867
.80691721041997
.82448258002599
.78758170207342
.84545207023621
.79643245538076
.83156317472458
.78553920984268
.82489107052485
.78254357973735
.7960239648819
.85934096574783
.83292484283447
.79970041910807
.77083331346512
.77546296517054
.78485840559006
.81604031721751
.82121457656225
.80759805440903
.83578431606293
.81413398186366
.83265250921249
.80787036816279
.81699347496033
.79901961485545
.79425380627314
.79275598128637
.79765796661377
.82448256015778
.82475489377975
.840822438399
.83496733506521
.84327342112859
.8220315972964
.82107843955358
.81127452850342
.86505991220474
.82938452561696
.81712965170542
.81930830081304
.86369826396306
.8323801557223
.79806645711263
.83346951007843
.79888345797857
.83238019545873
.79016884167989
.8041938940684
.77968410650889
.79166666666667
.78894335031509
.78717319170634
.78717321157455
.81195533275604
.84136708577474
.83483115832011
.79738563299179
.84722222884496
.82489107052485
.80228757858276
.81318082412084
.83074619372686
.79861110448837
.85157952706019
.80610020955404
.82720587650935
.84313726425171
.81440631548564
.7570806145668
.77573527892431
.8125
.84177559614182
.8231209119161
.8184912999471
.81304466724396
.82162308692932
.80691721041997
.82706971963247
.83265250921249
.82598038514455
.82094226280848
.8195806145668
.81794663270315
.79166666666667
.80473856131236
.79724945624669
.82339324553808
.82829521099726
.84395424524943
.82938452561696
.84150326251984
.82911219199498
.82788670063019
.76960786183675
.85239652792613
.84803920984268
.85212417443593
.82843136787415
.83142699797948
.83197166522344
.88085512320201
.82271240154902
.86043030023575
.84953701496124
.8737745086352
.85089870293935
.85117101669312
.87935729821523
.83415031433105
.8374183177948
.81318084398905
.84232026338577
.82312093178431
.8101851940155
.85906863212585
.86124728123347
.87581700086594
.83578431606293
.84327342112859
.86056643724442
.84354575475057
.81576796372732
.8668300708135
.84967319170634
.8574346502622
.86601305007935
.87064270178477
.83020150661469
.83578431606293
.8585239648819
.82502722740173
.84858389695485
.84490740299225
.87050654490789
.91503268480301
0
0
0
0
0
0
0
0
0
0
0
0
0
0
0
0
0
0
0
0
0
0
0
0
0
0
0
0
0
0
0
0
0
0
0
0
0
0
0
0
0
0
0
0
0
0
0
0
0
0
0
0
0
0
0
0
0
0
0
0
0
0
0
0
0
0
0
0
0
0
0
0
0
0
0
0
0
0
0
0
0
0
0
0
0
0
0
0
0
0
0
0
0
0
0
0
0
0
0
0
0
0
0
0
0
0
0
0
0
0
0
0
0
0
0
0
0
0
0
0
0
0
0
0
0
0
0
0
0
0
0
0
0
0
0
0
0
0
0
0
0
0
0
0
0
0
0
0
0
0
0
0
0
0
0
0
0
0
0
0
0
0
0
0
0
0
0
0
0
0
0
0
0
0
0
0
0
0
0
0
0
0
0
0
0
0
0
0
0
0
0
0
0
0
0
0
0
0
0
0
0
0
0
0
0
0
0
0
0
0
0
0
0
0
0
0
0
0
0
0
0
0
0
0
0
0
0
0
0
0
0
0
0
0
0
0
0
0
0
0
0
0
0
0
0
0
0
0
0
0
0
0
0
0
0
0
0
0
0
0
0
0
0
0
0
0
0
0
0
0
0
0
0
0
0
0
0
0
0
0
0
0
0
0
0
0
0
0
0
0
0
0
0
0
0
0
0
0
0
0
0
0
0
0
0
0
0
0
0
0
0
0
0
0
0
0
0
0
0
0
0
0
0
0
0
0
0
0
0
0
0
0
0
0
0
0
0
0
0
0
0
0
0
0
0
0
0
0
0
0
0
0
0
0
0
0
0
0
0
0
0
0
0
0
0
0
0
0
0
0
0
0
0
0
0
0
0
0
0
0
0
0
0
0
0
0
0
0
0
0
0
0
0
0
0
0
0
0
0
0
0
0
0
0
0
0
0
0
0
0
0
0
0
0
0
0
0
0
0
0
0
0
0
0
0
0
0
0
0
0
0
0
0
0
0
0
0
0
0
0
0
0
0
0
0
0
0
0
0
0
0
0
0
0
0
0
0
0
0
0
0
0
0
0
0
0
0
0
0
0
0
0
0
0
0
0
0
0
0
0
0
0
0
0
0
0
0
0
0
0
0
0
0
0
0
0
0
0
0
0
0
0
0
0
0
0
0
0
0
0
0
0
0
0
0
0
0
0
0
0
0
0
0
0
0
0
0
0
0
0
0
0
0
0
0
0
0
0
0
0
0
0
0
0
0
0
0
0
0
0
0
0
0
0
0
0
0
0
0
0
0
0
0
0
0
0
0
0
0
0
0
0
0
0
0
0
0
0
0
0
0
0
0
0
0
0
0
0
0
0
0
0
0
0
0
0
0
0
0
0
0
0
0
0
0
0
0
0
0
0
0
0
0
0
0
0
0
0
0
0
0
0
0
0
0
0
0
0
0
0
0
0
0
0
0
0
0
0
0
0
0
0
0
0
0
0
0
0
0
0
0
0
0
0
0
0
0
0
0
0
0
0
0
0
0
0
0
0
0
0
0
0
0
0
0
0
0
0
0
0
0
0
0
0
0
0
0
0
0
0
0
0
0
0
0
0
0
0
0
0
0
0
0
0
0
0
0
0
0
0
0
0
0
0
0
0
0
0
0
0
0
0
0
0
0
0
0
0
0
0
0
0
0
0
0
0
0
0
0
0
0
0
0
0
0
0
0
0
0
0
0
0
0
0
0
0
0
0
0
0
0
0
0
0
0
0
0
0
0
0
0
0
0
0
0
0
0
0
0
0
0
0
0
0
0
0
0
0
0
0
0
0
0
0
0
0
0
0
0
0
0
0
0
0
0
0
0
0
0
0
0
0
0
0
0
0
0
0
0
0
0
0
0
0
0
0
0
0
0
0
0
0
0
0
0
0
0
0
0
0
0
0
0
0
0
0
0
0
0
0
0
0
0
0
0
0
0
0
0
0
0
0
0
0
0
0
0
0
0
0
0
0
0
0
0
0
0
0
0
0
0
0
0
0
0
0
0
0
0
0
0
0
0
0
0
0
0
0
0
0
0
0
0
0
0
0
0
0
0
0
0
0
0
0
0
0
0
0
0
0
0
0
0
0
0
0
0
0
0
0
0
0
0
0
0
0
0
0
0
0
0
0
0
0
0
0
0
0
0
0
0
0
0
0
0
0
0
0
0
0
0
0
0
0
0
0
0
0
0
0
0
0
0
0
0
0
0
0
0
0
0
0
0
0
0
0
0
0
0
0
0
0
0
0
0
0
0
0
0
0
0
0
0
0
0
0
0
0
0
0
0
0
0
0
0
0
0
0
0
0
0
0
0
0
0
0
0
0
0
0
0
0
0
0
0
0
0
0
0
0
0
0
0
0
0
0
0
0
0
0
0
0
0
0
0
0
0
0
0
0
0
0
0
0
0
0
0
0
0
0
0
0
0
0
0
0
0
0
0
0
0
0
0
0
0
0
0
0
0
0
0
0
0
0
0
0
0
0
0
0
0
0
0
0
0
0
0
0
0
0
0
0
0
0
0
0
0
0
0
0
0
0
0
0
0
0
0
0
0
0
0
0
0
0
0
0
0
0
0
0
0
0
0
0
0
0
0
0
0
0
0
0
0
0
0
0
0
0
0
0
0
0
0
0
0
0
0
0
0
0
0
0
0
0
0
0
0
0
0
0
0
0
0
0
0
0
0
0
0
0
0
0
0
0
0
0
0
0
0
0
0
0
0
0
0
0
0
0
0
0
0
0
0
0
0
0
0
0
0
0
0
0
0
0
0
0
0
0
0
0
0
0
0
0
0
0
0
0
0
0
0
0
0
0
0
0
0
0
0
0
0
0
0
0
0
0
0
0
0
0
0
0
0
0
0
0
0
0
0
0
0
0
0
0
0
0
0
0
0
0
0
0
0
0
0
0
0
0
0
0
0
0
0
0
0
0
0
0
0
0
0
0
0
0
0
0
0
0
0
0
0
0
0
0
0
0
0
0
0
0
0
0
0
0
0
0
0
0
0
0
0
0
0
0
0
0
0
0
0
0
0
0
0
0
0
0
0
0
0
0
0
0
0
0
0
0
0
0
0
0
0
0
0
0
0
0
0
0
0
0
0
0
0
0
0
0
0
0
0
0
0
0
0
0
0
0
0
0
0
0
0
0
0
0
0
0
0
0
0
0
0
0
0
0
0
0
0
0
0
0
0
0
0
0
0
0
0
0
0
0
0
0
0
0
0
0
0
0
0
0
0
0
0
0
0
0
0
0
0
0
0
0
0
0
0
0
0
0
0
0
0
0
0
0
0
0
0
0
0
0
0
0
0
0
0
0
0
0
0
0
0
0
0
0
0
0
0
0
0
0
0
0
0
0
0
0
0
0
0
0
0
0
0
0
0
0
0
0
0
0
0
0
0
0
0
0
0
0
0
0
0
0
0
0
0
0
0
0
0
0
0
0
0
0
0
0
0
0
0
0
0
0
0
0
0
0
0
0
0
0
0
0
0
0
0
0
0
0
0
0
0
0
0
0
0
0
0
0
0
0
0
0
0
0
0
0
0
0
0
0
0
0
0
0
0
0
0
0
0
0
0
0
0
0
0
0
0
0
0
0
0
0
0
0
0
0
0
0
0
0
0
0
0
0
0
0
0
0
0
0
0
0
0
0
0
0
0
0
0
0
0
0
0
0
0
0
0
0
0
0
0
0
0
0
0
0
0
0
0
0
0
0
0
0
0
0
0
0
0
0
0
0
0
0
0
0
0
0
0
0
0
0
0
0
0
0
0
0
0
0
0
0
0
0
0
0
0
0
0
0
0
0
0
0
0
0
0
0
0
0
0
0
0
0
0
0
0
0
0
0
0
0
0
0
0
0
0
0
0
0
0
0
0
0
0
0
0
0
0
0
0
0
0
0
0
0
0
0
0
0
0
0
0
0
0
0
0
0
0
0
0
0
0
0
0
0
0
0
0
0
0
0
0
0
0
0
0
0
0
0
0
0
0
0
0
0
0
0
0
0
0
0
0
0
0
0
0
0
0
0
0
0
0
0
0
0
0
0
0
0
0
0
0
0
0
0
0
0
0
0
0
0
0
0
0
0
0
0
0
0
0
0
0
0
0
0
0
0
0
0
0
0
0
0
0
0
0
0
0
0
0
0
0
0
0
0
0
0
0
0
0
0
0
0
0
0
0
0
0
0
0
0
0
0
0
0
0
0
0
0
0
0
0
0
0
0
0
0
0
0
0
0
0
0
0
0
0
0
0
0
0
0
0
0
0
0
0
0
0
0
0
0
0
0
0
0
0
0
0
0
0
0
0
0
0
0
0
0
0
0
0
0
0
0
0
0
0
0
0
0
0
0
0
0
0
0
0
0
0
0
0
0
0
0
0
0
0
0
0
0
0
0
0
0
0
0
0
0
0
0
0
0
0
0
0
0
0
0
0
0
0
0
0
0
0
0
0
0
0
0
0
0
0
0
0
0
0
0
0
0
0
0
0
0
0
0
0
0
0
0
0
0
0
0
0
0
0
0
0
0
0
0
0
0
0
0
0
0
0
0
0
0
0
0
0
0
0
0
0
0
0
0
0
0
0
0
0
0
0
0
0
0
0
0
0
0
0
0
0
0
0
0
0
0
0
0
