.86614924669266
.83306099971135
.89338235060374
.83700982729594
.8114106853803
.81944445768992
.83578431606293
.84218408664068
.83946079015732
.83401415745417
.80800652503967
.82720587650935
.86928105354309
.88711875677109
.86015794674555
.84272875388463
.8101851940155
.85893245538076
.81181915601095
.79438996315002
.81290849049886
.82570805152257
.78227124611537
.81345315774282
.81794663270315
.81862743695577
.81535949309667
.7792755762736
.8372821410497
.86574073632558
.82557189464569
.85430282354355
.81753812233607
.83877994616826
.83619280656179
.8289760351181
.81467864910762
.80882352590561
.82666120926539
.81209150950114
.82761438687642
.84245642026265
.83469500144323
.88916122913361
.87009803454081
.8773148059845
.85008170207342
.85253268480301
.87159585952759
.83877996603648
.83224401871363
.83265248934428
.8372821410497
.84858387708664
.82775054375331
.86928105354309
.85688998301824
.82284859816233
.87962961196899
.82747822999954
.81903594732285
.80991284052531
.85171568393707
.82366557916005
.83074617385864
.84926470120748
.81699345509211
.80242375532786
.80364922682444
.86356208721797
.83891612291336
.83415031433105
.8029684027036
.82366557916005
.8737745086352
.86029412349065
.8491285443306
.83700980742772
.81181917587916
.83142703771591
.81059368451436
.80759803454081
.83292482296626
.81767429908117
.78145424524943
.85811545451482
.82393789291382
.85811547438304
.82747821013133
.84844772020976
.84681371847788
.84776689608892
.80868736902873
.82216775417328
.81386164824168
.82271242141724
.83510347207387
.82543573776881
.83796296517054
.84980938831965
.84626907110214
.8666938940684
.81195533275604
.81944443782171
.82529956102371
.8397331237793
.81889977057775
.82162310679754
.81086599826813
.80678103367488
.84654138485591
.77995642026265
.84014163414637
.82216775417328
.78594770034154
.79003268480301
.77464596430461
.76157408952713
.76919935146968
.78853485981623
.77573529879252
.74904684225718
.8291122118632
.87118734916051
.8477668762207
.84150326251984
.82802287737528
.82271242141724
.82148693005244
.8726851940155
.86260892947515
.83700980742772
.83551198244095
.84463506937027
.82843136787415
.83673747380575
.83278866608938
.85185184081395
.86587691307068
.88126361370087
.84313724438349
.87785947322845
.87295752763748
.92238561312358
.90046296517054
.85974945624669
.88875271876653
.8700980146726
.87091503540675
.88139977057775
.85784314076106
.84041394790014
.84872003396352
.8220315972964
.85185186068217
.86860020955404
.83251635233561
.86383442083995
.85947714249293
.85675380627314
.86574073632558
.83101852734884
.86832789580027
.84123092889786
.86996187766393
.87077887852987
.86274510622025
.85089870293935
.84477124611537
.82679738601049
.84068628152211
.80460240443548
.84381808837255
.76729303598404
.80174291133881
.80746187766393
.84572440385818
.78758170207342
.81495098272959
.8112745086352
.81331698099772
.79493463039398
.77995642026265
.77491829792658
.79507080713908
.84980936845144
.81181917587916
.83088237047195
.84694989522298
.88480393091838
.83537582556407
.84395424524943
.81290849049886
.85062634944916
.83673745393753
.77791394790014
.8488561908404
.8477668762207
.79670478900274
.84572440385818
.8218954205513
.84763071934382
.83224401871363
.87690631548564
.84313724438349
.83278866608938
.85784312089284
.82843138774236
.84477124611537
.80092593034108
.82271240154902
.84150328238805
.84259257713954
.84313724438349
.82461873690287
.82094226280848
.85280499855677
.82979303598404
.81958059469859
.79153050978978
.82407406965892
.80855119228363
.80501089493434
.80541940530141
.8231209119161
.79057735204697
.79071350892385
.81508715947469
.8502178589503
.82802285750707
.82053375244141
.83496731519699
.82216775417328
.83088235060374
.84259259700775
.85362201929092
.84232024351756
.83006536960602
.84368191162745
.84218410650889
.82570805152257
.86941721041997
.85552833477656
.83986928065618
.87962963183721
.8679193854332
.8551198442777
.8572984735171
.81672114133835
.81454249223073
.80773421128591
.84517975648244
.83183550834656
.80378540356954
.77777777115504
.79221133391062
.82461873690287
.83455882469813
.80759803454081
.82094226280848
.84708605209986
.83660131692886
.82407406965892
.84000543753306
.83782678842545
.81358933448792
.82107841968536
.80351306994756
.8325163324674
.86655773719152
.82706971963247
.84449891249339
.84163943926493
.8054193854332
.8656045794487
.82489105065664
.82557189464569
.82611656188965
.82775054375331
.84232024351756
.85688996315002
.80623638629913
.82652507225672
.80514705181122
.82189544041952
.79684096574783
.82094224294027
.80732572078705
.83741829792658
.83905227979024
.89379086097081
.86043028036753
.83360566695531
.86873638629913
.80228757858276
.8041938940684
.80228757858276
.83142703771591
.80528322855632
.82870372136434
.80038126309713
.82352942228317
.8385076324145
.79003266493479
.81549563010534
.78444989522298
.79466231664022
.83346949021022
.84340959787369
.84163943926493
.87268517414729
.83809912204742
.84763071934382
.84654138485591
.85838780800502
.84531589349111
.83632896343867
.88248910506566
.82448256015778
.85348584254583
.8278867204984
.83020150661469
.82352940241496
.80895970265071
.81726578871409
.83932463328044
.82230391105016
.83551198244095
.85988561312358
.8385076324145
.83469498157501
.86669391393661
.88085512320201
.86982570091883
.87105119228363
.82829521099726
.83442264795303
.84286491076152
.84232026338577
.86941721041997
.85457515716553
.82230393091838
.84599673748016
.80841503540675
.82965685923894
.80487473805745
.85049021244049
.85552831490835
.83469500144323
.84722220897675
.85566449165344
.83306099971135
.79942810535431
.80351306994756
.79125815629959
.77301196257273
.82843134800593
.81889977057775
.82625271876653
.85988561312358
.82448258002599
.81563180685043
.81985292832057
.84572440385818
.8206699291865
.81862745682398
.81672112147013
.83387798070908
.82529956102371
.80296842257182
.80855121215185
.80269606908162
.79180282354355
.80623638629913
.79411764939626
.77546296517054
.78703703482946
.78867101669312
.81712963183721
.78853485981623
.80950435002645
.78376905123393
.79793028036753
.7700163324674
.80637256304423
.82012528181076
.84694989522298
.8585239648819
.84844772020976
.8502178589503
.84300108750661
.83755447467168
.82189544041952
.81413398186366
.82325706879298
.82502722740173
.85049019257228
.86574073632558
.87159585952759
.88807189464569
.85920478900274
.8948801557223
.87649782498678
.88235294818878
.86955336729685
.88698258002599
.89705882469813
.88385075330734
.86083877086639
.91407950719198
.90958605209986
.85484751065572
.85947714249293
.86220043897629
.88725489377975
.85525600115458
.84844772020976
.88494008779526
.8583877881368
.8585239648819
.85934096574783
.87227668364843
.86669391393661
.8856209119161
.89174836874008
.85471131404241
.88276143868764
.89746733506521
.89787582556407
.86356208721797
.87241286039352
.87459150950114
.86260892947515
.91516884167989
.84749456246694
.87418299913406
.92279412349065
.91557733217875
.84272875388463
.85838780800501
.91435186068217
.87867647409439
.86982570091883
.90781591335932
.8562091588974
.85770698388418
.85947714249293
.87636166810989
.86778322855632
.91489652792613
.91625817616781
.88003812233607
.90127994616826
.90087143580119
.92211329936981
.92892156044642
.90563726425171
.90345861514409
.89733115832011
.90536491076152
.88466777404149
.91448801755905
.91380719343821
.86710240443548
.91830066839854
.903322438399
.9302832086881
.92538126309713
.93913398186366
.88834422826767
.92415579160055
.9282407561938
.91190087795258
.9810729821523
.98815359671911
.98379627863566
.98420476913452
.98189000288645
1.0138889153798
.97426468133926
.99441723028819
.97194987535477
1.0122548937798
.99196622769038
1.0126633842786
1.0340414047241
1.0473856131236
1.0946350495021
1.0932734409968
1.1855936845144
1.1597222487132
1.1467864513397
1.1924019654592
1.1727941433589
1.1900871594747
1.2199074427287
1.1776961088181
1.2618464231491
1.2524509827296
1.2971132993698
1.2709695100784
1.3238017161687
1.306100209554
1.2772331237793
1.3131808439891
1.3517156839371
1.340550104777
1.3446350892385
1.3468137184779
1.3910675446192
1.3473583857218
1.3409585952759
1.4133987029394
1.411900917689
1.4311002492905
1.4761710166931
1.4460784594218
1.4560185273488
1.4641884565353
1.5198801358541
1.4985021750132
1.5309095780055
1.5134803851446
1.4908769130707
1.54438996315
1.5778867006302
1.5614106655121
1.556644876798
1.5687636534373
1.6143790880839
1.6544117530187
1.6089324553808
1.6199618975321
1.5778867006302
1.6117919286092
1.6522331237793
1.6292211612066
1.6090686321259
1.6309912602107
1.6330337524414
1.5969499349594
1.5904139280319
1.579384525617
1.6427015463511
1.6102941036224
1.6128812630971
1.5851035118103
1.5796568393707
1.6135620673498
1.6214596827825
1.6323529481888
1.6161492665609
1.609204808871
1.5526960690816
1.4997276862462
1.489515264829
1.4569716453552
1.4493463834127
1.4398148059845
1.4272875785828
1.4391340017319
1.4095860719681
1.3788126309713
1.3479030529658
1.3526688416799
1.3489923874537
1.3631536165873
1.3209422826767
1.3197167714437
1.3003812630971
1.255855123202
1.1971677541733
1.2374727725983
1.234340985616
1.1523693005244
1.0897331237793
1.0916394392649
1.1064815123876
1.0792483488719
1.0620914697647
1.0714869499207
1.075980424881
1.0310457348824
1.0379902124405
1.037853995959
1.0080337723096
.99564270178477
1.0475217898687
.99959148963292
1.0084422429403
1.0254629850388
.9987745086352
1.0031317869822
.96650326251984
.92987473805745
.94744008779526
.94321896632512
.96772877375285
.94430830081304
.99509803454081
.98406861225764
.9882897734642
.97181371847788
.97508170207341
1.0070805946986
.99754899740219
1.0012254913648
1.0074890851974
1.0268246134122
1.0182461937269
1.0175653497378
1.0196078221003
.96636708577474
.98175380627314
.99850215514501
1.0005446473757
.97794117530187
.95016340414683
.99074073632558
1.0239651401838
1.030092616876
.98502175013224
.99795750776927
1.0127995411555
.99264705181122
.96881808837255
.97644333044688
.98420478900274
.97848582267761
1.0016339818637
1.0088507731756
1.0017701586088
1.0284585952759
.97453705469767
.9315087000529
.98352394501368
.9622821410497
.98502178986867
.93395970265071
.92905773719152
.9055010676384
.94539759556452
.90495642026265
.89869280656179
.93218956391017
.93464052677155
.94621459643046
.96514161427816
.96718408664068
.91925380627314
.89569715658824
.88602942228317
.85253268480301
.87758713960648
.88589324553808
.87595315774282
.8549836675326
.83306101957957
.87976580858231
.8479030529658
.82502722740173
.87649780511856
.88003812233607
.86860022942225
.90699891249339
.86424291133881
.84286493062973
.83619280656179
.84599673748016
.83605664968491
.86274508635203
.8208061059316
.84844770034154
.85879629850388
.8372821410497
.87050652503967
.86628540356954
.87540849049886
.85648149251938
.87649782498678
.8833061059316
.83809912204742
.87336601813634
.87322984139125
.8585239648819
.81045750776927
.81794661283493
.85198799769084
.81522331635157
.83660129706065
.8479030529658
.86437906821569
.83660131692886
.86505991220474
.83074619372686
.81944443782171
.84722220897675
.84313724438349
.84681371847788
.85185184081395
.85198801755905
.84436275561651
.82883985837301
.84586056073507
.88167212406794
.83551198244095
.82284857829412
.81127452850342
.83632896343867
.78635621070862
.83537580569585
.80800652503967
.81631265083949
.82012528181076
.79997277259827
.83061003684998
.82175928354263
.85008170207341
.84055010477702
.85947712262472
.85443900028865
.89297384023666
.84477124611537
.86587691307068
.8278867204984
.81522331635157
.80977668364843
.80882352590561
.79466231664022
.79316449165344
.83088235060374
.80950435002645
.79343682527542
.82788670063019
.81467864910762
.81168299913406
.80351306994756
.79861110448837
.79071350892385
.78104575475057
.76661219199498
.76089324553808
.78458605209986
.80977668364843
.77151415745417
.76988017559052
.80787036816279
.7854030529658
.81740194559097
.81209150950114
.79248364766439
.80841503540675
.81113833189011
.81712963183721
.81304466724396
.80746187766393
.77927561601003
.78567538658778
.80691723028819
.78894335031509
.77246733506521
.79752178986867
.81617645422618
.81168299913406
.79942812522252
.80446622769038
.76102942228317
.77369280656179
.79330064853032
.83741829792658
.7937091588974
.7819989323616
.78839868307114
.79071350892385
.80255991220474
.80405773719152
.82244008779526
.78921568393707
.84749454259872
.83660129706065
.84000545740128
.82230391105016
.83782680829366
.82543573776881
.80078975359599
.86369824409485
.83741829792658
.82979301611582
.81495098272959
.82625271876653
.83292484283447
.80038126309713
.85280499855677
.85321350892385
.8054193854332
.82094226280848
.80814268191655
.7830882469813
.8018790880839
.78976035118103
.77927561601003
.77328429619471
.78785403569539
.8314270178477
.85362199942271
.80405773719152
.82121459643046
.8302015264829
.84708605209986
.81181917587916
.81304466724396
.83605662981669
.79929194847743
.84109479188919
.82747821013133
.86410673459371
.80215142170588
.79738563299179
.84626907110214
.84218408664068
.83442266782125
.84640522797902
.8217592438062
.86614922682444
.81032135089238
.85443898042043
.84940087795258
.85117101669312
.81427015860875
.8197167913119
.81726580858231
.80650871992111
.83428649107615
.84300108750661
.82965687910716
.82693356275558
.85770698388418
.79793028036753
.87677015860875
.83551198244095
.85906863212585
.86056645711263
.8126361767451
.80351305007935
.83401415745417
.79684096574783
.80078975359599
.82706969976425
.86914487679799
.85457517703374
.85103483994802
.87077885866165
.84872005383174
.86914487679799
.87636164824168
.81712965170542
.84409040212631
.83755445480347
.88262526194255
.8679193854332
.83823529879252
.82829521099726
.86519608894984
.84858387708664
.8809912999471
.84844772020976
.82352942228317
.81413398186366
.82829521099726
.82162310679754
.85348584254583
.82244008779526
.84123094876607
.83864376942317
.80446622769038
.80065361658732
.79561547438304
.81345315774282
.85307735204697
.80977668364843
.79684096574783
.86369824409485
.83156317472458
.78499456246694
.81018517414729
.77764161427816
.78581154346466
.83687363068263
.79030499855677
.77546294530233
.78771787881851
.76919935146968
.75626361370087
.81835512320201
.82761438687642
.80160675446192
.79520698388418
.81181917587916
.77219498157501
.82244006792704
.81971677144368
.81086601813634
.80201522509257
.79153050978978
.77641612291336
.82529958089193
.80787038803101
.82788670063019
.8125
.86192810535431
.80759803454081
.85879631837209
.81740194559097
.82638889551163
.80283224582672
.79575163125992
.82135077317556
.82529956102371
.8040577173233
.80814272165298
.81386164824168
.80650871992111
.85266884167989
.86383442083995
.84109477202098
.84967321157455
.82475491364797
.86642156044642
.86151959498723
.84586056073507
.87431917587916
.80664487679799
.83428649107615
.88412310679754
.87186819314957
.85634531577428
.83483115832011
.81753812233607
.84803920984268
.81181917587916
.82366555929184
.82135077317556
.86737473805745
.83455882469813
.85253268480301
.84259259700775
.85552831490835
.84177561601003
.86574073632558
.83415033419927
.85620913902919
.83169933160146
.86628540356954
.82216775417328
.87309366464615
.82339324553808
.83387798070908
.85974945624669
.88548475503922
.86015796661377
.892837703228
.84654140472412
.83537580569585
.81427013874054
.85648149251938
.85049019257228
.85866012175878
.85035403569539
.85947712262472
.85389433304469
.8574346502622
.80882352590561
.85226035118103
.82652505238851
.83619280656179
.84817538658778
.8500816822052
.86383442083995
.81399780511856
.81658496459325
.85294117530187
.85076252619425
.81712963183721
.88875273863475
.840822438399
.85879629850388
.80991286039352
.86574073632558
.87214054663976
.85580064853032
.82380175590515
.84381806850433
.86124726136525
.85552831490835
.89351852734884
.88126363356908
.82965687910716
.84163941939672
.86710240443548
.83646514018377
.77314815918605
.81454249223073
.80773419141769
.80378540356954
.82339324553808
.8112745086352
.82557189464569
.77028868595759
.83510347207387
.87554466724396
.83537582556407
.82489109039307
.85403050978978
.8278867204984
.83360566695531
.8300653497378
.81372551123301
.84232024351756
.79901961485545
.81018517414729
.85035403569539
.86914487679799
.85552833477656
.85049019257228
.88671024640401
.89038670063019
.87459148963292
.89406317472458
.86111110448837
.86805554231008
.84136708577474
.88099128007889
.86260894934336
.8867102265358
.90386712551117
.82121457656225
.81699347496033
.81549563010534
.84858387708664
.83115468422572
.84395424524943
.8656045794487
.87037036816279
.85117101669312
.83782678842545
.84000543753306
.85117101669312
.82475489377975
.82325706879298
.81358933448792
.85198803742727
.89079521099726
.86900871992111
.82679738601049
.84313726425171
.84436275561651
.83061001698176
.80610020955404
.77900328238805
.80255989233653
.87241286039352
.82434640328089
.85879627863566
.83605662981669
.86437910795212
.84014161427816
.85212419430415
.88248908519745
.8562091588974
.87568084398905
.82352942228317
.84912856419881
.87064270178477
.83428647120794
.8159041206042
.85253268480301
.85934094587962
.83592047293981
.8336056470871
.82761436700821
.83660131692886
.85348582267761
.81331698099772
.85716231664022
.83769063154856
.86424293120702
.83129086097081
.83537580569585
.80623636643092
.82843136787415
.83183548847834
.8278867204984
.84681371847789
.87704249223073
.79752178986867
.80827885866165
.85403050978978
.84368191162745
.83673747380575
.82679738601049
.8231209119161
.79983659585317
.82516340414683
.83278868595759
.83483115832011
.85934096574783
.83238017559052
.84300108750661
.87404684225718
.82216775417328
.8643790880839
.86220041910807
.875
.88752722740173
.84504355986913
.89556099971135
.85239650805791
.84150328238805
.81413398186366
.81495098272959
.83741829792658
.80923203627268
.8300653497378
.85239650805791
.86233659585317
.82502722740173
.82761436700821
.81604029734929
.81658496459325
.8562091588974
.81467864910762
.79670478900274
.76184638341268
.8075980146726
.79139433304469
.7854030529658
.79888343811035
.79016884167989
.77791394790014
.80678103367488
.7866285443306
.80364922682444
.82094224294027
.79125817616781
.81590416034063
.82502724726995
.76988017559052
.8021514415741
.76974399884542
.78322440385818
.80147059758504
.75966775417328
.82938452561696
.80827887852987
.80065359671911
.80705338716507
.79629629850388
.81563182671865
.83455882469813
.85920478900274
.79997275273005
.79616014162699
.8114106853803
.81699347496033
.79466231664022
.81209150950114
.80855119228363
.79452615976334
.82012526194255
.83251635233561
.79997275273005
.78608387708664
.82094226280848
.84681371847789
.80038126309713
.84340959787369
.80269608894984
.81930828094482
.82652505238851
.87050654490789
.81018517414729
.82026143868764
.83101850748062
.83197168509165
.80610022942225
.79411764939626
.81944445768992
.83564813931783
.82761438687642
.81631263097127
.86179192860921
.81522329648336
.84994552532832
.83809912204742
.84041394790014
.82829521099726
.82747821013133
.80977668364843
.85144335031509
.8479030529658
.80433005094528
.80364924669266
.83142699797948
.79874726136525
.80147059758504
.84272877375285
.81318082412084
.85171568393707
.85253268480301
.82529956102371
.85198801755905
.85294117530187
.86533224582672
.81045752763748
.86097494761149
.85498364766439
.8397331237793
.86887256304423
.84599673748016
.82230393091838
.83551198244095
.80038126309713
.84027777115504
.82924836874008
.83687363068263
.83564815918605
.80596405267715
.81249998013179
.84068628152211
.80296842257182
.82135077317556
.79193900028865
.84572440385818
.82230391105016
.84123092889786
.80705338716507
.81508715947469
.80895970265071
.79847492774328
.82502722740173
.84463506937027
.80473856131236
.86138345797857
.83823529879252
.86723856131236
.79302833477656
.82339326540629
.82284859816233
.80678105354309
.8430010676384
.82244008779526
.85157952706019
.84204792976379
.83033768335978
.846677561601
.81998912493388
.83959692716599
.81168299913406
.82026143868764
.83537580569585
.8148148059845
.8289760351181
.84327342112859
.84068628152211
.8457244237264
.83592047293981
.8455882469813
.86628538370132
.85688998301824
.81808278958003
.83714596430461
.83932463328044
.88126361370087
.83238017559052
.83115470409393
.85430284341176
.83905229965846
.84831154346466
.83646514018377
.82434642314911
.82448258002599
.84218408664068
.85757080713908
.86369826396306
.85770696401596
.84027775128682
.84980936845144
.82584424813588
.84409040212631
.81563180685043
.85307733217875
.82244008779526
.83741829792658
.8596132795016
.84381808837255
.78703703482946
.76525052388509
.82952070236206
.77927559614182
.86029412349065
.7758714556694
.79616012175878
.80364924669266
.83714596430461
.80255993207296
.81304466724396
.79779412349065
.84763073921204
.8289760351181
.83564815918605
.80487473805745
.80705338716507
.79915577173233
.81644880771637
.8112745086352
.82162306706111
.74659585952759
.77219498157501
.78444989522298
.78254357973735
.78036493062973
.80487471818924
.80310455958049
.80909585952759
.83156317472458
.81903596719106
.84259257713954
.82856754461924
.79588780800502
.78758170207342
.8206699291865
.8041938940684
.79153050978978
.77410131692886
.81440631548564
.82012528181076
.78717321157455
.80106208721797
.81508715947469
.80187906821569
.80623636643092
.83741829792658
.78907952706019
.82761438687642
.80446622769038
.8394607702891
.8054193854332
.74836601813634
.77927559614182
.79221133391062
.77668845653534
.76879086097082
.74632352590561
.7947984735171
.79929192860921
.8054193854332
.84340957800547
.81181915601095
.78063724438349
.83292482296626
.83809914191564
.81604029734929
.82489105065664
.83374182383219
.80637254317602
.81209148963292
.84708607196808
.81535949309667
.84272877375285
.86492375532786
.79180284341176
.78989650805791
.79289215803146
.81726578871409
.8289760351181
.80691721041997
.82162308692932
.8032407561938
.81168301900228
.83483113845189
.84626907110214
.82788670063019
.85334968566895
.85716231664022
.81794661283493
.82516338427862
.84340959787369
.82843136787415
.82652505238851
.79643247524897
.83197168509165
.82053375244141
.83537580569585
.79684094587962
.79888343811035
.82815905412038
.86519606908162
.84953703482946
.87132354577382
.85362199942271
.83864378929138
.81345315774282
.78308822711309
.81917210419973
.84232026338577
.84749454259872
.80718954404195
.81141066551208
.82230391105016
.81440631548564
.82516340414683
.83905227979024
.8302015264829
.82638887564341
.81399782498678
.8386438091596
.82461875677109
.83660129706065
.79765794674555
.78472220897675
.76988019545873
.79697712262472
.76007626454035
.79520696401596
.80759803454081
.81672114133835
.81726580858231
.82584422826767
.80664487679799
.80678103367488
.7677015264829
.78758170207342
.8195806145668
.83360566695531
.79847494761149
.83183550834656
.8209422826767
.83333333333333
.81209148963292
.82434640328089
.80718954404195
.79330066839854
.82393791278203
.8383714556694
.82924834887187
.83415033419927
.80514705181122
.80010892947515
.80977668364843
.8054193854332
.79425380627314
.79057733217875
.81549564997355
.80705338716507
.82216775417328
.8491285443306
.84994552532832
.89882896343867
.8314270178477
.8690087000529
.83986928065618
.82870370149612
.85525600115458
.85770696401596
.84776689608892
.88711873690287
.81195533275604
.79956428209941
.83442266782125
.84545209010442
.80623638629913
.81835510333379
.84749456246694
.83605664968491
.81985294818878
.80092593034108
.82761436700821
.81781045595805
.83265250921249
.80310455958048
.82638889551163
.82924836874008
.80868734916051
.8325163324674
.84055010477702
.8739106853803
.7937091588974
.82543573776881
.82829521099726
.76307189464569
.81998910506566
.77301198244095
.80378542343775
.79411764939626
.77764163414637
.78417754173279
.79983661572138
.81154682238897
.79806643724442
.81277235349019
.80650871992111
.83183550834656
.79507080713908
.82979303598404
.8289760351181
.80487471818924
.83619280656179
.78499456246694
.79466231664022
.82625271876653
.79398147265116
.83278866608938
.78227124611537
.83346949021022
.82080608606338
.83646514018377
.82992919286092
.79166666666667
.80569173892339
.82870372136434
.8101851940155
.85906863212585
.79357296228409
.80215140183767
.84000545740128
.82244008779526
.78404140472412
.78240742286046
.80623636643092
.81985294818878
.8372821410497
.84654140472412
.83047386010488
.82393789291382
.85961329936981
.86614924669266
.83265248934428
.84994552532832
.81522329648336
.82148693005244
.80623638629913
.81672114133835
.80882352590561
.86233659585317
.86206426223119
.85811547438304
.85634531577428
.84354575475057
.83755447467168
.84953703482946
.83551198244095
.8477668762207
.85117101669312
.85484749078751
.84204792976379
.84844770034154
.85648149251938
.83387800057729
.85117101669312
.88643791278203
.81726578871409
.84300108750661
.82843136787415
.83088233073552
.83537582556407
.82448258002599
.82135075330734
.81331700086594
.83374182383219
.83673747380575
.84763071934382
.84735838572184
.82529956102371
.82706969976425
.81413398186366
.83551198244095
.82679738601049
.81181915601095
.80351308981578
.81685729821523
.80487473805745
.82434640328089
.80814270178477
.81304466724396
.78444989522298
.81535949309667
.79112199942271
.79261982440948
.82257626454035
.82162310679754
.79561545451482
.81154682238897
.84286493062973
.80106208721797
.81427013874054
.78077340126038
.80024510622025
.82407406965892
.79724943637848
.84776689608892
.81712963183721
.80800654490789
.79411764939626
.77641612291336
.80950435002645
.80555556217829
.78839870293935
.79997277259827
.78009259700775
.78948801755905
.80487471818924
.79289215803146
.83496731519699
.82352940241496
.79112199942271
.81781045595805
.83864378929138
.82883985837301
.82734203338623
.83510349194209
.88071894645691
.83101852734884
.81236384312312
.79125817616781
.79901961485545
.83319717645645
.85144335031509
.84204792976379
.84204790989558
.82148691018422
.80882352590561
.82121459643046
.81290851036708
.80242375532786
.8054193854332
.86628540356954
.81631265083949
.82924836874008
.8314270178477
.84953703482946
.86029410362244
.8137254913648
.8278867204984
.81318082412084
.82257624467214
.82284859816233
.80936817328135
.82393791278203
.7855392297109
.82257626454035
.78308822711309
.79438998301824
.79112199942271
.74523419141769
.78853485981623
.81045750776927
.82720587650935
.81263615687688
.81944445768992
.82679738601049
.82965685923894
.86342593034108
.83864378929138
.8314270178477
.79697712262472
.76497821013133
.78131806850433
.81781045595805
.78199891249339
.85580066839854
.81045752763748
.78090959787369
.77573527892431
.82557189464569
.81672114133835
.81862745682398
.80473856131236
.83891612291336
.76715685923894
.8385076324145
.80991284052531
.79261982440948
.8208061059316
.78404140472412
.81413398186366
.84572438398997
.83047387997309
.84245642026265
.84722220897675
.83115468422572
.82107843955358
.83238017559052
.79942810535431
.80964052677155
.81821894645691
.84885621070862
.77450978755951
.84545207023621
.79479845364889
.80909585952759
.80147059758504
.81236384312312
.80541940530141
.80718954404195
.80405773719152
.81318082412084
.81985294818878
.77873092889786
.76443354288737
.77859477202098
.78131808837255
.80065359671911
.8479030529658
.79765796661377
.80051741997401
.82870368162791
.79507080713908
.79997275273005
.80065357685089
.80555556217829
.77764161427816
.74509805440903
.81263615687688
.80718954404195
.77682461341222
.8054193854332
.78090957800547
.83564813931783
.83142699797948
.82938452561696
.82026141881943
.82911219199498
.82407406965892
.80773421128591
.8137254913648
.84313724438349
.80446622769038
.81413400173187
.78622005383174
.79806645711263
.79452613989512
.81699347496033
.85049019257228
.86533224582672
.85770698388418
.87935729821523
.84899238745372
.85988561312358
.82979303598404
.83415033419927
.86574073632558
.88248910506566
.85348584254583
.85702613989512
.82230393091838
.82938452561696
.80092593034108
.84422657887141
.81685729821523
.82516340414683
.81590414047241
.82339326540629
.82829521099726
.78880719343821
.83183552821477
.85049021244049
.82352942228317
.83333335320155
.8041938940684
.84286491076152
.81113833189011
.86002177000046
.83333333333333
.82584420839945
.81903594732285
.81658496459325
.8148148059845
.78867101669312
.80895968278249
.81004901727041
.77805012464523
.79779412349065
.78186273574829
.81195533275604
.78513071934382
.80473854144414
.80814270178477
.81862745682398
.82216775417328
.81821894645691
.8125
.81862745682398
.81876361370087
.78907952706019
.77110566695531
.79738563299179
.7570806145668
.83142699797948
.79330064853032
.822984735171
.79670480887095
.8312908411026
.84354575475057
.80936819314957
.80923201640447
.81617645422618
.81631263097127
.85988563299179
.8314270178477
.8148148059845
.82679738601049
.85076252619425
.79711329936981
.8018790880839
.83292482296626
.77437365055084
.84558822711309
.8477668762207
.79983657598495
.82244010766347
.83564813931783
.82502722740173
.80691721041997
.83769063154856
.85294117530187
.83224401871363
.80433005094528
.85770696401596
.8491285443306
.81835512320201
.80378540356954
.81726580858231
.84000545740128
.86043030023575
.83905227979024
.86002178986867
.82843138774236
.85416666666667
.84708605209986
.82938454548518
.80841505527496
.80868736902873
.83632898330688
.83074619372686
.85321350892385
.86424291133881
.84872003396352
.87622547149658
.85185186068217
.83850761254629
.81617645422618
.86982570091883
.80337689320246
.82720589637756
.83823529879252
.81045750776927
.85321350892385
.87459150950114
.80950436989466
.8383714556694
.8385076324145
.83020154635112
.80133442083995
.79044117530187
.83455882469813
.82911219199498
.83197166522344
.82679738601049
.81563180685043
.78948799769084
.78553920984268
.81386164824168
.82434640328089
.80255991220474
.80501089493434
.77355664968491
.80473858118057
.83224401871363
.81059368451436
.85457517703374
.82502722740173
.82230393091838
.81331698099772
.83483115832011
.82489105065664
.83292484283447
.80337689320246
.85743463039398
.8302015264829
.84204792976379
.80174291133881
.85484749078751
.84640522797902
.78063724438349
.84368191162745
.84300108750661
.82475491364797
.8538943529129
.81985294818878
.8479030529658
.83619282643
.88031045595805
.82380173603694
.81944443782171
.83496731519699
.82352942228317
.81672112147013
.82924834887187
.82352940241496
.81563178698222
.79193900028865
.80514705181122
.82366557916005
.8054193854332
.82883985837301
.79343682527542
.8052832086881
.83306099971135
.80623638629913
.82679738601049
.80473856131236
.79507080713908
.81985294818878
.78839868307114
.85266886154811
.84586058060328
.80950435002645
.78730938831965
.79670480887095
.81427013874054
.81781045595805
.82312089204788
.82148694992065
.82257626454035
.81113833189011
.85307733217875
.80964052677155
.83306099971135
.77791394790014
.77328431606293
.78376905123393
.78826252619425
.8174019853274
.82883987824122
.85280501842499
.84735838572184
.81195533275604
.79575163125992
.81535947322845
.82638887564341
.84980936845144
.85974945624669
.82570807139079
.80841503540675
.85784314076106
.87922114133835
.8385076324145
.86424291133881
.8208061059316
.83483115832011
.79398149251938
.82094226280848
.79180284341176
.81399780511856
.80868736902873
.82992919286092
.79738561312358
.82734205325445
.83496731519699
.82979301611582
.78254355986913
.84300108750661
.81849128007889
.81835512320201
.78472222884496
.8029684027036
.79942810535431
.85593682527542
.78608389695485
.80147059758504
.81903594732285
.78771787881851
.79003266493479
.80718952417374
.81427013874054
.84327342112859
.82598040501277
.82965687910716
.80228757858276
.78635621070862
.83360566695531
.81345315774282
.83619280656179
.84749454259872
.80364924669266
.77968408664068
.80596405267715
.77941177288691
.78417754173279
.77532678842545
.81563180685043
.83632898330688
.83551198244095
.81821894645691
.81985294818878
.81971675157547
.78867103656133
.78186275561651
.81985292832057
.82938452561696
.79942808548609
.82625269889832
.80337691307068
.80705338716507
.83687365055084
.83864378929138
.82843138774236
.83578431606293
.82366559902827
.82257624467214
.79561547438304
.82529956102371
.80010892947515
.79452613989512
.78213506937027
.81781045595805
.81535949309667
.82407406965892
.8395969470342
.83809912204742
.8654684027036
.83374182383219
.81889977057775
.85103485981623
.79493463039398
.7958877881368
.83088237047195
.830337703228
.82557189464569
.81808278958003
.84082241853078
.83523962895075
.81100217501322
.82883985837301
.79942810535431
.80160675446192
.80814270178477
.81549564997355
.84259257713954
0
0
0
0
0
0
0
0
0
0
0
0
0
0
0
0
0
0
0
0
0
0
0
0
0
0
0
0
0
0
0
0
0
0
0
0
0
0
0
0
0
0
0
0
0
0
0
0
0
0
0
0
0
0
0
0
0
0
0
0
0
0
0
0
0
0
0
0
0
0
0
0
0
0
0
0
0
0
0
0
0
0
0
0
0
0
0
0
0
0
0
0
0
0
0
0
0
0
0
0
0
0
0
0
0
0
0
0
0
0
0
0
0
0
0
0
0
0
0
0
0
0
0
0
0
0
0
0
0
0
0
0
0
0
0
0
0
0
0
0
0
0
0
0
0
0
0
0
0
0
0
0
0
0
0
0
0
0
0
0
0
0
0
0
0
0
0
0
0
0
0
0
0
0
0
0
0
0
0
0
0
0
0
0
0
0
0
0
0
0
0
0
0
0
0
0
0
0
0
0
0
0
0
0
0
0
0
0
0
0
0
0
0
0
0
0
0
0
0
0
0
0
0
0
0
0
0
0
0
0
0
0
0
0
0
0
0
0
0
0
0
0
0
0
0
0
0
0
0
0
0
0
0
0
0
0
0
0
0
0
0
0
0
0
0
0
0
0
0
0
0
0
0
0
0
0
0
0
0
0
0
0
0
0
0
0
0
0
0
0
0
0
0
0
0
0
0
0
0
0
0
0
0
0
0
0
0
0
0
0
0
0
0
0
0
0
0
0
0
0
0
0
0
0
0
0
0
0
0
0
0
0
0
0
0
0
0
0
0
0
0
0
0
0
0
0
0
0
0
0
0
0
0
0
0
0
0
0
0
0
0
0
0
0
0
0
0
0
0
0
0
0
0
0
0
0
0
0
0
0
0
0
0
0
0
0
0
0
0
0
0
0
0
0
0
0
0
0
0
0
0
0
0
0
0
0
0
0
0
0
0
0
0
0
0
0
0
0
0
0
0
0
0
0
0
0
0
0
0
0
0
0
0
0
0
0
0
0
0
0
0
0
0
0
0
0
0
0
0
0
0
0
0
0
0
0
0
0
0
0
0
0
0
0
0
0
0
0
0
0
0
0
0
0
0
0
0
0
0
0
0
0
0
0
0
0
0
0
0
0
0
0
0
0
0
0
0
0
0
0
0
0
0
0
0
0
0
0
0
0
0
0
0
0
0
0
0
0
0
0
0
0
0
0
0
0
0
0
0
0
0
0
0
0
0
0
0
0
0
0
0
0
0
0
0
0
0
0
0
0
0
0
0
0
0
0
0
0
0
0
0
0
0
0
0
0
0
0
0
0
0
0
0
0
0
0
0
0
0
0
0
0
0
0
0
0
0
0
0
0
0
0
0
0
0
0
0
0
0
0
0
0
0
0
0
0
0
0
0
0
0
0
0
0
0
0
0
0
0
0
0
0
0
0
0
0
0
0
0
0
0
0
0
0
0
0
0
0
0
0
0
0
0
0
0
0
0
0
0
0
0
0
0
0
0
0
0
0
0
0
0
0
0
0
0
0
0
0
0
0
0
0
0
0
0
0
0
0
0
0
0
0
0
0
0
0
0
0
0
0
0
0
0
0
0
0
0
0
0
0
0
0
0
0
0
0
0
0
0
0
0
0
0
0
0
0
0
0
0
0
0
0
0
0
0
0
0
0
0
0
0
0
0
0
0
0
0
0
0
0
0
0
0
0
0
0
0
0
0
0
0
0
0
0
0
0
0
0
0
0
0
0
0
0
0
0
0
0
0
0
0
0
0
0
0
0
0
0
0
0
0
0
0
0
0
0
0
0
0
0
0
0
0
0
0
0
0
0
0
0
0
0
0
0
0
0
0
0
0
0
0
0
0
0
0
0
0
0
0
0
0
0
0
0
0
0
0
0
0
0
0
0
0
0
0
0
0
0
0
0
0
0
0
0
0
0
0
0
0
0
0
0
0
0
0
0
0
0
0
0
0
0
0
0
0
0
0
0
0
0
0
0
0
0
0
0
0
0
0
0
0
0
0
0
0
0
0
0
0
0
0
0
0
0
0
0
0
0
0
0
0
0
0
0
0
0
0
0
0
0
0
0
0
0
0
0
0
0
0
0
0
0
0
0
0
0
0
0
0
0
0
0
0
0
0
0
0
0
0
0
0
0
0
0
0
0
0
0
0
0
0
0
0
0
0
0
0
0
0
0
0
0
0
0
0
0
0
0
0
0
0
0
0
0
0
0
0
0
0
0
0
0
0
0
0
0
0
0
0
0
0
0
0
0
0
0
0
0
0
0
0
0
0
0
0
0
0
0
0
0
0
0
0
0
0
0
0
0
0
0
0
0
0
0
0
0
0
0
0
0
0
0
0
0
0
0
0
0
0
0
0
0
0
0
0
0
0
0
0
0
0
0
0
0
0
0
0
0
0
0
0
0
0
0
0
0
0
0
0
0
0
0
0
0
0
0
0
0
0
0
0
0
0
0
0
0
0
0
0
0
0
0
0
0
0
0
0
0
0
0
0
0
0
0
0
0
0
0
0
0
0
0
0
0
0
0
0
0
0
0
0
0
0
0
0
0
0
0
0
0
0
0
0
0
0
0
0
0
0
0
0
0
0
0
0
0
0
0
0
0
0
0
0
0
0
0
0
0
0
0
0
0
0
0
0
0
0
0
0
0
0
0
0
0
0
0
0
0
0
0
0
0
0
0
0
0
0
0
0
0
0
0
0
0
0
0
0
0
0
0
0
0
0
0
0
0
0
0
0
0
0
0
0
0
0
0
0
0
0
0
0
0
0
0
0
0
0
0
0
0
0
0
0
0
0
0
0
0
0
0
0
0
0
0
0
0
0
0
0
0
0
0
0
0
0
0
0
0
0
0
0
0
0
0
0
0
0
0
0
0
0
0
0
0
0
0
0
0
0
0
0
0
0
0
0
0
0
0
0
0
0
0
0
0
0
0
0
0
0
0
0
0
0
0
0
0
0
0
0
0
0
0
0
0
0
0
0
0
0
0
0
0
0
0
0
0
0
0
0
0
0
0
0
0
0
0
0
0
0
0
0
0
0
0
0
0
0
0
0
0
0
0
0
0
0
0
0
0
0
0
0
0
0
0
0
0
0
0
0
0
0
0
0
0
0
0
0
0
0
0
0
0
0
0
0
0
0
0
0
0
0
0
0
0
0
0
0
0
0
0
0
0
0
0
0
0
0
0
0
0
0
0
0
0
0
0
0
0
0
0
0
0
0
0
0
0
0
0
0
0
0
0
0
0
0
0
0
0
0
0
0
0
0
0
0
0
0
0
0
0
0
0
0
0
0
0
0
0
0
0
0
0
0
0
0
0
0
0
0
0
0
0
0
0
0
0
0
0
0
0
0
0
0
0
0
0
0
0
0
0
0
0
0
0
0
0
0
0
0
0
0
0
0
0
0
0
0
0
0
0
0
0
0
0
0
0
0
0
0
0
0
0
0
0
0
0
0
0
0
0
0
0
0
0
0
0
0
0
0
0
0
0
0
0
0
0
0
0
0
0
0
0
0
0
0
0
0
0
0
0
0
0
0
0
0
0
0
0
0
0
0
0
0
0
0
0
0
0
0
0
0
0
0
0
0
0
0
0
0
0
0
0
0
0
0
0
0
0
0
0
0
0
0
0
0
0
0
0
0
0
0
0
0
0
0
0
0
0
0
0
0
0
0
0
0
0
0
0
0
0
0
0
0
0
0
0
0
0
0
0
0
0
0
0
0
0
0
0
0
0
0
0
0
0
0
0
0
0
0
0
0
0
0
0
0
0
0
0
0
0
0
0
0
0
0
0
0
0
0
0
0
0
0
0
0
0
0
0
0
0
0
0
0
0
0
0
0
0
0
0
0
0
0
0
0
0
0
0
0
0
0
0
0
0
0
0
0
0
0
0
0
0
0
0
0
0
0
0
0
0
0
0
0
0
0
0
0
0
0
0
0
0
0
0
0
0
0
0
0
0
0
0
0
0
0
0
0
0
0
0
0
0
0
0
0
0
0
0
0
0
0
0
0
0
0
0
0
0
0
0
0
0
0
0
0
0
0
0
0
0
0
0
0
0
0
0
0
0
0
0
0
0
0
0
0
0
0
0
0
0
0
0
0
0
0
0
0
0
0
0
0
0
0
0
0
0
0
0
0
0
0
0
0
0
0
0
0
0
0
0
0
0
0
0
0
0
0
0
0
0
0
0
0
0
0
0
0
0
0
0
0
0
0
0
0
0
0
0
0
0
0
0
0
0
0
0
0
0
0
0
0
0
0
0
0
0
0
0
0
0
0
0
0
0
0
0
0
0
0
0
0
0
0
0
0
0
0
0
0
0
0
0
0
0
0
0
0
0
0
0
0
0
0
0
0
0
0
0
0
0
0
0
0
0
0
0
0
0
0
0
0
0
0
0
0
0
0
0
0
0
0
0
0
0
0
0
0
0
0
0
0
0
0
0
0
0
0
0
0
0
0
0
0
0
0
0
0
0
0
0
0
0
0
0
0
0
0
0
0
0
0
0
0
0
0
0
0
0
0
0
0
0
0
0
0
0
0
0
0
0
0
0
0
0
0
0
0
0
0
0
0
0
0
0
0
0
0
0
0
0
0
0
0
0
0
0
0
0
0
0
0
0
0
0
0
0
