.80759803454081
.80446622769038
.80895968278249
.80569171905518
.80364924669266
.81277233362198
.81222766637802
.79643245538076
.80283224582672
.80596405267715
.80255991220474
.79752178986867
.80596405267715
.80691721041997
.81100219488144
.81195533275604
.79874728123347
.79833879073461
.8029684027036
.80691721041997
.80119826396306
.81467866897583
.79425380627314
.79684096574783
.80296842257182
.80024510622025
.80460240443548
.81154684225718
.79547929763794
.80392156044642
.8112745086352
.79793026049932
.79793030023575
.8018790880839
.80664487679799
.79493463039398
.81685729821523
.80092593034109
.78948801755905
.80814270178477
.79915575186412
.81726580858231
.80610020955404
.81059366464615
.8054193854332
.79793026049932
.80841505527496
.80255991220474
.79289215803146
.79847494761149
.79901959498723
.80501089493434
.80473856131236
.78989650805791
.79098584254583
.79384531577428
.79084966580073
.8029684027036
.80092593034108
.79180284341176
.7935729821523
.80324073632558
.80024510622025
.79534314076106
.79820261398951
.79153048992157
.82053377230962
.80228759845098
.80119826396306
.80364922682444
.80010892947515
.79084966580073
.80460240443548
.80473856131236
.79425380627314
.79861110448837
.79670476913452
.7924836675326
.79493463039398
.79901961485545
.78826252619425
.79684096574783
.80364924669266
.79738561312358
.79956428209941
.79425380627314
.78799019257228
.79983659585317
.80964050690333
.79289215803146
.79343682527542
.8031045794487
.80147057771683
.79738563299179
.80691721041997
.81304466724396
.81072984139125
.80814268191655
.80814270178477
.80610020955404
.80133442083995
.80283224582672
.79711329936981
.80650871992111
.80106210708618
.79520696401596
.79861110448837
.80160675446192
.80174293120702
.80310455958048
.80596405267715
.81222766637802
.80991286039352
.81154684225718
.79915577173233
.80759805440903
.80991286039352
.805147031943
.81971677144369
.81685729821523
.80800654490789
.80623636643092
.81086601813634
.79888345797857
.81522333621979
.81100217501322
.80392156044642
.81658496459325
.8031045794487
.80051741997401
.80814270178477
.81059368451436
.8041938940684
.80569173892339
.80827887852987
.79438998301824
.79983661572138
.81209150950114
.79561547438304
.80623636643092
.80514707167943
.79765794674555
.79697712262472
.81113833189011
.79316447178523
.80637256304423
.80678105354309
.79629629850388
.78254357973735
.80337691307068
.79602394501368
.80024510622025
.79983661572138
.79656863212585
.79534314076106
.81454249223073
.81903594732285
.80228757858276
.80473856131236
.81522331635157
.81181917587916
.80392156044642
.80950436989466
.80746187766393
.80446624755859
.80650871992111
.80296838283539
.80215140183767
.80977668364843
.80174291133881
.79901961485545
.81726578871409
.79738563299179
.80187906821569
.80718954404195
.79534314076106
.79752178986867
.80664487679799
.79616012175878
.79793030023575
.8148148059845
.79452615976334
.79793028036753
.80678105354309
.79861110448837
.80460238456726
.80024508635203
.79616012175878
.7971132795016
.80119826396306
.79234749078751
.80977668364843
.80582789580027
.78785403569539
.7958877881368
.8206699291865
.80038126309713
.80637254317602
.80936819314957
.78962417443593
.79316449165344
.80732572078705
.80106210708618
.80678105354309
.80405773719152
.79888343811035
.80255991220474
.80446622769038
.79915577173233
.80201524496078
.80528322855632
.80909585952759
.80501089493434
.81195533275604
.81576798359553
.80637256304423
.83483113845189
.82625271876653
.81535947322845
.82543571790059
.80664487679799
.79752177000046
.79970043897629
.80283224582672
.79711329936981
.83224399884542
.80773419141769
.79793028036753
.79847494761149
.80582787593206
.81086599826813
.81290849049886
.80759803454081
.80351306994756
.80923201640447
.80324073632558
.80269606908162
.80868734916051
.82026143868764
.79793030023575
.80787036816279
.80977670351664
.80147059758504
.80718954404195
.80800652503967
.80405773719152
.81522329648336
.81454247236252
.81535947322845
.8125
.80228757858276
.79874728123347
.80977668364843
.81209150950114
.80664487679799
.81413400173187
.82461873690287
.81154684225718
.80855121215185
.82230393091838
.80610020955404
.80787036816279
.81263615687688
.81032133102417
.81154684225718
.80650871992111
.81427013874054
.83033768335978
.82461873690287
.8209422826767
.80827887852987
.80255991220474
.79820261398951
.80501089493434
.80759805440903
.8043300708135
.80909583965937
.80569173892339
.81345317761103
.80392158031464
.80351306994756
.81045752763748
.80364924669266
.81004901727041
.80691719055176
.80473856131236
.79806643724442
.80364922682444
.79520696401596
.80841501553853
.80664487679799
.79711329936981
.79616012175878
.8123638232549
.80732570091883
.79656863212585
.82053377230962
.81100217501322
.80215142170588
.82339326540629
.80814268191655
.79956426223119
.80827885866165
.80133442083995
.80596405267715
.81590414047241
.80446622769038
.8101851940155
.81699347496033
.8065087000529
.80283224582672
.8112745086352
.80664489666621
.80732570091883
.80964050690333
.79820261398951
.79697712262472
.80936819314957
.7935729821523
.80473856131236
.80773421128591
.80582787593206
.81318084398905
.81045752763748
.80119826396306
.80051741997401
.80255991220474
.82843136787415
.80065361658732
.80855119228363
.79629629850388
.78989650805791
.80215142170588
.80337689320246
.8052832086881
.8123638232549
.80133442083995
.80501087506612
.8031045794487
.8101851940155
.79793028036753
.80582787593206
.81018517414729
.80841503540675
.80473856131236
.82162310679754
.80991286039352
.80637254317602
.80964052677155
.80078975359599
.80010892947515
.79888341824214
.80882352590561
.81059368451436
.81658496459325
.7947984735171
.79915577173233
.8054193854332
.8007897734642
.80433005094528
.83632898330688
.8043300708135
.80814268191655
.80228755871455
.7877178589503
.79997275273005
.80446622769038
.79738561312358
.80569173892339
.80814270178477
.80242375532786
.82244008779526
.79970043897629
.80637254317602
.81072984139125
.81781043608983
.80351306994756
.80582789580027
.80596403280894
.80215142170588
.79547931750615
.80582787593206
.79970043897629
.80691723028819
.80065359671911
.79561547438304
.79466231664022
.79507080713908
.78703703482946
.79888343811035
.7935729821523
.79901959498723
.80242375532786
.80868734916051
.79561547438304
.80010892947515
.8148148059845
.80283224582672
.80051743984222
.81808278958003
.8112745086352
.80596405267715
.79861110448837
.80351306994756
.80732572078705
.80610022942225
.81236384312312
.79411764939626
.80201524496078
.80378540356954
.79711329936981
.8018790880839
.80228755871455
.80991286039352
.79861112435659
.8135893146197
.80242373545965
.81059368451436
.8101851940155
.79534314076106
.81467864910762
.80582787593206
.80773421128591
.79942810535431
.82135077317556
.79643247524897
.7937091588974
.79983659585317
.80201524496078
.81467864910762
.81345317761103
.80501089493434
.81045750776927
.80964052677155
.80501089493434
.80296842257182
.81168299913406
.80405773719152
.80936819314957
.80787034829458
.79793028036753
.79561547438304
.80460238456726
.79261982440948
.79956426223119
.8052832086881
.79793028036753
.80950436989466
.81209150950114
.80024510622025
.79874728123347
.80691721041997
.79915579160055
.81345315774282
.8041938940684
.79398149251938
.80977670351664
.81971677144369
.80705338716507
.80392156044642
.80215140183767
.80855119228363
.8018790880839
.81726580858231
.81944445768992
.80678105354309
.8041938940684
.81086601813634
.80405773719152
.81018517414729
.81440631548564
.81508713960648
.80650871992111
.80855121215185
.81672114133835
.80664487679799
.81576798359553
.80337691307068
.8101851940155
.81045750776927
.8101851940155
.80364924669266
.81958059469859
.79833877086639
.79166664679845
.80814270178477
.80228757858276
.79847492774328
.80650871992111
.8018790880839
.80378540356954
.80582789580027
.79384531577428
.8007897734642
.80010892947515
.79820261398951
.79125815629959
.8112745086352
.79724945624669
.79806643724442
.80718954404195
.79942810535431
.8041938940684
.80678105354309
.80174291133881
.7937091588974
.80691721041997
.79207517703374
.80147057771683
.80283224582672
.79901959498723
.79779412349065
.81045750776927
.79602394501368
.79534314076106
.81644880771637
.79833877086639
.80473856131236
.80773421128591
.80460240443548
.8135893146197
.80705336729685
.82148693005244
.80351306994756
.81304468711217
.81345317761103
.80623638629913
.80473856131236
.82012526194255
.80882352590561
.81617647409439
.80691721041997
.8101851940155
.80923203627268
.81590414047241
.80337691307068
.81345315774282
.82366555929184
.80746187766393
.79520696401596
.8208061059316
.82448256015778
.8090958793958
.81889977057775
.79793030023575
.80650871992111
.8220315972964
.79003268480301
.80378540356954
.80909585952759
.79942812522252
.80991284052531
.80868736902873
.80596405267715
.80405773719152
.80283224582672
.79765796661377
.81222766637802
.81930828094482
.80446622769038
.80283222595851
.81290849049886
.80147057771683
.80855119228363
.80827887852987
.80678103367488
.80296842257182
.8040577173233
.80650871992111
.80691719055176
.81576798359553
.80623638629913
.80827885866165
.82012526194255
.79711329936981
.80868736902873
.81535945336024
.80787036816279
.80800652503967
.81331700086594
.8031045794487
.80255991220474
.81318082412084
.82026145855586
.80705336729685
.80827885866165
.80950435002645
.80909585952759
.80650871992111
.81413398186366
.79084966580073
.80936819314957
.80977668364843
.81318082412084
.81072984139125
.81113835175832
.80065359671911
.80351306994756
.80732570091883
.79820261398951
.80555554231008
.80541940530141
.80215142170588
.80460240443548
.81154684225718
.80855121215185
.80024510622025
.81644878784815
.79575163125992
.8043300708135
.81427013874054
.80473856131236
.80460240443548
.80038126309713
.79547929763794
.80895968278249
.80501087506612
.80337691307068
.80228757858276
.8114106853803
.79302831490835
.80024508635203
.80732572078705
.80950435002645
.80718954404195
.80528322855632
.79588780800501
.8052832086881
.82026143868764
.83169935146968
.81345315774282
.80582789580027
.79629627863566
.80078975359599
.8041938940684
.78063724438349
.7938453356425
.80337691307068
.78608389695485
.79357300202052
.79793028036753
.79806645711263
.79221133391062
.79547929763794
.79847492774328
.78921570380529
.79874726136525
.80664487679799
.79166666666667
.81263615687688
.81345315774282
.79970043897629
.79738561312358
.80841503540675
.79997277259827
.79779412349065
.80759803454081
.79833879073461
.80964050690333
.80950436989466
.80392156044642
.80378540356954
.81263615687688
.79806645711263
.80242375532786
.81059366464615
.80242375532786
.79888343811035
.82244010766347
.80936819314957
.80691721041997
.82148693005244
.81617647409439
.81072984139125
.81563180685043
.79670478900274
.81535947322845
.81617647409439
.80351306994756
.80746187766393
.81154684225718
.80269608894984
.81045750776927
.80814268191655
.79234749078751
.81917210419973
.81181917587916
.80255989233653
.81168299913406
.82121459643046
.80841505527496
.81331700086594
.8195806145668
.81100219488144
.85226035118103
.82162310679754
.81427015860875
.81535947322845
.8148148059845
.81277233362198
.8218954205513
.8101851940155
.80814270178477
.8134531378746
.81781047582626
.82066994905472
.80582789580027
.81236384312312
.8217592438062
.80596403280894
.80378542343775
.81781043608983
.81889977057775
.81236384312312
.83523966868718
.80501087506612
.81100217501322
.81290851036708
.80787036816279
.81100219488144
.81740196545919
.81209150950114
.81808278958003
.81740196545919
.81440631548564
.81617647409439
.81781047582626
.80705338716507
.81726578871409
.81399782498678
.81154684225718
.82489107052485
.82148693005244
.81399782498678
.81917212406794
.82230391105016
.81644880771637
.80800654490789
.81767429908117
.80950436989466
.8031045794487
.82135077317556
.80868736902873
.81413398186366
.81631265083949
.81072986125946
.80950436989466
.8208061059316
.80746187766393
.81290851036708
.81277233362198
.79956428209941
.82121461629868
.81958059469859
.80787036816279
.81018517414729
.84381806850433
.80596403280894
.81413398186366
.80977670351664
.81072984139125
.80923203627268
.8159041206042
.80446622769038
.81168299913406
.81808278958003
.81917210419973
.80405773719152
.81998910506566
.81944445768992
.80936817328135
.81944443782171
.81849128007889
.80855119228363
.82216775417328
.85362199942271
.84449891249339
.81195535262426
.81821896632512
.8123638232549
.82012528181076
.82965687910716
.82066994905472
.82393789291382
.82189544041951
.81576796372732
.82012528181076
.83238017559052
.8242102265358
.82189544041951
.82325706879298
.81345315774282
.81318080425262
.8302015264829
.81113833189011
.82271242141724
.81672114133835
.81944443782171
.81495098272959
.82121459643046
.80855119228363
.80623640616735
.82815903425217
.81549564997355
.81113835175832
.82843136787415
.82039759556452
.81386166810989
.82870370149612
.81168299913406
.80923201640447
.82298475503922
.80691721041997
.81658496459325
.82815905412038
.81508713960648
.81222764650981
.81862745682398
.80773421128591
.81072986125946
.82489107052485
.81427015860875
.82502722740173
.82693354288737
.81672114133835
.8123638232549
.82135075330734
.83197168509165
.82053377230962
.82843136787415
.83169935146968
.83278866608938
.83387800057729
.83197168509165
.82366557916005
.83483115832011
.83047386010488
.82094226280848
.82271242141724
.82094224294027
.83319715658824
.84123092889786
.8489923675855
.82938454548518
.85062636931737
.85443900028865
.84449891249339
.8549836675326
.86410675446192
.86710240443548
.87568082412084
.88997821013133
.88684640328089
.90999454259872
.92824073632558
.94498908519745
.97766884167989
1.0265523195267
1.0739378929138
1.1515522400538
1.259940067927
1.3635620673498
1.5196078221003
1.7005718549093
1.848175406456
2.0136166016261
2.1736110846202
2.3293845653534
2.5024509429932
2.6673475106557
2.8281590938568
2.9908769130707
3.1373910903931
3.321350812912
3.4899237950643
3.7027505238851
3.8892973264058
4.0435730616252
4.1122005780538
4.0622277259827
3.953431447347
3.814270178477
3.6293573379517
3.4481209119161
3.2463235060374
3.0501088301341
2.8395969867706
2.6759258906047
2.5119825204213
2.3578431606293
2.2222222487132
2.1018518606822
1.9523420731227
1.836465160052
1.7534041404724
1.6499183177948
1.5513344208399
1.4666394392649
1.3917483488719
1.3255718946457
1.2641612291336
1.1915849844615
1.1416122118632
1.0973583857218
1.033632894357
.99891070524851
.96704792976379
.93845315774282
.91503268480301
.91312636931737
.88602940241496
.87772331635157
.86628540356954
.85008170207342
.85702613989512
.84681369860967
.84354577461878
.84136710564295
.84940087795258
.82856754461924
.84858387708664
.84531591335932
.84313724438349
.84095861514409
.83632898330688
.83442264795303
.83169935146968
.86097496747971
.82802287737528
.83265250921249
.83755447467168
.8208061059316
.82611654202143
.82666120926539
.81576798359553
.82802285750707
.82325708866119
.82598038514455
.82380173603694
.8314270178477
.82284859816233
.8300653497378
.83333333333333
.82434642314911
.82883987824122
.82911219199498
.82475489377975
.82897601524989
.82747821013133
.82244008779526
.82775056362152
.81753814220428
.83319715658824
.82761436700821
.81631265083949
.82026143868764
.81781045595805
.8125
.81808278958003
.80024508635203
.80787036816279
.82107841968536
.8231209119161
.81808278958003
.81141066551208
.80991284052531
.81821894645691
.82012528181076
.8195806145668
.81781045595805
.8208061059316
.79779412349065
.82461871703466
.81930828094482
.81835512320201
.81563178698222
.82066994905472
.80691721041997
.80514705181122
.81821896632512
.81427013874054
.82380173603694
.81930826107661
.80487471818924
.81849128007889
.81318082412084
.80814270178477
.80773419141769
.8125
.8041938940684
.80759803454081
.80977668364843
.80092593034108
.80868736902873
.81345315774282
.8029684027036
.81672114133835
.81917210419973
.80528322855632
.8101851940155
.81644880771637
.8112745086352
.8090958793958
.81903594732285
.79929194847743
.81045750776927
.80433005094528
.80650871992111
.80433005094528
.81331700086594
.81604031721751
.82039759556452
.82230391105016
.81672114133835
.81154684225718
.81181917587916
.81358933448792
.80950436989466
.80732570091883
.8125
.79861110448837
.8125
.81304466724396
.79874728123347
.81168299913406
.8103213707606
.8029684027036
.80283224582672
.80759805440903
.79534314076106
.7971132795016
.81018517414729
.79221133391062
.80010892947515
.79861110448837
.79125817616781
.79643245538076
.79847494761149
.80078975359599
.80623638629913
.80705336729685
.79793026049932
.79207515716553
.79820261398951
.78989650805791
.79643245538076
.79112199942271
.7924836675326
.78826252619425
.79629629850388
.78022875388463
.80255991220474
.79793028036753
.77369282643
.77777777115504
.79888345797857
.78227124611537
.77083333333333
.78336058060328
.76361656188965
.77301198244095
.76388891537984
.77886710564295
.80119826396306
.8054193854332
.79888345797857
.80378542343775
.81086599826813
.80078975359599
.80569171905518
.81032133102417
.79915577173233
.79765794674555
.80759803454081
.81522331635157
.80732570091883
.80337691307068
.81535947322845
.80364924669266
.8018790880839
.80855119228363
.80065359671911
.8031045794487
.80977668364843
.79793028036753
.81508713960648
.83823529879252
.82611656188965
.80242373545965
.81018517414729
.78799021244049
.80977668364843
.80269608894984
.78853483994802
.79970043897629
.81168299913406
.80051741997401
.80065359671911
.81345315774282
.80119826396306
.80991286039352
.82679736614227
.80623636643092
.80991284052531
.81331700086594
.80092591047287
.81835512320201
.8231209119161
.80882352590561
.8123638232549
.81181917587916
.80732570091883
.80569171905518
.81740196545919
.79874726136525
.84041394790014
.81576798359553
.80827887852987
.82121461629868
.82380173603694
.80691719055176
.81318082412084
.82230393091838
.82475489377975
.80664489666621
.81917212406794
.80460238456726
.80569171905518
.80950436989466
.79561549425125
.80909583965937
.80405773719152
.81712961196899
.80705336729685
.82257626454035
.81454249223073
.81427015860875
.81372551123301
.81413398186366
.80569171905518
.81549564997355
.81413398186366
.8148148059845
.81263615687688
.82039759556452
.80718954404195
.81712963183721
.81277231375376
.80895968278249
.80378540356954
.81032135089238
.79861110448837
.80868734916051
.80392158031464
.80936819314957
.80283224582672
.80623638629913
.79779412349065
.80324073632558
.81154684225718
.80337691307068
.8029684027036
.8123638232549
.80147059758504
.79874728123347
.81454247236252
.80378540356954
.80460238456726
.80528322855632
.79425380627314
.80814270178477
.80596405267715
.80092593034108
.80855121215185
.80501087506612
.80024508635203
.80637254317602
.8052832086881
.79915577173233
.80637256304423
.80324073632558
.79806645711263
.80242375532786
.81440633535385
.79534314076106
.80514705181122
.81032135089238
.80310459931691
.79861112435659
.80637254317602
.79330064853032
.79806643724442
.79752178986867
.80283224582672
.80038126309713
.8043300708135
.81100217501322
.79806645711263
.80950435002645
.81454249223073
.80283224582672
.80473856131236
.80868736902873
.8031045794487
.81290849049886
.81849128007889
.80855119228363
.80855121215185
.81985292832057
.79684094587962
.80487471818924
.81821894645691
.8148148059845
.80378540356954
.82244008779526
.80691721041997
.8159041206042
.8125
.80051741997401
.80732570091883
.81263615687688
.8090958793958
.80473856131236
.80868736902873
.81168301900228
.81004901727041
.81467864910762
.80623636643092
.80119824409485
.81318082412084
.80078975359599
.80610020955404
.81181915601095
.80255991220474
.80228757858276
.81345317761103
.80187906821569
.80936819314957
.81222768624624
.81032135089238
.80895968278249
.82162308692932
.80160673459371
.8029684027036
.80174291133881
.80868736902873
.81386164824168
.8065087000529
.80187906821569
.80950436989466
.81930828094482
.79452613989512
.80623638629913
.81781045595805
.81998910506566
.81712963183721
.81726578871409
.8218954205513
.80378538370132
.80596405267715
.82407406965892
.81304466724396
.81250001986821
.82094226280848
.81032135089239
.81604029734929
.81794661283493
.80678105354309
.81413398186366
.80814270178477
.81195533275604
.80868734916051
.81181915601095
.80773421128591
.80759803454081
.82107841968536
.81168301900228
.8197167913119
.82652507225672
.80746187766393
.81685731808345
.82489107052485
.80964052677155
.81726580858231
.82244008779526
.81399782498678
.81467864910762
.81889979044596
.81413398186366
.81209148963292
.81304466724396
.80923203627268
.81290849049886
.81644878784815
.80732572078705
.81358933448792
.82407406965892
.80855121215185
.81604029734929
.83088233073552
.80147057771683
.80555554231008
.81113833189011
.81481482585271
.81345317761103
.80746187766393
.79833879073461
.80487473805745
.81399780511856
.80610022942225
.80038126309713
.80814268191655
.79915577173233
.80514705181122
.80392158031464
.81399780511856
.79724945624669
.80514705181122
.80773419141769
.79806643724442
.79833877086639
.81290849049886
.79806643724442
.80814272165298
.81181915601095
.8065087000529
.80582789580027
.81549563010534
.80269606908162
.81263615687688
.81808276971181
.80501089493434
.81059368451436
.81318082412084
.8054193854332
.81345315774282
.80950435002645
.81113833189011
.80337691307068
.80827887852987
.79847494761149
.80909585952759
.81549563010534
.80718954404195
.80855119228363
.81331698099772
.79970043897629
.81386164824168
.82244006792704
.80187906821569
.81413400173187
.82039759556452
.83210784196854
.80814270178477
.81903594732285
.80855119228363
.80759803454081
.80827887852987
.80351306994756
.79806645711263
.80909585952759
.80215142170588
.80977668364843
.80827885866165
.80051743984222
.81794661283493
.80147057771683
.80446620782216
.80827885866165
.80746187766393
.80283224582672
.80324073632558
.81726580858231
.81658496459325
.80773421128591
.79847492774328
.81685729821523
.80623636643092
.81304464737574
.83374182383219
.81372547149658
.81345317761103
.81427013874054
.81195533275604
.81318082412084
.80855121215185
.80855119228363
.81209150950114
.81862745682398
.80514707167943
.8231209119161
.82856754461924
.81072984139125
.8135893146197
.81522331635157
.8114106853803
.81263615687688
.81835512320201
.80255991220474
.81467864910762
.80882352590561
.81059368451436
.80691721041997
.80841503540675
.80855121215185
.81563180685043
.81535947322845
.80228755871455
.80514705181122
.80718954404195
.80296842257182
.79997277259827
.81740196545919
.80310455958049
.80555556217829
.81413400173187
.80433009068171
.81181917587916
.80800654490789
.80882352590561
.80964050690333
.81318082412084
.78635621070862
.80691721041997
.81059368451436
.80106208721797
.7949346502622
.80705338716507
.79833877086639
.80174293120702
.8054193854332
.80936819314957
.79793028036753
.80691721041997
.80773421128591
.80514705181122
.8125
.80964052677155
.80065359671911
.81018517414729
.81576796372732
.79888345797857
.80147057771683
.8125
.79793028036753
.78622005383174
.8029684027036
.79084968566895
.794662296772
.81086601813634
.80378540356954
.81440631548564
.80133442083995
.80187906821569
.80868734916051
.80610018968582
.80147057771683
.80351306994756
.8218954205513
.79425380627314
.80092593034108
.8123638232549
.79847494761149
.79507080713908
.80569169918696
.80528322855632
.81004903713862
.81535947322845
.79861110448837
.79997275273005
.81386164824168
.80691723028819
.81195533275604
.81535949309667
.80596403280894
.80174293120702
.80718954404195
.80732570091883
.81290849049886
.81100217501322
.79806645711263
.81386166810989
.79888343811035
.8007897734642
.80569171905518
.80610020955404
.79711329936981
.81154684225718
.8054193854332
.79874726136525
.80977668364843
.81399782498678
.82094226280848
.80582787593206
.80827885866165
.80473858118057
.80664487679799
.80106208721797
.83605664968491
.80582787593206
.80936819314957
.81209150950114
.80773421128591
.81440633535385
.81958059469859
.80487471818924
.81222764650981
.81290851036708
.81086599826813
.80909585952759
.81004901727041
.81617647409439
.8123638232549
.81549563010534
.80378540356954
.81304466724396
.82026141881943
.80051741997401
.80950435002645
.80678105354309
.79738559325536
.81903594732285
.80637256304423
.80487471818924
.82380173603694
.80160675446192
.79616012175878
.80664487679799
.8114106853803
.79588780800502
.81113833189011
.80855121215185
.79793028036753
.79915577173233
.81563180685043
.79547931750615
.7924836675326
.80119826396306
.79166666666667
.79438998301824
.80841503540675
.79833877086639
.79153048992157
.79561545451482
.79302831490835
.80215142170588
.80814270178477
.80133442083995
.8065087000529
.81617649396261
.79438998301824
.80228757858276
.81209150950114
.80392158031464
.80487471818924
.80936821301778
.7935729821523
.80691721041997
.79697712262472
.8054193854332
.7947984735171
.80555554231008
.80650871992111
.80364924669266
.80092593034108
.80528322855632
.80555554231008
.81018517414729
.84531591335932
.79016886154811
.79929194847743
.79670480887095
.78880719343821
.79425380627314
.80092593034108
.7866285443306
.80623638629913
.79874726136525
.83061001698176
.79929192860921
.80405773719152
.81753812233607
.80269608894984
.79956428209941
.87704249223073
.80473856131236
.80078975359599
.79330066839854
.79670478900274
.80092593034108
.8031045794487
.80882352590561
.81100219488144
.79915577173233
.80596403280894
.81331700086594
.8125
.80936819314957
.81794663270315
.80078975359599
.80637256304423
.80024508635203
.79997275273005
.8054193854332
.80977668364843
.79561545451482
.8112745086352
.81072984139125
.79915577173233
.80405773719152
.80814270178477
.79193900028865
.80501089493434
.80650871992111
.79901961485545
.8101851940155
.80787034829458
.80051741997401
.80296842257182
.80705338716507
.80705338716507
.80909585952759
.80446624755859
.79929194847743
.80514705181122
.8054193854332
.81331700086594
.80378540356954
.80010894934336
.8148148059845
.79575163125992
.80255991220474
.80718952417374
.80024508635203
.80446624755859
.81685729821523
.79901959498723
.81236384312312
.81318082412084
.7935729821523
.80092593034108
.80855121215185
.79765794674555
.7947984735171
.79343682527542
.80078975359599
.79561547438304
.80514707167943
.80364924669266
.85062636931737
.81604029734929
.80419391393661
.80473856131236
.80623640616735
.80991286039352
.79820261398951
.80269606908162
.8029684027036
.81522331635157
.80746187766393
.79602398475011
.79493463039398
.81059368451436
.79752177000046
.80882352590561
.8114106853803
.79588780800501
.802015264829
.80569171905518
.79765796661377
.79616012175878
.80078975359599
.80092593034108
.79874728123347
.80950435002645
.79425382614136
.80732572078705
.81386164824168
.79629629850388
.80977670351664
.80392158031464
.80446622769038
.80596405267715
.8054193854332
.80201524496078
.80827887852987
.79588780800501
.81127452850342
.79956428209941
.80392156044642
.80977668364843
.80705336729685
.8043300708135
.81222766637802
.80065359671911
.8041938940684
.80569171905518
.79929194847743
.80718954404195
.80501089493434
.79629627863566
.80691723028819
.80977668364843
.79520696401596
.80242375532786
.80746185779572
.79398147265116
.80460238456726
.80106208721797
.7969771027565
.80324073632558
.81032135089239
.79942810535431
.79493463039398
.81726578871409
.80392156044642
.79616012175878
.80855121215185
.7960239648819
.80364924669266
.80147057771683
.80705336729685
.7960239648819
.80759803454081
.79302833477656
.79370913902919
.8031045794487
.79398149251938
.80487473805745
.81222766637802
.79438998301824
.8195806145668
.81263615687688
.80732570091883
.81427015860875
.81590414047241
.81794663270315
.80909585952759
.82352940241496
.79697712262472
.80705336729685
.80242375532786
.81263615687688
.79806645711263
.80446624755859
.80092591047287
.80119826396306
.80991286039352
.81304466724396
.80569171905518
.80460240443548
.81889979044596
.79901961485545
.79724947611491
.79956426223119
.80024508635203
.80446622769038
.81576796372732
.80092593034109
.80364924669266
.81072984139125
.79752177000046
.80746187766393
.80051741997401
.79479849338531
.80759803454081
.81467864910762
.80337691307068
.80596405267715
.80909585952759
.80337691307068
.80065361658732
.81522331635157
.80623640616735
.80460238456726
.8112745086352
.79561545451482
.80691723028819
.80841503540675
.79670478900274
.80787036816279
.8135893146197
.79956428209941
.8123638232549
.80732570091883
.80147059758504
.80051743984222
.81032135089238
.80678105354309
.8031045794487
.81222766637802
.80787036816279
.81467864910762
.80964052677155
.81304466724396
.81168301900228
.81563180685043
.80160675446192
.80787036816279
.82135075330734
.80787036816279
.81236384312312
.8018790880839
.81849128007889
.79697712262472
.80732570091883
.8218954205513
.80024508635203
.80378540356954
.82298475503922
.80337689320246
.80460238456726
.80487471818924
.80106210708618
.79942810535431
.80623638629913
.7913943529129
.80228757858276
.81004901727041
.79398147265116
.79670480887095
.80038124322891
.7958877881368
.79670480887095
.81168299913406
.80337691307068
.80174293120702
.81386164824168
.79888345797857
.80514705181122
.81154684225718
.79616014162699
.81209150950114
.81658498446147
.80773419141769
.80827885866165
.81100217501322
.79180284341176
.80596405267715
.80964052677155
.81672112147013
.80514707167943
.81277235349019
.80078975359599
.80664487679799
.80119824409485
.80065357685089
.80324073632558
.80174291133881
.80664487679799
.80514707167943
.80718954404195
.79970043897629
.80051743984222
.79847492774328
.79670476913452
.80092591047287
.81209150950114
.79411764939626
.80501089493434
.80555556217829
.7935729821523
.80405773719152
.80106210708618
.80133442083995
.79534314076106
.80718954404195
.81277233362198
.79847492774328
.81263615687688
.80773419141769
.80337689320246
.80501091480255
.80773421128591
.80351306994756
.80378538370132
.82094226280848
.81195533275604
.80296842257182
.81998910506566
.80582789580027
.80269606908162
.8114106853803
.80800654490789
.81263615687688
.81086601813634
.80419391393661
.80514707167943
.80487473805745
.79411764939626
.80174291133881
.81522331635157
.79888343811035
.79738561312358
.80623638629913
.7957516113917
.80337691307068
.79765794674555
.80255991220474
.80392156044642
.8135893146197
.80215142170588
.79956426223119
.80364922682444
.79071350892385
.79915575186412
.79970043897629
.80242373545965
.8043300708135
.79643247524897
.80678103367488
.79874728123347
.81072984139125
.80977668364843
.80977668364843
.8114106853803
.80133444070816
.81998910506566
.81154684225718
.8018790880839
.8031045794487
.80582787593206
.79942810535431
.80038126309713
.81753812233607
.81576796372732
.80364922682444
.81168299913406
.8242102265358
.80718954404195
.80691721041997
.8137254913648
.80351306994756
.80759803454081
.80473856131236
.79602394501368
.81168301900228
.80569173892339
.8115468621254
.80133442083995
.80787036816279
.8018790880839
.79779410362244
.80909585952759
.80718954404195
.80364924669266
.81141066551208
.79724945624669
.79874726136525
.80732570091883
.79874726136525
.80746185779572
.80964050690333
.80337691307068
.80650871992111
.80964052677155
.80678103367488
.80242373545965
.8052832086881
.79030499855677
.80228755871455
.80855119228363
.78431371847789
.80255991220474
.80065359671911
.78948801755905
.80392156044642
.80405775705973
.79139433304469
.7960239648819
.80814270178477
.79779410362244
.79983659585317
.80324073632558
.79166664679845
.79547929763794
.80010894934336
.79901959498723
.8018790880839
.79874728123347
.79466231664022
.80501089493434
.80691719055176
.80473856131236
.78880719343821
.80078975359599
.80555554231008
.83905229965846
.83483115832011
.79847494761149
.79901959498723
.81467864910762
.79711329936981
.79343680540721
.79942808548609
.80119826396306
.79193900028865
.79302833477656
.79820261398951
.78976035118103
.7913943529129
.79929194847743
.79561545451482
.78622003396352
.79098584254583
.7758714556694
.77668843666712
.77995644013087
.77546296517054
.77913941939672
.77682461341222
.77777777115504
.78077342112859
.78022875388463
.76633987824122
.76702070236206
.77437365055084
.77069715658824
.77137800057729
.77764161427816
.7476851940155
.75653596719106
.76007626454035
.75939544041952
.75531047582626
.7570806145668
.74577885866165
.74782133102417
.74482570091883
.73080064853032
.73965140183767
.73529412349065
.7133714556694
.71977124611537
.71772875388463
.7064270178477
.70370370149612
.70601852734884
.69784857829412
.69281045595805
.68395970265071
.67415577173233
.65985838572184
.65795207023621
.62554466724396
.64501635233561
.62663398186366
.58047386010488
.65250543753306
0
0
0
0
0
0
0
0
0
0
0
0
0
0
0
0
0
0
0
0
0
0
0
0
0
0
0
0
0
0
0
0
0
0
0
0
0
0
0
0
0
0
0
0
0
0
0
0
0
0
0
0
0
0
0
0
0
0
0
0
0
0
0
0
0
0
0
0
0
0
0
0
0
0
0
0
0
0
0
0
0
0
0
0
0
0
0
0
0
0
0
0
0
0
0
0
0
0
0
0
0
0
0
0
0
0
0
0
0
0
0
0
0
0
0
0
0
0
0
0
0
0
0
0
0
0
0
0
0
0
0
0
0
0
0
0
0
0
0
0
0
0
0
0
0
0
0
0
0
0
0
0
0
0
0
0
0
0
0
0
0
0
0
0
0
0
0
0
0
0
0
0
0
0
0
0
0
0
0
0
0
0
0
0
0
0
0
0
0
0
0
0
0
0
0
0
0
0
0
0
0
0
0
0
0
0
0
0
0
0
0
0
0
0
0
0
0
0
0
0
0
0
0
0
0
0
0
0
0
0
0
0
0
0
0
0
0
0
0
0
0
0
0
0
0
0
0
0
0
0
0
0
0
0
0
0
0
0
0
0
0
0
0
0
0
0
0
0
0
0
0
0
0
0
0
0
0
0
0
0
0
0
0
0
0
0
0
0
0
0
0
0
0
0
0
0
0
0
0
0
0
0
0
0
0
0
0
0
0
0
0
0
0
0
0
0
0
0
0
0
0
0
0
0
0
0
0
0
0
0
0
0
0
0
0
0
0
0
0
0
0
0
0
0
0
0
0
0
0
0
0
0
0
0
0
0
0
0
0
0
0
0
0
0
0
0
0
0
0
0
0
0
0
0
0
0
0
0
0
0
0
0
0
0
0
0
0
0
0
0
0
0
0
0
0
0
0
0
0
0
0
0
0
0
0
0
0
0
0
0
0
0
0
0
0
0
0
0
0
0
0
0
0
0
0
0
0
0
0
0
0
0
0
0
0
0
0
0
0
0
0
0
0
0
0
0
0
0
0
0
0
0
0
0
0
0
0
0
0
0
0
0
0
0
0
0
0
0
0
0
0
0
0
0
0
0
0
0
0
0
0
0
0
0
0
0
0
0
0
0
0
0
0
0
0
0
0
0
0
0
0
0
0
0
0
0
0
0
0
0
0
0
0
0
0
0
0
0
0
0
0
0
0
0
0
0
0
0
0
0
0
0
0
0
0
0
0
0
0
0
0
0
0
0
0
0
0
0
0
0
0
0
0
0
0
0
0
0
0
0
0
0
0
0
0
0
0
0
0
0
0
0
0
0
0
0
0
0
0
0
0
0
0
0
0
0
0
0
0
0
0
0
0
0
0
0
0
0
0
0
0
0
0
0
0
0
0
0
0
0
0
0
0
0
0
0
0
0
0
0
0
0
0
0
0
0
0
0
0
0
0
0
0
0
0
0
0
0
0
0
0
0
0
0
0
0
0
0
0
0
0
0
0
0
0
0
0
0
0
0
0
0
0
0
0
0
0
0
0
0
0
0
0
0
0
0
0
0
0
0
0
0
0
0
0
0
0
0
0
0
0
0
0
0
0
0
0
0
0
0
0
0
0
0
0
0
0
0
0
0
0
0
0
0
0
0
0
0
0
0
0
0
0
0
0
0
0
0
0
0
0
0
0
0
0
0
0
0
0
0
0
0
0
0
0
0
0
0
0
0
0
0
0
0
0
0
0
0
0
0
0
0
0
0
0
0
0
0
0
0
0
0
0
0
0
0
0
0
0
0
0
0
0
0
0
0
0
0
0
0
0
0
0
0
0
0
0
0
0
0
0
0
0
0
0
0
0
0
0
0
0
0
0
0
0
0
0
0
0
0
0
0
0
0
0
0
0
0
0
0
0
0
0
0
0
0
0
0
0
0
0
0
0
0
0
0
0
0
0
0
0
0
0
0
0
0
0
0
0
0
0
0
0
0
0
0
0
0
0
0
0
0
0
0
0
0
0
0
0
0
0
0
0
0
0
0
0
0
0
0
0
0
0
0
0
0
0
0
0
0
0
0
0
0
0
0
0
0
0
0
0
0
0
0
0
0
0
0
0
0
0
0
0
0
0
0
0
0
0
0
0
0
0
0
0
0
0
0
0
0
0
0
0
0
0
0
0
0
0
0
0
0
0
0
0
0
0
0
0
0
0
0
0
0
0
0
0
0
0
0
0
0
0
0
0
0
0
0
0
0
0
0
0
0
0
0
0
0
0
0
0
0
0
0
0
0
0
0
0
0
0
0
0
0
0
0
0
0
0
0
0
0
0
0
0
0
0
0
0
0
0
0
0
0
0
0
0
0
0
0
0
0
0
0
0
0
0
0
0
0
0
0
0
0
0
0
0
0
0
0
0
0
0
0
0
0
0
0
0
0
0
0
0
0
0
0
0
0
0
0
0
0
0
0
0
0
0
0
0
0
0
0
0
0
0
0
0
0
0
0
0
0
0
0
0
0
0
0
0
0
0
0
0
0
0
0
0
0
0
0
0
0
0
0
0
0
0
0
0
0
0
0
0
0
0
0
0
0
0
0
0
0
0
0
0
0
0
0
0
0
0
0
0
0
0
0
0
0
0
0
0
0
0
0
0
0
0
0
0
0
0
0
0
0
0
0
0
0
0
0
0
0
0
0
0
0
0
0
0
0
0
0
0
0
0
0
0
0
0
0
0
0
0
0
0
0
0
0
0
0
0
0
0
0
0
0
0
0
0
0
0
0
0
0
0
0
0
0
0
0
0
0
0
0
0
0
0
0
0
0
0
0
0
0
0
0
0
0
0
0
0
0
0
0
0
0
0
0
0
0
0
0
0
0
0
0
0
0
0
0
0
0
0
0
0
0
0
0
0
0
0
0
0
0
0
0
0
0
0
0
0
0
0
0
0
0
0
0
0
0
0
0
0
0
0
0
0
0
0
0
0
0
0
0
0
0
0
0
0
0
0
0
0
0
0
0
0
0
0
0
0
0
0
0
0
0
0
0
0
0
0
0
0
0
0
0
0
0
0
0
0
0
0
0
0
0
0
0
0
0
0
0
0
0
0
0
0
0
0
0
0
0
0
0
0
0
0
0
0
0
0
0
0
0
0
0
0
0
0
0
0
0
0
0
0
0
0
0
0
0
0
0
0
0
0
0
0
0
0
0
0
0
0
0
0
0
0
0
0
0
0
0
0
0
0
0
0
0
0
0
0
0
0
0
0
0
0
0
0
0
0
0
0
0
0
0
0
0
0
0
0
0
0
0
0
0
0
0
0
0
0
0
0
0
0
0
0
0
0
0
0
0
0
0
0
0
0
0
0
0
0
0
0
0
0
0
0
0
0
0
0
0
0
0
0
0
0
0
0
0
0
0
0
0
0
0
0
0
0
0
0
0
0
0
0
0
0
0
0
0
0
0
0
0
0
0
0
0
0
0
0
0
0
0
0
0
0
0
0
0
0
0
0
0
0
0
0
0
0
0
0
0
0
0
0
0
0
0
0
0
0
0
0
0
0
0
0
0
0
0
0
0
0
0
0
0
0
0
0
0
0
0
0
0
0
0
0
0
0
0
0
0
0
0
0
0
0
0
0
0
0
0
0
0
0
0
0
0
0
0
0
0
0
0
0
0
0
0
0
0
0
0
0
0
0
0
0
0
0
0
0
0
0
0
0
0
0
0
0
0
0
0
0
0
0
0
0
0
0
0
0
0
0
0
0
0
0
0
0
0
0
0
0
0
0
0
0
0
0
0
0
0
0
0
0
0
0
0
0
0
0
0
0
0
0
0
0
0
0
0
0
0
0
0
0
0
0
0
0
0
0
0
0
0
0
0
0
0
0
0
0
0
0
0
0
0
0
0
0
0
0
0
0
0
0
0
0
0
0
0
0
0
0
0
0
0
0
0
0
0
0
0
0
0
0
0
0
0
0
0
0
0
0
0
0
0
0
0
0
0
0
0
0
0
0
0
0
0
0
0
0
0
0
0
0
0
0
0
0
0
0
0
0
0
0
0
0
0
0
0
0
0
0
0
0
0
0
0
0
0
0
0
0
0
0
0
0
0
0
0
0
0
0
0
0
0
0
0
0
0
0
0
0
0
0
0
0
0
0
0
0
0
0
0
0
0
0
0
0
0
0
0
0
0
0
0
0
0
0
0
0
0
0
0
0
0
0
0
0
0
0
0
0
0
0
0
0
0
0
0
0
0
0
0
0
0
0
0
0
0
0
0
0
0
0
0
0
0
0
0
0
0
0
0
0
0
0
0
0
0
0
0
0
0
0
0
0
0
0
0
0
0
0
0
0
0
0
0
0
0
0
0
0
0
0
0
0
0
0
0
0
0
0
0
0
0
0
0
0
0
0
0
0
0
0
0
0
0
0
0
0
0
0
0
0
0
0
0
0
0
0
0
0
0
0
0
0
0
0
0
0
0
0
0
0
0
0
0
0
0
0
0
0
0
0
0
0
0
0
0
0
0
0
0
0
0
0
0
0
0
0
0
0
0
0
0
0
0
0
0
0
0
0
0
0
0
0
0
0
0
0
0
0
0
0
0
0
0
0
0
0
0
0
0
0
0
0
0
0
0
0
0
0
0
0
0
0
0
0
0
0
0
0
0
0
0
