.8135893146197
.80718954404195
.80691721041997
.80814270178477
.7982025941213
.79888343811035
.80705336729685
.79452615976334
.80964050690333
.81767427921295
.80923201640447
.80501089493434
.81590416034063
.80133442083995
.8103213707606
.80923201640447
.80718954404195
.8031045794487
.81004901727041
.79956426223119
.80160675446192
.80691721041997
.79330066839854
.79724945624669
.80119826396306
.79112199942271
.79493463039398
.81590416034063
.80147057771683
.80964052677155
.80460240443548
.80691721041997
.80160675446192
.81454249223073
.80351305007935
.79670478900274
.79520696401596
.80868736902873
.80378540356954
.81100217501322
.81549564997355
.79438998301824
.7947984735171
.80078975359599
.79833877086639
.81658496459325
.80555554231008
.79493463039398
.79752178986867
.80691721041997
.79670478900274
.79343682527542
.80514705181122
.79234749078751
.79466231664022
.80106208721797
.79398147265116
.79765794674555
.80460238456726
.81767427921295
.80678103367488
.80936817328135
.80814270178477
.79411764939626
.81072986125946
.7960239648819
.80255991220474
.80610020955404
.80119824409485
.80051743984222
.80882352590561
.79561545451482
.79847494761149
.8159041206042
.80705338716507
.80827887852987
.81045752763748
.8041938940684
.80201524496078
.80855121215185
.80024508635203
.80664487679799
.81141066551208
.80160675446192
.81222768624624
.80964052677155
.80433005094528
.79861110448837
.81862745682398
.80065357685089
.80637256304423
.81168299913406
.81236384312312
.80351306994756
.80460238456726
.80800654490789
.80501089493434
.80255991220474
.81141066551208
.80201524496078
.80650871992111
.80106206734975
.79003268480301
.79793026049932
.83918845653534
.79956426223119
.80868736902873
.8123638232549
.79806645711263
.80596403280894
.80242373545965
.81209148963292
.79833877086639
.80160673459371
.80283222595851
.80814270178477
.80923203627268
.8018790880839
.79929194847743
.83047386010488
.82747821013133
.81726580858231
.81209148963292
.80364924669266
.81113835175832
.80746187766393
.83537582556407
.8018790880839
.80160675446192
.7949346502622
.82135075330734
.80337691307068
.79888343811035
.79425382614136
.81318082412084
.80446622769038
.80691721041997
.81658494472504
.79997277259827
.80310455958048
.80364924669266
.79384531577428
.81032135089238
.80882352590561
.7949346502622
.8032407561938
.8135893146197
.80746187766393
.8018790880839
.81086601813634
.79030501842499
.79302833477656
.79915577173233
.80269608894984
.80269606908162
.80228759845098
.8126361767451
.79180282354355
.80092593034109
.81495098272959
.80487471818924
.81222766637802
.79847494761149
.80610020955404
.81549564997355
.81985294818878
.8040577173233
.8115468621254
.81808278958003
.8468137383461
.80569171905518
.81644880771637
.80147059758504
.80038126309713
.79820261398951
.81181917587916
.80255989233653
.81032135089238
.80814270178477
.79752178986867
.81072984139125
.79670478900274
.8041938940684
.81113833189011
.80051741997401
.81399782498678
.81794663270315
.80487473805745
.80773419141769
.8137254913648
.80923203627268
.80569171905518
.80569169918696
.79302833477656
.80746187766393
.80827887852987
.79765794674555
.80419391393661
.81944443782171
.80732570091883
.8148148059845
.81045750776927
.79398147265116
.80637254317602
.81045752763748
.82475491364797
.79793028036753
.79901959498723
.79956426223119
.78744552532832
.79616014162699
.7949346502622
.79643245538076
.81767429908117
.79901961485545
.80664487679799
.79970043897629
.81971677144368
.80419391393661
.81386164824168
.79997277259827
.79874728123347
.79289215803146
.79656861225764
.80473856131236
.79302833477656
.80882354577382
.81168299913406
.80718956391017
.80106208721797
.79507080713908
.80814270178477
.81086601813634
.79684094587962
.80473858118057
.80610022942225
.80800654490789
.81100217501322
.80174293120702
.79411764939626
.80092593034109
.79861110448837
.79588780800502
.79983659585317
.80215142170588
.79779410362244
.80269606908162
.82407406965892
.80201524496078
.79942810535431
.81072986125946
.79820261398951
.8018790880839
.81495098272959
.80106208721797
.80051743984222
.80392156044642
.79847492774328
.80051743984222
.81644880771637
.79874728123347
.8031045794487
.81004901727041
.79997277259827
.7947984735171
.80623636643092
.80228755871455
.80065359671911
.81086601813634
.79779410362244
.80378538370132
.80718954404195
.80283224582672
.80623638629913
.81413400173187
.80596405267715
.8018790880839
.81440631548564
.81821894645691
.80923201640447
.81767429908117
.82598038514455
.80705338716507
.80501089493434
.81100217501322
.80596405267715
.80228757858276
.81767429908117
.79738563299179
.81263615687688
.8137254913648
.79833879073461
.80351306994756
.81263615687688
.81345317761103
.80405773719152
.81522333621979
.80051741997401
.79330064853032
.80691721041997
.80133442083995
.79806645711263
.79765794674555
.80010890960693
.8029684027036
.80923203627268
.79561547438304
.81399782498678
.81086601813634
.81753814220428
.80106208721797
.81304464737574
.79970043897629
.8031045794487
.79779412349065
.79738561312358
.80364924669266
.81958059469859
.80283224582672
.80705338716507
.8103213707606
.80351305007935
.80596405267715
.8112745086352
.80473856131236
.80419391393661
.81386164824168
.81318082412084
.81086601813634
.81535949309667
.80637254317602
.79861110448837
.81958063443502
.80133444070816
.8206699291865
.81944445768992
.81454249223073
.81154682238897
.81495098272959
.81331698099772
.80746189753215
.8137254913648
.83809912204742
.81195535262426
.8126361767451
.81644878784815
.81032135089238
.80718954404195
.81672112147013
.80691721041997
.81059368451436
.81331698099772
.80705336729685
.80759805440903
.8206699291865
.80732570091883
.81712963183721
.80773419141769
.80814272165298
.80364924669266
.8218954205513
.80092591047287
.79752178986867
.81658494472504
.8018790880839
.80501089493434
.80977670351664
.8018790880839
.80909585952759
.81045750776927
.81018517414729
.80746187766393
.81399782498678
.80296842257182
.80487473805745
.80215142170588
.8054193854332
.79861110448837
.81168299913406
.81304466724396
.80991286039352
.81236384312312
.80201524496078
.8075980146726
.79888343811035
.80283222595851
.80759803454081
.8101851940155
.80310455958049
.80909585952759
.81808278958003
.80664487679799
.80147057771683
.80950435002645
.79983659585317
.80051743984222
.81331698099772
.79929194847743
.79561547438304
.81467864910762
.82557189464569
.80855119228363
.80950435002645
.81454249223073
.79724943637848
.80868736902873
.81794661283493
.79670478900274
.80705336729685
.81903592745463
.79207517703374
.80650871992111
.79738561312358
.79929194847743
.80051743984222
.81617647409439
.81100219488144
.81209148963292
.82448258002599
.8123638232549
.81331698099772
.82121461629868
.80977668364843
.80759805440903
.8123638232549
.80460240443548
.79847492774328
.81331698099772
.80051743984222
.81821896632512
.81563182671865
.80283222595851
.81277233362198
.81753812233607
.80977668364843
.80623638629913
.81617647409439
.81100217501322
.8043300708135
.81059370438258
.79847492774328
.79901959498723
.80637256304423
.79724943637848
.79779410362244
.802015264829
.80133442083995
.79983659585317
.81454249223073
.80718954404195
.83551198244095
.80555556217829
.79561547438304
.80514705181122
.80650871992111
.80038126309713
.79806645711263
.81454247236252
.79942808548609
.80718952417374
.80174291133881
.81835512320201
.80800652503967
.81290851036708
.80977668364843
.80405773719152
.7997004588445
.82012528181076
.80678105354309
.80868734916051
.81141066551208
.80269608894984
.80310459931691
.79956426223119
.80337691307068
.80215140183767
.80065361658732
.80296842257182
.80582787593206
.81454249223073
.80623638629913
.79888343811035
.80691721041997
.80147059758504
.80991284052531
.81331698099772
.81100217501322
.81318082412084
.81862743695577
.80024508635203
.79874728123347
.80555556217829
.79806645711263
.80977668364843
.80160675446192
.81740196545919
.80623638629913
.81590414047241
.80691721041997
.80664487679799
.80909585952759
.80065359671911
.80841503540675
.81508713960648
.80923201640447
.81454247236252
.80936819314957
.80528322855632
.81236384312312
.81427015860875
.8148148059845
.81495098272959
.81059368451436
.80119824409485
.80732570091883
.81386166810989
.80351306994756
.81086601813634
.81004901727041
.80514705181122
.80623638629913
.80569171905518
.8126361767451
.81004901727041
.79901959498723
.80501089493434
.80814270178477
.80324073632558
.81331698099772
.80691721041997
.80718954404195
.81032135089239
.79929194847743
.80650871992111
.80514705181122
.80133442083995
.81072984139125
.80160675446192
.80732570091883
.81508713960648
.79997275273005
.79452613989512
.80351306994756
.79806645711263
.80678103367488
.80923203627268
.8043300708135
.80936819314957
.81290851036708
.81386164824168
.80283222595851
.80364922682444
.80923203627268
.80623638629913
.81699345509211
.81917212406794
.79970041910807
.80664487679799
.80882354577382
.79793028036753
.81318082412084
.80555556217829
.80841505527496
.79656863212585
.80923201640447
.80446624755859
.80065359671911
.80473854144414
.79752178986867
.80174291133881
.81195531288783
.81032135089238
.81454249223073
.80569173892339
.80378540356954
.79970043897629
.80364924669266
.80337691307068
.80147059758504
.81222766637802
.79084968566895
.79670480887095
.79289215803146
.81086601813634
.79547929763794
.80623638629913
.81072984139125
.81100219488144
.80841503540675
.80787036816279
.80991284052531
.81045750776927
.81699345509211
.80623638629913
.80024510622025
.81195533275604
.79983659585317
.80882350603739
.80691721041997
.80364922682444
.80759803454081
.80528322855632
.79970043897629
.80392158031464
.80378540356954
.80092593034108
.80010890960693
.81318082412084
.80269606908162
.80596403280894
.80841503540675
.78989652792613
.79915575186412
.79343682527542
.79193900028865
.79929192860921
.81100217501322
.79153050978978
.79752178986867
.8101851940155
.79520696401596
.80038126309713
.81535949309667
.80882352590561
.80623640616735
.81386164824168
.79153050978978
.81508711973826
.80078975359599
.81113835175832
.80215142170588
.81522331635157
.79616014162699
.80800652503967
.82366557916005
.81318084398905
.8184912999471
.81821896632512
.81059366464615
.80433005094528
.81004901727041
.80664489666621
.80895968278249
.80310455958049
.80596405267715
.80065359671911
.81998908519745
.82407406965892
.81032135089238
.81495098272959
.82502722740173
.8112745086352
.81835510333379
.81930828094482
.81141066551208
.81753814220428
.82502722740173
.81072986125946
.81658496459325
.82203157742818
.80269608894984
.81263615687688
.81889979044596
.81427015860875
.81372547149658
.82271240154902
.81862745682398
.82039761543274
.82380173603694
.82135075330734
.82148693005244
.83306101957957
.82924836874008
.82652505238851
.83142699797948
.83115470409393
.82693356275558
.8374183177948
.82883985837301
.8455882469813
.85348584254583
.83183552821477
.83510349194209
.84558820724487
.82911219199498
.83306099971135
.84449891249339
.83088237047195
.83074619372686
.84395424524943
.840822438399
.84123094876607
.85008170207342
.84381808837255
.84163943926493
.85198801755905
.84613289435705
.8489923675855
.85688996315002
.85212419430415
.84858387708664
.84831154346466
.85212419430415
.85920480887095
.84872005383174
.85947712262472
.84436273574829
.85920478900274
.85525600115458
.85226035118103
.86832789580027
.86260890960693
.85580064853032
.85362199942271
.85825163125992
.86220041910807
.85893247524897
.87704249223073
.85580064853032
.92973854144414
.88861656188965
.8585239648819
.86696624755859
.87159585952759
.85634531577428
.87159583965937
.86505989233653
.87009803454081
.86846405267715
.87690631548564
.87554464737574
.87840414047241
.87690631548564
.87077885866165
.8679193854332
.87854031721751
.87050652503967
.86751089493434
.88643789291382
.87908496459325
.88180828094482
.88180828094482
.88153594732285
.87772331635157
.88589324553808
.87513615687688
.89324617385864
.8914760351181
.8917483886083
.90155227979024
.88984203338623
.88956969976425
.89406319459279
.90495644013087
.89651415745417
.90740740299225
.91135621070862
.89202070236206
.90876907110214
.91407952706019
.90318628152211
.91353485981623
.92156861225764
.91230936845144
.90754355986913
.91448801755905
.92783224582672
.91653048992157
.91898149251938
.92224943637848
.92415579160055
.92687906821569
.9387254913648
.93668301900228
.92647057771683
.93491286039352
.9268790880839
.94349126021067
.95833333333333
.94144880771637
.95383987824122
.95383987824122
.94417212406794
.94907406965892
.95574619372686
.96023966868718
.96173745393753
.95915031433105
.9528867204984
.96486928065618
.97249454259872
.98379629850388
.98379629850388
.98910677433014
.9741285443306
.98965142170588
.98842593034108
.97794119517008
.98788126309713
.98910673459371
.97984751065572
.99414489666621
1.0043572982152
.99741282065709
.9915577173233
1.0066720843315
1.0054466327031
1.0066721041997
1.0084422628085
1.0076252619425
1.0200163523356
1.0177015066147
1.0202887058258
1.0266884565353
1.026143749555
1.0261437892914
1.0441176493963
1.0556917190552
1.0418028434118
1.0503812630971
1.0562364260356
1.0473856131236
1.058415055275
1.0559640328089
1.0511982440948
1.0701252619425
1.068355123202
1.0815631548564
1.0810185273488
1.0769335826238
1.0870097875595
1.090550104777
1.0894608100255
1.102260351181
1.1677560011546
1.1077069441477
1.1311274369558
1.129629611969
1.1420207023621
1.1662581761678
1.1704793373744
1.1789215405782
1.2020697196325
1.2060185273488
1.2249455451965
1.2401961088181
1.2467319965363
1.2502723137538
1.2694716850917
1.2825435797373
1.2840413649877
1.3194444179535
1.3125
1.3244825601578
1.3431373039881
1.3488562107086
1.3574345906576
1.3673747380575
1.3567537864049
1.3555283149083
1.3773148059845
1.3718682130178
1.3669662475586
1.3796296517054
1.3706427017848
1.3706427017848
1.3841231266658
1.3688725630442
1.3902505636215
1.3790849844615
1.3596132993698
1.3427287737528
1.3485838572184
1.3182189861933
1.3201252619425
1.3221677541733
1.3115468422572
1.3007897138596
1.3017429510752
1.296160141627
1.2939814726512
1.2935729821523
1.2689270178477
1.2766884565353
1.2877178589503
1.2702886660894
1.2758714755376
1.2517701387405
1.2508170207342
1.2411492665609
1.2562636137009
1.2482298612595
1.2279411951701
1.2339324951172
1.2419662078222
1.2184096177419
1.21677561601
1.2287581364314
1.2077886660894
1.2103758255641
1.2170479695002
1.197984735171
1.1907679637273
1.2015250523885
1.182325720787
1.1959422826767
1.1869552930196
1.1732025941213
1.1732025941213
1.1732026338577
1.1648965279261
1.1683006683985
1.1674836476644
1.1638071934382
1.1584967374802
1.1678921381632
1.1523693005244
1.1508714755376
1.1497821410497
1.1455609798431
1.1526416540146
1.1537309090296
1.1505991220474
1.1410675048828
1.1467864910762
1.1371187369029
1.1591775814692
1.1428376833598
1.129629611969
1.1369825998942
1.140795191129
1.137254913648
1.1294934352239
1.1256808439891
1.1130174398422
1.119825720787
1.1098855733871
1.1094771226247
1.0935457547506
1.1104302803675
1.0893246332804
1.0803376833598
1.0887799263
1.0716231266658
1.0644063552221
1.0680828094482
1.0638616482417
1.066584944725
1.0575980345408
1.0693082809448
1.0554194053014
1.0541938940684
1.0563725233078
1.0420751571655
1.0315904219945
1.0475218296051
1.0187908411026
1.0332244237264
1.0334967374802
1.0238289833069
1.0193355083466
1.0245098272959
1.0074891249339
1.0215141773224
1.0198801557223
1.0126633644104
1.0072168111801
1.0147058566411
1.050245086352
.99373636643092
1.0016339818637
.98379629850388
.9907407561938
.98679194847743
.98134531577428
.97807733217875
.97453705469767
.97698801755905
.97113289435705
.98583877086639
.97957517703374
.96772875388463
.98338780800502
.96990742286046
.97154138485591
.97875817616781
.95683550834656
.96432461341222
.97426472107569
.96854575475057
.96269063154856
.96037582556407
.95506536960602
.94662308692932
.9481209119161
.94485294818878
.94907406965892
.95029958089193
.92946622769038
.94716775417328
.95070807139079
.93790851036708
.9456699291865
.94893791278203
.93164489666621
.94566994905472
.92973856131236
.93532135089238
.93491286039352
.93927013874054
.93232572078705
.9304193854332
.93464050690333
.93110020955404
.93178103367488
.92674293120702
.92538124322891
.93259803454081
.92497277259827
.94049564997355
.91789215803146
.92429192860921
.92211329936981
.91285403569539
.91789213816325
.92483661572138
.90155229965846
.90482026338577
.91190087795258
.89528868595759
.89501635233561
.90482026338577
.89787580569585
.89814815918605
.90005447467168
.8961056470871
.90196079015732
.90795207023621
.89855664968491
.88848038514455
.89787582556407
.89215685923894
.88902505238851
.89569717645645
.87772331635157
.88861656188965
.88235294818878
.87173201640447
.8748638232549
.88167210419973
.87268517414729
.87799564997355
.875
.8656045794487
.87336601813634
.8668300708135
.85961329936981
.86043026049932
.87091503540675
.8585239648819
.85253268480301
.8677832086881
.84463506937027
.85961329936981
.85634531577428
.84082245826721
.857162296772
.85103485981623
.84980936845144
.85403050978978
.85593682527542
.86124726136525
.85089870293935
.86274510622025
.85552833477656
.85157950719198
.84899238745372
.84885621070862
.84123092889786
.85008170207341
.84395426511765
.83483113845189
.84436275561651
.84504355986913
.83455882469813
.84109477202098
.8479030529658
.83850761254629
.83483115832011
.83700980742772
.83210784196854
.82570807139079
.82924836874008
.81576798359553
.83101852734884
.83523966868718
.82175926367442
.83333333333333
.83224399884542
.8231209119161
.8314270178477
.83483115832011
.8125
.82557189464569
.82489105065664
.82039759556452
.8112745086352
.81971677144368
.81100217501322
.81971677144368
.81767429908117
.81045752763748
.81495098272959
.82924836874008
.82448258002599
.81181917587916
.81331698099772
.81168299913406
.80868734916051
.82216775417328
.80977668364843
.8137254913648
.81100215514501
.79575163125992
.80528322855632
.80691721041997
.80678105354309
.80501089493434
.80473856131236
.80392156044642
.80773421128591
.80623638629913
.81998910506566
.80433005094528
.81032135089239
.80882352590561
.80773419141769
.8031045794487
.80746189753215
.8125
.79684096574783
.81917210419973
.80773419141769
.81413398186366
.8123638232549
.80882354577382
.80773421128591
.81794661283493
.80855119228363
.81018517414729
.81781045595805
.80977668364843
.80895968278249
.81045750776927
.80174293120702
.80460238456726
.81331700086594
.80923201640447
.80923203627268
.8112745086352
.8041938940684
.8065087000529
.81018517414729
.80174293120702
.81726578871409
.8112745086352
.80841503540675
.80691721041997
.8135893146197
.81059368451436
.80446622769038
.81113835175832
.80405773719152
.80909585952759
.82230391105016
.80746187766393
.81998910506566
.82502724726995
.80664487679799
.81004901727041
.82325708866119
.81440631548564
.81086599826813
.81440631548564
.80078975359599
.81454247236252
.82135077317556
.80718954404195
.80882352590561
.82679738601049
.80923203627268
.81808278958003
.81168299913406
.8112745086352
.81059368451436
.8125
.8206699291865
.81100217501322
.80215142170588
.82039759556452
.81358933448792
.81535949309667
.81835510333379
.80460240443548
.80691721041997
.81781047582626
.81100217501322
.8125
.81113835175832
.81018517414729
.81032135089238
.82339324553808
.80827887852987
.80923203627268
.81712963183721
.80800652503967
.80133442083995
.81617645422618
.81113833189011
.81100217501322
.81263615687688
.80351306994756
.80841501553853
.82475491364797
.8054193854332
.81318084398905
.822984735171
.80596403280894
.81290849049886
.82094226280848
.80705336729685
.81195533275604
.81794663270315
.79820261398951
.8065087000529
.8112745086352
.80773421128591
.81372547149658
.81290849049886
.79983659585317
.81590414047241
.81672114133835
.81508713960648
.81917212406794
.80855119228363
.8054193854332
.8041938940684
.81086601813634
.81004901727041
.81522331635157
.81998910506566
.81794663270315
.81100219488144
.8125
.81549563010534
.80827887852987
.81781045595805
.81876361370087
.80460240443548
.81263615687688
.82107841968536
.79724945624669
.80405773719152
.80487471818924
.79983661572138
.80827885866165
.81917210419973
.80092593034108
.80991284052531
.80841503540675
.81699345509211
.81903596719106
.81413398186366
.80378538370132
.80705336729685
.82148693005244
.80392156044642
.81072984139125
.80895968278249
.82107843955358
.80827887852987
.80787036816279
.79833879073461
.81277233362198
.81427015860875
.80201524496078
.80283222595851
.8125
.80705336729685
.80814268191655
.84109475215276
.79997277259827
.80759803454081
.81372547149658
.80650871992111
.80514707167943
.81535947322845
.8101851940155
.82094226280848
.80882352590561
.80010892947515
.80610020955404
.80977668364843
.80310455958049
.81495098272959
.81277235349019
.80691721041997
.80364922682444
.80133442083995
.80596405267715
.79125815629959
.81127452850342
.80664487679799
.8148148059845
.81454249223073
.81318082412084
.80773419141769
.79970041910807
.80855119228363
.79779412349065
.80678105354309
.81168299913406
.81059366464615
.80705336729685
.81576798359553
.79588780800502
.80269606908162
.80582789580027
.79166666666667
.78826252619425
.81222766637802
.80827885866165
.80174291133881
.81576798359553
.80555554231008
.8043300708135
.8114106853803
.80147059758504
.80868734916051
.81277233362198
.81631263097127
.82883987824122
.81644880771637
.80732570091883
.80841503540675
.80868736902873
.81086601813634
.81549564997355
.81413398186366
.81195533275604
.81427013874054
.81576796372732
.80201524496078
.80991284052531
.81113833189011
.82352942228317
.81563180685043
.82244008779526
.80787036816279
.81100219488144
.80923201640447
.79071350892385
.80555556217829
.80623636643092
.80814270178477
.80623638629913
.80582787593206
.79793026049932
.80800654490789
.81127452850342
.80378540356954
.80106208721797
.80228757858276
.7958877881368
.80351306994756
.81004901727041
.81386164824168
.80773419141769
.81726578871409
.81440631548564
.79384531577428
.81141066551208
.80814270178477
.80705338716507
.80160675446192
.80351306994756
.79901961485545
.80174291133881
.80215142170588
.79330066839854
.79275598128637
.81290849049886
.80187906821569
.80487473805745
.80501087506612
.8123638232549
.81358933448792
.81236384312312
.81454249223073
.80718952417374
.81209150950114
.80351305007935
.80582789580027
.81195533275604
.79643245538076
.80800654490789
.8032407561938
.81903594732285
.81726580858231
.83074617385864
.81059368451436
.80841503540675
.81168299913406
.80759803454081
.81345317761103
.80528322855632
.80787036816279
.80936819314957
.81644880771637
.80487473805745
.80215140183767
.81535947322845
.80092593034108
.79643247524897
.80678103367488
.80269606908162
.80378540356954
.80038124322891
.80051743984222
.79901961485545
.80351306994756
.80555556217829
.80351306994756
.80718952417374
.79616014162699
.79057735204697
.80174293120702
.81903594732285
.79956426223119
.8126361767451
.80351306994756
.81195533275604
.84123094876607
.8135893146197
.8043300708135
.80065359671911
.82162310679754
.8031045794487
.80514705181122
.80964050690333
.80691723028819
.80242373545965
.80160675446192
.81318080425262
.80487473805745
.80895970265071
.78976037104925
.79289215803146
.81086601813634
.79302831490835
.80446622769038
.80814270178477
.79616014162699
.80255991220474
.8054193854332
.78526689608892
.80147059758504
.80174293120702
.79248364766439
.79057733217875
.80133442083995
.78063724438349
.79806645711263
.80487471818924
.80010892947515
.80909585952759
.80909585952759
.80678103367488
.81604029734929
.81440631548564
.79561547438304
.80024508635203
.8103213707606
.80078975359599
.80228757858276
.80351306994756
.79888343811035
.80501089493434
.81590414047241
.80065359671911
.80283224582672
.81549564997355
.81154682238897
.81413398186366
.80909585952759
.80705336729685
.81794661283493
.80446622769038
.80705338716507
.80174293120702
.80787036816279
.80582787593206
.8065087000529
.81113833189011
.81072986125946
.79724945624669
.80038126309713
.80092593034109
.79656861225764
.78989650805791
.80473856131236
.80147059758504
.80569171905518
.80473858118057
.79125817616781
.80895968278249
.83864378929138
.83496731519699
.8112745086352
.80582789580027
.79861110448837
.80732572078705
.81454249223073
.79888345797857
.79997277259827
.80691721041997
.79139433304469
.79547929763794
.80596405267715
.79261980454127
.79806645711263
.8209422826767
.7947984735171
.79016884167989
.80678103367488
.79997277259827
.80664487679799
.81318082412084
.8029684027036
.80637254317602
.8101851940155
.81712963183721
.80324073632558
.80909585952759
.80337691307068
.80718954404195
.80569171905518
.79398149251938
.80637256304423
.81318080425262
.8031045794487
.79915577173233
.81331698099772
.81032135089239
.80637256304423
.81290849049886
.79561549425125
.80664487679799
.79942810535431
.81903592745463
.81209150950114
.80092593034108
.81059368451436
.80269606908162
.80337689320246
.81495098272959
.79765794674555
.81535947322845
.81032135089238
.79425382614136
.80378540356954
.8112745086352
.8043300708135
.80433005094528
.80868736902873
.794662296772
.7997004588445
.80487471818924
.79929194847743
.80623636643092
.81876361370087
.80078975359599
.8054193854332
.80746187766393
.80228759845098
.80201524496078
.81467864910762
.79261982440948
.80596405267715
.81331700086594
.80392158031464
.80718954404195
.80174291133881
.79942810535431
.80065357685089
.79452615976334
.78581154346466
.80610020955404
.80555554231008
.79207517703374
.79411764939626
.81808278958003
.79343682527542
.80024510622025
.81427015860875
.79561545451482
.80528322855632
.80133442083995
.80010892947515
.8231209119161
.80378540356954
.79806645711263
.80296842257182
.81059366464615
.80433005094528
.8040577173233
.81086601813634
.80283222595851
.79997277259827
.8137254913648
.81427015860875
.80814270178477
.80051743984222
.80936819314957
.79384531577428
.802015264829
.80691721041997
.8043300708135
.81413400173187
.80732570091883
.80324073632558
.81440631548564
.8123638232549
.81767427921295
.80977666378021
.81236384312312
.80106208721797
.80078975359599
.81113835175832
.81100217501322
.82434642314911
.82992921272914
.80392158031464
.81508715947469
.81767427921295
.80623638629913
.8115468621254
.82529956102371
.80201524496078
.81127452850342
.80991286039352
.80051741997401
.80147057771683
.80596405267715
.80501089493434
.80351306994756
.80664485692978
.8041938940684
.80773421128591
.80855119228363
.80201524496078
.80718952417374
.81386166810989
.80596405267715
.80868736902873
.80610022942225
.79752178986867
.83387800057729
.80868736902873
.79629629850388
.80582787593206
.80787036816279
.79316447178523
.80909583965937
.80487471818924
.80950435002645
.81263615687688
.81072984139125
.80147057771683
.80950435002645
.81849128007889
.8208061059316
.80201524496078
.79656863212585
.81427013874054
.80078975359599
.79670478900274
.80936819314957
.80160675446192
.80555554231008
.81862745682398
.81086601813634
.80732570091883
.81862743695577
.80378540356954
.80065359671911
.80392156044642
.79724945624669
.80147057771683
.79915577173233
.79384531577428
.81331700086594
.81876361370087
.80800654490789
.81767429908117
.84191177288691
.80215140183767
.80555556217829
.80732570091883
.79425382614136
.79752177000046
.80610020955404
.79833879073461
.80065359671911
.80814270178477
.79724943637848
.79207517703374
.80718954404195
.79738561312358
.80106208721797
.80732570091883
.8018790880839
.81522331635157
.81181917587916
.79643247524897
.80201524496078
.80610022942225
.80855121215185
.79779410362244
.80201524496078
.79942810535431
.80691721041997
.80528322855632
.80269608894984
.79697714249293
.81154684225718
.83864378929138
.80650871992111
.81508715947469
.80637254317602
.8018790880839
.80255991220474
.81576796372732
.80010890960693
.79765796661377
.8041938940684
.80787036816279
.79861110448837
.82053375244141
.7969771027565
.79261982440948
.80596403280894
.79861110448837
.80841501553853
.81086601813634
.81399782498678
.79901961485545
.82407406965892
.79874726136525
.80746185779572
.80242375532786
.8031045794487
.80664485692978
.80950435002645
.80337691307068
.79820261398951
.80623638629913
.79248364766439
.79016884167989
.8125
.79656863212585
.80174291133881
.80269606908162
.8018790880839
.79861110448837
.79915575186412
.79302833477656
.81345315774282
.83292484283447
.79534314076106
.80310459931691
.81454247236252
.80337691307068
.79248364766439
.80569171905518
.80691721041997
.81427013874054
.81318082412084
.80827885866165
.80473858118057
.80405773719152
.80228757858276
.80501089493434
.80855119228363
.80364924669266
.80705336729685
.8112745086352
.80364924669266
.8043300708135
.81358933448792
.81127452850342
.81331698099772
.80228757858276
.82230391105016
.80174291133881
.80555556217829
.81535947322845
.8101851940155
.81100215514501
.80909585952759
.80119824409485
.8209422826767
.81903594732285
.80991286039352
.8114106853803
.81399780511856
.80092593034109
.80827885866165
.8197167913119
.79956428209941
.81631263097127
.8126361767451
.80623638629913
.80623638629913
.81100217501322
.79847496747971
.80650871992111
.8135893146197
.80596405267715
.81345315774282
.81535947322845
.80569169918696
.80964052677155
.8114106853803
.80242375532786
.7960239648819
.80147057771683
.79629629850388
.80038126309713
.80977666378021
.79765794674555
.80010892947515
.81018517414729
.79738563299179
.81059368451436
.81903592745463
.80106208721797
.80623638629913
.80855121215185
.79983659585317
.79970043897629
.79915575186412
.79343682527542
.79970043897629
.80977668364843
.7947984735171
.79983661572138
.8090958793958
.8195806145668
.79684094587962
.80827887852987
.79670478900274
.80147057771683
.80242375532786
.81290851036708
.8052832086881
.8041938940684
.80895970265071
.79711329936981
.80827885866165
.8112745086352
.7926198442777
.80691721041997
.80201524496078
.80501091480255
.79684096574783
.80378540356954
.79942810535431
.80528322855632
.79316449165344
.79575163125992
.80024510622025
.80923203627268
.78853483994802
.79970041910807
.80868736902873
.7947984735171
.79616012175878
.80255991220474
.78839870293935
.80433005094528
.80827887852987
.79180284341176
.80092593034108
.80147059758504
.79684096574783
.79316449165344
.79820261398951
.79997277259827
.79493463039398
.79833877086639
.80446622769038
.80637256304423
.79316449165344
.79738563299179
.79520698388418
.81576798359553
.80119826396306
.79738561312358
.80201522509257
.80051743984222
.80378540356954
.80010892947515
.79684096574783
.7958877881368
.82475491364797
.79956428209941
.78935186068217
.80010890960693
.79629629850388
.80596405267715
.80283226569494
.78989650805791
.7924836675326
.79330064853032
.7937091588974
.79316449165344
.79588780800502
.802015264829
.79711329936981
.79343680540721
.79438998301824
.78240742286046
.79112199942271
.78349671761195
.77886708577474
.78513071934382
.78404138485591
.77954794963201
.78594772020976
.78622003396352
.78213506937027
.77696079015732
.77859475215276
.77192266782125
.77178649107615
.77205882469813
.76348040501277
.76184640328089
.76484205325445
.74809368451436
.76116557916005
.75531045595805
.79261982440948
.81209150950114
.81958059469859
.80392156044642
.80378540356954
.81318084398905
.80337691307068
.80228759845098
.80827885866165
.8031045794487
.80092593034108
.80283224582672
.80147057771683
.78921570380529
.80868736902873
.79752178986867
.794662296772
.80514705181122
.7947984735171
.79901959498723
.80650871992111
.79983661572138
.79738561312358
.80392156044642
.80106208721797
.79983661572138
.79793028036753
.7924836675326
.79316449165344
.79779410362244
.79398147265116
.80119824409485
.80378540356954
.81195535262426
.79098584254583
.80364922682444
.80800652503967
.80038126309713
.79479845364889
.7982025941213
.78907952706019
.79057735204697
.80501089493434
.79330064853032
.8007897734642
.80051741997401
.78948801755905
.79384531577428
.79234749078751
.78622005383174
.79357300202052
.79166666666667
.7758714556694
.77886710564295
.79330064853032
.77137798070908
.77464596430461
.78485840559006
.77355662981669
.78376907110214
.78077342112859
.77219500144323
.77124182383219
.78267975648244
.7711056470871
.7677015264829
.78622003396352
.76470587650935
.76674834887187
.7653867204984
.75980391105016
.76184640328089
.76116557916005
.75980393091838
.74332787593206
.74809368451436
.74114922682444
.73720043897629
.74251089493434
.7229030529658
.71160131692886
.71990742286046
.71405229965846
.69961873690287
.70370368162791
.68028322855632
.68681915601095
.68355119228363
.66598584254583
.65985838572184
.65291394790014
.62186819314957
.63044661283493
.61968954404195
.57775054375331
.65836056073507
0
0
0
0
0
0
0
0
0
0
0
0
0
0
0
0
0
0
0
0
0
0
0
0
0
0
0
0
0
0
0
0
0
0
0
0
0
0
0
0
0
0
0
0
0
0
0
0
0
0
0
0
0
0
0
0
0
0
0
0
0
0
0
0
0
0
0
0
0
0
0
0
0
0
0
0
0
0
0
0
0
0
0
0
0
0
0
0
0
0
0
0
0
0
0
0
0
0
0
0
0
0
0
0
0
0
0
0
0
0
0
0
0
0
0
0
0
0
0
0
0
0
0
0
0
0
0
0
0
0
0
0
0
0
0
0
0
0
0
0
0
0
0
0
0
0
0
0
0
0
0
0
0
0
0
0
0
0
0
0
0
0
0
0
0
0
0
0
0
0
0
0
0
0
0
0
0
0
0
0
0
0
0
0
0
0
0
0
0
0
0
0
0
0
0
0
0
0
0
0
0
0
0
0
0
0
0
0
0
0
0
0
0
0
0
0
0
0
0
0
0
0
0
0
0
0
0
0
0
0
0
0
0
0
0
0
0
0
0
0
0
0
0
0
0
0
0
0
0
0
0
0
0
0
0
0
0
0
0
0
0
0
0
0
0
0
0
0
0
0
0
0
0
0
0
0
0
0
0
0
0
0
0
0
0
0
0
0
0
0
0
0
0
0
0
0
0
0
0
0
0
0
0
0
0
0
0
0
0
0
0
0
0
0
0
0
0
0
0
0
0
0
0
0
0
0
0
0
0
0
0
0
0
0
0
0
0
0
0
0
0
0
0
0
0
0
0
0
0
0
0
0
0
0
0
0
0
0
0
0
0
0
0
0
0
0
0
0
0
0
0
0
0
0
0
0
0
0
0
0
0
0
0
0
0
0
0
0
0
0
0
0
0
0
0
0
0
0
0
0
0
0
0
0
0
0
0
0
0
0
0
0
0
0
0
0
0
0
0
0
0
0
0
0
0
0
0
0
0
0
0
0
0
0
0
0
0
0
0
0
0
0
0
0
0
0
0
0
0
0
0
0
0
0
0
0
0
0
0
0
0
0
0
0
0
0
0
0
0
0
0
0
0
0
0
0
0
0
0
0
0
0
0
0
0
0
0
0
0
0
0
0
0
0
0
0
0
0
0
0
0
0
0
0
0
0
0
0
0
0
0
0
0
0
0
0
0
0
0
0
0
0
0
0
0
0
0
0
0
0
0
0
0
0
0
0
0
0
0
0
0
0
0
0
0
0
0
0
0
0
0
0
0
0
0
0
0
0
0
0
0
0
0
0
0
0
0
0
0
0
0
0
0
0
0
0
0
0
0
0
0
0
0
0
0
0
0
0
0
0
0
0
0
0
0
0
0
0
0
0
0
0
0
0
0
0
0
0
0
0
0
0
0
0
0
0
0
0
0
0
0
0
0
0
0
0
0
0
0
0
0
0
0
0
0
0
0
0
0
0
0
0
0
0
0
0
0
0
0
0
0
0
0
0
0
0
0
0
0
0
0
0
0
0
0
0
0
0
0
0
0
0
0
0
0
0
0
0
0
0
0
0
0
0
0
0
0
0
0
0
0
0
0
0
0
0
0
0
0
0
0
0
0
0
0
0
0
0
0
0
0
0
0
0
0
0
0
0
0
0
0
0
0
0
0
0
0
0
0
0
0
0
0
0
0
0
0
0
0
0
0
0
0
0
0
0
0
0
0
0
0
0
0
0
0
0
0
0
0
0
0
0
0
0
0
0
0
0
0
0
0
0
0
0
0
0
0
0
0
0
0
0
0
0
0
0
0
0
0
0
0
0
0
0
0
0
0
0
0
0
0
0
0
0
0
0
0
0
0
0
0
0
0
0
0
0
0
0
0
0
0
0
0
0
0
0
0
0
0
0
0
0
0
0
0
0
0
0
0
0
0
0
0
0
0
0
0
0
0
0
0
0
0
0
0
0
0
0
0
0
0
0
0
0
0
0
0
0
0
0
0
0
0
0
0
0
0
0
0
0
0
0
0
0
0
0
0
0
0
0
0
0
0
0
0
0
0
0
0
0
0
0
0
0
0
0
0
0
0
0
0
0
0
0
0
0
0
0
0
0
0
0
0
0
0
0
0
0
0
0
0
0
0
0
0
0
0
0
0
0
0
0
0
0
0
0
0
0
0
0
0
0
0
0
0
0
0
0
0
0
0
0
0
0
0
0
0
0
0
0
0
0
0
0
0
0
0
0
0
0
0
0
0
0
0
0
0
0
0
0
0
0
0
0
0
0
0
0
0
0
0
0
0
0
0
0
0
0
0
0
0
0
0
0
0
0
0
0
0
0
0
0
0
0
0
0
0
0
0
0
0
0
0
0
0
0
0
0
0
0
0
0
0
0
0
0
0
0
0
0
0
0
0
0
0
0
0
0
0
0
0
0
0
0
0
0
0
0
0
0
0
0
0
0
0
0
0
0
0
0
0
0
0
0
0
0
0
0
0
0
0
0
0
0
0
0
0
0
0
0
0
0
0
0
0
0
0
0
0
0
0
0
0
0
0
0
0
0
0
0
0
0
0
0
0
0
0
0
0
0
0
0
0
0
0
0
0
0
0
0
0
0
0
0
0
0
0
0
0
0
0
0
0
0
0
0
0
0
0
0
0
0
0
0
0
0
0
0
0
0
0
0
0
0
0
0
0
0
0
0
0
0
0
0
0
0
0
0
0
0
0
0
0
0
0
0
0
0
0
0
0
0
0
0
0
0
0
0
0
0
0
0
0
0
0
0
0
0
0
0
0
0
0
0
0
0
0
0
0
0
0
0
0
0
0
0
0
0
0
0
0
0
0
0
0
0
0
0
0
0
0
0
0
0
0
0
0
0
0
0
0
0
0
0
0
0
0
0
0
0
0
0
0
0
0
0
0
0
0
0
0
0
0
0
0
0
0
0
0
0
0
0
0
0
0
0
0
0
0
0
0
0
0
0
0
0
0
0
0
0
0
0
0
0
0
0
0
0
0
0
0
0
0
0
0
0
0
0
0
0
0
0
0
0
0
0
0
0
0
0
0
0
0
0
0
0
0
0
0
0
0
0
0
0
0
0
0
0
0
0
0
0
0
0
0
0
0
0
0
0
0
0
0
0
0
0
0
0
0
0
0
0
0
0
0
0
0
0
0
0
0
0
0
0
0
0
0
0
0
0
0
0
0
0
0
0
0
0
0
0
0
0
0
0
0
0
0
0
0
0
0
0
0
0
0
0
0
0
0
0
0
0
0
0
0
0
0
0
0
0
0
0
0
0
0
0
0
0
0
0
0
0
0
0
0
0
0
0
0
0
0
0
0
0
0
0
0
0
0
0
0
0
0
0
0
0
0
0
0
0
0
0
0
0
0
0
0
0
0
0
0
0
0
0
0
0
0
0
0
0
0
0
0
0
0
0
0
0
0
0
0
0
0
0
0
0
0
0
0
0
0
0
0
0
0
0
0
0
0
0
0
0
0
0
0
0
0
0
0
0
0
0
0
0
0
0
0
0
0
0
0
0
0
0
0
0
0
0
0
0
0
0
0
0
0
0
0
0
0
0
0
0
0
0
0
0
0
0
0
0
0
0
0
0
0
0
0
0
0
0
0
0
0
0
0
0
0
0
0
0
0
0
0
0
0
0
0
0
0
0
0
0
0
0
0
0
0
0
0
0
0
0
0
0
0
0
0
0
0
0
0
0
0
0
0
0
0
0
0
0
0
0
0
0
0
0
0
0
0
0
0
0
0
0
0
0
0
0
0
0
0
0
0
0
0
0
0
0
0
0
0
0
0
0
0
0
0
0
0
0
0
0
0
0
0
0
0
0
0
0
0
0
0
0
0
0
0
0
0
0
0
0
0
0
0
0
0
0
0
0
0
0
0
0
0
0
0
0
0
0
0
0
0
0
0
0
0
0
0
0
0
0
0
0
0
0
0
0
0
0
0
0
0
0
0
0
0
0
0
0
0
0
0
0
0
0
0
0
0
0
0
0
0
0
0
0
0
0
0
0
0
0
0
0
0
0
0
0
0
0
0
0
0
0
0
0
0
0
0
0
0
0
0
0
0
0
0
0
0
0
0
0
0
0
0
0
0
0
0
0
0
0
0
0
0
0
0
0
0
0
0
0
0
0
0
0
0
0
0
0
0
0
0
0
0
0
0
0
0
0
0
0
0
0
0
0
0
0
0
0
0
0
0
0
0
0
0
0
0
0
0
0
0
0
0
0
0
0
0
0
0
0
0
0
0
0
0
0
0
0
0
0
0
0
0
0
0
0
0
0
0
0
0
0
0
0
0
0
0
0
0
0
0
0
0
0
0
0
0
0
0
0
0
0
0
0
0
0
0
0
0
0
0
0
0
0
0
0
0
0
0
0
0
0
0
0
0
0
0
0
0
0
0
0
0
0
0
0
0
0
0
0
0
0
0
0
0
0
0
0
0
0
0
0
0
0
0
0
0
0
0
0
0
0
0
0
0
0
0
0
0
0
0
0
0
0
0
0
0
0
0
0
0
0
0
0
0
0
0
0
0
0
0
0
0
0
0
0
0
0
0
0
0
0
0
0
0
0
0
0
0
0
0
0
0
0
0
0
0
0
0
0
0
0
0
0
0
0
0
0
0
0
0
0
0
0
