.86260163784027
.81999999284744
.78731709718704
.83430894215902
.81837397813797
.81382113695145
.79869920015335
.83284550905228
.86569104592005
.81804877519608
.84390242894491
.80276423692703
.80926829576492
.82276421785355
.76243901252747
.85089431206385
.83300813039144
.79902440309525
.86146342754364
.86845529079437
.87560975551605
.82747968037923
.93186992406845
.8473170598348
.91674796740214
.81544715166092
.81024390459061
.87430894374847
.8256910443306
.81495934724808
.85609757900238
.8569105664889
.87398374080658
.87821137905121
.87723577022552
.86211383342743
.84796750545502
.83414632081985
.87707316875458
.93853658437729
.84178862969081
.87593495845795
.85869920253754
.86894309520721
.89073171218236
.93073171377182
.93495935201645
.83268290758133
.9141463637352
.88097560405731
.81040650606155
.85642278194427
.8630894223849
.87967479228973
.89756097396215
.87821137905121
.90650405486425
.83495934804281
1.0286178588867
.84991870323817
.91495937108994
.88097560405731
.87609755992889
.88276422023773
.91186990340551
.872682929039
.93268291155497
.9035772283872
.89382114013036
.95658534765244
.98601627349854
.92650407552719
.95626016457876
.89317073424657
.89463412761688
.92471545934677
.92406505346298
.93593496084213
.92601627111435
.94796746969223
.98227643966675
.8977235754331
.91479674975077
.96601629257202
.91414634386698
.88227641582489
.93317073583603
.92796748876572
.87560975551605
.86731708049774
.95430892705917
.93138211965561
.90113820632299
.91154472033183
.88357722759247
.91479674975077
.88650405406952
.93105691671371
.87056910991669
1.0952845811844
1.0079674720764
.89024390776952
.97463417053223
.96520324548086
.9289430975914
.91333335638046
.89999999602636
.96178861459096
.94731706380844
.92796748876572
.97056913375854
.97008128960927
.97658538818359
.98130083084106
.96487804253896
.92536586523056
.95186990499496
.99040651321411
.91869918505351
.92747968435287
.95967479546865
1.1583739519119
.9347967505455
.92260164022446
.98861789703369
.93658536672592
.97788619995117
.98845529556274
.95902438958486
.92520326375961
1.0684553384781
.92243903875351
.92243901888529
.91918700933456
1.0024390220642
.94569104909897
.99170732498169
1.0230894088745
1.0302438735962
.98406505584717
.99869918823242
1.0323576927185
1.0265040397644
1.0239024162292
.99317073822021
1.0017886161804
.96845529476802
.95284551382065
.9824390411377
.94813007116318
.97626016537348
1.0243902206421
.97544717788696
.93089431524277
.98308944702148
.95105691750844
.95804876089096
.96113820870717
.9564227660497
1.0208129882812
.98926830291748
.91447154680888
.99138210217158
1.0082926750183
.95804876089096
.97170730431875
.97999999920527
.98292684555054
.95902438958486
.97967481613159
.96162601312002
.95788617928823
.9752845565478
.97577234109243
1.0131707191467
.9904064933459
.93544715642929
.96699188152949
.98569107055664
.9001625974973
.93349593877792
.96991868813833
.97219514846802
.92243903875351
.99056911468506
1.0661788781484
.95040649175644
1.0868293046951
1.0235772132874
.98065042495728
.99707317352295
.96520324548086
.93414634466171
.93056911230087
.96504066387812
.9478048880895
.96325200796127
.94130082925161
1.0056910514832
.92747968435287
.99430894851685
.99707317352295
.99837396542231
.97105691830317
.94276422262192
1.0081300735474
.98292684555054
.95447152853012
.97268291314443
.95609756310781
.94829267263412
.95691057046254
1.0583739280701
.91024390856425
1.0388617515564
1.0043902397156
.92081302404404
.92422765493393
.96991870800654
.95739835500717
.99983739852905
.97219510873159
.94780486822128
.9508943160375
.95869916677475
.89040650924047
1.0417885780334
.95089429616928
1.0139837265015
.97918699185053
.92081302404404
1.0004878044128
.97414634625117
.98032520214717
.99430894851685
.98357723156611
.97235773007075
.95707315206528
.95756095647812
.91918700933456
1.0082926750183
.93983739614487
.98617885510127
.96943088372548
1.0209755897522
.92910569906235
.986991862456
.97463417053223
.99479675292969
1.0157723426819
.96406501531601
.9684552748998
.93300813436508
.95349593957265
1.0291056632996
.93756097555161
.97593496243159
.95821138223012
.92341464757919
.98032520214717
.98227643966675
.96731708447138
.96926830212275
.93430894613266
.93999999761581
.95723577340444
.95447154839834
.99170732498169
.95918699105581
.9100813070933
1.0008130073547
.97414632638295
.99512195587158
.99934959411621
.97967481613159
.98780488967896
.94926830132802
.96731706460317
.96715446313222
.9793496131897
1.0291056632996
.9104065100352
1.0204877853394
.97349594036738
.95317071676254
1.0230894088745
.99560976028442
.97284553448359
.99902439117432
.95934959252675
.94715446233749
.99479675292969
.97691057125727
.93333333730698
.96048780282338
.95886178811391
.95219510793686
1.0094308853149
.9694309035937
.93073171377182
.92585364977519
.95138212045034
1.0032520294189
.9035772283872
.94325202703476
1.0453658103943
.96520324548086
1.0022764205933
1.0069918632507
1.0458536545436
.97853660583496
1.0284552574158
.96243900060654
.97772357861201
.98422765731812
.90585364898046
.92341464757919
.98975610733032
.98000001907349
.98341464996338
.93089431524277
.95008130868276
.95447152853012
.95674794912338
1.059999982516
.92682927846909
.9653658469518
.99772357940674
1.0102438926697
1.0071544647217
.96032520135244
.91739839315414
.99203252792358
.88227641582489
.96634145577749
1.0331707398097
1.0147967338562
.9941463470459
1.0097560882568
.98504066467285
.96211381753286
.96016259988149
.98764228820801
.96601625283559
1.03089427948
.95626014471054
.9468292593956
.92357724905014
.90926829973857
.95398372411728
.92504066228867
.9351219534874
1.0211381912231
.94016259908676
1.0008130073547
.99918699264526
.99479675292969
1.0180487632751
.96341462930044
.97317071755727
.97495935360591
1.0160975456238
.99040651321411
1.0043902397156
1.0578861236572
1.0126829147339
1.0518698692322
.94504064321518
.96113818883896
.96146339178085
.95918699105581
.96991870800654
.97658536831538
.96991870800654
.9141463637352
.93430894613266
.98000001907349
.94634145498276
.93495935201645
.8874796628952
.9190243879954
.92780488729477
1.0388617515564
.97658536831538
1.0022764205933
.91121949752172
.93414636452993
1.0144715706507
.98097560803095
.95951217412949
.97382114330928
.93756097555161
.95008128881454
.91365853945414
.96731706460317
.98308944702148
.99203252792358
.93219512701035
.89138209819794
.9499186873436
.9790244102478
.91707317034403
.94130080938339
.97382114330928
.96016258001328
.9694309035937
.90504064162572
1.1821138064067
1.0066666603088
.97691059112549
.98032520214717
.96601625283559
.98650407791138
.98032520214717
.99008131027222
.96357723077138
.91495935122172
.88341462612152
.95512195428212
.94260162115097
.94325202703476
.98617887496948
.98373985290527
.90845529238383
.94308942556381
.98162603378296
.94666665792465
.93495935201645
.94569104909897
.94390243291855
.96715446313222
.96308942635854
.94471544027328
.97739837567012
.99495935440063
.93300813436508
.99073171615601
.97089431683222
.9378861784935
.90878049532572
.93008130788803
.96552844842275
.98032522201538
.9406504034996
.98682928085327
.97886180877686
.95853658517202
.9972357749939
.96796747048696
.97723577419917
.98926826318105
.98178863525391
.98650407791138
.9406504034996
1.0386991898219
.9495934844017
1.0175609588623
.95691057046254
.95739837487539
.94195121526718
.95512195428212
1.0006504058838
.94130080938339
.96422763665517
.99902439117432
.93707317113876
.97967479626338
.94016259908676
.97235773007075
.9406504034996
.9666666785876
.94390243291855
.99447154998779
.9478048880895
1.0281300544739
.93382114171982
1.0141463279724
.95219510793686
.93365854024887
.95154472192128
.94552844762802
.97268293301264
.95707315206528
.9440650343895
.87804877758026
.91902440786362
.90764226516088
1.0292682846387
.91414632399877
.93544715642929
.96276422341665
.9378861784935
.97333331902822
.97008130947749
1.0198373794556
.90032519896825
1.0058536529541
.96861789623896
.96146341164907
.95430894692739
.98569105068843
.92601627111435
.92975610494614
.93723577260971
.97398376464844
.96260160207748
.95674794912338
.96796747048696
.97512195507685
.97024389108022
.90130082766215
.98650407791138
.96390243371328
.95658536752065
.9804877837499
.91463414827983
.993821144104
.97300811608632
.98504066467285
.9351219534874
.9588617682457
.9230894446373
.94357722997665
.95203250646591
.93983739614487
.91300813357035
.98731708526611
.94032520055771
.96894309918086
1.0095934867859
.9526829123497
.92081302404404
.96894309918086
.94357722997665
.90845529238383
.88991868495941
.95707315206528
.93382114171982
.99609756469727
.8973983724912
.9169105887413
.93268293142319
.93105691671371
1.0178861618042
.96308942635854
.96520324548086
.9821138381958
.97674796978633
.9499186873436
.99739837646484
.94699186086655
.93447154760361
.93739837408066
1.0323576927185
.98178863525391
.96552846829096
.97121951977412
.97967481613159
.98406505584717
.89544715483983
.99756097793579
.96894307931264
.94032520055771
.93886178731918
.97089429696401
.93821138143539
.95024391015371
.85691058635712
.99707317352295
.8754471540451
1.0211381912231
.96731708447138
.9588617682457
.91707319021225
.93609756231308
.9378861784935
.96504064400991
.94146341085434
.96747968594233
.95040651162465
.93821138143539
.95495933294296
.99951219558716
.99804878234863
.93577235937119
.93186992406845
.90260161956151
.95918699105581
1.0032520294189
.8973983724912
.9653658469518
.98764228820801
.96097560723623
.9588617682457
.9258536696434
1.0211381912231
1.0073170661926
.96162601312002
.96032518148422
.96341462930044
.95804878075918
.99398374557495
.92878049612045
.97447154919306
.94747966527939
.94520326455434
.94211381673813
.95073169469833
.87902438640594
.97821140289307
.93951219320297
.93333333730698
.97056911389033
.93268293142319
.97056911389033
.92097562551498
.96097560723623
.96097560723623
.95626014471054
.98276424407959
.93430894613266
1.0004878044128
.97593496243159
.95349591970444
.9190243879954
.92357724905014
1.0071544647217
1
.94016259908676
.91479676961899
.95495935281118
.99203252792358
.95382114251455
.97772357861201
.92634147405624
.93609756231308
.97317073742549
.93430894613266
.96487806240718
.93626016378403
.96308940649033
.8915447195371
.92910569906235
.88260161876678
.98178863525391
.97886178890864
.91398374239604
.9554471373558
.97186992565791
.95170730352402
.98422765731812
.94910567998886
.92813009023666
.96520326534907
.92081302404404
.93365854024887
1.0097560882568
.90243901809057
.93772357702255
.93967479467392
.97934959332148
.98390243450801
.98325202862422
.95203252633413
1.0128455162048
.98715448379517
.97056911389033
.95560973882675
.92146342992783
.96780488888423
.96097560723623
.9159349600474
.9495934844017
.96016258001328
.93235772848129
.96097558736801
.9554471373558
1.0086178779602
.96195121606191
.91154470046361
.97674796978633
1.0434145927429
.8967479467392
.9656910498937
.91902440786362
.95073169469833
.97918699185053
.89040648937225
.96601625283559
.89121949672699
1.0034146308899
.9533333381017
.91837400197983
.99528455734253
.97170732418696
.98227641979853
.98146343231201
.93593496084213
.95674794912338
.92504066228867
.9351219534874
.97186992565791
.9910569190979
1.0011382102966
.9731707572937
.97609758377075
.97821138302485
.869593501091
.94504064321518
1.0069918632507
.92016261816025
.96341462930044
.95138210058212
.96666665871938
.94699186086655
.95934957265854
.90276422103246
.996910572052
.94081300497055
.86699187755585
.95024389028549
.91788619756699
.91821138064067
.92829269170761
.96130081017812
.93447154760361
.89609756072362
.92926830053329
.97463415066401
.94260162115097
.95398372411728
.97577238082886
.92813009023666
.92422765493393
.95560975869497
.99138212203979
.99756097793579
.95528453588486
.98227643966675
.95869918664296
.94439023733139
.9712194999059
.96617885430654
.94682927926381
.95430892705917
.91593497991562
.96341462930044
.94081300497055
.9848780632019
.96520324548086
1.0011382102966
.94439023733139
1.0027642250061
.90130080779394
.94845527410507
.94747966527939
1.0291056632996
.91967479387919
.9134959379832
.92682925860087
.93642276525497
.95382114251455
.92634147405624
.94195121526718
1.0008130073547
.89658536513646
.95479675134023
.97414634625117
.9351219534874
.98195123672485
.9227642416954
.95121951897939
.97365854183833
.89967479308446
.9972357749939
.92406505346298
.91089433431625
.93008130788803
.9131707350413
.91186990340551
.98243902126948
.88634147246679
.92113822698593
.90406503280004
.97300811608632
.9409756064415
.93886178731918
.9653658469518
.94699186086655
.96065040429433
.97739837567012
.97382114330928
1.0326828956604
.90487804015478
.93983739614487
.93268293142319
.88991868495941
.92520326375961
.89869916439056
.88065040111542
.92016261816025
.94617887338003
.90601625045141
.94455283880234
.96016259988149
.93008130788803
.92699187994003
.84601624806722
.97723575433095
.92878049612045
.97918699185053
.90682925780614
1.0043902397156
1.0321950912476
.94943088293076
.9131707350413
1.0048780441284
.91577235857646
.9465040564537
.95382114251455
.90520324309667
.90373982985814
.9437398314476
.90113820632299
.90536584456762
.88796746730804
.91739837328593
.95869918664296
.93560975790024
.96373983224233
.97967479626338
.8843902349472
.92487806081772
.91788617769877
.93219512701035
.93560975790024
.93674796819687
.90585366884867
.95479675134023
.92081302404404
.93300813436508
.91560977697372
.96065038442612
.97252035140991
.89138211806615
.92439025640488
.92048782110214
.94813007116318
.9879674911499
.93528455495834
.93577235937119
.88878047466278
.92910569906235
.95105689764023
.93999999761581
.92731708288193
.93073171377182
.86975610256195
1.0499186515808
.93121951818466
.92341464757919
.89252032836278
.98894309997559
.92292684316635
.96276422341665
.92666667699814
.96130079030991
.96357723077138
.89804877837499
.96227639913559
.9468292593956
.88585364818573
.95626014471054
.91154470046361
.93577235937119
.97073171536128
.97105691830317
.91853658358256
.96552846829096
.93463414907455
.95186990499496
.94276422262192
.94747966527939
.92715448141098
.94162601232529
.88910567760468
.95040649175644
.90227641661962
.94260162115097
.88796746730804
.93999999761581
.91284551223119
.92666667699814
.9910569190979
.95934957265854
.93089431524277
.93056911230087
1.0014634132385
1.0008130073547
.95040649175644
.89837398131688
.90959350268046
.87918698787689
.92878049612045
.92439025640488
.91463416814804
.97219510873159
.87560975551605
.91056911150614
.95691055059433
.97512195507685
.89398372173309
.90845529238383
.96243902047475
.94162601232529
.88357722759247
.91479676961899
.92373985052109
.88325202465057
.9468292593956
.91642276446025
.91073171297709
.90162601073583
.98162601391474
.97609758377075
.96991868813833
.94552844762802
.89788615703583
.92439025640488
.90260161956151
.97138212124507
.8699187040329
.94032520055771
.88552844524384
.9230894446373
.9653658469518
.91382114092509
.99268293380737
.88341462612152
.89577235778173
.869593501091
.90097562472026
.86146340767543
.92634147405624
.9684552748998
.95252031087875
.91463414827983
.92585364977519
.97121951977412
.95284551382065
.92439023653666
.91821138064067
.93463414907455
.8730081319809
.95317071676254
.93723577260971
.99089431762695
.85886180400848
.92422765493393
.92341464757919
.93658536672592
.87658536434174
.90715448061625
.92455285787582
.92861789464951
.94634145498276
.89934959014257
.93821138143539
.94178861379623
.8995121717453
.96861789623896
.91544715563456
.88699185848236
.9351219534874
.93252032995224
.92780488729477
.90113820632299
.91544715563456
.95837398370107
.92422763506571
.95349591970444
.9200000166893
.93544715642929
.91252032915751
.96617885430654
.98276422421137
.98227643966675
.85626018047333
.96601625283559
.9351219534874
.96113820870717
.91382114092509
.90747968355815
.90991868575414
.95138210058212
.91154474020004
.94975608587265
.94243901968002
.91414634386698
.90991870562236
.8874796628952
.90747968355815
.92048782110214
.93414634466171
.91024390856425
.87154471874237
.98617885510127
.93154472112656
.94048780202866
.9378861784935
.92227643728256
.89040648937225
.92422765493393
.92650407552719
.91821138064067
.90780486663183
.89691056807836
.93821138143539
.86731708049774
.91333335638046
.95073169469833
.91235772768656
.88975610335668
.89658536513646
.9437398314476
.93040651082993
.91983741521835
.96747968594233
.9588617682457
.92227643728256
.89105689525604
.96796747048696
.92390245199203
.93756097555161
.90585364898046
.87772357463837
.91853660345078
.93837398290634
.9230894446373
.92520326375961
.95365852117538
.89317071437836
.9227642416954
.90065040191015
.92243903875351
.90861791372299
.88682925701141
.95674794912338
.8816260099411
.89853656291962
.91268293062846
.93235772848129
.90455283721288
.9317073225975
.92601627111435
.90308942397436
.93886178731918
.92520326375961
.91008132696152
.9530081152916
.94894309838613
.86357724666595
1.0037398338318
.85707318782806
.92796748876572
.89073169231415
.87837398052216
.90617887179057
.94130080938339
.84894307454427
.85837399959564
.89268290996552
.95544715722402
.92682927846909
.91983741521835
.89853658278783
.98211381832759
.86764228343964
.90243899822235
.9347967505455
.88813006877899
.91658536593119
.89073169231415
.88926827907562
.89951219161352
.9526829123497
.94813007116318
.87918698787689
.91365853945414
.85739839076996
.87121951580048
.93658536672592
.8964227437973
.95707315206528
.94861787557602
.92666667699814
.96260164181391
.9347967505455
.92910569906235
.89121949672699
.89739835262299
.92390243212382
.91235770781835
.97886176904043
.91544715563456
.84878047307332
.87089431285858
.85154473781586
.89626014232635
.91951221227646
.88048779964447
.95512195428212
.87447154521942
.91284555196762
.92487806081772
.91674796740214
.88146340847015
.91447154680888
.91853660345078
.9159349600474
.89024388790131
.95821138223012
.94227643807729
.88113820552826
.92487806081772
.95837396383286
.92650407552719
.92731708288193
.88959348201752
.92211383581161
.91544717550278
.92455285787582
.90373984972636
.86048779884974
.96162601312002
.8878048658371
.92943090200424
.91967481374741
.84780490398407
.93626016378403
.92504066228867
.91268295049667
.86910569667816
.92601627111435
.90276422103246
.95804878075918
.90520324309667
.88016259670258
.87056910991669
.85235772530238
.88032519817352
.8995121717453
.88097560405731
.91252032915751
.86569106578827
.89756095409393
.91203252474467
.86032521724701
.93674796819687
.9317073225975
.90178859233856
.89382112026215
.8853658636411
.82097560167313
.92390245199203
.90813008944194
.93235772848129
.8730081319809
.93040651082993
.87121951580048
.9261788725853
.9004878004392
.86943089962006
.85837399959564
.96699186166128
.93382114171982
1.0240650177002
.96016258001328
.91121953725815
.82796746492386
.88211381435394
.91821140050888
.89414634307226
.86861789226532
.90487804015478
.85707316795985
.9169105887413
.87739837169647
.91333333651225
.89756097396215
.90682925780614
.86552846431732
.95463413000107
.85837399959564
.9063414533933
.90585366884867
1.0021138191223
.93853658437729
.86211383342743
.88715445995331
.89479672908783
.83609755833944
.87560975551605
.86666667461395
.88975608348846
.89398372173309
.89170730113983
.86780488491058
.87902438640594
.86617887020111
.84943089882533
.93300813436508
.92162601153056
.95252033074697
1
.89609754085541
.88097560405731
.88487803936005
.89235772689184
.93089429537455
.92211383581161
.95788617928823
.90861789385478
.95089429616928
.96926828225454
1.0136585235596
1.0882927179337
.95674794912338
.92552846670151
.96617887417475
.98617887496948
.95495935281118
.97463415066401
.99512195587158
.97642276684443
1.0084552764893
1.0108943184217
1.0069918831189
1.039999961853
1.0232520500819
.96276422341665
.94845527410507
.97951219479243
.99203252792358
.99121952056885
.96634145577749
1.0478048324585
.96325202782949
.94536584615707
1.0373983780543
.94829267263412
1.033983707428
.96764226754506
.99479675292969
1.0188617706299
.99252033233643
1.012195110321
1.0045528411865
.96813007195791
1.0082926750183
.97951219479243
.96065038442612
1.0078048706055
1.0349593559901
.95658536752065
1.0265040397644
1.0299186706543
1.0452032089233
.94585365056992
.99626016616821
.96390243371328
1.018536567688
.95756097634633
1.043251991272
1.0043902397156
.97642276684443
.95414634545644
.98780488967896
1.006178855896
1.0305690765381
.99203252792358
.99235773086548
.96455283959707
.95772355794907
.94780486822128
1.0173983573914
.9879674911499
.96959348519643
.98991870880127
1.003089427948
1.0099186897278
.98390245437622
.9712194999059
1.0143089294434
.88617885112762
1.012357711792
1.0126829147339
1.018536567688
.96894309918086
.93268293142319
1.0213007926941
.99430894851685
.98764228820801
.99528455734253
.98065042495728
1.027642250061
1.0035772323608
.99479675292969
.97788618008296
1.0317072868347
.97577236096064
.98390245437622
1.009105682373
.95138210058212
1.0016260147095
1.0466666221619
.96634145577749
.98666667938232
.99983739852905
1.0380487442017
1.0003252029419
1.0170731544495
1.0147967338562
.98308942715327
.96146341164907
1.018373966217
.99739837646484
1.074959397316
.95853658517202
.99268293380737
.98504066467285
1.0213008324305
1.121138215065
1.0426015853882
1.0074796676636
.97658536831538
.95252033074697
1.0239024162292
.9972357749939
1.0291056632996
.95138212045034
.97707317272822
1.0173983772596
.95447152853012
1.0110569000244
1.0586991707484
.98373985290527
.9653658469518
.98601627349854
1.0149593353271
1.0466666221619
1.0196747779846
1.0065040588379
1.0071544647217
1.0156097412109
.97983741760254
1.0087804794312
1.0217885971069
1.0227642059326
1.0417885780334
.95723577340444
1.0219511985779
1.0382113456726
1.0065040588379
.99544715881348
1.0066666603088
.9595121939977
.96959350506465
1.0029268264771
1.081138253212
.98373985290527
.96487802267075
1.0528455177943
1.0125203132629
1.0409755706787
1.0143089294434
1.0318698883057
1.0383739471436
.9694309035937
1.0081300735474
.99512193600337
1.0120325088501
1.0112195014954
.94243901968002
1.0104064941406
1.0024390220642
1.0204877853394
.99658536911011
1.0347967147827
.97577238082886
1.018536567688
.9635772506396
1
.99056911468506
1.0265040397644
1.0115447044373
1.0042276382446
.99479675292969
1.0491056442261
.97918697198232
.99203252792358
1.0120325088501
1.0299186706543
1.0069918632507
.94699186086655
.97707319259644
.9721951285998
.97121951977412
1.0583740075429
1.0305690765381
1.0362601677577
.97593496243159
1
1.0608130296071
.99479675292969
1.0016260147095
.99772357940674
1.0616259972254
.9972357749939
1.0195121765137
1.0928455591202
1.0434145927429
1.080975651741
1.0678048928579
.98552844921748
1.0762602090836
1.0959349870682
1.070406516393
1.0723577737808
1.105691075325
1.11512196064
1.0586992104848
1.1032520532608
1.1686178445816
1.1252032518387
1.2385365962982
1.1751219431559
1.1175609827042
1.1889430681864
1.2104065418243
1.2203252315521
1.2445528507233
1.2323577404022
1.3416260480881
1.2414634227753
1.2736585140228
1.3273171186447
1.3492683172226
1.381951212883
1.3891056776047
1.3616260290146
1.4665040969849
1.3783739805222
1.3913821379344
1.4383739630381
1.4786992073059
1.429593483607
1.4308942953746
1.4640650749207
1.5034146308899
1.5126829147339
1.5334959030151
1.5943089723587
1.6029268503189
1.6635771989822
1.6338211297989
1.7276422977448
1.7169106006622
1.7126829624176
1.7466666698456
1.7816259860992
1.8383740186691
1.88487803936
1.947642326355
1.9541463454564
2.0611381530762
2.0252032279968
2.1108943621318
2.1526830196381
2.2447154521942
2.2778861522675
2.3362600803375
2.3967480659485
2.4842276573181
2.4991869926453
2.5713820457458
2.5728454589844
2.6505692005157
2.8060162067413
2.8082926273346
2.9743089675903
3.0608129501343
3.297886133194
3.3445527553558
3.4055285453796
3.4879674911499
3.5190243721008
3.4702439308167
3.3213007450104
3.2000000476837
3.0539836883545
2.8186991214752
2.6481301784515
2.5413007736206
2.3360974788666
2.2465040683746
2.0559349060059
1.9198373556137
1.8834146261215
1.8271545171738
1.7832520008087
1.7170732021332
1.6621138254801
1.6229268312454
1.6274796724319
1.5234146118164
1.4923577308655
1.512195110321
1.4183739423752
1.4318699042002
1.4601626396179
1.3739837408066
1.3297561407089
1.2970731258392
1.3173983891805
1.2421138286591
1.3289431333542
1.3209756215413
1.2221138079961
1.2499186992645
1.2164227962494
1.158211350441
1.3061788479487
1.1419512033463
1.1980487902959
1.0944715738297
1.1595121622086
1.1338211297989
1.1060162782669
1.127317070961
1.0954471826553
1.1993496417999
1.1252032518387
1.127317070961
1.0710568825404
1.1469918489456
1.1169105768204
1.1055284738541
1.1029268503189
1.1432520151138
1.1113821268082
1.1016260385513
1.1354471445084
1.0738211870193
1.0448780059814
1.1328455209732
1.0465040206909
1.0252032279968
1.102601647377
1.0694309075673
1.0959349870682
1.0816260576248
1.0752845605214
1.0949593782425
1.0390243530273
1.0926829576492
1.0229268074036
1.0783740282059
1.0601625839869
1.0614633957545
1.0925203164419
1.1164227724075
1.0882926781972
1.0770732164383
1.0419511795044
1.0580487648646
1.080975651741
1.0351219177246
1.0678048928579
.99593496322632
1.0304064750671
1.0577235619227
1.0391869544983
1.0357723236084
1.0704065561295
1.0560975472132
1.0547967354457
1.0125203132629
1.0021138191223
1.0177235603333
1.0144715309143
1.0640650590261
1.0453658501307
1.024552822113
1.0206503868103
.95983737707138
1.0182113647461
1.0021138191223
1.0552845398585
1.0393495559692
.98178861538569
1.0440649986267
.95430892705917
.95056909322739
.98943088452021
.95642274618149
.9904064933459
1.0159349441528
1.0261788368225
1.0252032279968
1.0313820838928
.97398376464844
1.0073170661926
.99219512939453
1.0250406265259
1.0081300735474
1.0068292617798
1.0130081176758
1.0291056632996
.9848780632019
.98991870880127
.996910572052
.98536584774653
1.0318698883057
.99739837646484
1.077886223793
.97902439037959
1.0396747589111
.95333331823349
1.0297560691833
1.021463394165
1.0417885780334
.97349592049917
1.0105690956116
.9721951285998
.99983739852905
.96845529476802
1.0217885971069
.98016260067622
1.0065040588379
1.0222764015198
1.0144715309143
.98585367202759
1.0058536529541
.99739837646484
1.0079674720764
.99609756469727
.99121952056885
1.0108942985535
1.0113821029663
1.0034146308899
1.0364227294922
1.0024390220642
.99756097793579
1.0521951119105
.9752845565478
.95414632558823
.99479675292969
1.0317072868347
1.064390261968
.99495935440063
.98813009262085
.99967479705811
.99024391174316
1.0583739678065
.95056909322739
.96601625283559
1.0213007926941
1.0084552764893
.97024391094844
.96764228741328
1.0325202941895
.98747968673706
.996910572052
1.0543089310328
1.0204877853394
.98910568157832
.96861789623896
.96032520135244
1.0601625442505
1.0684552987417
.95463413000107
.95577236016591
1.0211381912231
1.0199999809265
.98747968673706
1.0068292617798
.96048780282338
1.0021138191223
1.0297560691833
1.0235772132874
1.0065040588379
1.0252032279968
1.0243902206421
1.0037398338318
.97739839553833
.95691057046254
1.0448780059814
1.0208129882812
.96894309918086
1.0008130073547
1.0282926559448
1.0117073059082
1.0396747986476
1.0347967147827
.99577236175537
.9622764190038
.9972357749939
.98699188232422
1.1183739900589
1.0143089294434
1.0102438926697
.97788618008296
1.0056910514832
.98975610733032
1.1229268312454
1.0266666412354
.98357725143433
.94666665792465
1.0182113647461
.97788619995117
1.0406503677368
1.0429267883301
.99853658676147
1.0508942604065
1.0282926559448
.99284553527832
1.0074796676636
1.0232520103455
1.0237398147583
1.0326828956604
1.006178855896
1.0186991691589
.98715448379517
.96959350506465
.98471546173096
1.0239024162292
.97739839553833
1.0502438942591
.9653658469518
.9756097594897
1.0557723442713
1.0481300354004
.98991870880127
.99268293380737
1.0169105927149
.97967481613159
1.0125203132629
1.0640650192897
1.0738211472829
.96406503518422
.96504064400991
1.0577235619227
.98601627349854
1.0346341133118
.99983739852905
.94439023733139
.97983741760254
.99268293380737
1.0333333015442
.97495935360591
1.0572357575099
.95138210058212
1.0173983573914
1.0299186706543
.98325202862422
.95430892705917
.98178863525391
1.0037398338318
1.0099186897278
.9478048880895
1.0102438926697
.94243901968002
.99398372570674
.99170732498169
.98601627349854
1.0056910514832
1.0071544647217
.96813009182612
1.0136585235596
.99463415145874
1.0071544647217
1.0523577133814
1.0208129882812
.94341462850571
1.0203251838684
.98276422421137
.96065038442612
1.0242276191711
.96991868813833
.99626016616821
.99626016616821
1.0076422691345
.98211381832759
.97056911389033
1.0149593353271
1.0087804794312
1.0632520516713
.98585367202759
1.0313820838928
1.0699187119802
1.0284552574158
1.0050406455994
.97349592049917
1.0125203132629
.98357725143433
.97739837567012
.98601627349854
.99170732498169
.96065038442612
.99008131027222
1.0071544647217
.9378861784935
1.0117073059082
.99268293380737
1.0040650367737
.95934959252675
1.0312195221583
.95821138223012
1.0328454971313
.96162601312002
1.003089427948
.93772357702255
.99219512939453
.99479675292969
.97008130947749
.95382114251455
1.033983707428
.98861789703369
1.0453658103943
1.0050406455994
.98650407791138
1.0008130073547
.94357722997665
1.021625995636
1.0100812911987
.9530081152916
1.0209755897522
.98195123672485
1.0037398338318
.99089431762695
1.0195121765137
.99626016616821
1.0120325088501
.98471546173096
.99837398529053
1.0019512176514
1.0577235619227
.95593496163686
1.0126829147339
1.0674796501795
.99528455734253
.98308944702148
.95983737707138
.95430892705917
.99056911468506
.96146341164907
1.0222764015198
.98243902126948
1.0614633957545
1.0131707191467
1.0052032470703
.98130081097285
1.059837381045
1.0554471413294
1.0117073059082
1.0042276382446
.95203250646591
1.0351219177246
1.0317072868347
1.0011382102966
.99788618087769
.95544715722402
.98845529556274
1.0095934867859
.95235770940781
.91804879903793
.97398376464844
.99186992645264
1.0209755897522
.96373981237411
1.0668292840322
.9666666785876
1.0391869544983
.97593496243159
.99186992645264
1.0162601470947
1.0058536529541
.9882926940918
.99495935440063
.98569107055664
1.0035772323608
.95414632558823
1.0533333222071
1.0149593551954
1.003089427948
1.0175609588623
1.0252032279968
1.0391869544983
.99544715881348
1.0164227485657
.96406503518422
.96211381753286
.9821138381958
1.0035772323608
1.0279674530029
.97658536831538
.99365854263306
1.0164227485657
1.039999961853
.98878049850464
.96373983224233
.97804880142212
.99983739852905
.93560975790024
1.0017886161804
1.0131707191467
1.0455284118652
1.0469918648402
.99528455734253
.99626016616821
.99317073822021
1.0204877853394
1.0204877853394
1.0125203132629
1.0344715118408
1.0039024353027
1.0186991691589
.96471544106801
.97951221466064
.97317071755727
1.0050406455994
1.0317072868347
.97739839553833
1.0029268264771
1.0289430618286
.95398372411728
1.0047154426575
.99268293380737
.99284553527832
.96991870800654
1.0429267883301
1.0102438926697
.96065040429433
.97414634625117
1.0209755897522
.97626016537348
1.0082926750183
1.0577235619227
1.0097560882568
.96178861459096
.99626016616821
1.0071544647217
1.0235772132874
.99073171615601
1.0460162162781
1.006016254425
.94016259908676
.96178863445918
1.0199999809265
.96292682488759
1.0019512176514
.96943088372548
1.1081300973892
1.0045528411865
1.0465040604273
1.0521951119105
.96211383740107
.93186992406845
1.0107316970825
.96813007195791
.97756097714106
.95804878075918
.98227643966675
.92878047625224
1.0198373794556
.98617887496948
.97967479626338
1.0042276382446
1.0110569000244
.99577236175537
.99577236175537
1.0164227485657
1.037073135376
.97999999920527
1.0352845191956
.96715448300044
1.0653659105301
1.009268283844
.99560976028442
1.0377235412598
1.0172357559204
.9499186873436
.96780486901601
1.0039024353027
1.0126829147339
.94455283880234
.98552846908569
1.0372357368469
.98178863525391
1.050731698672
.99658536911011
.9622764190038
1.03089427948
1.0086178779602
1.04634141922
1.012195110321
.97105691830317
.99219512939453
.99089431762695
1.0040650367737
.97479677200317
1.006178855896
.98764228820801
.95528453588486
.98861789703369
.93869918584824
1.009268283844
1.0295934677124
.98894309997559
.97495935360591
1.0108942985535
1.030731678009
1.0279674530029
1.0302438735962
1.040162563324
1.0004878044128
1.0269918441772
.98845529556274
.98227643966675
.97853656609853
.96585365136464
.99951219558716
.93902438879013
.94032520055771
.996910572052
.97008130947749
1.0217885971069
1.0047154426575
.94943088293076
.9972357749939
.98943090438843
.98715448379517
.99804878234863
.95528453588486
1.0294308662415
1.0295934677124
.9941463470459
.98943088452021
.91073171297709
1.0063414573669
1.0126829147339
1.0273170471191
.99170732498169
1.0294308662415
.9406504034996
.98276424407959
.93902438879013
.98406505584717
1.0099186897278
.99983739852905
1.0120325088501
.99430894851685
1.0232520103455
1.0336585044861
.99398374557495
.99463415145874
1.0439023971558
.9694309035937
.96146339178085
1.0263414382935
1.0104064941406
1.0147967338562
1.0359349250793
1.0110569000244
1.0211381912231
.95024389028549
.99902439117432
.98130081097285
.9656910498937
1.0359349250793
.99430894851685
.94731706380844
1.0486178795497
.92715448141098
.97170732418696
1.0237398147583
1.0173983573914
.98959350585937
1.0190243721008
.94878047704697
.99170732498169
.95658536752065
.98569107055664
1.0146341323853
1.006016254425
1.0243902206421
1.0139837265015
.94731706380844
.96146341164907
.95203252633413
1.0242276191711
.97089431683222
1.0104064941406
1.0465040604273
.98292684555054
1.027642250061
.97463417053223
.93203250567118
1.0528455177943
.96764226754506
.93918699026108
.98260164260864
1.0102438926697
.98926828304927
1.0048780441284
.96813007195791
.98048780361811
.97121951977412
1.0209755897522
.98373985290527
1.003089427948
.95056909322739
1.0042276382446
.95154470205307
1.0032520294189
.96585365136464
.99495935440063
.96650407711665
1.0273170471191
.94243901968002
1.0097560882568
.91056911150614
.96130081017812
.9536585410436
1.0055284500122
1.0089430809021
1.0578861633937
.96032520135244
.98357725143433
.97121951977412
.94829267263412
.94325202703476
.91967481374741
1.0217885971069
1.0086178779602
.9564227660497
1.0226016044617
.99219510952632
.99821138381958
.98016260067622
.95691057046254
.98682928085327
.97219510873159
.99008131027222
.98861789703369
.93723577260971
.98926830291748
1.0008130073547
.95804876089096
.93447154760361
.95219512780507
.98666667938232
.92747968435287
.9852032661438
.96146339178085
.9378861784935
.96861787637075
1.0027642250061
1.0222764015198
.95495935281118
.99853658676147
1.0065040588379
.94569104909897
.97739837567012
.99121952056885
.99609756469727
.94878047704697
.96243902047475
.97756097714106
.99203252792358
.93186992406845
.93089431524277
1
.9691057006518
.96569106976191
1.0591869751612
.92243903875351
.97967479626338
.9780487815539
.99056909481684
.99040651321411
.88731706142426
.94292682409286
.986991862456
.96341462930044
.98325202862422
.98731708526611
.94975608587265
1.0191869735718
.89999999602636
.97203254699707
.93560975790024
1.0547967354457
.97528453667959
.96813007195791
.993821144104
.97235771020253
.96178861459096
1.0359349250793
.94308942556381
1.003089427948
.95886178811391
.97642278671265
1.0004878044128
.92780488729477
.88032519817352
.97674798965454
1.003089427948
.91528457403183
.92487806081772
.98439023892085
.97674796978633
.9203252196312
.98097562789917
.95398372411728
.96699186166128
.99674797058105
.96959348519643
.95349591970444
.96471544106801
.96861787637075
1.0016260147095
.98455286026001
1.0349593162537
.9437398314476
.95300813515981
.89121949672699
.95512195428212
.94504064321518
.98780488967896
1.0195121765137
.95674794912338
.96081300576528
.97268293301264
1.0058536529541
.9598373969396
.96796751022339
.98065042495728
.96487804253896
1.0052032470703
.95040649175644
.95593496163686
.94829267263412
.98813009262085
.95609754323959
.97951217492421
1.0074796676636
.99154470364253
.95642274618149
.96471544106801
.97073171536128
.95869918664296
.98357725143433
.92439025640488
.95398372411728
.94341462850571
.99479675292969
.9684552748998
.94715446233749
.91154470046361
.95447152853012
.93967479467392
.94943088293076
.93707317113876
1.0024390220642
.92471543947856
.9495934844017
.95382114251455
.98943090438843
.92715446154277
.9317073225975
.97951219479243
.94715446233749
.96520324548086
.96243902047475
.98081302642822
.9169105887413
.94081300497055
.97658538818359
1.0694309075673
1.012357711792
.90162603060404
.94731706380844
.9725203315417
1.0409755706787
.92601627111435
.96373983224233
.93804877996445
.95528453588486
.97479673226674
1.0017886161804
.99837398529053
.96764228741328
1.0110569000244
.96471544106801
.95154472192128
.98764228820801
.93544715642929
.91365853945414
.9941463470459
.94910567998886
.9595121939977
.92829269170761
.9203252196312
.96260160207748
.94634145498276
.95544715722402
.96195123593012
.95674794912338
.89544713497162
.9409756064415
.94699186086655
.92422763506571
.97398374478022
.89463412761688
.93999999761581
.95691057046254
.94195121526718
.95008128881454
1.0081300735474
.94276422262192
.96455283959707
.99040651321411
.93934959173203
.88813006877899
.91219512621562
.94536584615707
.96780486901601
.90341462691625
.96439023812612
.95658534765244
.9159349600474
.93414634466171
1.0095934867859
.92390245199203
.94178861379623
.9848780632019
.87235772609711
.93821138143539
.88910569747289
.93918699026108
.91365853945414
.88926827907562
.89609756072362
.881951212883
.87512195110321
.92699187994003
.91365855932236
.93219512701035
.91089431444804
.90032517910004
.95512195428212
.90829269091288
.89821135997772
.87252032756805
.91577237844467
.88813008864721
.96130081017812
.89707314968109
.89918696880341
.88308942317963
.92195123434067
.90211381514867
.87495934963226
.96747968594233
.88048781951269
.85739839076996
.92406505346298
.90504066149394
.95495933294296
.92243903875351
.84048779805501
.90292682250341
.88926829894384
.89658534526825
.92439025640488
.90422763427099
.81008130311966
.88666665554047
.87951219081879
.91609756151835
.869593501091
.87024390697479
.84162600835164
.84471545616786
.84552844365438
.90747968355815
.90065040191015
.84764228264491
.88585364818573
.86227643489838
.85642276207606
.90113820632299
.8609756231308
.8946341474851
.89560973644257
.91691056887309
.80634146928787
.9004878004392
.90861789385478
.8905690908432
.88406503200531
.82373982667923
.87040650844574
.86829268932343
.88747968276342
.91203254461288
.80975610017776
.82341462373734
.82292681932449
.91073171297709
.87382113933563
.91609756151835
.8108943104744
.85398374001185
.8291056950887
.86390244960785
.86943089962006
.84016259511312
.81479674577713
.85219512383143
.85691058635712
.85284552971522
.79821137587229
.85170731941859
.85203252236048
.83674794435501
.85788617531459
.87512195110321
.82276423772176
.9022763967514
.85967479149501
.82975608110428
.89008128643036
.82682925462723
.81008130311966
0
0
0
0
0
0
0
0
0
0
0
0
0
0
0
0
0
0
0
0
0
0
0
0
0
0
0
0
0
0
0
0
0
0
0
0
0
0
0
0
0
0
0
0
0
0
0
0
0
0
0
0
0
0
0
0
0
0
0
0
0
0
0
0
0
0
0
0
0
0
0
0
0
0
0
0
0
0
0
0
0
0
0
0
0
0
0
0
0
0
0
0
0
0
0
0
0
0
0
0
0
0
0
0
0
0
0
0
0
0
0
0
0
0
0
0
0
0
0
0
0
0
0
0
0
0
0
0
0
0
0
0
0
0
0
0
0
0
0
0
0
0
0
0
0
0
0
0
0
0
0
0
0
0
0
0
0
0
0
0
0
0
0
0
0
0
0
0
0
0
0
0
0
0
0
0
0
0
0
0
0
0
0
0
0
0
0
0
0
0
0
0
0
0
0
0
0
0
0
0
0
0
0
0
0
0
0
0
0
0
0
0
0
0
0
0
0
0
0
0
0
0
0
0
0
0
0
0
0
0
0
0
0
0
0
0
0
0
0
0
0
0
0
0
0
0
0
0
0
0
0
0
0
0
0
0
0
0
0
0
0
0
0
0
0
0
0
0
0
0
0
0
0
0
0
0
0
0
0
0
0
0
0
0
0
0
0
0
0
0
0
0
0
0
0
0
0
0
0
0
0
0
0
0
0
0
0
0
0
0
0
0
0
0
0
0
0
0
0
0
0
0
0
0
0
0
0
0
0
0
0
0
0
0
0
0
0
0
0
0
0
0
0
0
0
0
0
0
0
0
0
0
0
0
0
0
0
0
0
0
0
0
0
0
0
0
0
0
0
0
0
0
0
0
0
0
0
0
0
0
0
0
0
0
0
0
0
0
0
0
0
0
0
0
0
0
0
0
0
0
0
0
0
0
0
0
0
0
0
0
0
0
0
0
0
0
0
0
0
0
0
0
0
0
0
0
0
0
0
0
0
0
0
0
0
0
0
0
0
0
0
0
0
0
0
0
0
0
0
0
0
0
0
0
0
0
0
0
0
0
0
0
0
0
0
0
0
0
0
0
0
0
0
0
0
0
0
0
0
0
0
0
0
0
0
0
0
0
0
0
0
0
0
0
0
0
0
0
0
0
0
0
0
0
0
0
0
0
0
0
0
0
0
0
0
0
0
0
0
0
0
0
0
0
0
0
0
0
0
0
0
0
0
0
0
0
0
0
0
0
0
0
0
0
0
0
0
0
0
0
0
0
0
0
0
0
0
0
0
0
0
0
0
0
0
0
0
0
0
0
0
0
0
0
0
0
0
0
0
0
0
0
0
0
0
0
0
0
0
0
0
0
0
0
0
0
0
0
0
0
0
0
0
0
0
0
0
0
0
0
0
0
0
0
0
0
0
0
0
0
0
0
0
0
0
0
0
0
0
0
0
0
0
0
0
0
0
0
0
0
0
0
0
0
0
0
0
0
0
0
0
0
0
0
0
0
0
0
0
0
0
0
0
0
0
0
0
0
0
0
0
0
0
0
0
0
0
0
0
0
0
0
0
0
0
0
0
0
0
0
0
0
0
0
0
0
0
0
0
0
0
0
0
0
0
0
0
0
0
0
0
0
0
0
0
0
0
0
0
0
0
0
0
0
0
0
0
0
0
0
0
0
0
0
0
0
0
0
0
0
0
0
0
0
0
0
0
0
0
0
0
0
0
0
0
0
0
0
0
0
0
0
0
0
0
0
0
0
0
0
0
0
0
0
0
0
0
0
0
0
0
0
0
0
0
0
0
0
0
0
0
0
0
0
0
0
0
0
0
0
0
0
0
0
0
0
0
0
0
0
0
0
0
0
0
0
0
0
0
0
0
0
0
0
0
0
0
0
0
0
0
0
0
0
0
0
0
0
0
0
0
0
0
0
0
0
0
0
0
0
0
0
0
0
0
0
0
0
0
0
0
0
0
0
0
0
0
0
0
0
0
0
0
0
0
0
0
0
0
0
0
0
0
0
0
0
0
0
0
0
0
0
0
0
0
0
0
0
0
0
0
0
0
0
0
0
0
0
0
0
0
0
0
0
0
0
0
0
0
0
0
0
0
0
0
0
0
0
0
0
0
0
0
0
0
0
0
0
0
0
0
0
0
0
0
0
0
0
0
0
0
0
0
0
0
0
0
0
0
0
0
0
0
0
0
0
0
0
0
0
0
0
0
0
0
0
0
0
0
0
0
0
0
0
0
0
0
0
0
0
0
0
0
0
0
0
0
0
0
0
0
0
0
0
0
0
0
0
0
0
0
0
0
0
0
0
0
0
0
0
0
0
0
0
0
0
0
0
0
0
0
0
0
0
0
0
0
0
0
0
0
0
0
0
0
0
0
0
0
0
0
0
0
0
0
0
0
0
0
0
0
0
0
0
0
0
0
0
0
0
0
0
0
0
0
0
0
0
0
0
0
0
0
0
0
0
0
0
0
0
0
0
0
0
0
0
0
0
0
0
0
0
0
0
0
0
0
0
0
0
0
0
0
0
0
0
0
0
0
0
0
0
0
0
0
0
0
0
0
0
0
0
0
0
0
0
0
0
0
0
0
0
0
0
0
0
0
0
0
0
0
0
0
0
0
0
0
0
0
0
0
0
0
0
0
0
0
0
0
0
0
0
0
0
0
0
0
0
0
0
0
0
0
0
0
0
0
0
0
0
0
0
0
0
0
0
0
0
0
0
0
0
0
0
0
0
0
0
0
0
0
0
0
0
0
0
0
0
0
0
0
0
0
0
0
0
0
0
0
0
0
0
0
0
0
0
0
0
0
0
0
0
0
0
0
0
0
0
0
0
0
0
0
0
0
0
0
0
0
0
0
0
0
0
0
0
0
0
0
0
0
0
0
0
0
0
0
0
0
0
0
0
0
0
0
0
0
0
0
0
0
0
0
0
0
0
0
0
0
0
0
0
0
0
0
0
0
0
0
0
0
0
0
0
0
0
0
0
0
0
0
0
0
0
0
0
0
0
0
0
0
0
0
0
0
0
0
0
0
0
0
0
0
0
0
0
0
0
0
0
0
0
0
0
0
0
0
0
0
0
0
0
0
0
0
0
0
0
0
0
0
0
0
0
0
0
0
0
0
0
0
0
0
0
0
0
0
0
0
0
0
0
0
0
0
0
0
0
0
0
0
0
0
0
0
0
0
0
0
0
0
0
0
0
0
0
0
0
0
0
0
0
0
0
0
0
0
0
0
0
0
0
0
0
0
0
0
0
0
0
0
0
0
0
0
0
0
0
0
0
0
0
0
0
0
0
0
0
0
0
0
0
0
0
0
0
0
0
0
0
0
0
0
0
0
0
0
0
0
0
0
0
0
0
0
0
0
0
0
0
0
0
0
0
0
0
0
0
0
0
0
0
0
0
0
0
0
0
0
0
0
0
0
0
0
0
0
0
0
0
0
0
0
0
0
0
0
0
0
0
0
0
0
0
0
0
0
0
0
0
0
0
0
0
0
0
0
0
0
0
0
0
0
0
0
0
0
0
0
0
0
0
0
0
0
0
0
0
0
0
0
0
0
0
0
0
0
0
0
0
0
0
0
0
0
0
0
0
0
0
0
0
0
0
0
0
0
0
0
0
0
0
0
0
0
0
0
0
0
0
0
0
0
0
0
0
0
0
0
0
0
0
0
0
0
0
0
0
0
0
0
0
0
0
0
0
0
0
0
0
0
0
0
0
0
0
0
0
