.85403048992157
.81059366464615
.80010892947515
.8018790880839
.79561547438304
.80473858118057
.80501089493434
.79874728123347
.81072984139125
.81181917587916
.79588780800502
.79711329936981
.81862745682398
.8009259502093
.80473856131236
.80950436989466
.8007897734642
.80950436989466
.81045752763748
.79997277259827
.8054193854332
.81740196545919
.80296842257182
.80909583965937
.79915577173233
.78676472107569
.80296842257182
.81209148963292
.7935729821523
.80337689320246
.80038126309713
.80051743984222
.80596405267715
.79970043897629
.81222768624624
.80596407254537
.80337691307068
.80718954404195
.79820263385773
.81195533275604
.80895970265071
.81154684225718
.81386166810989
.80909585952759
.80446622769038
.81794663270315
.8123638232549
.79466231664022
.80964052677155
.81821896632512
.80909585952759
.80705336729685
.81862745682398
.79833879073461
.81345315774282
.81590414047241
.8112745086352
.8041938940684
.80283224582672
.80419391393661
.80269606908162
.80909585952759
.80773419141769
.80446622769038
.81794663270315
.79534314076106
.80065359671911
.80351306994756
.79629629850388
.80174293120702
.81590414047241
.80364922682444
.82325706879298
.80936819314957
.8041938940684
.80324073632558
.80759805440903
.79956426223119
.80991286039352
.80936819314957
.80351306994756
.8029684027036
.80541940530141
.79942808548609
.79847494761149
.81086601813634
.79861110448837
.80010892947515
.80664487679799
.79616012175878
.79643245538076
.79384531577428
.79888343811035
.80487473805745
.8031045794487
.80269606908162
.79997277259827
.79207517703374
.802015264829
.79139433304469
.79398149251938
.79765794674555
.7866285443306
.78622005383174
.79629629850388
.78676472107569
.78567538658778
.79044117530187
.78009259700775
.78771783908208
.79629629850388
.78894335031509
.79425380627314
.7937091588974
.77627994616826
.78131808837255
.78322440385818
.78458605209986
.79874728123347
.79384531577428
.79847494761149
.79643245538076
.8112745086352
.80119824409485
.80569173892339
.81209148963292
.79793030023575
.80242373545965
.80800652503967
.78485840559006
.79901959498723
.80269608894984
.78812634944916
.82693354288737
.79330064853032
.79098584254583
.79575163125992
.80201524496078
.79302833477656
.79411764939626
.80160673459371
.79316449165344
.80582787593206
.81100219488144
.79289215803146
.7924836675326
.80242375532786
.78880719343821
.78989650805791
.80610022942225
.80065359671911
.79575163125992
.80446624755859
.80038124322891
.80678105354309
.79724945624669
.82026143868764
.80868736902873
.79942810535431
.8502178589503
.82489107052485
.80310455958049
.80324073632558
.80746185779572
.80010894934336
.80732570091883
.7938453356425
.79656861225764
.81004899740219
.80119826396306
.81154684225718
.81522329648336
.81072984139125
.8029684027036
.81222766637802
.8052832086881
.81072984139125
.80718954404195
.79874728123347
.80528322855632
.80923201640447
.7960239648819
.80310455958049
.81372551123301
.80473856131236
.80555556217829
.81781045595805
.80269608894984
.79874728123347
.80392156044642
.80392156044642
.80610022942225
.80827887852987
.79929194847743
.80201522509257
.81222764650981
.80800652503967
.80324073632558
.80419391393661
.80337691307068
.80664487679799
.80964050690333
.8031045794487
.82407406965892
.81522331635157
.80310455958049
.81767429908117
.80650871992111
.79942810535431
.80460240443548
.80215140183767
.81141066551208
.80283224582672
.8018790880839
.79861110448837
.80691721041997
.81590414047241
.81100217501322
.81399782498678
.84409042199453
.81631263097127
.80255991220474
.80691721041997
.79629629850388
.79738561312358
.81563180685043
.80610022942225
.80065359671911
.80010892947515
.81495098272959
.81358933448792
.87282135089238
.8325163324674
.81658496459325
.81072986125946
.80964052677155
.80419391393661
.80501089493434
.8125
.79656863212585
.80487471818924
.81100217501322
.80787036816279
.81209148963292
.81004901727041
.79888343811035
.79956426223119
.80787036816279
.81345315774282
.81876361370087
.8419117530187
.81004901727041
.8114106853803
.81672114133835
.79793028036753
.80555554231008
.81821894645691
.79697712262472
.80623638629913
.80664487679799
.79289215803146
.81876361370087
.8137254913648
.79861112435659
.80392156044642
.81222766637802
.79534314076106
.80106208721797
.79929194847743
.79697712262472
.79221135377884
.81440631548564
.79261982440948
.79616012175878
.79752178986867
.79153048992157
.80024508635203
.80092591047287
.80787036816279
.8206699291865
.80800652503967
.81304464737574
.80501087506612
.82012526194255
.81100217501322
.81236384312312
.80610020955404
.81331698099772
.8054193854332
.80664487679799
.8041938940684
.80936819314957
.80746185779572
.80855117241542
.80705336729685
.81113833189011
.81699345509211
.80446622769038
.81604029734929
.81821894645691
.81304466724396
.80991286039352
.80228757858276
.79616012175878
.79507082700729
.79738561312358
.79915577173233
.8125
.8123638232549
.80855119228363
.80773421128591
.79942808548609
.79847494761149
.80255989233653
.80991286039352
.79915575186412
.80514705181122
.80964052677155
.80106208721797
.79656863212585
.80773419141769
.79793026049932
.80351306994756
.80582789580027
.80133444070816
.79207515716553
.8043300708135
.79752178986867
.80977668364843
.81141066551208
.80732572078705
.81072986125946
.8052832086881
.81345315774282
.8054193854332
.80759805440903
.80038126309713
.81876361370087
.81808278958003
.82393791278203
.80460240443548
.81195533275604
.8220315972964
.82053377230962
.82257624467214
.82284857829412
.80637254317602
.8112745086352
.81454249223073
.80501089493434
.80773419141769
.8032407561938
.7971132795016
.80746185779572
.80882352590561
.79289215803146
.79629629850388
.80351306994756
.80650871992111
.80160675446192
.81930828094482
.79193900028865
.81059366464615
.80501091480255
.79942812522252
.80759803454081
.80242373545965
.79833877086639
.80841503540675
.80147057771683
.80119824409485
.80405773719152
.80405773719152
.79711329936981
.80637254317602
.80827885866165
.80718952417374
.79793028036753
.8123638232549
.79139431317647
.80596405267715
.8135893146197
.79616014162699
.79547929763794
.81209148963292
.7971132795016
.80487471818924
.83061003684998
.80964052677155
.80800652503967
.81072984139125
.80160675446192
.80528322855632
.80623636643092
.80637254317602
.79847492774328
.81508715947469
.80637256304423
.79983659585317
.80827887852987
.81508715947469
.80759803454081
.80964050690333
.81590414047241
.79874726136525
.80936819314957
.82475489377975
.80160675446192
.80637254317602
.81427013874054
.79806645711263
.80160675446192
.82666122913361
.79643245538076
.80923203627268
.80364924669266
.80024510622025
.80324073632558
.83169935146968
.80582787593206
.80855119228363
.81467864910762
.80691721041997
.80405773719152
.80460238456726
.80010892947515
.80882352590561
.80705338716507
.79833877086639
.80501089493434
.81072984139125
.81740196545919
.81222766637802
.82026143868764
.82216775417328
.82107841968536
.81141066551208
.81304466724396
.81059366464615
.81358933448792
.80364922682444
.80569171905518
.81004901727041
.80841503540675
.80964052677155
.81141066551208
.81127448876699
.81195533275604
.8125
.80446622769038
.80596405267715
.81045752763748
.80351308981578
.80582787593206
.82339324553808
.802015264829
.80310455958049
.81726578871409
.81318080425262
.80664489666621
.80610020955404
.81808276971181
.80119826396306
.80038126309713
.81318084398905
.80501087506612
.81045750776927
.8137254913648
.81154684225718
.80065359671911
.80637256304423
.81004901727041
.8125
.80868734916051
.80092593034108
.80378540356954
.80487471818924
.8018790880839
.80392156044642
.8029684027036
.7935729821523
.81549563010534
.85035401582718
.81168299913406
.79997275273005
.82434640328089
.80746187766393
.80364924669266
.80174291133881
.80296842257182
.79929192860921
.80228757858276
.79098584254583
.80528322855632
.80841503540675
.79970043897629
.80201524496078
.81318082412084
.81222766637802
.81712963183721
.81263615687688
.80528322855632
.81672114133835
.80773419141769
.79765794674555
.80010892947515
.8065087000529
.79153048992157
.80038124322891
.80868736902873
.80637254317602
.80569171905518
.80773421128591
.80242373545965
.80800652503967
.81917212406794
.79507080713908
.81277233362198
.8112745086352
.81331698099772
.81399782498678
.80473856131236
.80759803454081
.81563178698222
.79956426223119
.81045750776927
.80555554231008
.81467864910762
.81808278958003
.80977668364843
.80882352590561
.81849128007889
.79997277259827
.80964052677155
.81658496459325
.8041938940684
.8101851940155
.81386164824168
.80269608894984
.80814270178477
.81045750776927
.80119824409485
.79534314076106
.81386166810989
.80255989233653
.81195533275604
.8184912999471
.81590414047241
.80895968278249
.81699345509211
.81304466724396
.80337689320246
.80596405267715
.80950435002645
.80991286039352
.81753812233607
.79874728123347
.79915577173233
.80746187766393
.80269606908162
.80827887852987
.81059368451436
.80473856131236
.80147057771683
.81277233362198
.79806645711263
.80147059758504
.80473856131236
.79384531577428
.80895968278249
.81209150950114
.80582789580027
.79915577173233
.80324073632558
.79833877086639
.81072984139125
.80433005094528
.79793028036753
.80446622769038
.79970043897629
.80514707167943
.80010892947515
.80800654490789
.80895970265071
.80610020955404
.80623640616735
.82775054375331
.81331700086594
.80746187766393
.81522331635157
.81304464737574
.82475489377975
.81549563010534
.81549564997355
.81386166810989
.82843136787415
.80718954404195
.81222766637802
.81195533275604
.80787036816279
.80283224582672
.81781047582626
.79656861225764
.8148148059845
.81440631548564
.80514705181122
.81209148963292
.81386166810989
.80174293120702
.80460240443548
.81072986125946
.80215142170588
.80201524496078
.80936817328135
.79711329936981
.80705336729685
.80732572078705
.79071350892385
.79343682527542
.81045750776927
.80460240443548
.78948801755905
.80569171905518
.79547931750615
.80160673459371
.80923201640447
.79915579160055
.79684094587962
.80814270178477
.79153048992157
.80841501553853
.81181917587916
.79915577173233
.80964050690333
.80242373545965
.80460240443548
.80732572078705
.81495098272959
.81113833189011
.80160675446192
.81454247236252
.80637254317602
.8114106853803
.79942808548609
.80405773719152
.80528322855632
.80610020955404
.81590414047241
.8115468621254
.80623638629913
.83877996603648
.83387800057729
.82352942228317
.81413398186366
.80718954404195
.83374184370041
.80964052677155
.80038126309713
.81154684225718
.81290849049886
.80378540356954
.80119826396306
.81004903713862
.81154684225718
.82107843955358
.81004903713862
.80610022942225
.80501089493434
.82706971963247
.85076252619425
.81726580858231
.81617647409439
.81549564997355
.81672114133835
.81699345509211
.8054193854332
.81045750776927
.82284857829412
.79806643724442
.81113835175832
.81467864910762
.80841503540675
.81413398186366
.81086601813634
.8137254913648
.81699347496033
.82979303598404
.81113833189011
.8126361767451
.82135077317556
.80977668364843
.8101851940155
.81345315774282
.79765796661377
.81290849049886
.82257626454035
.81032135089238
.81290849049886
.82135075330734
.82257624467214
.80691721041997
.82039761543274
.81413398186366
.81195533275604
.8125
.81917212406794
.80337689320246
.82026143868764
.81781045595805
.81508713960648
.81849128007889
.81781045595805
.81631263097127
.81222768624624
.82175926367442
.81290849049886
.81808280944824
.83278868595759
.81781045595805
.81835512320201
.81781045595805
.8135893146197
.80637254317602
.81168301900228
.79765794674555
.81440631548564
.82094226280848
.80841503540675
.80133442083995
.82952070236206
.81658494472504
.8125
.82924836874008
.81522331635157
.81971677144368
.81699347496033
.81277233362198
.83319715658824
.82393789291382
.80705336729685
.80773421128591
.81440631548564
.82870370149612
.82992919286092
.8372821410497
.81658496459325
.8217592438062
.82965685923894
.8302015264829
.83551200230916
.82584420839945
.82325706879298
.81917212406794
.82802287737528
.81930828094482
.81549564997355
.8206699291865
.81712963183721
.82039761543274
.83251635233561
.83374184370041
.83986928065618
.84490740299225
.84872003396352
.8634259502093
.86723856131236
.86328975359599
.86029410362244
.87881263097127
.89025054375331
.89855662981669
.89106752475103
.90400326251984
.90427559614182
.90345859527588
.92715142170588
.92878540356954
.93355119228363
.9481209119161
.95193354288737
.96827340126038
.97453703482946
.96691177288691
.97576252619425
.97943898042043
.97222220897675
.97358389695485
.98066449165344
.98651961485545
.99659585952759
1.0014978051186
1.0005446871122
1.0038126508395
1.0152505636215
1.0102124214172
1.0178376833598
1.0344499349594
1.0254629850388
1.0377178589503
1.0588235457738
1.0494281053543
1.0494281053543
1.066584944725
1.0575980345408
1.0763888756434
1.0887799660365
1.0718954006831
1.0724401076635
1.096949895223
1.093001127243
1.0988562107086
1.1239107052485
1.1063453356425
1.1131536165873
1.1149237155914
1.1107025941213
1.119144876798
1.1395697196325
1.1343954006831
1.147194981575
1.1461056470871
1.1591775417328
1.1683006683985
1.1884531577428
1.1955337921778
1.1924019257228
1.2159585952759
1.2280773321788
1.2346132993698
1.2369280656179
1.2464596827825
1.2430555423101
1.2504085302353
1.2606209119161
1.2757352987925
1.2693355083466
1.2900327046712
1.2836328744888
1.2791394392649
1.3013344208399
1.3003812630971
1.3052832285563
1.3138616482417
1.3095043500264
1.3191721041997
1.3353757858276
1.3209422826767
1.3374182780584
1.3502178589503
1.3556644916534
1.3555283149083
1.3705065250397
1.3724128405253
1.3754084507624
1.4007352987925
1.3903867006302
1.3981480995814
1.4162581761678
1.4027777910233
1.4034586350123
1.4212962786357
1.4112200339635
1.4252451260885
1.4249727725983
1.4291938940684
1.4212963183721
1.4384531577428
1.4342319965363
1.449754913648
1.456835548083
1.4464869101842
1.4500272274017
1.4666394392649
1.4808006683985
1.4581971565882
1.4633714358012
1.4591503540675
1.4684096177419
1.4678649504979
1.4742647409439
1.4665032625198
1.4750816822052
1.4684095780055
1.4705882469813
1.4720860719681
1.4565631945928
1.4635076125463
1.4587418238322
1.4665032625198
1.4590141773224
1.4490741093953
1.4497549533844
1.4355936845144
1.4368191957474
1.4388616482417
1.4261982440948
1.4161220391591
1.4240196148554
1.4191176493963
1.4232025941213
1.4272875388463
1.3988289833069
1.4012799660365
1.3920206626256
1.381399790446
1.3657407363256
1.3694172302882
1.3607026338577
1.3419117530187
1.3461329142253
1.3387799263
1.317129611969
1.3103213707606
1.2954792976379
1.2942538261414
1.2862200339635
1.2764161030451
1.2656590541204
1.2604847749074
1.2354302803675
1.2293028434118
1.2117374738057
1.2249455451965
1.1712962786357
1.1783769130707
1.1633987029394
1.1584967374802
1.1437908411026
1.1282679637273
1.1254084904989
1.132080634435
1.1000816822052
1.1087962786357
1.0909585952759
1.0762527386347
1.066584944725
1.0622276862462
1.0513344208399
1.0546023845673
1.0585512320201
1.0460239450137
1.0243736306826
1.0355391899745
1.0179738799731
1.010484735171
1.0194716850917
1.0017701387405
1.0042211413383
1.0049019654592
1.0115741093953
.98080062866211
.97344770034154
.98515794674555
.98747277259827
.96391612291336
.95683550834656
.95084420839945
.94498912493388
.93600217501322
.9197984735171
.92075163125992
.92701524496078
.92851306994756
.93137256304423
.9622821410497
.93954249223073
.94144880771637
.93654684225718
.92129631837209
.92020698388418
.92156863212585
.92456428209941
.92592591047287
.91462419430415
.91067536671956
.91530499855677
.91979845364888
.90032680829366
.90645424524943
.90795209010442
.89923747380575
.90604575475057
.89460782210032
.88834424813588
.89773964881897
.89515250921249
.88711873690287
.89460784196854
.89665031433105
.87540849049886
.87649782498678
.88739105065664
.87663398186366
.88167210419973
.88725489377975
.8831699291865
.87363835175832
.88425926367442
.87214052677155
.86832789580027
.87799564997355
.85648147265116
.86601306994756
.86260894934336
.8632897734642
.85443898042043
.85157950719198
.85716231664022
.84763071934382
.85198801755905
.86410675446192
.84286493062973
.83673747380575
.84327342112859
.84095859527588
.83088233073552
.83169933160146
.82679738601049
.82216777404149
.82747821013133
.81181917587916
.81781045595805
.82543573776881
.81495100259781
.81399782498678
.82012526194255
.81604029734929
.81631263097127
.87200436989466
.81767429908117
.82162310679754
.83169935146968
.82257624467214
.81522331635157
.81767429908117
.80732570091883
.81345315774282
.81917210419973
.8031045794487
.80759803454081
.81563180685043
.80827887852987
.81454247236252
.80759805440903
.81263615687688
.8148148059845
.81427015860875
.80501089493434
.80501089493434
.81944443782171
.8065087000529
.80950435002645
.81604029734929
.80473858118057
.81290849049886
.81576796372732
.80405773719152
.81154684225718
.81032135089238
.80337691307068
.81072984139125
.81222766637802
.80773421128591
.80364922682444
.81753812233607
.80215142170588
.80065359671911
.81508715947469
.80991286039352
.8101851940155
.81644880771637
.81903596719106
.80528322855632
.81590414047241
.8123638232549
.81222766637802
.81222768624624
.81604029734929
.80691719055176
.80936817328135
.81386166810989
.80024510622025
.8043300708135
.81004901727041
.79970043897629
.80392158031464
.81345315774282
.79724943637848
.80024510622025
.81141066551208
.79738563299179
.80119824409485
.80841503540675
.7937091588974
.79956428209941
.80187906821569
.79697712262472
.80364922682444
.81263615687688
.80569171905518
.80569173892339
.80895968278249
.80392158031464
.80582789580027
.82107843955358
.80010892947515
.8043300708135
.81454249223073
.80610020955404
.82448258002599
.81876361370087
.80691719055176
.8137254913648
.81985294818878
.80106208721797
.80950435002645
.82216777404149
.8043300708135
.80487473805745
.81930828094482
.80759805440903
.81427015860875
.81427013874054
.8112745086352
.81427015860875
.81413398186366
.8029684027036
.80378540356954
.82434640328089
.80637256304423
.80691721041997
.80528322855632
.81903594732285
.80746187766393
.81835512320201
.81345317761103
.80841501553853
.80964052677155
.81454249223073
.79670476913452
.79929194847743
.81386164824168
.80351306994756
.80664487679799
.80664485692978
.80228757858276
.81222766637802
.82325706879298
.79561545451482
.80841503540675
.82012526194255
.80868736902873
.802015264829
.80664487679799
.80174293120702
.80106208721797
.81290849049886
.7947984735171
.80501089493434
.81522331635157
.80160675446192
.8112745086352
.81100217501322
.79616012175878
.80678105354309
.81617645422618
.81168301900228
.81903594732285
.81590414047241
.80678103367488
.80855121215185
.80228755871455
.80882352590561
.80650871992111
.81944445768992
.81113835175832
.8043300708135
.81018517414729
.80038126309713
.81454249223073
.82135077317556
.80923201640447
.80160675446192
.81413398186366
.79956426223119
.80201524496078
.8137254913648
.80637254317602
.80133440097173
.81318082412084
.79684096574783
.80950435002645
.8184912999471
.8208061059316
.80337691307068
.80555556217829
.81004901727041
.81168301900228
.80964052677155
.80269606908162
.81004901727041
.81059368451436
.81889979044596
.80119826396306
.80678105354309
.80855119228363
.80732570091883
.81331700086594
.8123638232549
.80582789580027
.80855119228363
.80909585952759
.80855121215185
.80827887852987
.80732570091883
.7947984735171
.80242373545965
.80732570091883
.8031045794487
.80310455958049
.80855119228363
.80187906821569
.79670478900274
.80882354577382
.80800652503967
.81304464737574
.82570805152257
.80691723028819
.80773421128591
.82380173603694
.80378540356954
.80855119228363
.8135893146197
.81100217501322
.80773421128591
.80814268191655
.79983659585317
.80705336729685
.79820261398951
.79956428209941
.80106210708618
.81195533275604
.79438998301824
.80964052677155
.79915579160055
.79425380627314
.79901959498723
.8054193854332
.79629629850388
.83224401871363
.80610020955404
.79357300202052
.80024508635203
.80664489666621
.81699347496033
.79411762952805
.81590414047241
.80215140183767
.79861112435659
.81032135089238
.81290849049886
.81495098272959
.81481482585271
.80405773719152
.79575163125992
.82026145855586
.80746187766393
.7960239648819
.80460240443548
.80296842257182
.80038126309713
.8065087000529
.81454247236252
.79656861225764
.80038128296534
.82666122913361
.79588780800502
.8041938940684
.80718954404195
.79384531577428
.80133440097173
.80351306994756
.80664487679799
.80269606908162
.80705336729685
.79343680540721
.80746187766393
.80501089493434
.80310455958048
.80732572078705
.80814270178477
.79738561312358
.79874726136525
.80392158031464
.79670478900274
.80841503540675
.81508713960648
.79983661572138
.80882352590561
.81290849049886
.79289215803146
.79384529590607
.80255991220474
.80187906821569
.79983661572138
.80664487679799
.80446624755859
.8018790880839
.79970043897629
.79956428209941
.80514705181122
.80718954404195
.80078975359599
.80528322855632
.80936817328135
.80528322855632
.81685729821523
.80460238456726
.81236384312312
.80351306994756
.80119826396306
.81413400173187
.80174291133881
.79874728123347
.80405773719152
.80596405267715
.8054193854332
.80705338716507
.79507082700729
.79575163125992
.7971132795016
.79044117530187
.79983659585317
.81563180685043
.79929192860921
.81331700086594
.81535947322845
.79752177000046
.80283224582672
.80664487679799
.80174293120702
.79330066839854
.80392156044642
.80255989233653
.79874726136525
.81222768624624
.802015264829
.80215140183767
.81345315774282
.80977668364843
.81209150950114
.822984735171
.80895970265071
.81781045595805
.81876359383265
.79861110448837
.8112745086352
.81113833189011
.80038126309713
.80051741997401
.80242373545965
.80787036816279
.80201524496078
.81154684225718
.80855119228363
.80610022942225
.80569171905518
.80174293120702
.80991286039352
.81508713960648
.80147057771683
.80119826396306
.80582789580027
.80092593034108
.8007897734642
.79942808548609
.81004899740219
.79629629850388
.79833879073461
.80841503540675
.80147057771683
.80855119228363
.81740196545919
.80487471818924
.79670480887095
.8148148059845
.8018790880839
.80473858118057
.8041938940684
.7947984735171
.79575163125992
.80582787593206
.79888343811035
.79833879073461
.79942810535431
.7935729821523
.79874728123347
.79316447178523
.79684096574783
.79656863212585
.79139433304469
.79779412349065
.81059368451436
.80528322855632
.79656863212585
.79942812522252
.80610022942225
.80228757858276
.80610020955404
.80800652503967
.80051743984222
.79207515716553
.80065357685089
.79411764939626
.80691721041997
.81222766637802
.79330064853032
.80855121215185
.80718954404195
.79575163125992
.80364922682444
.80773421128591
.78962417443593
.80051741997401
.8101851940155
.79888343811035
.8041938940684
.81345315774282
.79779412349065
.79942808548609
.80732570091883
.7935729821523
.79697712262472
.80882352590561
.79643245538076
.79493463039398
.80528322855632
.8043300708135
.79806645711263
.8054193854332
.80746187766393
.80827885866165
.81004901727041
.81467866897583
.80501089493434
.80160677433014
.81495096286138
.80460238456726
.80446624755859
.80977668364843
.80078975359599
.79398147265116
.80147059758504
.8031045794487
.80065359671911
.80746187766393
.80991284052531
.79874726136525
.81971677144368
.80010892947515
.80678103367488
.81032135089238
.80133444070816
.79207515716553
.8075980146726
.80065359671911
.80364924669266
.80473856131236
.79942810535431
.79874728123347
.80364924669266
.80555554231008
.80119826396306
.81318082412084
.8031045794487
.81535949309667
.82761438687642
.81181917587916
.80596405267715
.81658496459325
.81059368451436
.80324073632558
.82026143868764
.80446622769038
.80637254317602
.81427013874054
.80732570091883
.8112745086352
.80991286039352
.80705338716507
.81998912493388
.81018521388372
.79724945624669
.80855119228363
.81467864910762
.81004901727041
.81072986125946
.80541940530141
.81576796372732
.81045752763748
.80923203627268
.8101851940155
.80800652503967
.81045750776927
.81753812233607
.80977668364843
.80378538370132
.81549564997355
.80038126309713
.80964052677155
.80895968278249
.82421024640401
.81535949309667
.82693354288737
.8031045794487
.81032135089238
.81195533275604
.79888343811035
.8041938940684
.81576798359553
.80147059758504
.80650871992111
.81930828094482
.8029684027036
.81072984139125
.81726578871409
.79888343811035
.80664489666621
.80664485692978
.79970041910807
.79697712262472
.80242373545965
.80119826396306
.80201524496078
.80718954404195
.80160673459371
.80718954404195
.82026143868764
.79316449165344
.80732570091883
.81100217501322
.81508713960648
.80255991220474
.80610020955404
.79888345797857
.79588780800502
.82434640328089
.79425380627314
.79684096574783
.79888345797857
.79588780800502
.79970043897629
.80405773719152
.79970043897629
.79847496747971
.81740196545919
.79793028036753
.81495098272959
.79765796661377
.80364922682444
.79888345797857
.79493463039398
.80773419141769
.79752178986867
.81345315774282
.8148148059845
.79752178986867
.80242373545965
.81590414047241
.80528322855632
.81495098272959
.82271242141724
.79384529590607
.80814270178477
.80119826396306
.78880719343821
.79071350892385
.80746187766393
.79084966580073
.82761438687642
.80255991220474
.80364924669266
.80024508635203
.81290849049886
.80133440097173
.80868736902873
.81209148963292
.802015264829
.80623638629913
.8208061059316
.80950436989466
.80909585952759
.80759803454081
.80119824409485
.79656863212585
.82298475503922
.87159585952759
.80255991220474
.81331700086594
.79684096574783
.80596405267715
.80378542343775
.79765794674555
.79370913902919
.8043300708135
.80895968278249
.80596403280894
.81168301900228
.79847494761149
.80650871992111
.79942808548609
.79847494761149
.79833879073461
.81059368451436
.79438996315002
.79071348905563
.80269606908162
.80569171905518
.81032135089239
.80732570091883
.81522331635157
.8043300708135
.80718954404195
.81222766637802
.8043300708135
.80705336729685
.82638889551163
.80174293120702
.80637254317602
.81495098272959
.80555556217829
.81440631548564
.81345317761103
.81154684225718
.8043300708135
.81154684225718
.79479845364889
.81141066551208
.80160675446192
.79575163125992
.80419391393661
.80746187766393
.79929192860921
.80582789580027
.80868734916051
.81141066551208
.80650871992111
.81590414047241
.79575163125992
.81072984139125
.81304464737574
.80678105354309
.81277235349019
.80623638629913
.80228759845098
.80923203627268
.80623636643092
.80010894934336
.80501089493434
.80746187766393
.80936819314957
.79847492774328
.81195535262426
.79901959498723
.81154684225718
.81549564997355
.80514705181122
.80106208721797
.80732572078705
.79901961485545
.80010892947515
.8125
.8018790880839
.79915577173233
.80133442083995
.80024508635203
.80610020955404
.8135893146197
.79438998301824
.79820261398951
.80065359671911
.80283224582672
.79438998301824
.80283224582672
.8040577173233
.79411766926448
.79738563299179
.81113833189011
.80378538370132
.80160675446192
.80501089493434
.80623640616735
.80201524496078
.81862745682398
.80705336729685
.80569173892339
.80827887852987
.80228757858276
.81086601813634
.8134531378746
.80269606908162
.80773419141769
.80650871992111
.79438998301824
.79575163125992
.80596405267715
.79261982440948
.81372547149658
.8134531378746
.81168299913406
.80977670351664
.81222766637802
.8065087000529
.80991284052531
.82066994905472
.79697712262472
.80705336729685
.81154684225718
.79833877086639
.80119826396306
.80242375532786
.80787036816279
.81604029734929
.81072986125946
.79425380627314
.81168301900228
.81563180685043
.80882352590561
.81181915601095
.81345315774282
.80024510622025
.80460238456726
.81345315774282
.80664489666621
.81399780511856
.81331700086594
.80814270178477
.81726580858231
.82584420839945
.80923201640447
.81318082412084
.81113833189011
.82244008779526
.80827885866165
.81209150950114
.81045752763748
.80024508635203
.80623638629913
.80351306994756
.80269606908162
.80787036816279
.80460240443548
.79534314076106
.79547929763794
.80650871992111
.79752178986867
.80065361658732
.80555556217829
.79643245538076
.79289215803146
.80201524496078
.79125817616781
.79588780800502
.80133442083995
.79193900028865
.794662296772
.8018790880839
.79343682527542
.79656861225764
.79942812522252
.79112199942271
.78172655900319
.80569173892339
.822984735171
.79901959498723
.8031045794487
.79125817616781
.78853485981623
.80269608894984
.78499456246694
.78758170207342
.80541940530141
.78744554519653
.78649238745372
.80337689320246
.79071352879206
.78730938831965
.8007897734642
.78485838572184
.80705338716507
.79997275273005
.78581156333288
.79861112435659
.79166666666667
.79003266493479
.82039759556452
.82706971963247
.81318082412084
.80092591047287
.80569171905518
.79806643724442
.79507080713908
.80650871992111
.84354573488235
.80460240443548
.80773419141769
.80174291133881
.80133440097173
.7958877881368
.81440633535385
.80487471818924
.80024508635203
.81672112147013
.80242375532786
.79901961485545
.8112745086352
.79398147265116
.79983661572138
.80392156044642
.80364922682444
.80215142170588
.8112745086352
.80065359671911
.80364924669266
.80977668364843
.80650871992111
.79507080713908
.81481482585271
.79697712262472
.80460238456726
.81032135089238
.80174291133881
.80337689320246
.81535947322845
.80065359671911
.80555556217829
.80228757858276
.79806645711263
.80092593034109
.80868734916051
.80841503540675
.80364924669266
.80623636643092
.79833879073461
.80092593034108
.81386166810989
.79438998301824
.80569171905518
.81113833189011
.80637254317602
.79384531577428
.81072986125946
.802015264829
.80228759845098
.80351306994756
.80582787593206
.79752177000046
.80446620782216
.79561545451482
.80133442083995
.80133442083995
.80460240443548
.81685729821523
.80201524496078
.80419391393661
.79888345797857
.80610020955404
.81740196545919
.80664487679799
.80133442083995
.81563180685043
.8101851940155
.80446622769038
.81154684225718
.79575163125992
.80964052677155
.80160677433014
.81195533275604
.80991286039352
.81876361370087
.81072984139125
.80582787593206
.80895970265071
.80078975359599
.80582789580027
.81835512320201
.79956426223119
.80623638629913
.80991286039352
.80092593034109
.80746187766393
.81004901727041
.81004901727041
.80909585952759
.81590414047241
.79466231664022
.81222766637802
.81876361370087
.80650871992111
.82747821013133
.81576798359553
.80215140183767
.80773421128591
.80405773719152
.79084968566895
.80024510622025
.81535947322845
.80773421128591
.79983659585317
.80841503540675
.80446622769038
.81318082412084
.81250001986822
.80024510622025
.79479849338531
.80841503540675
.79793028036753
.79370913902919
.81740194559097
.81113835175832
.81672114133835
.85620913902918
.81100217501322
.80773419141769
.81277233362198
.81413400173187
.79765794674555
.81903594732285
.8126361767451
.81032135089238
.80324073632558
.82570807139079
.80827885866165
.80283226569494
.80705336729685
.79915577173233
.80718954404195
.79874728123347
.80814270178477
.80787036816279
.8114106853803
.8009259502093
.81032135089238
.82012528181076
.79997277259827
.80324073632558
.81495098272959
.79684096574783
.80310455958049
.8043300708135
.79520696401596
.81917210419973
.81100217501322
.81113835175832
.80487471818924
.80936817328135
.80664489666621
.80351308981578
.80378540356954
.80569171905518
.80446622769038
.8043300708135
.80078975359599
.80718952417374
.81195533275604
.80541940530141
.79452613989512
.8029684027036
.8041938940684
.79793028036753
.79616012175878
.80065359671911
.7982025941213
.80310455958049
.79793028036753
.8018790880839
.79793028036753
.78662852446238
.8018790880839
.80133442083995
.78907950719198
.79030499855677
.80242375532786
.79425380627314
.78935184081395
.8031045794487
.79874728123347
.80010894934336
.80174291133881
.8018790880839
.79370913902919
.7949346502622
.80051741997401
.79874728123347
.79534312089284
.80283224582672
.79942810535431
.78989650805791
.8018790880839
.79561545451482
.80582789580027
.79643247524897
.79343680540721
.79425380627314
.80364922682444
.78839870293935
.79030501842499
.80555556217829
.78690085808436
.79289213816325
.79248364766439
.77355664968491
.77941177288691
.78622003396352
.77532678842545
.77028866608938
.77233115832011
.76674836874008
.7689270178477
.77478212118149
.76892703771591
.75994006792704
.77342047293981
.7498638232549
.74632352590561
.75422114133835
.7427832086881
.75571894645691
.74632352590561
.73379629850388
.72017971674601
.72167758146922
.71527777115504
.71500543753306
.7218137383461
.69444445768992
.70138889551163
.69281045595805
.68818084398905
.6699346502622
.67306645711263
.65141612291336
.64719498157501
.64038670063019
.62227668364843
.62568084398905
.61356208721797
.57148693005244
.64079521099726
0
0
0
0
0
0
0
0
0
0
0
0
0
0
0
0
0
0
0
0
0
0
0
0
0
0
0
0
0
0
0
0
0
0
0
0
0
0
0
0
0
0
0
0
0
0
0
0
0
0
0
0
0
0
0
0
0
0
0
0
0
0
0
0
0
0
0
0
0
0
0
0
0
0
0
0
0
0
0
0
0
0
0
0
0
0
0
0
0
0
0
0
0
0
0
0
0
0
0
0
0
0
0
0
0
0
0
0
0
0
0
0
0
0
0
0
0
0
0
0
0
0
0
0
0
0
0
0
0
0
0
0
0
0
0
0
0
0
0
0
0
0
0
0
0
0
0
0
0
0
0
0
0
0
0
0
0
0
0
0
0
0
0
0
0
0
0
0
0
0
0
0
0
0
0
0
0
0
0
0
0
0
0
0
0
0
0
0
0
0
0
0
0
0
0
0
0
0
0
0
0
0
0
0
0
0
0
0
0
0
0
0
0
0
0
0
0
0
0
0
0
0
0
0
0
0
0
0
0
0
0
0
0
0
0
0
0
0
0
0
0
0
0
0
0
0
0
0
0
0
0
0
0
0
0
0
0
0
0
0
0
0
0
0
0
0
0
0
0
0
0
0
0
0
0
0
0
0
0
0
0
0
0
0
0
0
0
0
0
0
0
0
0
0
0
0
0
0
0
0
0
0
0
0
0
0
0
0
0
0
0
0
0
0
0
0
0
0
0
0
0
0
0
0
0
0
0
0
0
0
0
0
0
0
0
0
0
0
0
0
0
0
0
0
0
0
0
0
0
0
0
0
0
0
0
0
0
0
0
0
0
0
0
0
0
0
0
0
0
0
0
0
0
0
0
0
0
0
0
0
0
0
0
0
0
0
0
0
0
0
0
0
0
0
0
0
0
0
0
0
0
0
0
0
0
0
0
0
0
0
0
0
0
0
0
0
0
0
0
0
0
0
0
0
0
0
0
0
0
0
0
0
0
0
0
0
0
0
0
0
0
0
0
0
0
0
0
0
0
0
0
0
0
0
0
0
0
0
0
0
0
0
0
0
0
0
0
0
0
0
0
0
0
0
0
0
0
0
0
0
0
0
0
0
0
0
0
0
0
0
0
0
0
0
0
0
0
0
0
0
0
0
0
0
0
0
0
0
0
0
0
0
0
0
0
0
0
0
0
0
0
0
0
0
0
0
0
0
0
0
0
0
0
0
0
0
0
0
0
0
0
0
0
0
0
0
0
0
0
0
0
0
0
0
0
0
0
0
0
0
0
0
0
0
0
0
0
0
0
0
0
0
0
0
0
0
0
0
0
0
0
0
0
0
0
0
0
0
0
0
0
0
0
0
0
0
0
0
0
0
0
0
0
0
0
0
0
0
0
0
0
0
0
0
0
0
0
0
0
0
0
0
0
0
0
0
0
0
0
0
0
0
0
0
0
0
0
0
0
0
0
0
0
0
0
0
0
0
0
0
0
0
0
0
0
0
0
0
0
0
0
0
0
0
0
0
0
0
0
0
0
0
0
0
0
0
0
0
0
0
0
0
0
0
0
0
0
0
0
0
0
0
0
0
0
0
0
0
0
0
0
0
0
0
0
0
0
0
0
0
0
0
0
0
0
0
0
0
0
0
0
0
0
0
0
0
0
0
0
0
0
0
0
0
0
0
0
0
0
0
0
0
0
0
0
0
0
0
0
0
0
0
0
0
0
0
0
0
0
0
0
0
0
0
0
0
0
0
0
0
0
0
0
0
0
0
0
0
0
0
0
0
0
0
0
0
0
0
0
0
0
0
0
0
0
0
0
0
0
0
0
0
0
0
0
0
0
0
0
0
0
0
0
0
0
0
0
0
0
0
0
0
0
0
0
0
0
0
0
0
0
0
0
0
0
0
0
0
0
0
0
0
0
0
0
0
0
0
0
0
0
0
0
0
0
0
0
0
0
0
0
0
0
0
0
0
0
0
0
0
0
0
0
0
0
0
0
0
0
0
0
0
0
0
0
0
0
0
0
0
0
0
0
0
0
0
0
0
0
0
0
0
0
0
0
0
0
0
0
0
0
0
0
0
0
0
0
0
0
0
0
0
0
0
0
0
0
0
0
0
0
0
0
0
0
0
0
0
0
0
0
0
0
0
0
0
0
0
0
0
0
0
0
0
0
0
0
0
0
0
0
0
0
0
0
0
0
0
0
0
0
0
0
0
0
0
0
0
0
0
0
0
0
0
0
0
0
0
0
0
0
0
0
0
0
0
0
0
0
0
0
0
0
0
0
0
0
0
0
0
0
0
0
0
0
0
0
0
0
0
0
0
0
0
0
0
0
0
0
0
0
0
0
0
0
0
0
0
0
0
0
0
0
0
0
0
0
0
0
0
0
0
0
0
0
0
0
0
0
0
0
0
0
0
0
0
0
0
0
0
0
0
0
0
0
0
0
0
0
0
0
0
0
0
0
0
0
0
0
0
0
0
0
0
0
0
0
0
0
0
0
0
0
0
0
0
0
0
0
0
0
0
0
0
0
0
0
0
0
0
0
0
0
0
0
0
0
0
0
0
0
0
0
0
0
0
0
0
0
0
0
0
0
0
0
0
0
0
0
0
0
0
0
0
0
0
0
0
0
0
0
0
0
0
0
0
0
0
0
0
0
0
0
0
0
0
0
0
0
0
0
0
0
0
0
0
0
0
0
0
0
0
0
0
0
0
0
0
0
0
0
0
0
0
0
0
0
0
0
0
0
0
0
0
0
0
0
0
0
0
0
0
0
0
0
0
0
0
0
0
0
0
0
0
0
0
0
0
0
0
0
0
0
0
0
0
0
0
0
0
0
0
0
0
0
0
0
0
0
0
0
0
0
0
0
0
0
0
0
0
0
0
0
0
0
0
0
0
0
0
0
0
0
0
0
0
0
0
0
0
0
0
0
0
0
0
0
0
0
0
0
0
0
0
0
0
0
0
0
0
0
0
0
0
0
0
0
0
0
0
0
0
0
0
0
0
0
0
0
0
0
0
0
0
0
0
0
0
0
0
0
0
0
0
0
0
0
0
0
0
0
0
0
0
0
0
0
0
0
0
0
0
0
0
0
0
0
0
0
0
0
0
0
0
0
0
0
0
0
0
0
0
0
0
0
0
0
0
0
0
0
0
0
0
0
0
0
0
0
0
0
0
0
0
0
0
0
0
0
0
0
0
0
0
0
0
0
0
0
0
0
0
0
0
0
0
0
0
0
0
0
0
0
0
0
0
0
0
0
0
0
0
0
0
0
0
0
0
0
0
0
0
0
0
0
0
0
0
0
0
0
0
0
0
0
0
0
0
0
0
0
0
0
0
0
0
0
0
0
0
0
0
0
0
0
0
0
0
0
0
0
0
0
0
0
0
0
0
0
0
0
0
0
0
0
0
0
0
0
0
0
0
0
0
0
0
0
0
0
0
0
0
0
0
0
0
0
0
0
0
0
0
0
0
0
0
0
0
0
0
0
0
0
0
0
0
0
0
0
0
0
0
0
0
0
0
0
0
0
0
0
0
0
0
0
0
0
0
0
0
0
0
0
0
0
0
0
0
0
0
0
0
0
0
0
0
0
0
0
0
0
0
0
0
0
0
0
0
0
0
0
0
0
0
0
0
0
0
0
0
0
0
0
0
0
0
0
0
0
0
0
0
0
0
0
0
0
0
0
0
0
0
0
0
0
0
0
0
0
0
0
0
0
0
0
0
0
0
0
0
0
0
0
0
0
0
0
0
0
0
0
0
0
0
0
0
0
0
0
0
0
0
0
0
0
0
0
0
0
0
0
0
0
0
0
0
0
0
0
0
0
0
0
0
0
0
0
0
0
0
0
0
0
0
0
0
0
0
0
0
0
0
0
0
0
0
0
0
0
0
0
0
0
0
0
0
0
0
0
0
0
0
0
0
0
0
0
0
0
0
0
0
0
0
0
0
0
0
0
0
0
0
0
0
0
0
0
0
0
0
0
0
0
0
0
0
0
0
0
0
0
0
0
0
0
0
0
0
0
0
0
0
0
0
0
0
0
0
0
0
0
0
0
0
0
0
0
0
0
0
0
0
0
0
0
0
0
0
0
0
0
0
0
0
0
0
0
0
0
0
0
0
0
0
0
0
0
0
0
0
0
0
0
0
0
0
0
0
0
0
0
0
0
0
0
0
0
0
0
0
0
0
0
0
0
0
0
0
0
0
0
0
0
0
0
0
0
0
0
0
0
0
0
0
0
0
0
0
0
0
0
0
0
0
0
0
0
0
0
0
0
0
0
0
0
0
0
0
0
0
0
0
0
0
0
0
0
0
0
0
0
0
0
0
0
0
0
0
0
0
0
0
0
0
0
0
0
0
0
0
0
0
0
0
0
0
0
0
0
0
0
0
0
0
0
0
0
0
0
0
0
0
0
0
0
0
0
0
0
0
0
0
0
0
0
0
0
0
0
0
0
0
0
0
0
0
0
0
0
0
0
0
0
0
0
0
0
0
0
0
0
0
0
0
0
0
0
0
0
0
0
0
0
0
0
0
0
0
0
0
0
0
0
0
0
0
0
0
0
0
0
0
0
0
0
0
0
0
0
0
0
0
0
0
0
0
0
0
0
0
0
0
0
0
0
0
