.81427015860875
.79793028036753
.79302833477656
.80664487679799
.79275598128637
.79330066839854
.80269606908162
.79234749078751
.80255991220474
.80596405267715
.79724945624669
.80215140183767
.79643247524897
.80010890960693
.79098584254583
.79711329936981
.7877178589503
.7947984735171
.79833879073461
.78567536671956
.80473856131236
.80460240443548
.79915577173233
.79139431317647
.79221133391062
.79956426223119
.79752178986867
.80215142170588
.79888343811035
.80827887852987
.80514705181122
.8007897734642
.80255991220474
.7958877881368
.81699347496033
.80691721041997
.80283224582672
.80623636643092
.79656861225764
.79370913902919
.81685729821523
.80637256304423
.80514705181122
.80950436989466
.80637254317602
.80255993207296
.80800652503967
.79861110448837
.79616014162699
.81290849049886
.81318082412084
.80065359671911
.80446622769038
.79398149251938
.80582789580027
.79970043897629
.80010892947515
.81209150950114
.80841503540675
.8018790880839
.80405773719152
.81481482585271
.80623638629913
.80827885866165
.80705338716507
.80827887852987
.80501087506612
.80051743984222
.80147057771683
.80419391393661
.80582787593206
.80174293120702
.80147057771683
.80473856131236
.79793030023575
.79820261398951
.80351306994756
.78948801755905
.79997275273005
.81059366464615
.79411764939626
.79874728123347
.81685729821523
.79507082700729
.80569173892339
.80242375532786
.79779410362244
.79983659585317
.80364924669266
.80228755871455
.8029684027036
.80473856131236
.80637254317602
.79929192860921
.8029684027036
.80964052677155
.79330064853032
.80446622769038
.8029684027036
.80473856131236
.80242375532786
.81522333621979
.80310455958048
.80514705181122
.80991286039352
.79153050978978
.79793030023575
.80010894934336
.80010892947515
.8041938940684
.80582789580027
.79343682527542
.80555554231008
.81181917587916
.80569171905518
.79221131404241
.80473856131236
.79561547438304
.79711329936981
.80569171905518
.79330064853032
.80364924669266
.80174291133881
.79847494761149
.79779412349065
.80364922682444
.79384531577428
.79370913902919
.8029684027036
.80364922682444
.79724945624669
.8031045794487
.7947984735171
.80215140183767
.8135893146197
.81059368451436
.80637254317602
.80650871992111
.79752177000046
.80351306994756
.80868736902873
.79901961485545
.80092593034108
.81100219488144
.82788670063019
.8041938940684
.81726578871409
.80514705181122
.81440631548564
.81808276971181
.80623636643092
.80160675446192
.80923201640447
.80269608894984
.80514705181122
.8137254913648
.82135077317556
.81181915601095
.8112745086352
.85307733217875
.82584420839945
.81195533275604
.81658498446147
.79970043897629
.82584422826767
.81154684225718
.80528322855632
.80705336729685
.81318082412084
.7971132795016
.8052832086881
.81481482585271
.80119824409485
.80814270178477
.80800652503967
.79929194847743
.80895970265071
.81304466724396
.82924836874008
.8052832086881
.81100217501322
.78567538658778
.80065359671911
.80746187766393
.79861110448837
.80324073632558
.81195533275604
.80855121215185
.80174291133881
.81100217501322
.80405773719152
.80119826396306
.80746185779572
.79398149251938
.81998910506566
.7982025941213
.79561547438304
.81059368451436
.80051741997401
.8029684027036
.81345317761103
.80473856131236
.79901959498723
.80732570091883
.80283224582672
.80392158031464
.80855121215185
.80351306994756
.79752178986867
.79929194847743
.81141066551208
.79684094587962
.79738563299179
.80800652503967
.80024510622025
.80337691307068
.80269606908162
.80623636643092
.79929192860921
.79643247524897
.80228759845098
.79153050978978
.79861110448837
.79997275273005
.79084968566895
.80201524496078
.80446622769038
.79847494761149
.79942810535431
.79997277259827
.79616014162699
.81086599826813
.80773421128591
.8137254913648
.80569171905518
.80841503540675
.81440631548564
.79942810535431
.80228757858276
.8041938940684
.81004901727041
.81372551123301
.79806645711263
.81522331635157
.81195533275604
.79847494761149
.80160673459371
.80337691307068
.80337691307068
.79861112435659
.80909585952759
.81631265083949
.8054193854332
.81508713960648
.80528322855632
.80433005094528
.81535947322845
.79629629850388
.79942810535431
.80664489666621
.80078975359599
.8043300708135
.82039759556452
.802015264829
.80596405267715
.80977668364843
.80528322855632
.81644878784815
.82734205325445
.81277233362198
.80038126309713
.80800654490789
.80051741997401
.80147057771683
.81427015860875
.80759805440903
.80936821301778
.81685731808345
.82461873690287
.80977668364843
.81277233362198
.82312093178431
.81141066551208
.8123638232549
.8289760351181
.81413398186366
.80201524496078
.82203157742818
.80405773719152
.81331700086594
.81958059469859
.80283226569494
.80174293120702
.81672112147013
.80814268191655
.79983659585317
.80746187766393
.80623638629913
.8032407561938
.80487473805745
.80868734916051
.80010892947515
.81644882758458
.8112745086352
.80923201640447
.81998910506566
.80310455958048
.80773419141769
.81154684225718
.80392158031464
.80038126309713
.81985294818878
.80841505527496
.80201524496078
.81835512320201
.8125
.81454247236252
.81522333621979
.81454247236252
.80460238456726
.81277233362198
.80337691307068
.80487471818924
.81154684225718
.80460240443548
.80923201640447
.80827885866165
.80501087506612
.81100219488144
.81740196545919
.81358933448792
.81781045595805
.81113833189011
.80555554231008
.79983659585317
.81685729821523
.80174293120702
.80868736902873
.80718952417374
.8197167913119
.79942810535431
.81672114133835
.81576796372732
.79874728123347
.81304466724396
.81154684225718
.81263615687688
.81086601813634
.81549563010534
.80501091480255
.79901959498723
.81481482585271
.80065359671911
.80051741997401
.80814270178477
.80065359671911
.80269608894984
.81222766637802
.80569171905518
.80460240443548
.80705336729685
.80364924669266
.80351306994756
.81617647409439
.81549564997355
.80255993207296
.81440631548564
.80473856131236
.79738563299179
.81508715947469
.80051743984222
.81004901727041
.81930828094482
.80650871992111
.81222764650981
.81331700086594
.80868734916051
.79888343811035
.79833879073461
.79221131404241
.80501089493434
.80841505527496
.79861110448837
.79616012175878
.80950435002645
.79833877086639
.80215140183767
.80691721041997
.78894335031509
.79193900028865
.80678105354309
.79357300202052
.80487469832102
.80637254317602
.81413398186366
.79384531577428
.80746185779572
.79915579160055
.80038126309713
.81154684225718
.81195533275604
.80174291133881
.80255991220474
.8041938940684
.8031045794487
.80473856131236
.80446624755859
.80038126309713
.80650871992111
.81535947322845
.80119826396306
.80678103367488
.80882352590561
.80378540356954
.80065359671911
.81059368451436
.81399782498678
.80895970265071
.82475489377975
.80773421128591
.8134531378746
.8135893146197
.8146786292394
.80514707167943
.82380173603694
.81004901727041
.80950435002645
.81604029734929
.80800654490789
.80405773719152
.81726578871409
.82107841968536
.81059368451436
.81045750776927
.80827887852987
.80855119228363
.81781045595805
.80827887852987
.80868736902873
.8137254913648
.79942808548609
.80623638629913
.81222766637802
.80215142170588
.80787038803101
.80610022942225
.79901961485545
.80827885866165
.81712963183721
.79248364766439
.80814268191655
.81427015860875
.80759803454081
.80351308981578
.81917210419973
.80800654490789
.80269606908162
.81876361370087
.80119826396306
.80773421128591
.80746187766393
.81604029734929
.80255991220474
.8052832086881
.84490742286046
.80106208721797
.80351306994756
.81617649396261
.79643247524897
.80718956391017
.82380173603694
.80664489666621
.81740194559097
.81672112147013
.80977668364843
.81113833189011
.81903594732285
.8018790880839
.80814270178477
.81835512320201
.8041938940684
.80936819314957
.80991284052531
.80473856131236
.80337691307068
.82039759556452
.80882352590561
.80678105354309
.81522331635157
.80841503540675
.81209148963292
.81849128007889
.81195535262426
.8148148059845
.82992919286092
.80773421128591
.79929192860921
.81685729821523
.79534314076106
.80446622769038
.81181917587916
.80487473805745
.80936819314957
.81304466724396
.79752178986867
.80487473805745
.80691723028819
.80337691307068
.80895968278249
.82952070236206
.80405773719152
.80868736902873
.81658496459325
.8041938940684
.80201524496078
.81113835175832
.79765794674555
.81277233362198
.81930828094482
.80582789580027
.80691719055176
.81631263097127
.81917212406794
.8054193854332
.81331700086594
.81331700086594
.8018790880839
.805147031943
.81917210419973
.80582789580027
.80147059758504
.81508713960648
.8029684027036
.81917212406794
.80827887852987
.81141066551208
.81086601813634
.81889979044596
.80909585952759
.81576798359553
.82026143868764
.80773419141769
.81903594732285
.81767427921295
.81086601813634
.81740196545919
.81998910506566
.8134531378746
.82380173603694
.82012526194255
.81059366464615
.81903596719106
.81985294818878
.8184912999471
.82761436700821
.81971677144368
.81576798359553
.81604031721751
.82679738601049
.82094226280848
.80964052677155
.81481482585271
.82121457656225
.82012528181076
.82012528181076
.8137254913648
.81740196545919
.8137254913648
.81181917587916
.81712963183721
.81685731808345
.81032135089238
.82135075330734
.82244008779526
.81072984139125
.80950436989466
.82148693005244
.81604027748108
.82053377230962
.82135077317556
.82026141881943
.81767427921295
.82570807139079
.82693354288737
.82557189464569
.82325708866119
.83442264795303
.82543573776881
.82652507225672
.83687363068263
.82107841968536
.83973310391108
.83564815918605
.82924836874008
.83115468422572
.83088235060374
.81767429908117
.82965687910716
.82870372136434
.82026143868764
.83292484283447
.83632898330688
.82352942228317
.82516340414683
.83564813931783
.82625273863475
.82543573776881
.8289760351181
.82979301611582
.82679738601049
.83088237047195
.82557189464569
.82802287737528
.84477124611537
.82366557916005
.82856752475103
.83292484283447
.81917212406794
.83346951007843
.83741829792658
.82434640328089
.82897601524989
.83877994616826
.83401417732239
.84232026338577
.8419117530187
.82802287737528
.82870370149612
.83428649107615
.8302015264829
.82843136787415
.83306099971135
.82529956102371
.83346951007843
.830337703228
.8302015264829
.83932461341222
.84395424524943
.82952070236206
.84517973661423
.83537582556407
.83523966868718
.84340959787369
.85212417443593
.8549836675326
.84232026338577
.85212419430415
.8491285443306
.84245642026265
.84640522797902
.85321350892385
.84599673748016
.83946079015732
.85974945624669
.84395426511765
.84272875388463
.85294117530187
.85294117530187
.84844770034154
.85580064853032
.85648147265116
.84790303309759
.85307735204697
.84858387708664
.85593682527542
.86056645711263
.846677561601
.86043028036753
.8914760351181
.85879627863566
.85770696401596
.87200435002645
.85593682527542
.86669391393661
.87064268191655
.85117101669312
.8654684027036
.87214054663976
.85321350892385
.86424291133881
.87663400173187
.86655773719152
.86628540356954
.87091503540675
.86138343811035
.87581698099772
.87976580858231
.86628540356954
.86369826396306
.87431917587916
.85525598128637
.86628540356954
.87350217501322
.86614924669266
.87350217501322
.87173201640447
.85974945624669
.89079521099726
.87581700086594
.87309368451436
.87023421128591
.88943356275558
.86805556217829
.88003812233607
.87690631548564
.88970589637756
.88807189464569
.87581698099772
.8939270178477
.88943356275558
.89515250921249
.8845315972964
.88044661283493
.87813180685043
.88534857829412
.88044663270315
.89174836874008
.9008714556694
.88970587650935
.88344226280848
.90236928065618
.87745098272959
.8936546643575
.90373092889786
.88412310679754
.89311001698176
.90059914191564
.89515248934428
.90373094876607
.90631806850433
.89419935146968
.89229303598404
.90563724438349
.8939270178477
.89583333333333
.90345859527588
.90672657887141
.90073529879252
.92075163125992
.91217319170634
.91721133391062
.91598582267761
.90522877375285
.91571352879206
.90495642026265
.90631806850433
.90087147553762
.93137254317602
.9174836675326
.92320261398951
.93300652503967
.92075163125992
.9268790880839
.92415577173233
.92279412349065
.91693900028865
.93191723028819
.91898149251938
.92810455958048
.92565357685089
.92946624755859
.92415577173233
.92238563299179
.91993463039398
.92715140183767
.93001087506612
.94825708866119
.94376361370087
.93395970265071
.94594226280848
.93191721041997
.9375
.94349128007889
.93572984139125
.9445806145668
.93368734916051
.93722766637802
.93967864910762
.94989107052485
.94226578871409
.94989107052485
.96650326251984
.98706426223119
.95792482296626
.96391612291336
.93804468711217
.95765250921249
.95846951007843
.95098038514455
.95778866608938
.95983115832011
.95833333333333
.96323531866074
.96132898330688
.94389979044596
.95683550834656
.96514161427816
.95669933160146
.96160129706065
.96990742286046
.96418845653534
.9727668762207
.97916666666667
.98420480887095
.97358387708664
.98284316062927
.98556645711263
.97712419430415
.9918300708135
.98134531577428
.98883442083995
.99795752763748
.99564270178477
.99605117241542
1.0193355083466
1.0140250921249
1.0132080713908
1.0265522797902
1.0322712262472
1.0355391899745
1.0370370149612
1.0311818917592
1.0495642820994
1.0616830190023
1.0580065250397
1.0672657887141
1.0763888756434
1.0825163125992
1.0797930161158
1.0837418238322
1.0965414047241
1.0935457547506
1.1007625261943
1.1105664571126
1.107434630394
1.1087963183721
1.1181917587916
1.1288126309713
1.1239107052485
1.1454248428345
1.1285403172175
1.1293572982152
1.1481481393178
1.1452886660894
1.1440631945928
1.1525054375331
1.1531862815221
1.1538670857747
1.1567265590032
1.1567265590032
1.1516884167989
1.1576797564824
1.1606753667196
1.1593137184779
1.1860021750132
1.1587690909704
1.1648965279261
1.1768791278203
1.1793300708135
1.1571350892385
1.1696623166402
1.1669389804204
1.1702069838842
1.1689814726512
1.1676198244095
1.1669390201569
1.159449895223
1.1559095780055
1.1613562107086
1.1584967374802
1.1503268082937
1.1511437892914
1.1501906315486
1.1446078221003
1.1480119625727
1.14311003685
1.1269063154856
1.1398420333862
1.1293572584788
1.1290849844615
1.1241830190023
1.131399790446
1.1149237553279
1.1232298612595
1.126225511233
1.1161492268244
1.1251361767451
1.1168300310771
1.1157406965892
1.1052560011546
1.0992647012075
1.1196895043055
1.101579507192
1.0947712262472
1.1045751571655
1.090550104777
1.096949895223
1.0996731917063
1.0924564202627
1.0966775814692
1.0992647012075
1.0816993713379
1.1003540356954
1.0878267685572
1.0778867403666
1.0725762446721
1.0861927668254
1.0750272274017
1.0747548739115
1.0792483488719
1.0763888756434
1.0837418238322
1.0818355083466
1.084014137586
1.067810455958
1.0870097875595
1.067674279213
1.0656317869822
1.0705337524414
1.0599128405253
1.0631808439891
1.0755719343821
1.0614106655121
1.061955332756
1.0792483488719
1.058415055275
1.0654956499736
1.0634531577428
1.0620915095011
1.056100209554
1.0674020051956
1.0458877881368
1.0582788387934
1.0603213310242
1.0477941036224
1.0657680034637
1.055419365565
1.0529684225718
1.0408496856689
1.0532407363256
1.0446622769038
1.0468409458796
1.050245086352
1.0330882072449
1.0337690512339
1.0457516113917
1.0351306994756
1.0393518606822
1.0385348796844
1.0381263891856
1.0457516113917
1.0480664571126
1.0291394392649
1.0187908411026
1.0291394790014
1.0319989124934
1.0171568393707
1.0426197846731
1.0352668762207
1.0224672953288
1.0108932654063
1.0313181082408
1.0098038911819
1.016884525617
1.0311818917592
1.0136165221532
1.0258714755376
1.0205609798431
1.0205610195796
1.0148420731227
1.0191993316015
1.0147058566411
1.0276415745417
1.0270969867706
1.011437912782
1.0140250523885
1.0106209119161
1.0068082809448
1.0107570489248
1.0198801755905
1.0040849844615
1.0104847749074
1.0013616681099
.99863837162654
1.0023148457209
1.0208333333333
.99645966291428
.99809368451436
.98706426223119
.98216231664022
.98611110448837
.99005991220474
.98188996315002
.98583879073461
.99033222595851
.97372005383174
.97099673748016
.98924293120702
.97086058060328
.9729030529658
.97467319170634
.9656862616539
.9656862616539
.97249454259872
.98066449165344
.96704794963201
1.0072167515755
.9718137383461
.96636710564295
.95452070236206
.95955882469813
.95533768335978
.94321894645691
.95697168509165
.94893791278203
.94035947322845
.9458061059316
.93069171905518
.94199347496033
.94199347496033
.93014707167943
.94049564997355
.95016340414683
.93191719055176
.92647059758504
.94635077317556
.93355119228363
.94866559902827
.94144878784815
.92034312089284
.92497277259827
.93613835175832
.92674291133881
.92946622769038
.94498910506566
.91680284341176
.92565359671911
.92674293120702
.91557733217875
.92851306994756
.91666666666667
.91407952706019
.91067538658778
.91802831490835
.91190087795258
.91584966580073
.92279412349065
.90944989522298
.91693900028865
.92442810535431
.9104030529658
.91258170207342
.9268790880839
.91407950719198
.92116012175878
.93069171905518
.90373094876607
.90863289435705
.91162852446238
.89528866608938
.90236928065618
.91666666666667
.9020969470342
.89569717645645
.92851306994756
.89665031433105
.90795207023621
.90836056073507
.89610566695531
.89746731519699
.90264161427816
.90958607196808
.91326254606247
.89542482296626
.90876907110214
.89855664968491
.89515250921249
.90305010477702
.89692266782125
.89692264795303
.91094770034154
.90482024351756
.8925653497378
.89882896343867
.89637800057729
.9104030529658
.89406317472458
.88630173603694
.88521242141724
.89365468422572
.89460784196854
.89733115832011
.89038670063019
.88725491364797
.88453157742818
.8937908411026
.8739106853803
.8737745086352
.89093134800593
.88071894645691
.88385077317556
.89569717645645
.87527233362198
.89202070236206
.8843954205513
.87990194559097
.88126361370087
.87391066551208
.89433550834656
.88221677144368
.87894878784815
.87704249223073
.87840414047241
.88303377230962
.86887256304423
.87282135089238
.8726851940155
.87568082412084
.8845315972964
.88398693005244
.87173203627268
.86928103367488
.86478757858276
.85811545451482
.86601306994756
.87009803454081
.85661764939626
.86383444070816
.87132352590561
.85525598128637
.85430284341176
.85961329936981
.85879629850388
.85934094587962
.8572984735171
.86696624755859
.84763071934382
.87037036816279
.86288124322891
.85906863212585
.85457517703374
.86138341824214
.85062634944916
.84749456246694
.85198801755905
.84041394790014
.8385076324145
.85321350892385
.85784314076106
.84749454259872
.84409042199453
.83973310391108
.85130719343821
.86356208721797
.84232026338577
.84313724438349
.85307733217875
.84490740299225
.846677561601
.84504357973735
.84626905123393
.84014161427816
.84259257713954
.83837147553762
.82856754461924
.84163943926493
.83551198244095
.83074617385864
.85144335031509
.83932463328044
.84286493062973
.8397331237793
.83619282643
.8325163324674
.84831154346466
.83415033419927
.84300108750661
.83564813931783
.83169935146968
.83986928065618
.8417755762736
.83183552821477
.83020150661469
.83251635233561
.83455882469813
.81794661283493
.83183552821477
.82856754461924
.8278867204984
.82284857829412
.82244008779526
.82992919286092
.82543571790059
.84027777115504
.83387800057729
.82026143868764
.83755447467168
.82448258002599
.8291122118632
.83905227979024
.8220315972964
.81672114133835
.8395969470342
.82407406965892
.82829521099726
.82393791278203
.8126361767451
.82107841968536
.82666122913361
.81427015860875
.81236384312312
.82325706879298
.81413398186366
.82815905412038
.82148693005244
.81753814220428
.82775054375331
.8184912999471
.80691719055176
.81018517414729
.82352940241496
.79738561312358
.81277233362198
.81495098272959
.81427013874054
.81481482585271
.81985292832057
.81045750776927
.80405773719152
.81876361370087
.80228757858276
.81086599826813
.81222768624624
.8184912999471
.80923203627268
.8148148059845
.80119824409485
.80841503540675
.82244008779526
.81876361370087
.81059366464615
.82829519112905
.8031045794487
.80909585952759
.81304466724396
.81781045595805
.81495098272959
.8231209119161
.80936819314957
.81249998013179
.81154684225718
.81236384312312
.81059368451436
.8114106853803
.82761438687642
.80637256304423
.81944445768992
.82053379217784
.8125
.80923203627268
.81821894645691
.81508713960648
.8126361767451
.80868736902873
.81413400173187
.80678103367488
.80950435002645
.79983659585317
.81563182671865
.81100215514501
.80337689320246
.80936817328135
.80787036816279
.81318082412084
.81277233362198
.81699347496033
.80269606908162
.81059370438258
.81358933448792
.80228759845098
.8137254913648
.83101852734884
.81958059469859
.81535949309667
.82148693005244
.8137254913648
.79507080713908
.81726578871409
.81399782498678
.80923203627268
.8220315972964
.80855119228363
.81154684225718
.81644880771637
.80650871992111
.80678103367488
.81644880771637
.80800652503967
.8137254913648
.80923203627268
.80841503540675
.81604031721751
.82012526194255
.80718954404195
.80827885866165
.81086599826813
.80800654490789
.81113833189011
.82148691018422
.82611656188965
.82148691018422
.82502722740173
.81072984139125
.81181915601095
.80228757858276
.81181917587916
.8123638232549
.82339324553808
.82829519112905
.81413398186366
.8195806145668
.82693354288737
.81195533275604
.8101851940155
.81209150950114
.80569171905518
.81672112147013
.82053375244141
.79820261398951
.80841503540675
.81440631548564
.81331700086594
.81399782498678
.81753812233607
.80882352590561
.82053377230962
.81263615687688
.79752178986867
.81113835175832
.81222766637802
.79806645711263
.8075980146726
.82066994905472
.80283224582672
.80705338716507
.81386166810989
.80596405267715
.8125
.81345315774282
.8112745086352
.81236384312312
.8148148059845
.79643247524897
.80324073632558
.80895970265071
.80637256304423
.80337691307068
.80528322855632
.79438998301824
.80650871992111
.80991286039352
.79874728123347
.80787036816279
.80678103367488
.80119826396306
.80351306994756
.80855121215185
.8112745086352
.8101851940155
.8217592438062
.80460238456726
.79793028036753
.80610020955404
.80228757858276
.79561545451482
.80814268191655
.80882352590561
.8029684027036
.84803920984268
.85049019257228
.79861112435659
.81113835175832
.80800652503967
.80991284052531
.81767427921295
.8208061059316
.80392158031464
.81004901727041
.81495098272959
.81277233362198
.80569171905518
.81358933448792
.80691721041997
.81658496459325
.81549564997355
.80964052677155
.81427015860875
.81181917587916
.80800652503967
.80541940530141
.81563180685043
.80909583965937
.81740196545919
.81699347496033
.80351305007935
.80664487679799
.82107843955358
.81154684225718
.80827885866165
.81113833189011
.81222764650981
.8018790880839
.80569171905518
.79983659585317
.80746185779572
.80732570091883
.80473856131236
.79697712262472
.81168299913406
.79193900028865
.8043300708135
.82012528181076
.81277233362198
.80705336729685
.81413398186366
.81794661283493
.81862745682398
.80855121215185
.80569171905518
.81930828094482
.83946079015732
.80909585952759
.81495098272959
.81712961196899
.80283224582672
.80814272165298
.81018517414729
.81331700086594
.80882352590561
.82053377230962
.81903596719106
.81889977057775
.81467864910762
.82230391105016
.81535947322845
.80814270178477
.82148693005244
.80582787593206
.80923201640447
.81944445768992
.8041938940684
.81712963183721
.80991284052531
.80868736902873
.80977668364843
.80814268191655
.79493463039398
.79425380627314
.80841503540675
.80378540356954
.8052832086881
.80718956391017
.78622005383174
.79888343811035
.8041938940684
.79970041910807
.79684094587962
.81222766637802
.80283224582672
.79888343811035
.80950435002645
.79970043897629
.80310459931691
.81195535262426
.80405773719152
.81535947322845
.81168299913406
.80092593034108
.80855121215185
.79956428209941
.80446622769038
.80078975359599
.81263615687688
.79207515716553
.7924836675326
.79793028036753
.80133444070816
.8041938940684
.79302831490835
.79888343811035
.80637256304423
.80501089493434
.80351308981578
.80024508635203
.80691721041997
.80446622769038
.80555554231008
.8031045794487
.80705336729685
.79752178986867
.81358933448792
.80460240443548
.79806643724442
.79343682527542
.81141066551208
.79098584254583
.80228755871455
.80378540356954
.80610022942225
.80936819314957
.79874728123347
.79602394501368
.80038126309713
.80405773719152
.79779410362244
.79711329936981
.80405773719152
.80160673459371
.78989650805791
.79670476913452
.79942810535431
.80201524496078
.80691719055176
.79929194847743
.79793030023575
.81018517414729
.78867101669312
.78022877375285
.80446624755859
.79874726136525
.78935184081395
.79929194847743
.79302833477656
.78635621070862
.80446624755859
.82598038514455
.80215142170588
.81672112147013
.80473856131236
.81181915601095
.81004903713862
.80650871992111
.80364922682444
.81072984139125
.80174291133881
.80909585952759
.81427015860875
.80555556217829
.80283224582672
.81495098272959
.80528322855632
.79738561312358
.8137254913648
.80283224582672
.79997275273005
.81644880771637
.81195533275604
.81685731808345
.80460240443548
.82734205325445
.80773421128591
.81195533275604
.81549564997355
.80106208721797
.81903594732285
.80337691307068
.80446624755859
.8031045794487
.81304464737574
.79833877086639
.80732570091883
.81644880771637
.80269606908162
.81304466724396
.80991284052531
.80487471818924
.80147059758504
.8115468621254
.80596407254537
.80038126309713
.81304464737574
.80678103367488
.8054193854332
.81331700086594
.79765794674555
.79112199942271
.8135893146197
.81617647409439
.8029684027036
.79656863212585
.80460240443548
.79261982440948
.80936819314957
.80038126309713
.80827887852987
.79520696401596
.79833877086639
.81236384312312
.80446622769038
.80119824409485
.80746187766393
.79888345797857
.80487473805745
.80841503540675
.81195533275604
.79643247524897
.80936819314957
.80923201640447
.80324071645737
.80882352590561
.82012526194255
.79970043897629
.80269608894984
.81467864910762
.80964054663976
.79901961485545
.80964052677155
.7960239648819
.80065361658732
.79847494761149
.8103213707606
.80787036816279
.80596403280894
.81508715947469
.8041938940684
.79983661572138
.80827885866165
.79221133391062
.80215142170588
.81399784485499
.79901961485545
.80364922682444
.81113835175832
.80392156044642
.80160673459371
.80514705181122
.79929194847743
.80909585952759
.81386164824168
.79779410362244
.8040577173233
.81821894645691
.80405775705973
.80582787593206
.81141066551208
.80024510622025
.79861108462016
.81794661283493
.80187906821569
.80610020955404
.81195533275604
.80296842257182
.79861112435659
.81263615687688
.80174291133881
.81495098272959
.81971677144368
.81154684225718
.80092591047287
.81209150950114
.79901961485545
.80460240443548
.80895970265071
.79888343811035
.80569171905518
.80691721041997
.79738563299179
.80160675446192
.81059368451436
.80378542343775
.81358933448792
.82380175590515
.80160675446192
.80215142170588
.81358933448792
.80324073632558
.81576798359553
.7949346502622
.79956428209941
.80255991220474
.80487471818924
.81304466724396
.8278867204984
.80827885866165
.81045750776927
.81209150950114
.80800652503967
.81331700086594
.79656863212585
.80623638629913
.79942808548609
.7960239648819
.79806645711263
.80936821301778
.79942810535431
.80187906821569
.80487473805745
.8040577173233
.8032407561938
.80460240443548
.79452615976334
.80569173892339
.80051741997401
.79724943637848
.80147057771683
.80936819314957
.79806645711263
.79915577173233
.80283224582672
.79588780800501
.79752178986867
.80923203627268
.79398147265116
.80106208721797
.81277233362198
.79044117530187
.79956426223119
.81209150950114
.79697712262472
.79806645711263
.81072986125946
.80269606908162
.80923201640447
.81631265083949
.81004901727041
.81181917587916
.81154684225718
.81236384312312
.81712963183721
.81168299913406
.80991284052531
.81113835175832
.81304466724396
.80446622769038
.79942810535431
.8208061059316
.80623638629913
.81386166810989
.80991286039352
.81045750776927
.81590414047241
.81576798359553
.81753812233607
.81304464737574
.80528322855632
.81113833189011
.8054193854332
.80732572078705
.8135893146197
.81277233362198
.83551200230916
.82121461629868
.80732570091883
.81617647409439
.80841503540675
.79520696401596
.81563180685043
.8007897734642
.79411764939626
.80732570091883
.80501087506612
.79656861225764
.80364922682444
.8029684027036
.8123638232549
.83101852734884
.80964050690333
.83864378929138
.80228757858276
.81059368451436
.79779410362244
.80337691307068
.81154684225718
.8112745086352
.80977670351664
.81549563010534
.8032407561938
.80787036816279
.80814270178477
.81209150950114
.80936819314957
.81767427921295
.80746187766393
.81563180685043
.82366555929184
.81059368451436
.80610022942225
.81862745682398
.80351306994756
.81168301900228
.81304466724396
.80664487679799
.80868736902873
.80868734916051
.79970043897629
.81277233362198
.80855119228363
.80501089493434
.80555556217829
.8112745086352
.80664487679799
.81318084398905
.80283226569494
.80555554231008
.81113835175832
.81413398186366
.82952070236206
.81358933448792
.81018517414729
.81100217501322
.802015264829
.80378540356954
.80460240443548
.79452613989512
.79724945624669
.81427015860875
.8018790880839
.8126361767451
.81154684225718
.79670476913452
.81331700086594
.81835512320201
.79711329936981
.80678105354309
.80623638629913
.80460240443548
.80555554231008
.8041938940684
.79779412349065
.80732572078705
.81250001986821
.80255989233653
.78703705469767
.79983659585317
.80215140183767
.80228757858276
.79793028036753
.80051743984222
.80160675446192
.8137254913648
.79493463039398
.80024508635203
.79942808548609
.79561547438304
.80092591047287
.80024508635203
.79221131404241
.79493463039398
.80705336729685
.78853485981623
.80010892947515
.8032407561938
.79003268480301
.80228755871455
.80827885866165
.79030499855677
.79057733217875
.80964050690333
.80555556217829
.79901961485545
.80936817328135
.79411764939626
.79643245538076
.79425382614136
.81141066551208
.80147057771683
.80773419141769
.81358933448792
.80133442083995
.80460238456726
.80569169918696
.79411766926448
.80691721041997
.79874726136525
.79275600115458
.79820261398951
.80392158031464
.79861110448837
.79956426223119
.80746189753215
.79547929763794
.80133442083995
.81250001986821
.79575163125992
.7938453356425
.8101851940155
.80528322855632
.80787036816279
.80092591047287
.79575163125992
.79901959498723
.79765794674555
.80242375532786
.79724945624669
.81372551123301
.8054193854332
.80378540356954
.80691721041997
.80147059758504
.80147059758504
.80555556217829
.80269606908162
.80337691307068
.80405773719152
.79384531577428
.79166666666667
.80895970265071
.79724943637848
.80187906821569
.8052832086881
.78989650805791
.81345315774282
.80705336729685
.79915577173233
.80787036816279
.8041938940684
.78935184081395
.80569171905518
.80446624755859
.79370913902919
.7937091588974
.80909585952759
.79806643724442
.79357300202052
.8114106853803
.80759805440903
.78839868307114
.80596407254537
.80814268191655
.78880719343821
.80705338716507
.82244008779526
.80501089493434
.80010892947515
.79452615976334
.78676472107569
.8041938940684
.80473856131236
.79616014162699
.79874728123347
.80950435002645
.79166666666667
.78962417443593
.79697712262472
.78799019257228
.79684096574783
.80228757858276
.80269606908162
.80283222595851
.81672114133835
.79629629850388
.80882350603739
.80514705181122
.80814268191655
.80923201640447
.80746187766393
.79738563299179
.80405773719152
.80950435002645
.80310455958049
.7949346502622
.81209150950114
.80433009068171
.79261982440948
.80569171905518
.80514707167943
.80446622769038
.79874728123347
.79616012175878
.79044117530187
.81930828094482
.79724945624669
.79207515716553
.80242373545965
.80446622769038
.80283224582672
.81658496459325
.80650871992111
.81168299913406
.80705338716507
.80078975359599
.79384531577428
.81549563010534
.79997277259827
.80555556217829
.79738563299179
.794662296772
.79316447178523
.80895970265071
.80351306994756
.79534314076106
.80133442083995
.80255989233653
.78785403569539
.79656863212585
.80473856131236
.7854030529658
.802015264829
.79166666666667
.78499456246694
.80310455958049
.79820261398951
.79112199942271
.7937091588974
.7958877881368
.77532678842545
.78853485981623
.78853485981623
.78662852446238
.78867101669312
.78812634944916
.78036493062973
.78349671761195
.78785403569539
.78513071934382
.78104575475057
.77736928065618
.76879086097081
.77696079015732
.76702070236206
.75980391105016
.76225491364797
.76293571790059
.75190633535385
.74550652503967
.74319171905518
.74727670351664
.73093682527542
.74251089493434
.73325163125992
.72834966580073
.72358389695485
.72004355986913
.7229030529658
.71840955813726
.70942266782125
.69376363356908
.68981482585271
.68110020955404
.67538124322891
.67538126309713
.64964596430461
.65522877375285
.63875271876653
.61860020955404
.65631808837255
.60348582267761
.56767427921295
.65904138485591
0
0
0
0
0
0
0
0
0
0
0
0
0
0
0
0
0
0
0
0
0
0
0
0
0
0
0
0
0
0
0
0
0
0
0
0
0
0
0
0
0
0
0
0
0
0
0
0
0
0
0
0
0
0
0
0
0
0
0
0
0
0
0
0
0
0
0
0
0
0
0
0
0
0
0
0
0
0
0
0
0
0
0
0
0
0
0
0
0
0
0
0
0
0
0
0
0
0
0
0
0
0
0
0
0
0
0
0
0
0
0
0
0
0
0
0
0
0
0
0
0
0
0
0
0
0
0
0
0
0
0
0
0
0
0
0
0
0
0
0
0
0
0
0
0
0
0
0
0
0
0
0
0
0
0
0
0
0
0
0
0
0
0
0
0
0
0
0
0
0
0
0
0
0
0
0
0
0
0
0
0
0
0
0
0
0
0
0
0
0
0
0
0
0
0
0
0
0
0
0
0
0
0
0
0
0
0
0
0
0
0
0
0
0
0
0
0
0
0
0
0
0
0
0
0
0
0
0
0
0
0
0
0
0
0
0
0
0
0
0
0
0
0
0
0
0
0
0
0
0
0
0
0
0
0
0
0
0
0
0
0
0
0
0
0
0
0
0
0
0
0
0
0
0
0
0
0
0
0
0
0
0
0
0
0
0
0
0
0
0
0
0
0
0
0
0
0
0
0
0
0
0
0
0
0
0
0
0
0
0
0
0
0
0
0
0
0
0
0
0
0
0
0
0
0
0
0
0
0
0
0
0
0
0
0
0
0
0
0
0
0
0
0
0
0
0
0
0
0
0
0
0
0
0
0
0
0
0
0
0
0
0
0
0
0
0
0
0
0
0
0
0
0
0
0
0
0
0
0
0
0
0
0
0
0
0
0
0
0
0
0
0
0
0
0
0
0
0
0
0
0
0
0
0
0
0
0
0
0
0
0
0
0
0
0
0
0
0
0
0
0
0
0
0
0
0
0
0
0
0
0
0
0
0
0
0
0
0
0
0
0
0
0
0
0
0
0
0
0
0
0
0
0
0
0
0
0
0
0
0
0
0
0
0
0
0
0
0
0
0
0
0
0
0
0
0
0
0
0
0
0
0
0
0
0
0
0
0
0
0
0
0
0
0
0
0
0
0
0
0
0
0
0
0
0
0
0
0
0
0
0
0
0
0
0
0
0
0
0
0
0
0
0
0
0
0
0
0
0
0
0
0
0
0
0
0
0
0
0
0
0
0
0
0
0
0
0
0
0
0
0
0
0
0
0
0
0
0
0
0
0
0
0
0
0
0
0
0
0
0
0
0
0
0
0
0
0
0
0
0
0
0
0
0
0
0
0
0
0
0
0
0
0
0
0
0
0
0
0
0
0
0
0
0
0
0
0
0
0
0
0
0
0
0
0
0
0
0
0
0
0
0
0
0
0
0
0
0
0
0
0
0
0
0
0
0
0
0
0
0
0
0
0
0
0
0
0
0
0
0
0
0
0
0
0
0
0
0
0
0
0
0
0
0
0
0
0
0
0
0
0
0
0
0
0
0
0
0
0
0
0
0
0
0
0
0
0
0
0
0
0
0
0
0
0
0
0
0
0
0
0
0
0
0
0
0
0
0
0
0
0
0
0
0
0
0
0
0
0
0
0
0
0
0
0
0
0
0
0
0
0
0
0
0
0
0
0
0
0
0
0
0
0
0
0
0
0
0
0
0
0
0
0
0
0
0
0
0
0
0
0
0
0
0
0
0
0
0
0
0
0
0
0
0
0
0
0
0
0
0
0
0
0
0
0
0
0
0
0
0
0
0
0
0
0
0
0
0
0
0
0
0
0
0
0
0
0
0
0
0
0
0
0
0
0
0
0
0
0
0
0
0
0
0
0
0
0
0
0
0
0
0
0
0
0
0
0
0
0
0
0
0
0
0
0
0
0
0
0
0
0
0
0
0
0
0
0
0
0
0
0
0
0
0
0
0
0
0
0
0
0
0
0
0
0
0
0
0
0
0
0
0
0
0
0
0
0
0
0
0
0
0
0
0
0
0
0
0
0
0
0
0
0
0
0
0
0
0
0
0
0
0
0
0
0
0
0
0
0
0
0
0
0
0
0
0
0
0
0
0
0
0
0
0
0
0
0
0
0
0
0
0
0
0
0
0
0
0
0
0
0
0
0
0
0
0
0
0
0
0
0
0
0
0
0
0
0
0
0
0
0
0
0
0
0
0
0
0
0
0
0
0
0
0
0
0
0
0
0
0
0
0
0
0
0
0
0
0
0
0
0
0
0
0
0
0
0
0
0
0
0
0
0
0
0
0
0
0
0
0
0
0
0
0
0
0
0
0
0
0
0
0
0
0
0
0
0
0
0
0
0
0
0
0
0
0
0
0
0
0
0
0
0
0
0
0
0
0
0
0
0
0
0
0
0
0
0
0
0
0
0
0
0
0
0
0
0
0
0
0
0
0
0
0
0
0
0
0
0
0
0
0
0
0
0
0
0
0
0
0
0
0
0
0
0
0
0
0
0
0
0
0
0
0
0
0
0
0
0
0
0
0
0
0
0
0
0
0
0
0
0
0
0
0
0
0
0
0
0
0
0
0
0
0
0
0
0
0
0
0
0
0
0
0
0
0
0
0
0
0
0
0
0
0
0
0
0
0
0
0
0
0
0
0
0
0
0
0
0
0
0
0
0
0
0
0
0
0
0
0
0
0
0
0
0
0
0
0
0
0
0
0
0
0
0
0
0
0
0
0
0
0
0
0
0
0
0
0
0
0
0
0
0
0
0
0
0
0
0
0
0
0
0
0
0
0
0
0
0
0
0
0
0
0
0
0
0
0
0
0
0
0
0
0
0
0
0
0
0
0
0
0
0
0
0
0
0
0
0
0
0
0
0
0
0
0
0
0
0
0
0
0
0
0
0
0
0
0
0
0
0
0
0
0
0
0
0
0
0
0
0
0
0
0
0
0
0
0
0
0
0
0
0
0
0
0
0
0
0
0
0
0
0
0
0
0
0
0
0
0
0
0
0
0
0
0
0
0
0
0
0
0
0
0
0
0
0
0
0
0
0
0
0
0
0
0
0
0
0
0
0
0
0
0
0
0
0
0
0
0
0
0
0
0
0
0
0
0
0
0
0
0
0
0
0
0
0
0
0
0
0
0
0
0
0
0
0
0
0
0
0
0
0
0
0
0
0
0
0
0
0
0
0
0
0
0
0
0
0
0
0
0
0
0
0
0
0
0
0
0
0
0
0
0
0
0
0
0
0
0
0
0
0
0
0
0
0
0
0
0
0
0
0
0
0
0
0
0
0
0
0
0
0
0
0
0
0
0
0
0
0
0
0
0
0
0
0
0
0
0
0
0
0
0
0
0
0
0
0
0
0
0
0
0
0
0
0
0
0
0
0
0
0
0
0
0
0
0
0
0
0
0
0
0
0
0
0
0
0
0
0
0
0
0
0
0
0
0
0
0
0
0
0
0
0
0
0
0
0
0
0
0
0
0
0
0
0
0
0
0
0
0
0
0
0
0
0
0
0
0
0
0
0
0
0
0
0
0
0
0
0
0
0
0
0
0
0
0
0
0
0
0
0
0
0
0
0
0
0
0
0
0
0
0
0
0
0
0
0
0
0
0
0
0
0
0
0
0
0
0
0
0
0
0
0
0
0
0
0
0
0
0
0
0
0
0
0
0
0
0
0
0
0
0
0
0
0
0
0
0
0
0
0
0
0
0
0
0
0
0
0
0
0
0
0
0
0
0
0
0
0
0
0
0
0
0
0
0
0
0
0
0
0
0
0
0
0
0
0
0
0
0
0
0
0
0
0
0
0
0
0
0
0
0
0
0
0
0
0
0
0
0
0
0
0
0
0
0
0
0
0
0
0
0
0
0
0
0
0
0
0
0
0
0
0
0
0
0
0
0
0
0
0
0
0
0
0
0
0
0
0
0
0
0
0
0
0
0
0
0
0
0
0
0
0
0
0
0
0
0
0
0
0
0
0
0
0
0
0
0
0
0
0
0
0
0
0
0
0
0
0
0
0
0
0
0
0
0
0
0
0
0
0
0
0
0
0
0
0
0
0
0
0
0
0
0
0
0
0
0
0
0
0
0
0
0
0
0
0
0
0
0
0
0
0
0
0
0
0
0
0
0
0
0
0
0
0
0
0
0
0
0
0
0
0
0
0
0
0
0
0
0
0
0
0
0
0
0
0
0
0
0
0
0
0
0
0
0
0
0
0
0
0
0
0
0
0
0
0
0
0
0
0
0
0
0
0
0
0
0
0
0
0
0
0
0
0
0
0
0
0
0
0
0
0
0
0
0
0
0
0
0
0
0
0
0
0
0
0
0
0
0
0
0
0
0
0
0
0
0
0
0
0
0
0
0
0
0
0
0
0
0
0
0
0
0
0
0
0
0
0
0
0
0
0
0
0
0
0
0
0
0
0
0
0
0
0
0
0
0
0
0
0
0
0
0
0
0
0
0
0
0
0
0
0
0
0
0
0
0
0
0
0
0
0
0
0
0
0
0
0
0
0
0
0
0
0
0
0
0
0
0
0
0
0
0
0
0
0
0
0
0
0
0
0
0
0
0
0
0
0
0
0
0
0
0
0
0
0
0
0
0
0
0
0
0
