.80160675446192
.78894333044688
.80718954404195
.80678105354309
.80514705181122
.79616014162699
.80964052677155
.80378540356954
.79466231664022
.8123638232549
.81508715947469
.80909583965937
.80555556217829
.8018790880839
.80337689320246
.8137254913648
.79629629850388
.80650873978933
.81086599826813
.80255993207296
.81100217501322
.80868736902873
.80800654490789
.8126361767451
.80678105354309
.79452613989512
.79983659585317
.81427013874054
.79983661572138
.80119826396306
.80909585952759
.80787038803101
.81141066551208
.80664485692978
.80977668364843
.80732570091883
.80759803454081
.80637256304423
.80610020955404
.80977668364843
.80787036816279
.79793028036753
.80637254317602
.80664487679799
.8054193854332
.8040577173233
.81100217501322
.80718954404195
.81195533275604
.81209148963292
.80800654490789
.79874728123347
.80596405267715
.80024510622025
.79180282354355
.81290851036708
.80787036816279
.80147059758504
.81236384312312
.79697712262472
.80623638629913
.80691721041997
.80215140183767
.79888345797857
.80555554231008
.80010892947515
.80936819314957
.80460238456726
.80514705181122
.80460240443548
.80855121215185
.80405773719152
.79180284341176
.80051741997401
.78867101669312
.80501089493434
.80119826396306
.80024508635203
.79847494761149
.8114106853803
.79153050978978
.79684096574783
.80351306994756
.79997277259827
.79207515716553
.81168299913406
.80106208721797
.8018790880839
.8123638232549
.79888345797857
.79629629850388
.80351306994756
.82026141881943
.80732570091883
.79616012175878
.80610022942225
.8126361767451
.80623638629913
.81454249223073
.81522331635157
.79507078727086
.81495098272959
.80787036816279
.80460238456726
.80923201640447
.80718954404195
.79956426223119
.80814270178477
.79970043897629
.82012528181076
.81345315774282
.8054193854332
.84232024351756
.81535947322845
.80337689320246
.80678103367488
.81549563010534
.79207517703374
.80160675446192
.80405773719152
.79752178986867
.8054193854332
.81222764650981
.80501089493434
.80691721041997
.81318084398905
.79438998301824
.80010890960693
.80977670351664
.7935729821523
.79806645711263
.80392156044642
.80964052677155
.79833879073461
.8114106853803
.79806645711263
.80010892947515
.82094226280848
.79847494761149
.81045750776927
.81154684225718
.78690085808436
.80283224582672
.81685731808345
.80324073632558
.80269606908162
.81236384312312
.80255991220474
.80991286039352
.81644882758458
.79561547438304
.81631265083949
.81522331635157
.80133442083995
.80078975359599
.80255991220474
.81549564997355
.81331698099772
.81181917587916
.81944443782171
.7937091588974
.80746185779572
.81059370438258
.82952070236206
.80119826396306
.80787038803101
.79888343811035
.81168299913406
.80814270178477
.7958877881368
.80501089493434
.8114106853803
.79929192860921
.8137254913648
.81726578871409
.8029684027036
.79874726136525
.80514707167943
.80174293120702
.79983659585317
.81100217501322
.79793028036753
.80215142170588
.82053377230962
.79330064853032
.79833877086639
.81944443782171
.79697712262472
.80977668364843
.79983661572138
.79656861225764
.80147057771683
.78976035118103
.79084966580073
.79684094587962
.81141066551208
.80201524496078
.80065359671911
.81154684225718
.80378540356954
.81930828094482
.84381808837255
.81072986125946
.81726578871409
.81821894645691
.81399782498678
.80473856131236
.81304466724396
.80909585952759
.81209148963292
.8114106853803
.79697712262472
.80174293120702
.8126361767451
.80991286039352
.80242373545965
.8029684027036
.80909585952759
.79915575186412
.81209150950114
.80773419141769
.8018790880839
.80269608894984
.80909585952759
.79752180973689
.79847492774328
.80650871992111
.8018790880839
.79221133391062
.80787036816279
.81018517414729
.80106210708618
.83033768335978
.79289215803146
.79561545451482
.80950435002645
.79466231664022
.79724945624669
.80324073632558
.79438996315002
.80541940530141
.80446622769038
.80215142170588
.81086599826813
.81413398186366
.79724945624669
.8103213707606
.8090958793958
.8043300708135
.80038126309713
.80174293120702
.80991284052531
.8206699291865
.83537582556407
.84749456246694
.8123638232549
.80392156044642
.80351308981578
.80473858118057
.81318082412084
.81290849049886
.80174293120702
.80787036816279
.80827887852987
.81018517414729
.80964052677155
.80555556217829
.8114106853803
.80582789580027
.79411764939626
.80024510622025
.80364924669266
.79983659585317
.80010892947515
.81086603800456
.79888343811035
.80501089493434
.80174291133881
.81413398186366
.80283224582672
.8041938940684
.81903594732285
.80242375532786
.80841501553853
.81835512320201
.79561547438304
.80473856131236
.81181915601095
.79888343811035
.79874728123347
.80433005094528
.80092593034108
.7958877881368
.80909583965937
.79030501842499
.80010892947515
.81222766637802
.80718954404195
.79534316062927
.80378540356954
.8040577173233
.80051741997401
.80827887852987
.80623638629913
.79929194847743
.80378540356954
.79997275273005
.80446624755859
.81658496459325
.81467864910762
.80147059758504
.81263615687688
.80160673459371
.80269606908162
.81427015860875
.79779410362244
.80255991220474
.80324073632558
.78867101669312
.80187906821569
.81808278958003
.80718954404195
.80691721041997
.81277233362198
.80351308981578
.80555556217829
.81549564997355
.80364922682444
.80664485692978
.81903592745463
.80514705181122
.80705338716507
.80446622769038
.80814270178477
.8065087000529
.81508715947469
.80201524496078
.79942810535431
.8043300708135
.81985294818878
.80596405267715
.80678105354309
.81032135089238
.80255991220474
.80773421128591
.80705338716507
.79779412349065
.79997277259827
.81154684225718
.80364922682444
.79779410362244
.81045752763748
.79411762952805
.8054193854332
.80909583965937
.79929192860921
.8029684027036
.80964052677155
.80092593034108
.80392158031464
.81100217501322
.79425382614136
.79398147265116
.80868734916051
.79261982440948
.80623638629913
.80964052677155
.80364924669266
.80392156044642
.79942810535431
.80882354577382
.80147059758504
.80501089493434
.80024510622025
.79874726136525
.80133442083995
.80051743984222
.81195533275604
.80582787593206
.80119824409485
.80392158031464
.80977670351664
.80582787593206
.80201524496078
.81781045595805
.80841503540675
.79997275273005
.80610020955404
.81100219488144
.8148148059845
.81141066551208
.81427015860875
.81386164824168
.81290849049886
.8126361767451
.84749454259872
.8065087000529
.80977670351664
.81576796372732
.81658496459325
.8135893146197
.79942810535431
.80051743984222
.81889979044596
.80787036816279
.80855119228363
.82012528181076
.80868736902873
.80405773719152
.8114106853803
.80228757858276
.8101851940155
.81032135089238
.79425382614136
.80446622769038
.81195533275604
.80664485692978
.80950435002645
.80133442083995
.80078975359599
.80977668364843
.81141066551208
.80800652503967
.80228757858276
.83033768335978
.80364924669266
.79588780800502
.81835510333379
.81508715947469
.81617647409439
.8112745086352
.79629629850388
.7937091588974
.80964050690333
.8007897734642
.80460240443548
.8103213707606
.80324073632558
.80773421128591
.80242375532786
.79030501842499
.80650871992111
.8101851940155
.80718954404195
.80174291133881
.8018790880839
.80078975359599
.80038126309713
.81386166810989
.79411762952805
.79942810535431
.81781043608983
.80296842257182
.80650871992111
.80678103367488
.80596405267715
.80827887852987
.82325706879298
.80078975359599
.8148148059845
.80160675446192
.81154682238897
.81032135089238
.80269606908162
.81277233362198
.79479849338531
.80814270178477
.81195535262426
.80078975359599
.79929192860921
.81154684225718
.80664485692978
.80392156044642
.80705338716507
.79861110448837
.80473856131236
.81154684225718
.79929194847743
.80514707167943
.81944443782171
.80827885866165
.8041938940684
.81195533275604
.80950435002645
.79929194847743
.8184912999471
.80133442083995
.80174291133881
.81086601813634
.80201524496078
.80092593034108
.79752178986867
.80310455958048
.79616014162699
.81563182671865
.8052832086881
.80215142170588
.81304466724396
.79929194847743
.8043300708135
.81072984139125
.80433005094528
.80283222595851
.80147057771683
.79289215803146
.80296842257182
.80882352590561
.79793028036753
.80174291133881
.80814270178477
.80187906821569
.80147057771683
.81930828094482
.80228757858276
.79942810535431
.80555556217829
.79779412349065
.80010892947515
.8090958793958
.80283224582672
.80977668364843
.80732572078705
.81794663270315
.81454249223073
.81032135089238
.82502724726995
.80446622769038
.79970043897629
.81889979044596
.81004901727041
.81331700086594
.81767429908117
.81045750776927
.82012528181076
.82652503252029
.80610022942225
.80201524496078
.8137254913648
.80596403280894
.80868736902873
.80895970265071
.80841503540675
.81072984139125
.80650871992111
.80746185779572
.80228757858276
.81889979044596
.8054193854332
.84395424524943
.82475489377975
.82053377230962
.8125
.82148693005244
.81631263097127
.83210786183675
.81971677144368
.81399782498678
.80895970265071
.8242102265358
.80092593034108
.81032135089238
.81712963183721
.8031045794487
.80392156044642
.81740194559097
.80637256304423
.80569171905518
.81617647409439
.80215142170588
.80664487679799
.81427015860875
.81304466724396
.82162308692932
.82339324553808
.80487471818924
.81277233362198
.8126361767451
.81086601813634
.83033768335978
.81876363356908
.81045752763748
.81209150950114
.8159041206042
.82434640328089
.8148148059845
.80814268191655
.8184912999471
.79874726136525
.80378540356954
.80473856131236
.81318082412084
.81508713960648
.81086599826813
.78935186068217
.80364922682444
.80405775705973
.80106208721797
.79861110448837
.80174291133881
.80664487679799
.8007897734642
.80364922682444
.79806645711263
.80296842257182
.81726580858231
.80936819314957
.79711329936981
.81549563010534
.80324073632558
.80255993207296
.81072984139125
.79629629850388
.8148148059845
.8103213707606
.8114106853803
.81141066551208
.81849128007889
.79180282354355
.80936819314957
.81821896632512
.79547931750615
.80991286039352
.81971677144368
.8218954205513
.8126361767451
.81535949309667
.80868736902873
.80623640616735
.81917210419973
.79820261398951
.80718954404195
.81808278958003
.80582787593206
.81250001986821
.81427015860875
.80596405267715
.8101851940155
.81794661283493
.8054193854332
.81576798359553
.8137254913648
.80841503540675
.80596403280894
.80950435002645
.81576796372732
.8114106853803
.81004901727041
.80964052677155
.80283224582672
.80977668364843
.81644880771637
.80650871992111
.80909585952759
.81658496459325
.81100217501322
.81290849049886
.80991284052531
.80909585952759
.8054193854332
.81495098272959
.80868734916051
.80255989233653
.8125
.81304466724396
.80882352590561
.80555554231008
.80078975359599
.80460240443548
.84694987535477
.80092593034108
.80460238456726
.8054193854332
.7958877881368
.81059368451436
.81726578871409
.83306099971135
.81563180685043
.82679738601049
.81222768624624
.80623638629913
.81345317761103
.8135893146197
.81535947322845
.81318082412084
.80446622769038
.81903594732285
.8054193854332
.79942812522252
.81835512320201
.81753812233607
.80582787593206
.81072984139125
.82012526194255
.81563180685043
.82720587650935
.81004903713862
.80868736902873
.8075980146726
.81304466724396
.81440631548564
.82189544041951
.82393791278203
.8123638232549
.80160675446192
.81018517414729
.82053377230962
.82189544041951
.81522331635157
.82352942228317
.81358933448792
.81399782498678
.81998910506566
.81781045595805
.80814270178477
.82638889551163
.8114106853803
.81427015860875
.8041938940684
.80732570091883
.80923201640447
.81263615687688
.80855119228363
.79997277259827
.80691721041997
.81018517414729
.81440631548564
.81141066551208
.82298475503922
.84926470120748
.82175928354263
.81604029734929
.82652507225672
.82475489377975
.81386166810989
.82053377230962
.81862745682398
.80610020955404
.80691719055176
.8174019853274
.81154684225718
.81535949309667
.81726580858231
.81072984139125
.82026143868764
.81467864910762
.81726580858231
.81086599826813
.81740196545919
.80991284052531
.81331698099772
.82121461629868
.82026143868764
.82625271876653
.83905227979024
.81998910506566
.83442266782125
.82870370149612
.83047386010488
.83605662981669
.8146786292394
.80800652503967
.81508715947469
.82543573776881
.81808276971181
.8278867204984
.8137254913648
.83319717645645
.82175926367442
.82066994905472
.81781045595805
.81617647409439
.81576798359553
.8208061059316
.82094226280848
.81903594732285
.81495098272959
.82393791278203
.8217592438062
.82529956102371
.86397057771683
.82162308692932
.82366557916005
.82189544041951
.8278867204984
.82516338427862
.82135077317556
.82421024640401
.83864378929138
.82026143868764
.8312908411026
.83006536960602
.81290849049886
.8325163324674
.82434640328089
.81644880771637
.82652505238851
.83156317472458
.82516340414683
.83156317472458
.83115468422572
.81781045595805
.82584420839945
.8314270178477
.81277233362198
.82475491364797
.82502724726995
.82979303598404
.82039759556452
.83306099971135
.82407406965892
.82802287737528
.83101852734884
.82448256015778
.83673747380575
.84749456246694
.84613291422526
.84586056073507
.8560729821523
.84940087795258
.85471131404241
.85580066839854
.87145970265071
.87690633535385
.91258170207341
.91938998301824
.93940633535385
.9882897734642
1.0065359671911
1.0381263494492
1.0649509827296
1.1056644916534
1.1230936845144
1.1568627357483
1.1891339619954
1.2203159332275
1.2474128405253
1.2941176891327
1.3115468422572
1.3397331237793
1.3732298612595
1.3916122118632
1.4286492665609
1.4654139280319
1.488970597585
1.5351306994756
1.5694444576899
1.5861928065618
1.611519575119
1.6501906315486
1.6868191560109
1.6952614386876
1.7376089493434
1.7378812630971
1.7577614386876
1.7809096177419
1.7742374340693
1.8041938940684
1.8466775417328
1.8672385613124
1.8909313678741
1.9184368451436
1.9232025941213
1.9459422429403
1.9773965279261
1.9769880374273
2.0039488474528
2.0242373943329
2.0177014668783
2.0329520702362
2.0426197846731
2.0345860322316
2.0333605607351
2.0314542452494
2.0230119625727
2.004629611969
2.0077614386876
1.9851579666138
1.9771242141724
1.9523420731227
1.9385892947515
1.9102668364843
1.9173475106557
1.8853485981623
1.8654683828354
1.842320283254
1.8191721041997
1.795615474383
1.7943900028865
1.7648420333862
1.7333877881368
1.7235838572184
1.7069716850917
1.6651688416799
1.6476035118103
1.6271786689758
1.5804738601049
1.5509259303411
1.5209695100784
1.4876089493434
1.4507080713908
1.4320533672969
1.3864379326502
1.3728213310242
1.3504902124405
1.3116830190023
1.2931644916534
1.2753267685572
1.2384259303411
1.2201797564824
1.2205882469813
1.1861383517583
1.1727941036224
1.1583605607351
1.1345315774282
1.1292211214701
1.131399790446
1.0973584254583
1.0980391899745
1.0921841065089
1.0638616482417
1.0570533672969
1.0653594732285
1.0427559614182
1.0322712262472
1.0254629453023
1.0151143868764
1.0081699291865
1.0027232964834
.97235838572184
.97208605209986
.97126905123393
.94866559902827
.93818082412084
.93504901727041
.90754355986913
.90209696690241
.8820806145668
.87772329648336
.87064270178477
.89937365055084
.85280499855677
.84449891249339
.84694989522298
.83210784196854
.82284857829412
.83496733506521
.83006536960602
.82352942228317
.83265250921249
.83442266782125
.82761438687642
.81644880771637
.81849128007889
.81781047582626
.82679736614227
.82965685923894
.82053377230962
.81808278958003
.83156319459279
.81399782498678
.81903594732285
.82203157742818
.82761436700821
.82039761543274
.82557189464569
.80923203627268
.81617647409439
.81658496459325
.82380173603694
.82475489377975
.82380173603694
.81290849049886
.81930826107661
.81386166810989
.82298475503922
.80596405267715
.83101850748062
.80882354577382
.81903594732285
.81808278958003
.81331700086594
.81658496459325
.82026143868764
.80895968278249
.81971677144368
.82325706879298
.81631263097127
.81195533275604
.81699347496033
.80855119228363
.81767429908117
.82570807139079
.8126361767451
.80773421128591
.80868734916051
.8032407561938
.81549564997355
.81495098272959
.81277235349019
.80392158031464
.8125
.80296842257182
.80950435002645
.81808278958003
.81318082412084
.81576796372732
.82434640328089
.81304464737574
.80746187766393
.81358933448792
.82897605498632
.80106208721797
.81440631548564
.81862743695577
.81522331635157
.80827887852987
.81508711973826
.81386164824168
.81522331635157
.81889979044596
.81563180685043
.80623638629913
.81318082412084
.81876361370087
.80964052677155
.81998910506566
.79697714249293
.81168299913406
.81985294818878
.8112745086352
.80106208721797
.81985294818878
.80433009068171
.81059368451436
.80637256304423
.80051741997401
.80405773719152
.81236384312312
.80814270178477
.81004901727041
.81113833189011
.80242373545965
.80964052677155
.81154684225718
.81345315774282
.80487471818924
.81685731808345
.81699345509211
.81168299913406
.81604031721751
.80582787593206
.80078975359599
.80868736902873
.7935729821523
.81195533275604
.81250001986821
.8029684027036
.81753812233607
.81467864910762
.79983661572138
.80650871992111
.81617645422618
.80759803454081
.80759805440903
.81045752763748
.81712963183721
.83455882469813
.81535949309667
.80514705181122
.80555554231008
.80596405267715
.81699345509211
.80923203627268
.81263615687688
.81672114133835
.80405773719152
.8137254913648
.81712963183721
.81045750776927
.80637254317602
.81876361370087
.80460240443548
.8112745086352
.81535947322845
.80038128296534
.80991286039352
.82216775417328
.80582789580027
.80895968278249
.81631263097127
.8029684027036
.80895970265071
.80895970265071
.80746187766393
.81617647409439
.80487471818924
.79084966580073
.8112745086352
.80392158031464
.80051741997401
.79384531577428
.81358933448792
.80038126309713
.80255993207296
.8018790880839
.80392158031464
.80923201640447
.80977668364843
.80010892947515
.80174291133881
.80977670351664
.79833877086639
.80909583965937
.81821896632512
.81535947322845
.81454247236252
.81168299913406
.80855119228363
.81331700086594
.81658498446147
.80147057771683
.80092593034108
.82135077317556
.79833879073461
.80541940530141
.8112745086352
.81304466724396
.81495098272959
.81644880771637
.81181919574738
.81331700086594
.81195535262426
.81794661283493
.81604029734929
.82421024640401
.82039759556452
.80814268191655
.81889979044596
.81141066551208
.81263615687688
.81427015860875
.82352942228317
.80678103367488
.80882352590561
.8220315972964
.81168299913406
.81440631548564
.8137254913648
.80610022942225
.80473856131236
.81508713960648
.80759803454081
.80868734916051
.81440629561742
.81181917587916
.8208061059316
.81971677144368
.8052832086881
.80637254317602
.8135893146197
.80092593034108
.80596405267715
.80610020955404
.79234749078751
.80855121215185
.80678105354309
.81154682238897
.80555556217829
.81590414047241
.8112745086352
.81168299913406
.81127448876699
.79697712262472
.78962419430415
.80147059758504
.7926198442777
.80174291133881
.80991284052531
.80119824409485
.80051741997401
.80773419141769
.79983659585317
.80773421128591
.80473856131236
.79793030023575
.80065357685089
.80119824409485
.79915575186412
.79697712262472
.805147031943
.79003266493479
.79616014162699
.79180284341176
.80637256304423
.79125817616781
.79970043897629
.80732570091883
.79915577173233
.81004899740219
.8112745086352
.8018790880839
.79289213816325
.80936819314957
.79997277259827
.80405773719152
.85130719343821
.79643245538076
.79697712262472
.81059366464615
.80759803454081
.81045752763748
.80569171905518
.78989650805791
.80787036816279
.80882354577382
.79765794674555
.80065359671911
.81100219488144
.79507080713908
.79616012175878
.80405773719152
.7971132795016
.81277231375376
.81004903713862
.79697714249293
.80800652503967
.82502724726995
.7982025941213
.81617647409439
.82611656188965
.81740196545919
.82271242141724
.82720587650935
.80364924669266
.81821896632512
.81930828094482
.81508713960648
.82502722740173
.81672114133835
.80691721041997
.81318082412084
.82026143868764
.80487473805745
.80991286039352
.81617645422618
.81032135089239
.81617645422618
.82380173603694
.81508715947469
.82012528181076
.81753814220428
.80923201640447
.8043300708135
.79970043897629
.81767429908117
.81168299913406
.81236384312312
.81903594732285
.7957516113917
.81427015860875
.81549564997355
.81304466724396
.80555554231008
.80460238456726
.8101851940155
.80923201640447
.82094226280848
.79888341824214
.80827885866165
.80718954404195
.80010892947515
.79684096574783
.79970043897629
.80678105354309
.79643243551254
.80936819314957
.80446622769038
.80596403280894
.81672112147013
.80065357685089
.80650871992111
.82162308692932
.81658496459325
.82244008779526
.81930830081304
.81726578871409
.84191177288691
.81576798359553
.79997277259827
.80732572078705
.81059368451436
.79847496747971
.80296842257182
.81821894645691
.81427015860875
.81467864910762
.82856752475103
.80759803454081
.81971677144368
.82135077317556
.80664487679799
.81672114133835
.83278868595759
.79942810535431
.81045750776927
.81658496459325
.80324071645737
.79929192860921
.81617647409439
.80255991220474
.81290849049886
.80868736902873
.79684094587962
.79057735204697
.81563180685043
.8125
.80882352590561
.80637254317602
.81617647409439
.80501089493434
.80487473805745
.81277231375376
.8043300708135
.82230391105016
.82734205325445
.79684096574783
.80732572078705
.81427015860875
.8018790880839
.79507080713908
.80242375532786
.80065357685089
.80555556217829
.81113835175832
.79643245538076
.80378538370132
.80787034829458
.80255991220474
.80283224582672
.81318082412084
.8007897734642
.80569171905518
.81072984139125
.80446624755859
.80541940530141
.81685729821523
.79588780800502
.80637254317602
.80936819314957
.79765794674555
.80691721041997
.80964052677155
.80051741997401
.79765794674555
.8126361767451
.79724945624669
.79411764939626
.80759805440903
.80296842257182
.79970043897629
.79847492774328
.79207515716553
.79384531577428
.80201524496078
.7958877881368
.79901961485545
.80038126309713
.79874728123347
.80364924669266
.79833879073461
.78594772020976
.79112199942271
.80841503540675
.7854030529658
.80051743984222
.79384531577428
.80038126309713
.79044117530187
.83374184370041
.802015264829
.79752177000046
.79752177000046
.81481482585271
.80569171905518
.80882352590561
.81086599826813
.8018790880839
.81113833189011
.80610020955404
.80787038803101
.80610020955404
.80691721041997
.79302831490835
.80746187766393
.81154682238897
.802015264829
.7958877881368
.80759803454081
.80160675446192
.81032135089238
.80596405267715
.7960239648819
.80487471818924
.8043300708135
.79711329936981
.80051743984222
.80664485692978
.7960239648819
.81631263097127
.80160675446192
.79752178986867
.80242373545965
.79793028036753
.79901961485545
.80895968278249
.81181917587916
.79997275273005
.80215142170588
.80460238456726
.79084966580073
.7971132795016
.79724943637848
.79793028036753
.80174293120702
.81032135089238
.80283222595851
.80514705181122
.80773419141769
.80337689320246
.81222766637802
.80827885866165
.80746185779572
.79806645711263
.81767429908117
.78785401582718
.79139433304469
.79438996315002
.79629629850388
.7947984735171
.79425382614136
.80038126309713
.78785403569539
.78948801755905
.79847494761149
.7854030529658
.78717321157455
.79166666666667
.78145426511765
.78758170207342
.80473856131236
.7781862616539
.77668845653534
.79847494761149
.80623638629913
.81249998013179
.81862745682398
.80841503540675
.80923201640447
.82148693005244
.81535947322845
.80623638629913
.81631263097127
.8040577173233
.81318082412084
.82325706879298
.80038126309713
.80623636643092
.80991286039352
.80242375532786
.8054193854332
.80773421128591
.79752178986867
.79575163125992
.81059368451436
.81113833189011
.80610020955404
.80718954404195
.80215142170588
.80664487679799
.79861110448837
.78839868307114
.80664487679799
.80065359671911
.79153050978978
.80010892947515
.80228757858276
.80446624755859
.79915577173233
.82094226280848
.80119826396306
.80392156044642
.81753812233607
.79752178986867
.80923203627268
.80977670351664
.78935186068217
.79833879073461
.79847492774328
.79929192860921
.81413398186366
.80827887852987
.81794661283493
.79738561312358
.80718952417374
.81440631548564
.80133442083995
.8312908411026
.80324073632558
.80405773719152
.80936821301778
.8112745086352
.80351306994756
.80610020955404
.81154684225718
.80106208721797
.80283224582672
.80637256304423
.80092591047287
.80555554231008
.7947984735171
.79411764939626
.7960239648819
.81699347496033
.79302833477656
.80501089493434
.82666122913361
.81358933448792
.81767429908117
.8218954205513
.80650871992111
.81549563010534
.8123638232549
.80582787593206
.80501087506612
.81318082412084
.82979303598404
.81495098272959
.81889979044596
.80596405267715
.80528322855632
.81345317761103
.80923201640447
.80296842257182
.81495098272959
.79534314076106
.80569171905518
.81072984139125
.80882352590561
.80705336729685
.8137254913648
.80623638629913
.80419391393661
.81086601813634
.80555556217829
.80596407254537
.8455882469813
.82026143868764
.80746187766393
.79575163125992
.81277233362198
.79398147265116
.80732570091883
.82066994905472
.80269606908162
.81467864910762
.8148148059845
.80895970265071
.81740194559097
.82216775417328
.79711329936981
.80773419141769
.81440631548564
.80255989233653
.79970043897629
.81004901727041
.80269608894984
.80024510622025
.81004901727041
.80038126309713
.81004903713862
.80501087506612
.80773421128591
.80446620782216
.80419391393661
.80514705181122
.80460240443548
.82053377230962
.79234749078751
.80514707167943
.80691721041997
.79942808548609
.80746189753215
.80514705181122
.79752178986867
.81209150950114
.80065361658732
.80501089493434
.80800652503967
.82012528181076
.80623636643092
.80895968278249
.81685729821523
.80092591047287
.8135893146197
.81263615687688
.80610022942225
.79983659585317
.84613289435705
.79997275273005
.8114106853803
.81440631548564
.79874728123347
.80936819314957
.81072984139125
.80827887852987
.79901961485545
.80664489666621
.79820261398951
.805147031943
.8007897734642
.81631263097127
.8054193854332
.80855119228363
.80147057771683
.80269608894984
.80242375532786
.82393791278203
.80868734916051
.81413398186366
.80446622769038
.80732572078705
.8146786292394
.82529958089193
.7971132795016
.80378540356954
.80514707167943
.79561545451482
.79901961485545
.80718954404195
.79507080713908
.80487473805745
.80446622769038
.81045752763748
.80977668364843
.82121461629868
.80868736902873
.80773419141769
.80977668364843
.80623638629913
.80446624755859
.81331698099772
.80419391393661
.79901961485545
.81576796372732
.80255991220474
.80473856131236
.80691721041997
.79616012175878
.79547929763794
.8031045794487
.79561545451482
.80596405267715
.81072986125946
.79670478900274
.81440631548564
.80923203627268
.79997277259827
.80242373545965
.82121459643046
.80964054663976
.81263615687688
.80855121215185
.7960239648819
.8041938940684
.80855121215185
.8007897734642
.80378540356954
.80555556217829
.80405773719152
.80228757858276
.80405773719152
.80746185779572
.80160675446192
.79629629850388
.80759803454081
.80759805440903
.80024510622025
.79806643724442
.80119826396306
.81113835175832
.80814268191655
.78458605209986
.79057733217875
.79806643724442
.80010890960693
.80337689320246
.81331698099772
.79588780800501
.80746187766393
.8112745086352
.80501089493434
.81100217501322
.8112745086352
.8054193854332
.80242373545965
.81508715947469
.79806645711263
.7960239648819
.80977670351664
.80106208721797
.81100217501322
.81481482585271
.80678105354309
.79888343811035
.81318084398905
.80174291133881
.8041938940684
.82352942228317
.80569171905518
.80147059758504
.80610020955404
.81113835175832
.80487471818924
.8184912999471
.80310455958049
.81304464737574
.81481482585271
.81413398186366
.79956426223119
.81181917587916
.79901959498723
.80936817328135
.8134531378746
.80814272165298
.81100219488144
.81168301900228
.81222766637802
.8054193854332
.81508713960648
.80364924669266
.81181917587916
.80078975359599
.81331700086594
.80160675446192
.81358933448792
.81808280944824
.80746185779572
.8031045794487
.80787036816279
.80106206734975
.80746187766393
.81590414047241
.80242375532786
.80269606908162
.80364924669266
.81903594732285
.80133442083995
.81345315774282
.79806645711263
.8054193854332
.80555556217829
.7960239648819
.80732570091883
.79915577173233
.79970041910807
.79697714249293
.80882354577382
.79248364766439
.79425380627314
.81440633535385
.79180282354355
.79929192860921
.81549564997355
.80555556217829
.80242375532786
.80759803454081
.79997277259827
.80038126309713
.80746185779572
.80065357685089
.80514707167943
.8148148059845
.80242375532786
.80582787593206
.80977668364843
.81277233362198
.79915575186412
.81767429908117
.80855119228363
.8052832086881
.81862743695577
.80242373545965
.81277233362198
.81304464737574
.80514707167943
.80092593034109
.81154684225718
.80351306994756
.81222764650981
.81045752763748
.80882352590561
.80487471818924
.81168301900228
.80010892947515
.8125
.80950436989466
.81794663270315
.80691721041997
.81318082412084
.80147057771683
.80010892947515
.80841501553853
.81318080425262
.79575163125992
.8029684027036
.8174019853274
.80759803454081
.80664487679799
.82325708866119
.81917212406794
.81290849049886
.8137254913648
.80501089493434
.81059368451436
.81181917587916
.8054193854332
.81004901727041
.81345317761103
.79779412349065
.80473856131236
.80487473805745
.79970043897629
.79561547438304
.81740194559097
.80174293120702
.80868734916051
.80405773719152
.80787036816279
.81277231375376
.81399782498678
.79929192860921
.8090958793958
.81576798359553
.79820261398951
.8029684027036
.80392156044642
.79942812522252
.80215142170588
.80119826396306
.80514705181122
.80378540356954
.81644880771637
.79084966580073
.80024508635203
.80773421128591
.79384529590607
.79670478900274
.80147057771683
.80364924669266
.80119824409485
.80637254317602
.80078975359599
.80147059758504
.80678105354309
.81549564997355
.81113835175832
.79793028036753
.81154684225718
.79997275273005
.8040577173233
.80528322855632
.79833879073461
.80487473805745
.80514705181122
.79970043897629
.80623636643092
.81222766637802
.8031045794487
.80065359671911
.80174293120702
.79888345797857
.81631263097127
.80936821301778
.80773421128591
.81399782498678
.81590414047241
.8032407561938
.80364922682444
.81672114133835
.80201524496078
.8184912999471
.81821894645691
.79221131404241
.81889977057775
.81345317761103
.80814270178477
.81100217501322
.81726580858231
.79261982440948
.80732572078705
.80705336729685
.80732572078705
.81644880771637
.8054193854332
.80065359671911
.80814268191655
.80446622769038
.8043300708135
.80623638629913
.81386164824168
.80446622769038
.81045750776927
.80855119228363
.80718956391017
.81168299913406
.81535947322845
.80705336729685
.8135893146197
.81767429908117
.80460238456726
.81767429908117
.80460238456726
.80528322855632
.80160673459371
.80895970265071
.81386164824168
.80909585952759
.81072984139125
.81195533275604
.80759803454081
.80528322855632
.82775054375331
.8101851940155
.80827885866165
.81821894645691
.80923203627268
.81045752763748
.80773419141769
.81181917587916
.8054193854332
.80882352590561
.80446622769038
.80691723028819
.80923201640447
.79970043897629
.8123638232549
.8065087000529
.80065359671911
.80010892947515
.8029684027036
.80759803454081
.80514705181122
.80487473805745
.79793028036753
.8031045794487
.81631265083949
.80024508635203
.81236384312312
.80664489666621
.80814270178477
.79983659585317
.81998910506566
.84000543753306
.82162310679754
.81590414047241
.79656861225764
.81454247236252
.81467864910762
.79942810535431
.80106208721797
.81168301900228
.80541940530141
.81032135089239
.81808280944824
.80678103367488
.80283224582672
.80555554231008
.79793026049932
.80065357685089
.80718954404195
.7949346502622
.80419391393661
.82230393091838
.79180282354355
.80868734916051
.78676472107569
.81059368451436
.78921566406886
.80187910795212
.8052832086881
.80038126309713
.80092593034109
.80814270178477
.80106208721797
.80364924669266
.80119826396306
.79861112435659
.784177561601
.80255989233653
.78907950719198
.79139433304469
.79956426223119
.7960239648819
.77995644013087
.79670480887095
.78799019257228
.82230391105016
.78458605209986
.79016884167989
.78907952706019
.79643247524897
.79330064853032
.77627996603648
.78581154346466
.76252722740173
.76838235060374
.7689270178477
.76348038514455
.78417754173279
.77328429619471
.76089324553808
.76157408952713
.7593954205513
.77859477202098
.74645970265071
.76606754461924
.74945531288783
.7440087000529
.75381263097127
.72807735204697
.72780499855677
.73842591047287
.72344770034154
.71895426511765
.72726035118103
.71064813931783
.69498912493388
.71732026338577
.68572986125946
.68246187766393
.6685729821523
.66217321157455
.66448801755905
.66489652792613
.63902505238851
.63262526194255
.61478757858276
.58210784196854
.66026689608892
0
0
0
0
0
0
0
0
0
0
0
0
0
0
0
0
0
0
0
0
0
0
0
0
0
0
0
0
0
0
0
0
0
0
0
0
0
0
0
0
0
0
0
0
0
0
0
0
0
0
0
0
0
0
0
0
0
0
0
0
0
0
0
0
0
0
0
0
0
0
0
0
0
0
0
0
0
0
0
0
0
0
0
0
0
0
0
0
0
0
0
0
0
0
0
0
0
0
0
0
0
0
0
0
0
0
0
0
0
0
0
0
0
0
0
0
0
0
0
0
0
0
0
0
0
0
0
0
0
0
0
0
0
0
0
0
0
0
0
0
0
0
0
0
0
0
0
0
0
0
0
0
0
0
0
0
0
0
0
0
0
0
0
0
0
0
0
0
0
0
0
0
0
0
0
0
0
0
0
0
0
0
0
0
0
0
0
0
0
0
0
0
0
0
0
0
0
0
0
0
0
0
0
0
0
0
0
0
0
0
0
0
0
0
0
0
0
0
0
0
0
0
0
0
0
0
0
0
0
0
0
0
0
0
0
0
0
0
0
0
0
0
0
0
0
0
0
0
0
0
0
0
0
0
0
0
0
0
0
0
0
0
0
0
0
0
0
0
0
0
0
0
0
0
0
0
0
0
0
0
0
0
0
0
0
0
0
0
0
0
0
0
0
0
0
0
0
0
0
0
0
0
0
0
0
0
0
0
0
0
0
0
0
0
0
0
0
0
0
0
0
0
0
0
0
0
0
0
0
0
0
0
0
0
0
0
0
0
0
0
0
0
0
0
0
0
0
0
0
0
0
0
0
0
0
0
0
0
0
0
0
0
0
0
0
0
0
0
0
0
0
0
0
0
0
0
0
0
0
0
0
0
0
0
0
0
0
0
0
0
0
0
0
0
0
0
0
0
0
0
0
0
0
0
0
0
0
0
0
0
0
0
0
0
0
0
0
0
0
0
0
0
0
0
0
0
0
0
0
0
0
0
0
0
0
0
0
0
0
0
0
0
0
0
0
0
0
0
0
0
0
0
0
0
0
0
0
0
0
0
0
0
0
0
0
0
0
0
0
0
0
0
0
0
0
0
0
0
0
0
0
0
0
0
0
0
0
0
0
0
0
0
0
0
0
0
0
0
0
0
0
0
0
0
0
0
0
0
0
0
0
0
0
0
0
0
0
0
0
0
0
0
0
0
0
0
0
0
0
0
0
0
0
0
0
0
0
0
0
0
0
0
0
0
0
0
0
0
0
0
0
0
0
0
0
0
0
0
0
0
0
0
0
0
0
0
0
0
0
0
0
0
0
0
0
0
0
0
0
0
0
0
0
0
0
0
0
0
0
0
0
0
0
0
0
0
0
0
0
0
0
0
0
0
0
0
0
0
0
0
0
0
0
0
0
0
0
0
0
0
0
0
0
0
0
0
0
0
0
0
0
0
0
0
0
0
0
0
0
0
0
0
0
0
0
0
0
0
0
0
0
0
0
0
0
0
0
0
0
0
0
0
0
0
0
0
0
0
0
0
0
0
0
0
0
0
0
0
0
0
0
0
0
0
0
0
0
0
0
0
0
0
0
0
0
0
0
0
0
0
0
0
0
0
0
0
0
0
0
0
0
0
0
0
0
0
0
0
0
0
0
0
0
0
0
0
0
0
0
0
0
0
0
0
0
0
0
0
0
0
0
0
0
0
0
0
0
0
0
0
0
0
0
0
0
0
0
0
0
0
0
0
0
0
0
0
0
0
0
0
0
0
0
0
0
0
0
0
0
0
0
0
0
0
0
0
0
0
0
0
0
0
0
0
0
0
0
0
0
0
0
0
0
0
0
0
0
0
0
0
0
0
0
0
0
0
0
0
0
0
0
0
0
0
0
0
0
0
0
0
0
0
0
0
0
0
0
0
0
0
0
0
0
0
0
0
0
0
0
0
0
0
0
0
0
0
0
0
0
0
0
0
0
0
0
0
0
0
0
0
0
0
0
0
0
0
0
0
0
0
0
0
0
0
0
0
0
0
0
0
0
0
0
0
0
0
0
0
0
0
0
0
0
0
0
0
0
0
0
0
0
0
0
0
0
0
0
0
0
0
0
0
0
0
0
0
0
0
0
0
0
0
0
0
0
0
0
0
0
0
0
0
0
0
0
0
0
0
0
0
0
0
0
0
0
0
0
0
0
0
0
0
0
0
0
0
0
0
0
0
0
0
0
0
0
0
0
0
0
0
0
0
0
0
0
0
0
0
0
0
0
0
0
0
0
0
0
0
0
0
0
0
0
0
0
0
0
0
0
0
0
0
0
0
0
0
0
0
0
0
0
0
0
0
0
0
0
0
0
0
0
0
0
0
0
0
0
0
0
0
0
0
0
0
0
0
0
0
0
0
0
0
0
0
0
0
0
0
0
0
0
0
0
0
0
0
0
0
0
0
0
0
0
0
0
0
0
0
0
0
0
0
0
0
0
0
0
0
0
0
0
0
0
0
0
0
0
0
0
0
0
0
0
0
0
0
0
0
0
0
0
0
0
0
0
0
0
0
0
0
0
0
0
0
0
0
0
0
0
0
0
0
0
0
0
0
0
0
0
0
0
0
0
0
0
0
0
0
0
0
0
0
0
0
0
0
0
0
0
0
0
0
0
0
0
0
0
0
0
0
0
0
0
0
0
0
0
0
0
0
0
0
0
0
0
0
0
0
0
0
0
0
0
0
0
0
0
0
0
0
0
0
0
0
0
0
0
0
0
0
0
0
0
0
0
0
0
0
0
0
0
0
0
0
0
0
0
0
0
0
0
0
0
0
0
0
0
0
0
0
0
0
0
0
0
0
0
0
0
0
0
0
0
0
0
0
0
0
0
0
0
0
0
0
0
0
0
0
0
0
0
0
0
0
0
0
0
0
0
0
0
0
0
0
0
0
0
0
0
0
0
0
0
0
0
0
0
0
0
0
0
0
0
0
0
0
0
0
0
0
0
0
0
0
0
0
0
0
0
0
0
0
0
0
0
0
0
0
0
0
0
0
0
0
0
0
0
0
0
0
0
0
0
0
0
0
0
0
0
0
0
0
0
0
0
0
0
0
0
0
0
0
0
0
0
0
0
0
0
0
0
0
0
0
0
0
0
0
0
0
0
0
0
0
0
0
0
0
0
0
0
0
0
0
0
0
0
0
0
0
0
0
0
0
0
0
0
0
0
0
0
0
0
0
0
0
0
0
0
0
0
0
0
0
0
0
0
0
0
0
0
0
0
0
0
0
0
0
0
0
0
0
0
0
0
0
0
0
0
0
0
0
0
0
0
0
0
0
0
0
0
0
0
0
0
0
0
0
0
0
0
0
0
0
0
0
0
0
0
0
0
0
0
0
0
0
0
0
0
0
0
0
0
0
0
0
0
0
0
0
0
0
0
0
0
0
0
0
0
0
0
0
0
0
0
0
0
0
0
0
0
0
0
0
0
0
0
0
0
0
0
0
0
0
0
0
0
0
0
0
0
0
0
0
0
0
0
0
0
0
0
0
0
0
0
0
0
0
0
0
0
0
0
0
0
0
0
0
0
0
0
0
0
0
0
0
0
0
0
0
0
0
0
0
0
0
0
0
0
0
0
0
0
0
0
0
0
0
0
0
0
0
0
0
0
0
0
0
0
0
0
0
0
0
0
0
0
0
0
0
0
0
0
0
0
0
0
0
0
0
0
0
0
0
0
0
0
0
0
0
0
0
0
0
0
0
0
0
0
0
0
0
0
0
0
0
0
0
0
0
0
0
0
0
0
0
0
0
0
0
0
0
0
0
0
0
0
0
0
0
0
0
0
0
0
0
0
0
0
0
0
0
0
0
0
0
0
0
0
0
0
0
0
0
0
0
0
0
0
0
0
0
0
0
0
0
0
0
0
0
0
0
0
0
0
0
0
0
0
0
0
0
0
0
0
0
0
0
0
0
0
0
0
0
0
0
0
0
0
0
0
0
0
0
0
0
0
0
0
0
0
0
0
0
0
0
0
0
0
0
0
0
0
0
0
0
0
0
0
0
0
0
0
0
0
0
0
0
0
0
0
0
0
0
0
0
0
0
0
0
0
0
0
0
0
0
0
0
0
0
0
0
0
0
0
0
0
0
0
0
0
0
0
0
0
0
0
0
0
0
0
0
0
0
0
0
0
0
0
0
0
0
0
0
0
0
0
0
0
0
0
0
0
0
0
0
0
0
0
0
0
0
0
0
0
0
0
0
0
0
0
0
0
0
0
0
0
0
0
0
0
0
0
0
0
0
0
0
0
0
0
0
0
0
0
0
0
0
0
0
0
0
0
0
0
0
0
0
0
0
0
0
0
0
0
0
0
0
0
0
0
0
0
0
0
0
0
0
0
0
0
0
0
0
0
0
0
0
0
0
0
0
0
0
0
0
0
0
0
0
0
0
0
0
0
0
0
0
0
0
0
0
0
0
0
0
0
0
0
0
0
0
0
0
0
0
0
0
0
0
0
0
0
0
0
0
0
0
0
0
0
0
0
0
0
0
0
0
0
0
0
0
0
0
0
0
0
0
0
0
0
0
0
0
0
0
0
0
0
0
0
0
0
0
0
0
0
0
0
0
0
0
0
0
0
0
0
0
0
0
0
0
0
0
0
0
