.80255991220474
.79820261398951
.80242375532786
.80787036816279
.79302831490835
.79820263385773
.8007897734642
.79833879073461
.83864378929138
.80882352590561
.78703703482946
.78962417443593
.79942808548609
.79370913902919
.79861110448837
.80746187766393
.78989650805791
.80705338716507
.80732572078705
.79806645711263
.79970043897629
.8031045794487
.79738563299179
.80610020955404
.80991284052531
.79997277259827
.80106210708618
.79752178986867
.79547931750615
.80650871992111
.81263615687688
.80569171905518
.80705338716507
.80909585952759
.82012526194255
.7937091588974
.79806643724442
.8101851940155
.79697712262472
.80296842257182
.82080608606338
.8029684027036
.8018790880839
.79942808548609
.80446622769038
.79956426223119
.80337691307068
.80024510622025
.79534314076106
.79738561312358
.79793028036753
.79207515716553
.80514705181122
.7924836675326
.80228757858276
.80895970265071
.80051743984222
.79806643724442
.80868736902873
.7960239648819
.78921568393707
.80664487679799
.7949346502622
.79289217789968
.80473854144414
.79507080713908
.80378540356954
.79901961485545
.80133442083995
.79616012175878
.80855119228363
.79752178986867
.81903594732285
.81699347496033
.80759803454081
.81535947322845
.81045750776927
.80364924669266
.80106208721797
.81467864910762
.79874728123347
.78839868307114
.80514705181122
.78730936845144
.80473856131236
.81168299913406
.79466231664022
.80337691307068
.80923201640447
.79942808548609
.80814270178477
.80106208721797
.79833877086639
.80991286039352
.80746187766393
.81753812233607
.81467864910762
.8031045794487
.80541936556498
.79888345797857
.80637254317602
.80528322855632
.79207517703374
.79547929763794
.81522331635157
.79656863212585
.80283224582672
.81345315774282
.80800652503967
.79697712262472
.80364924669266
.79738563299179
.80119826396306
.80623638629913
.80065359671911
.80950436989466
.81045752763748
.81045750776927
.79847492774328
.81781047582626
.80106208721797
.8114106853803
.79956426223119
.79942812522252
.80936819314957
.81617647409439
.80582787593206
.80433005094528
.81127448876699
.80433005094528
.81195533275604
.81181917587916
.80569171905518
.79561545451482
.79833879073461
.79139433304469
.81154684225718
.80555556217829
.80487471818924
.80827885866165
.81495098272959
.80419391393661
.82148693005244
.81876361370087
.80800654490789
.81781045595805
.81712961196899
.81318082412084
.80732570091883
.81113835175832
.80255991220474
.80392158031464
.81590414047241
.79398147265116
.79684094587962
.8114106853803
.81944445768992
.80555554231008
.80255993207296
.8041938940684
.80269606908162
.80909583965937
.80759803454081
.81018517414729
.80174293120702
.80596405267715
.80147057771683
.80092593034108
.8043300708135
.81345315774282
.79793030023575
.82965685923894
.80964050690333
.81685729821523
.81535947322845
.80569173892339
.80133442083995
.81794663270315
.80855119228363
.81998910506566
.80746187766393
.81440631548564
.8018790880839
.81004901727041
.80759805440903
.81018517414729
.81631263097127
.81045752763748
.81100217501322
.81495096286138
.80895970265071
.79752178986867
.80324073632558
.79534312089284
.81658496459325
.80718954404195
.80610020955404
.81045750776927
.81290851036708
.80201524496078
.80378540356954
.80555554231008
.8018790880839
.80119826396306
.80650871992111
.7935729821523
.80215142170588
.8114106853803
.80623638629913
.80487473805745
.81100217501322
.80460240443548
.80174291133881
.80718954404195
.80664487679799
.80555556217829
.80569171905518
.80964052677155
.80541936556498
.82175926367442
.8101851940155
.80732570091883
.8007897734642
.81032135089238
.80024510622025
.80106208721797
.81018517414729
.7935729821523
.80269606908162
.80855121215185
.79833877086639
.80038126309713
.80446624755859
.8126361767451
.80759803454081
.81604029734929
.81386164824168
.80337691307068
.81917212406794
.79411764939626
.80623638629913
.81358933448792
.8052832086881
.80569171905518
.80814270178477
.79779410362244
.80092593034108
.81304466724396
.80610020955404
.81181915601095
.80964052677155
.80351306994756
.81740196545919
.81889977057775
.80528322855632
.80106210708618
.82039759556452
.80787036816279
.80501089493434
.80936819314957
.80215142170588
.81113835175832
.81712963183721
.81277233362198
.79970043897629
.80337691307068
.7971132795016
.81209150950114
.81032135089238
.8054193854332
.80242375532786
.81590414047241
.80092593034108
.79997275273005
.80895970265071
.79942810535431
.80364922682444
.8040577173233
.81508715947469
.80964050690333
.80977670351664
.81644880771637
.81495098272959
.80895970265071
.81154682238897
.80160675446192
.81631263097127
.8148148059845
.81576796372732
.80746187766393
.81740196545919
.80950435002645
.8041938940684
.81100219488144
.80269606908162
.80092593034109
.81535947322845
.80242373545965
.80569171905518
.81263615687688
.81386166810989
.80596403280894
.80787036816279
.79616014162699
.80010892947515
.81535947322845
.80255993207296
.80964050690333
.81712963183721
.80378540356954
.81535949309667
.82135077317556
.80378538370132
.80024510622025
.8126361767451
.81345315774282
.81004901727041
.81644878784815
.80460238456726
.80909585952759
.81113835175832
.80078975359599
.80378538370132
.81086601813634
.80364922682444
.81032135089238
.80555554231008
.80283222595851
.81290849049886
.81427013874054
.81072984139125
.81004901727041
.82625273863475
.82489107052485
.81086601813634
.81808278958003
.80392158031464
.80678103367488
.81277231375376
.81985294818878
.80487471818924
.80950435002645
.81209150950114
.81059368451436
.80255989233653
.81032135089239
.79888343811035
.80637256304423
.81454247236252
.8065087000529
.80855119228363
.81181917587916
.79929194847743
.80514705181122
.81113835175832
.80065357685089
.80010892947515
.81086599826813
.79302833477656
.81535949309667
.81617645422618
.80242375532786
.80078975359599
.80650871992111
.79139433304469
.79166668653488
.79861112435659
.78063726425171
.79983659585317
.80378540356954
.7937091588974
.80215142170588
.80596403280894
.80487471818924
.80964050690333
.80773421128591
.80623638629913
.80296842257182
.80691721041997
.79098582267761
.78962419430415
.79888343811035
.77995642026265
.79207515716553
.79316449165344
.78404138485591
.81508715947469
.79997277259827
.77369280656179
.80119826396306
.79806643724442
.80269608894984
.80174291133881
.80582787593206
.80337691307068
.80255991220474
.81141066551208
.79793028036753
.81181917587916
.81712961196899
.82094226280848
.81917212406794
.84599671761195
.83387800057729
.81440631548564
.81427015860875
.82026143868764
.80514705181122
.81631263097127
.81304464737574
.79983659585317
.80337689320246
.80800652503967
.81045750776927
.80065359671911
.81685731808345
.80010892947515
.8125
.82271242141724
.83415033419927
.82135075330734
.82039761543274
.82039761543274
.81985292832057
.82366559902827
.81113833189011
.81086601813634
.81127452850342
.81032135089239
.80664487679799
.80637256304423
.80460238456726
.81617647409439
.82557189464569
.80364922682444
.80650871992111
.80637254317602
.80650871992111
.80895968278249
.80882350603739
.80324073632558
.79901961485545
.81113835175832
.80569169918696
.80269606908162
.80909585952759
.80460240443548
.79956426223119
.81059368451436
.79588780800502
.79793028036753
.81018517414729
.8054193854332
.80964052677155
.81345315774282
.79806643724442
.80283224582672
.80991284052531
.80473856131236
.80337689320246
.81290851036708
.82175926367442
.81358933448792
.80324071645737
.80895970265071
.80582789580027
.80895970265071
.80827887852987
.79861110448837
.8018790880839
.8029684027036
.80664489666621
.81045752763748
.82107843955358
.80078975359599
.80732570091883
.80269606908162
.80337689320246
.80678103367488
.81467864910762
.81181917587916
.79929194847743
.8134531378746
.80678105354309
.81004901727041
.82053377230962
.79765794674555
.80392156044642
.80909585952759
.80337691307068
.80746185779572
.8137254913648
.79765794674555
.80174293120702
.81998910506566
.80773421128591
.81740196545919
.82135077317556
.80882352590561
.81018517414729
.81631263097127
.8126361767451
.8112745086352
.80895970265071
.80405773719152
.80841503540675
.81399782498678
.80364922682444
.81508713960648
.81658494472504
.79888343811035
.81781045595805
.81658498446147
.80759805440903
.80868736902873
.81495098272959
.81386166810989
.82366555929184
.8195806145668
.80078975359599
.80909583965937
.80923203627268
.80460240443548
.79656863212585
.80473856131236
.80827885866165
.8018790880839
.80705336729685
.81903594732285
.80133442083995
.80351305007935
.80991286039352
.79547929763794
.79861110448837
.79970041910807
.8029684027036
.82679738601049
.81290851036708
.80528322855632
.80977668364843
.82638887564341
.80269606908162
.81508715947469
.82175926367442
.79929194847743
.80746187766393
.80160675446192
.80787036816279
.80895970265071
.80909585952759
.80596405267715
.80242375532786
.82257626454035
.80147057771683
.81113835175832
.82053375244141
.81495096286138
.81331700086594
.82938454548518
.81195533275604
.81154682238897
.82107843955358
.80623638629913
.81236384312312
.81318082412084
.80446622769038
.81072984139125
.80215140183767
.79765796661377
.80242375532786
.80787036816279
.80841503540675
.80732570091883
.80133442083995
.79656863212585
.80201524496078
.80868736902873
.8054193854332
.81059368451436
.81467864910762
.80596407254537
.79847494761149
.80596407254537
.80950435002645
.80596405267715
.81440631548564
.81154682238897
.8125
.80610020955404
.82870372136434
.80759803454081
.80787036816279
.82107843955358
.80392156044642
.81617645422618
.81168301900228
.80147059758504
.80678105354309
.81222766637802
.80106210708618
.79806645711263
.81154684225718
.79221133391062
.80582787593206
.81576796372732
.79207517703374
.79193900028865
.80610020955404
.80133442083995
.8040577173233
.80841503540675
.78894337018331
.8029684027036
.81399780511856
.80174291133881
.81386166810989
.81590414047241
.80718956391017
.80174293120702
.80895970265071
.80732570091883
.80882352590561
.80827885866165
.81086601813634
.80024510622025
.82434640328089
.80827887852987
.79752178986867
.80637254317602
.80555556217829
.79915577173233
.81004901727041
.80133442083995
.80446622769038
.81263615687688
.79193900028865
.80392158031464
.81195533275604
.79901961485545
.81113833189011
.80868734916051
.80405773719152
.80514705181122
.80147059758504
.80242375532786
.80160673459371
.7947984735171
.80514705181122
.80759803454081
.81535949309667
.81631265083949
.81495096286138
.81263615687688
.81522331635157
.81386164824168
.81168301900228
.81699345509211
.79724945624669
.81032133102417
.81753812233607
.80814272165298
.80473856131236
.80800654490789
.79711329936981
.80705338716507
.81345315774282
.80038126309713
.80637256304423
.81413398186366
.80732570091883
.81195533275604
.81658498446147
.80964052677155
.81576798359553
.80460238456726
.81209150950114
.81154684225718
.82135077317556
.80923201640447
.81386164824168
.80923201640447
.80759805440903
.80473856131236
.81617647409439
.8029684027036
.80950435002645
.81345315774282
.8101851940155
.80991286039352
.81672112147013
.80446622769038
.8052832086881
.80787036816279
.79629629850388
.79234749078751
.80800652503967
.8018790880839
.82148693005244
.82121457656225
.80977668364843
.80501089493434
.8206699291865
.8065087000529
.81004901727041
.81889979044596
.81386166810989
.81018517414729
.81004901727041
.81290851036708
.80732570091883
.79575163125992
.80364922682444
.80460240443548
.80596405267715
.81413398186366
.80514707167943
.81072984139125
.82094226280848
.80882352590561
.80800652503967
.80936817328135
.79425382614136
.81277233362198
.8148148059845
.79520696401596
.80855119228363
.81917210419973
.79752177000046
.80841505527496
.81917210419973
.80024508635203
.81181915601095
.80814270178477
.81903596719106
.81467864910762
.80895970265071
.79847494761149
.80827887852987
.82230391105016
.80623636643092
.81821894645691
.81917210419973
.8123638232549
.81549563010534
.82039761543274
.81454249223073
.82107843955358
.82026143868764
.80569171905518
.81576796372732
.81399782498678
.81685731808345
.81563180685043
.81726580858231
.81181917587916
.81985294818878
.82952070236206
.81045750776927
.81862745682398
.82012528181076
.81440631548564
.81835514307022
.83088235060374
.8184912999471
.81753812233607
.82284857829412
.83224401871363
.81535947322845
.81917212406794
.82257626454035
.81290851036708
.81100217501322
.82284857829412
.81004901727041
.82216775417328
.82679738601049
.81944443782171
.81835512320201
.82026143868764
.82625273863475
.82053377230962
.83142699797948
.81821894645691
.82203157742818
.82734205325445
.82434640328089
.84150328238805
.840822438399
.82666120926539
.82393791278203
.82679738601049
.81549564997355
.82529956102371
.82693354288737
.82598040501277
.82121461629868
.84041394790014
.81712961196899
.81944445768992
.83238017559052
.82026143868764
.8385076324145
.83673749367396
.84327342112859
.83986930052439
.8549836675326
.84327342112859
.85416666666667
.87091503540675
.86860022942225
.87309368451436
.88521242141724
.89120370149612
.89474399884542
.91353485981623
.91421568393707
.93600217501322
.94294661283493
.93273421128591
.94893793265025
.96418843666712
.95152505238851
.96636710564295
.97916666666667
.97412852446238
.98529412349065
.99264705181122
1.0138888756434
1.0156590541204
1.0153867006302
1.0355392297109
1.0261438290278
1.044934630394
1.0559640328089
1.0585511922836
1.0752995411555
1.1051198244095
1.097630739212
1.1120642820994
1.1338507731756
1.1299019654592
1.160675406456
1.1809640725454
1.1812363862991
1.2047930558523
1.227260351181
1.2216775417328
1.237745086352
1.2568083206813
1.3124999602636
1.2988833983739
1.3201252619425
1.324210246404
1.3590686321259
1.3811274369558
1.4287854035695
1.4127178589503
1.4767156839371
1.4786219994227
1.5149782101313
1.5457516511281
1.5744825601578
1.6282680034637
1.7042483886083
1.7467320362727
1.8601579666138
2.0061274766922
2.1567265987396
2.3092320760091
2.3826252619425
2.3898420333862
2.3980120023092
2.3854847749074
2.331699291865
2.2651143868764
2.2160947322845
2.1237745285034
2.0612744490306
1.9949618975321
1.9432189861933
1.9000544548035
1.8628812630971
1.8238017559052
1.7942537864049
1.7698801755905
1.7445534070333
1.7203159332275
1.7037036816279
1.6668028434118
1.6377995808919
1.6175109148026
1.5916394790014
1.5584150155385
1.5310457547506
1.5132080713908
1.4677287340164
1.4632352987925
1.4349128802617
1.4045479297638
1.4044117927551
1.3875272274017
1.3624727328618
1.3657407363256
1.3585239648819
1.3278867006302
1.3182189861933
1.2999727328618
1.2871731917063
1.2841775814692
1.271514137586
1.2549019654592
1.2471405267715
1.2317538261414
1.2174564202627
1.2041121721268
1.209694981575
1.1868191957474
1.1805555820465
1.1696623166402
1.1627178986867
1.1545479297638
1.1481481393178
1.1214596827825
1.1176470120748
1.1154684225718
1.0925925970078
1.0830610195796
1.0799291531245
1.0627723137538
1.0608659982681
1.0766612291336
1.0386710166931
1.0253268082937
1.0325435797373
1.0014978249868
.98869826396306
.98733659585317
.96636712551117
.96650326251984
.96214596430461
.93736384312312
.93327887852987
.93395968278249
.92293028036753
.91761982440948
.92279412349065
.90863289435705
.90577342112859
.91149238745372
.90985838572184
.89106754461924
.89011436700821
.88684642314911
.87568082412084
.87091503540675
.88289759556452
.86914487679799
.86397059758504
.85634531577428
.85117101669312
.85294117530187
.85253266493479
.84749456246694
.85103485981623
.86029412349065
.84436273574829
.8397331237793
.83864376942317
.83619280656179
.83265248934428
.85008170207342
.83632896343867
.82529956102371
.84218408664068
.81794661283493
.81767429908117
.81685729821523
.81971677144368
.81617645422618
.82244008779526
.85593682527542
.8208061059316
.81604031721751
.80855119228363
.79779412349065
.80596405267715
.80501089493434
.8054193854332
.80092593034108
.80664487679799
.80814270178477
.80446622769038
.79534314076106
.79915577173233
.80242375532786
.80473856131236
.79915577173233
.80569171905518
.79833879073461
.81930828094482
.81862745682398
.82257626454035
.80950435002645
.81113833189011
.80174293120702
.81059366464615
.81889977057775
.80147057771683
.81930828094482
.81889979044596
.82502724726995
.81331700086594
.81386164824168
.81985292832057
.80174291133881
.81059366464615
.82216775417328
.80787038803101
.80038124322891
.81277231375376
.80678103367488
.80678105354309
.81467864910762
.80269606908162
.80991286039352
.81318082412084
.80528322855632
.81181917587916
.80909583965937
.80106210708618
.80909585952759
.8197167913119
.80664487679799
.8065087000529
.81876363356908
.8054193854332
.80855119228363
.81168299913406
.81849128007889
.80487473805745
.80460238456726
.80147057771683
.81399782498678
.81535949309667
.81522331635157
.82312093178431
.82952070236206
.81576798359553
.80855119228363
.82611656188965
.81413398186366
.81508713960648
.81835512320201
.80691721041997
.81726578871409
.82012526194255
.8135893146197
.81399782498678
.81849128007889
.80623638629913
.81726578871409
.82380175590515
.81032135089238
.81222768624624
.82039759556452
.80296842257182
.81522331635157
.82815905412038
.80010892947515
.81644878784815
.81222766637802
.81726580858231
.81617647409439
.80610022942225
.81154684225718
.81331698099772
.81072984139125
.81767427921295
.81318082412084
.80582789580027
.81917210419973
.81086601813634
.79983661572138
.8125
.81168299913406
.81181917587916
.80773421128591
.80950435002645
.80664487679799
.81386164824168
.80487471818924
.81563180685043
.81386164824168
.79901961485545
.81563180685043
.80460238456726
.80473856131236
.8137254913648
.81181917587916
.80746189753215
.81222766637802
.81549564997355
.80732572078705
.80923201640447
.79997275273005
.79970043897629
.80800654490789
.81617645422618
.79752177000046
.81345317761103
.8123638232549
.80038126309713
.80718954404195
.81290851036708
.80827887852987
.84858387708664
.8101851940155
.80868736902873
.80065357685089
.80147057771683
.80691721041997
.82012526194255
.81495098272959
.80501089493434
.80705336729685
.80514705181122
.81113835175832
.79466231664022
.81141066551208
.79915577173233
.81209150950114
.80010892947515
.80705338716507
.8018790880839
.81699345509211
.81889977057775
.80637256304423
.80977670351664
.8114106853803
.79507080713908
.81141066551208
.82121459643046
.81018517414729
.80419391393661
.81767427921295
.80514707167943
.81168299913406
.81535949309667
.81222768624624
.82066994905472
.81576798359553
.80555554231008
.8137254913648
.81672114133835
.81331700086594
.81481482585271
.81413400173187
.8040577173233
.80759805440903
.80991284052531
.7864923675855
.79275600115458
.80269608894984
.79370913902918
.79833879073461
.80569169918696
.78921570380529
.80255991220474
.81304466724396
.79616012175878
.79547929763794
.79384529590607
.78240742286046
.79575163125992
.80038124322891
.78703703482946
.79302833477656
.79793028036753
.77655227979024
.78839870293935
.80133442083995
.78989650805791
.78785403569539
.79261982440948
.78553920984268
.79316447178523
.79438998301824
.77805010477702
.78390524784724
.77464596430461
.77178649107615
.75776143868764
.7935729821523
.8101851940155
.80528322855632
.80827887852987
.80610020955404
.80977670351664
.80610022942225
.80909585952759
.80024510622025
.80405773719152
.80964052677155
.79915577173233
.80664487679799
.80378540356954
.79520696401596
.80296842257182
.80705336729685
.79779412349065
.80473858118057
.81508715947469
.80351308981578
.81263615687688
.80991284052531
.8031045794487
.80514707167943
.80855119228363
.81290849049886
.80392156044642
.81535947322845
.80868736902873
.8018790880839
.81345315774282
.79942810535431
.81440631548564
.80392158031464
.80487471818924
.80827887852987
.81535947322845
.80460238456726
.80882350603739
.80882352590561
.80868734916051
.79915577173233
.8029684027036
.79929192860921
.80650871992111
.80868738889694
.80555554231008
.79983659585317
.81549564997355
.80950435002645
.80895970265071
.81277233362198
.79765794674555
.80405773719152
.80936817328135
.80092591047287
.79806645711263
.80800654490789
.80337691307068
.79438998301824
.80038126309713
.80827887852987
.80269606908162
.80855121215185
.80759803454081
.80392156044642
.80269608894984
.81617647409439
.80977668364843
.81086601813634
.82162308692932
.80909585952759
.81086601813634
.83551198244095
.81168301900228
.81576798359553
.82625273863475
.80637256304423
.8125
.81889977057775
.80691719055176
.80691719055176
.81712961196899
.80637254317602
.80827885866165
.8134531378746
.80868736902873
.81726578871409
.81072986125946
.80746187766393
.80964050690333
.80637254317602
.80596405267715
.80746187766393
.81576796372732
.80623636643092
.80623638629913
.81971677144368
.8112745086352
.80691719055176
.82053377230962
.81181915601095
.81331698099772
.8148148059845
.80610022942225
.81440633535385
.81222766637802
.84218410650889
.81617647409439
.82053377230962
.8101851940155
.81794663270315
.82271240154902
.80746187766393
.81903594732285
.81944445768992
.81290849049886
.81195535262426
.81889981031418
.81072982152303
.79901959498723
.80324073632558
.82162306706111
.80215142170588
.80051743984222
.80759803454081
.8206699291865
.80501089493434
.80936819314957
.80065357685089
.80473856131236
.80936819314957
.80392158031464
.80473856131236
.80746187766393
.8031045794487
.80242375532786
.81045752763748
.80119826396306
.80201524496078
.82843136787415
.81604031721751
.81290849049886
.8197167913119
.80174293120702
.81059366464615
.81808278958003
.80446622769038
.80283224582672
.80215140183767
.80501089493434
.8018790880839
.80855121215185
.79507080713908
.8043300708135
.80215140183767
.79493463039398
.794662296772
.79970043897629
.79738561312358
.80378540356954
.81100217501322
.79302833477656
.81699345509211
.84313726425171
.79697712262472
.80800654490789
.81767429908117
.79793028036753
.80950435002645
.80623638629913
.7960239648819
.80718954404195
.8054193854332
.80065359671911
.80678105354309
.80868736902873
.80923203627268
.80133444070816
.81331700086594
.79316449165344
.79983659585317
.79438998301824
.80283224582672
.80160675446192
.80092591047287
.80800654490789
.79847492774328
.80936817328135
.81059366464615
.80582789580027
.80841503540675
.80759803454081
.79724945624669
.80283226569494
.81944445768992
.79738561312358
.80650871992111
.80528322855632
.79738561312358
.79724945624669
.81290849049886
.80473858118057
.80106208721797
.80596405267715
.79806643724442
.81004901727041
.8125
.79915577173233
.80501089493434
.80814270178477
.8137254913648
.80732570091883
.81154682238897
.80106208721797
.80827885866165
.81522331635157
.8041938940684
.81427013874054
.80964052677155
.8041938940684
.80555554231008
.80678105354309
.79779412349065
.79915577173233
.81522331635157
.8090958793958
.79929192860921
.80732570091883
.79820261398951
.80133442083995
.82162308692932
.79942810535431
.80024508635203
.81522331635157
.80895970265071
.80569171905518
.82339326540629
.80664487679799
.81195533275604
.80936819314957
.80378540356954
.79112201929092
.80255991220474
.82053375244141
.83537582556407
.80038126309713
.80868736902873
.81794661283493
.80364922682444
.81658496459325
.81399784485499
.81672112147013
.8018790880839
.80038126309713
.81413398186366
.81576798359553
.80228757858276
.80977670351664
.80895970265071
.80187906821569
.80923203627268
.80746187766393
.80078975359599
.80705336729685
.81849128007889
.80065359671911
.79588780800501
.81290849049886
.79901959498723
.80868734916051
.80718954404195
.79547929763794
.80228757858276
.85035401582718
.80215140183767
.8137254913648
.8112745086352
.80596405267715
.81318082412084
.81522331635157
.80460238456726
.80419391393661
.81454249223073
.80147057771683
.82094226280848
.80868736902873
.80147059758504
.80841503540675
.81345315774282
.79180282354355
.79997279246648
.81072984139125
.79847494761149
.80718954404195
.80623636643092
.81181917587916
.81181917587916
.80473856131236
.80827885866165
.80473856131236
.81345315774282
.80337691307068
.79888343811035
.80827887852987
.80691721041997
.79125817616781
.80324073632558
.80623640616735
.79425380627314
.80215140183767
.79724945624669
.802015264829
.80364922682444
.82094226280848
.80378540356954
.8054193854332
.81644878784815
.80596403280894
.79833877086639
.81004903713862
.78907950719198
.79207515716553
.80446624755859
.79016884167989
.79139431317647
.80827887852987
.79452613989512
.79738561312358
.82339324553808
.80051741997401
.79656863212585
.81917212406794
.79261982440948
.79983661572138
.81522329648336
.79738563299179
.81386164824168
.81141066551208
.81113833189011
.8029684027036
.80868736902873
.79983657598495
.80351306994756
.80909585952759
.8041938940684
.8052832086881
.81045750776927
.80759805440903
.81154684225718
.81358933448792
.80610020955404
.79983661572138
.80718954404195
.79016884167989
.79629629850388
.80936819314957
.80051743984222
.79888343811035
.80147057771683
.80473856131236
.80787036816279
.80759803454081
.80433005094528
.8054193854332
.80514705181122
.81467864910762
.80051743984222
.80460238456726
.82107841968536
.80269608894984
.80964050690333
.81045750776927
.80215140183767
.81222766637802
.81917212406794
.80024508635203
.80364924669266
.82380173603694
.81290851036708
.80664487679799
.80827885866165
.80378540356954
.83823527892431
.82216775417328
.80691721041997
.79956426223119
.80909583965937
.802015264829
.79997277259827
.80460240443548
.80582787593206
.80718954404195
.80746187766393
.80296838283539
.80351306994756
.80787036816279
.79793028036753
.79656863212585
.80855121215185
.79493463039398
.79398149251938
.78676470120748
.79425382614136
.79370913902919
.80732572078705
.80283224582672
.80228759845098
.80610022942225
.80215142170588
.80705336729685
.81440631548564
.80923201640447
.80201524496078
.81331700086594
.79765796661377
.80773419141769
.81086601813634
.80501089493434
.79929192860921
.80337691307068
.80296842257182
.80718952417374
.8125
.79643245538076
.80487471818924
.80909583965937
.8217592438062
.8137254913648
.81236384312312
.81195533275604
.79929194847743
.79915577173233
.79724943637848
.79153050978978
.79833877086639
.81427013874054
.80759803454081
.81168301900228
.81903594732285
.81004901727041
.8125
.81617647409439
.80555554231008
.80637254317602
.81386164824168
.80787036816279
.8114106853803
.80283222595851
.80201524496078
.80119826396306
.81712963183721
.79670478900274
.8018790880839
.81644878784815
.79071350892385
.81222766637802
.80283224582672
.81004899740219
.8018790880839
.80269606908162
.80065357685089
.79547929763794
.8101851940155
.79153050978978
.79398149251938
.7958877881368
.80255991220474
.79493463039398
.7971132795016
.79684096574783
.79806645711263
.81086601813634
.8018790880839
.79820261398951
.80106210708618
.79929192860921
.8031045794487
.80800654490789
.79411764939626
.79806643724442
.79901961485545
.80187910795212
.79684096574783
.80787036816279
.80460240443548
.80582789580027
.80637254317602
.81154684225718
.79411764939626
.80678103367488
.80678105354309
.80582787593206
.81685731808345
.82706971963247
.79874726136525
.80092593034108
.80351306994756
.80759803454081
.80514705181122
.82175926367442
.80501089493434
.81113835175832
.81903596719106
.80664487679799
.81168299913406
.80923203627268
.81086601813634
.80977668364843
.82244010766347
.80787036816279
.80718954404195
.84640522797902
.80092591047287
.78894335031509
.80555554231008
.79970043897629
.79738561312358
.81331700086594
.80065359671911
.80623638629913
.80378540356954
.79629629850388
.7937091588974
.80705336729685
.79411764939626
.79861110448837
.8115468621254
.80174293120702
.80501089493434
.79125817616781
.80405773719152
.7924836675326
.80895968278249
.79833877086639
.80895970265071
.80746185779572
.7913943529129
.79915577173233
.80119826396306
.79901961485545
.79520696401596
.80773421128591
.78717321157455
.79833879073461
.80582787593206
.78771787881851
.80936821301778
.81032133102417
.82026143868764
.8031045794487
.80787034829458
.81154684225718
.80119826396306
.8054193854332
.8115468621254
.80174291133881
.80092593034108
.81222766637802
.79425380627314
.80269606908162
.79997277259827
.7971132795016
.80324073632558
.80787038803101
.83061001698176
.79901961485545
.80977666378021
.79153050978978
.79438998301824
.80174291133881
.79180284341176
.79915577173233
.80473854144414
.78867103656133
.79874728123347
.80678103367488
.80065359671911
.81290851036708
.81141066551208
.79738561312358
.81222766637802
.80800654490789
.8052832086881
.80010892947515
.8137254913648
.79261982440948
.80337691307068
.80351306994756
.79071350892385
.8054193854332
.79820261398951
.80160675446192
.80283224582672
.80242375532786
.79425380627314
.8031045794487
.81222768624624
.79847492774328
.81032135089238
.80895970265071
.79425380627314
.79670478900274
.79983659585317
.80228757858276
.79847492774328
.80664487679799
.79507078727086
.80147059758504
.81386164824168
.82148693005244
.81209150950114
.81209148963292
.81767427921295
.80337689320246
.80174291133881
.80868736902873
.79330062866211
.80868736902873
.81318082412084
.79793028036753
.80296842257182
.81454247236252
.80555556217829
.81467864910762
.82135075330734
.8041938940684
.81318082412084
.81467864910762
.81032135089238
.81154684225718
.81277233362198
.80228759845098
.80514705181122
.80882352590561
.80650871992111
.80473856131236
.81467864910762
.80392156044642
.79193900028865
.80664487679799
.80555556217829
.80160675446192
.81685729821523
.80841503540675
.80800652503967
.80759803454081
.79929194847743
.80296842257182
.81222766637802
.80324073632558
.80582789580027
.80664489666621
.79752178986867
.79779412349065
.80337689320246
.7947984735171
.79493463039398
.80296842257182
.80732572078705
.79833879073461
.80364922682444
.78730936845144
.79697712262472
.83442264795303
.79547929763794
.78867101669312
.80092593034108
.78635621070862
.79425380627314
.79534314076106
.80351306994756
.79697712262472
.80446622769038
.8029684027036
.79071348905563
.80732570091883
.80555554231008
.78935186068217
.80705336729685
.81304466724396
.80623636643092
.79684096574783
.7960239648819
.80950435002645
.80010892947515
.80814268191655
.80010892947515
.80487471818924
.8065087000529
.79765794674555
.80868736902873
.80827885866165
.81045750776927
.79820261398951
.80010894934336
.8043300708135
.80433005094528
.81195533275604
.80106208721797
.80242373545965
.81835512320201
.80637254317602
.79970041910807
.82107843955358
.80664487679799
.8125
.81032135089239
.80242373545965
.80133442083995
.80405773719152
.79507080713908
.80106206734975
.8052832086881
.79738561312358
.79507080713908
.8052832086881
.78730936845144
.79901959498723
.81168299913406
.79125815629959
.79724947611491
.79316449165344
.79561547438304
.79847494761149
.81304464737574
.79098584254583
.83551198244095
.80337691307068
.79806645711263
.80433005094528
.80569171905518
.81590414047241
.80296842257182
.80174291133881
.81004903713862
.79833879073461
.80215142170588
.82557189464569
.79847494761149
.81113833189011
.80759803454081
.80065359671911
.79806645711263
.81699347496033
.80514705181122
.80991286039352
.8114106853803
.80255991220474
.80882352590561
.80310455958049
.80051743984222
.79915577173233
.8217592438062
.80024508635203
.80433009068171
.80378540356954
.79221133391062
.8031045794487
.82788670063019
.79343682527542
.79724945624669
.80051741997401
.79166666666667
.79956428209941
.82026143868764
.80800654490789
.8112745086352
.80691723028819
.8018790880839
.80623638629913
.79779412349065
.80419391393661
.80283224582672
.80092593034108
.8041938940684
.79820261398951
.80855119228363
.80678105354309
.80501089493434
.80569171905518
.80419387420019
.79438998301824
.80923203627268
.80800654490789
.80065359671911
.80841503540675
.79752178986867
.79779412349065
.79861110448837
.80242375532786
.79602394501368
.80024508635203
.80582789580027
.79507080713908
.79779412349065
.81004901727041
.80255989233653
.80691721041997
.80868736902873
.79234751065572
.80283224582672
.8041938940684
.79166666666667
.802015264829
.79983659585317
.79207515716553
.7855392297109
.79929192860921
.79180282354355
.79915577173233
.79166666666667
.78676470120748
.78853487968445
.79765794674555
.78172657887141
.79016886154811
.78730936845144
.78063724438349
.77791394790014
.78376905123393
.76947168509165
.77913941939672
.78131808837255
.77764161427816
.77627994616826
.77151415745417
.76307189464569
.76892703771591
.76552287737528
.75626361370087
.75585512320201
.75735294818878
.74537038803101
.74400871992111
.74686819314957
.72358387708664
.72930284341176
.74237473805745
.71663943926493
.71977122624715
.71949891249339
.70561001698176
.70275054375331
.70819715658824
.677015264829
.68395970265071
.68205338716507
.66244552532832
.65182461341222
.64787582556407
.63235294818878
.62949345509211
.62500001986821
.57557189464569
.66122003396352
0
0
0
0
0
0
0
0
0
0
0
0
0
0
0
0
0
0
0
0
0
0
0
0
0
0
0
0
0
0
0
0
0
0
0
0
0
0
0
0
0
0
0
0
0
0
0
0
0
0
0
0
0
0
0
0
0
0
0
0
0
0
0
0
0
0
0
0
0
0
0
0
0
0
0
0
0
0
0
0
0
0
0
0
0
0
0
0
0
0
0
0
0
0
0
0
0
0
0
0
0
0
0
0
0
0
0
0
0
0
0
0
0
0
0
0
0
0
0
0
0
0
0
0
0
0
0
0
0
0
0
0
0
0
0
0
0
0
0
0
0
0
0
0
0
0
0
0
0
0
0
0
0
0
0
0
0
0
0
0
0
0
0
0
0
0
0
0
0
0
0
0
0
0
0
0
0
0
0
0
0
0
0
0
0
0
0
0
0
0
0
0
0
0
0
0
0
0
0
0
0
0
0
0
0
0
0
0
0
0
0
0
0
0
0
0
0
0
0
0
0
0
0
0
0
0
0
0
0
0
0
0
0
0
0
0
0
0
0
0
0
0
0
0
0
0
0
0
0
0
0
0
0
0
0
0
0
0
0
0
0
0
0
0
0
0
0
0
0
0
0
0
0
0
0
0
0
0
0
0
0
0
0
0
0
0
0
0
0
0
0
0
0
0
0
0
0
0
0
0
0
0
0
0
0
0
0
0
0
0
0
0
0
0
0
0
0
0
0
0
0
0
0
0
0
0
0
0
0
0
0
0
0
0
0
0
0
0
0
0
0
0
0
0
0
0
0
0
0
0
0
0
0
0
0
0
0
0
0
0
0
0
0
0
0
0
0
0
0
0
0
0
0
0
0
0
0
0
0
0
0
0
0
0
0
0
0
0
0
0
0
0
0
0
0
0
0
0
0
0
0
0
0
0
0
0
0
0
0
0
0
0
0
0
0
0
0
0
0
0
0
0
0
0
0
0
0
0
0
0
0
0
0
0
0
0
0
0
0
0
0
0
0
0
0
0
0
0
0
0
0
0
0
0
0
0
0
0
0
0
0
0
0
0
0
0
0
0
0
0
0
0
0
0
0
0
0
0
0
0
0
0
0
0
0
0
0
0
0
0
0
0
0
0
0
0
0
0
0
0
0
0
0
0
0
0
0
0
0
0
0
0
0
0
0
0
0
0
0
0
0
0
0
0
0
0
0
0
0
0
0
0
0
0
0
0
0
0
0
0
0
0
0
0
0
0
0
0
0
0
0
0
0
0
0
0
0
0
0
0
0
0
0
0
0
0
0
0
0
0
0
0
0
0
0
0
0
0
0
0
0
0
0
0
0
0
0
0
0
0
0
0
0
0
0
0
0
0
0
0
0
0
0
0
0
0
0
0
0
0
0
0
0
0
0
0
0
0
0
0
0
0
0
0
0
0
0
0
0
0
0
0
0
0
0
0
0
0
0
0
0
0
0
0
0
0
0
0
0
0
0
0
0
0
0
0
0
0
0
0
0
0
0
0
0
0
0
0
0
0
0
0
0
0
0
0
0
0
0
0
0
0
0
0
0
0
0
0
0
0
0
0
0
0
0
0
0
0
0
0
0
0
0
0
0
0
0
0
0
0
0
0
0
0
0
0
0
0
0
0
0
0
0
0
0
0
0
0
0
0
0
0
0
0
0
0
0
0
0
0
0
0
0
0
0
0
0
0
0
0
0
0
0
0
0
0
0
0
0
0
0
0
0
0
0
0
0
0
0
0
0
0
0
0
0
0
0
0
0
0
0
0
0
0
0
0
0
0
0
0
0
0
0
0
0
0
0
0
0
0
0
0
0
0
0
0
0
0
0
0
0
0
0
0
0
0
0
0
0
0
0
0
0
0
0
0
0
0
0
0
0
0
0
0
0
0
0
0
0
0
0
0
0
0
0
0
0
0
0
0
0
0
0
0
0
0
0
0
0
0
0
0
0
0
0
0
0
0
0
0
0
0
0
0
0
0
0
0
0
0
0
0
0
0
0
0
0
0
0
0
0
0
0
0
0
0
0
0
0
0
0
0
0
0
0
0
0
0
0
0
0
0
0
0
0
0
0
0
0
0
0
0
0
0
0
0
0
0
0
0
0
0
0
0
0
0
0
0
0
0
0
0
0
0
0
0
0
0
0
0
0
0
0
0
0
0
0
0
0
0
0
0
0
0
0
0
0
0
0
0
0
0
0
0
0
0
0
0
0
0
0
0
0
0
0
0
0
0
0
0
0
0
0
0
0
0
0
0
0
0
0
0
0
0
0
0
0
0
0
0
0
0
0
0
0
0
0
0
0
0
0
0
0
0
0
0
0
0
0
0
0
0
0
0
0
0
0
0
0
0
0
0
0
0
0
0
0
0
0
0
0
0
0
0
0
0
0
0
0
0
0
0
0
0
0
0
0
0
0
0
0
0
0
0
0
0
0
0
0
0
0
0
0
0
0
0
0
0
0
0
0
0
0
0
0
0
0
0
0
0
0
0
0
0
0
0
0
0
0
0
0
0
0
0
0
0
0
0
0
0
0
0
0
0
0
0
0
0
0
0
0
0
0
0
0
0
0
0
0
0
0
0
0
0
0
0
0
0
0
0
0
0
0
0
0
0
0
0
0
0
0
0
0
0
0
0
0
0
0
0
0
0
0
0
0
0
0
0
0
0
0
0
0
0
0
0
0
0
0
0
0
0
0
0
0
0
0
0
0
0
0
0
0
0
0
0
0
0
0
0
0
0
0
0
0
0
0
0
0
0
0
0
0
0
0
0
0
0
0
0
0
0
0
0
0
0
0
0
0
0
0
0
0
0
0
0
0
0
0
0
0
0
0
0
0
0
0
0
0
0
0
0
0
0
0
0
0
0
0
0
0
0
0
0
0
0
0
0
0
0
0
0
0
0
0
0
0
0
0
0
0
0
0
0
0
0
0
0
0
0
0
0
0
0
0
0
0
0
0
0
0
0
0
0
0
0
0
0
0
0
0
0
0
0
0
0
0
0
0
0
0
0
0
0
0
0
0
0
0
0
0
0
0
0
0
0
0
0
0
0
0
0
0
0
0
0
0
0
0
0
0
0
0
0
0
0
0
0
0
0
0
0
0
0
0
0
0
0
0
0
0
0
0
0
0
0
0
0
0
0
0
0
0
0
0
0
0
0
0
0
0
0
0
0
0
0
0
0
0
0
0
0
0
0
0
0
0
0
0
0
0
0
0
0
0
0
0
0
0
0
0
0
0
0
0
0
0
0
0
0
0
0
0
0
0
0
0
0
0
0
0
0
0
0
0
0
0
0
0
0
0
0
0
0
0
0
0
0
0
0
0
0
0
0
0
0
0
0
0
0
0
0
0
0
0
0
0
0
0
0
0
0
0
0
0
0
0
0
0
0
0
0
0
0
0
0
0
0
0
0
0
0
0
0
0
0
0
0
0
0
0
0
0
0
0
0
0
0
0
0
0
0
0
0
0
0
0
0
0
0
0
0
0
0
0
0
0
0
0
0
0
0
0
0
0
0
0
0
0
0
0
0
0
0
0
0
0
0
0
0
0
0
0
0
0
0
0
0
0
0
0
0
0
0
0
0
0
0
0
0
0
0
0
0
0
0
0
0
0
0
0
0
0
0
0
0
0
0
0
0
0
0
0
0
0
0
0
0
0
0
0
0
0
0
0
0
0
0
0
0
0
0
0
0
0
0
0
0
0
0
0
0
0
0
0
0
0
0
0
0
0
0
0
0
0
0
0
0
0
0
0
0
0
0
0
0
0
0
0
0
0
0
0
0
0
0
0
0
0
0
0
0
0
0
0
0
0
0
0
0
0
0
0
0
0
0
0
0
0
0
0
0
0
0
0
0
0
0
0
0
0
0
0
0
0
0
0
0
0
0
0
0
0
0
0
0
0
0
0
0
0
0
0
0
0
0
0
0
0
0
0
0
0
0
0
0
0
0
0
0
0
0
0
0
0
0
0
0
0
0
0
0
0
0
0
0
0
0
0
0
0
0
0
0
0
0
0
0
0
0
0
0
0
0
0
0
0
0
0
0
0
0
0
0
0
0
0
0
0
0
0
0
0
0
0
0
0
0
0
0
0
0
0
0
0
0
0
0
0
0
0
0
0
0
0
0
0
0
0
0
0
0
0
0
0
0
0
0
0
0
0
0
0
0
0
0
0
0
0
0
0
0
0
0
0
0
0
0
0
0
0
0
0
0
0
0
0
0
0
0
0
0
0
0
0
0
0
0
0
0
0
0
0
0
0
0
0
0
0
0
0
0
0
0
0
0
0
0
0
0
0
0
0
0
0
0
0
0
0
0
0
0
0
0
0
0
0
0
0
0
0
0
0
0
0
0
0
0
0
0
0
0
0
0
0
0
0
0
0
0
0
0
0
0
0
0
0
0
0
0
0
0
0
0
0
0
0
0
0
0
0
0
0
0
0
0
0
0
0
0
0
0
0
0
0
0
0
0
0
0
0
0
0
0
0
0
0
0
0
0
0
0
0
0
0
0
0
0
0
0
0
0
0
0
0
0
0
0
0
0
0
0
0
0
0
0
0
0
0
0
0
0
0
0
0
0
0
0
0
0
0
0
0
0
0
0
0
0
0
0
0
0
0
0
0
0
