.85626018047333
.81772357225418
.79788619279861
.83073168992996
.82211381196976
.80878049135208
.79463414351145
.83707316716512
.86178863048553
.81609755754471
.84861789147059
.79024392366409
.82439023256302
.82617884874344
.76162600517273
.84276421864827
.84373982747396
.80292683839798
.8637398481369
.87349593639374
.86373982826869
.81414633989334
.93528455495834
.85447156429291
.91723577181498
.80536586046219
.81447154283524
.87024390697479
.8325203259786
.82357722520828
.85983739296595
.85268294811249
.87121951580048
.89268290996552
.87756097316742
.85886180400848
.86422765254974
.84569106499354
.869593501091
.95008128881454
.83821139732997
.87691056728363
.85983741283417
.88406503200531
.87528455257416
.93658536672592
.94032520055771
.84455285469691
.91105691591899
.88731706142426
.80813008546829
.86227643489838
.8421138326327
.90829267104467
.89528453350067
.88406503200531
.90617887179057
.84032519658407
1.0359349250793
.8424390355746
.92829269170761
.8816260099411
.88666665554047
.88910567760468
.90666667620341
.87333333492279
.91365853945414
.89674796660741
.91300815343857
.94650407632192
.99073171615601
.91967481374741
.94211381673813
.87609755992889
.90796748797099
.93544715642929
.94813007116318
.9533333381017
.93967479467392
.94617885351181
.98000001907349
.89983739455541
.86845529079437
.9258536696434
.91609758138657
.89252030849457
.93642276525497
.92991870641708
.87658536434174
.87609755992889
.95463413000107
.93918699026108
.90959350268046
.92178863286972
.88585364818573
.92178863286972
.90861789385478
.93219512701035
.87951219081879
1.0915447473526
1.006178855896
.90146340926488
.95853660504023
.9721951285998
.92520326375961
.92243903875351
.89999999602636
.97105689843496
.94536584615707
.93723577260971
.97560977935791
.98617887496948
.98536584774653
.97821140289307
.95658536752065
.91365853945414
.97365856170654
.99658536911011
.91999999682109
.92195123434067
.96048780282338
1.1567479372025
.92146341005961
.92747968435287
.9941463470459
.9347967505455
.97186992565791
.99219512939453
.95821138223012
.92455285787582
1.0843902826309
.91869920492172
.92048782110214
.92373985052109
1.0016260147095
.98910568157832
.99642276763916
1.0287804603577
1.0378861427307
.99073171615601
1.0050406455994
1.0305690765381
1.0408129692078
1.012357711792
1.0040650367737
1.0221138000488
.97999999920527
.96845529476802
.99089431762695
.95252031087875
.97414634625117
1.0035772323608
.98455286026001
.93626016378403
.97479675213496
.94731706380844
.94975608587265
.9647154211998
.95967479546865
1.0196747779846
.99121952056885
.9230894446373
.99869918823242
1.0006504058838
.94813007116318
.97691059112549
.97658536831538
.97447154919306
.9595121939977
.97300813595454
.94666667779287
.9499186873436
.96829269329707
.93707317113876
1.012357711792
.96292682488759
.91235772768656
.95837396383286
.98715448379517
.91105691591899
.94796746969223
.96211379766464
.9619511961937
.93300813436508
.99219510952632
1.0700813531876
.94211381673813
1.0908943414688
1.0528455177943
.97284553448359
.99008131027222
.95626016457876
.94178861379623
.92130082845688
.94910567998886
.94390243291855
.95349593957265
.93609756231308
1.0043902397156
.90780488650004
.99642276763916
.97544715801875
.96780486901601
.96764226754506
.94146341085434
1.0100812911987
.97626016537348
.95349593957265
.92894307772319
.93967479467392
.93821138143539
.95658536752065
1.0546341339747
.89756097396215
1.0564227898916
1.0058536529541
.9100813070933
.92910569906235
.9811382095019
.95430894692739
1.0110569000244
.97235773007075
.9526829123497
.96162601312002
.95723577340444
.88178861141205
1.0375609397888
.96113820870717
1.0284552574158
.96520324548086
.90829269091288
.98569105068843
.98227643966675
.97739839553833
.99121950070063
.98991868893305
.97430894772212
.96471544106801
.96048780282338
.9227642416954
1.0076422691345
.93739837408066
.99040651321411
.98357723156611
1.0128455162048
.93268293142319
.98601625363032
.97658536831538
.99853658676147
1.0141463279724
.96471544106801
.95951217412949
.93186992406845
.95284551382065
1.0224390029907
.94341462850571
.9694309035937
.96325202782949
.93869918584824
.96666665871938
.98113822937012
.96959348519643
.97040651241938
.94439023733139
.94146341085434
.96406501531601
.94682927926381
.98032520214717
.96292684475581
.90520324309667
.9848780632019
.9715447028478
.99219512939453
.99300813674927
.99804878234863
1.0024390220642
.94292682409286
.96747968594233
.97300811608632
.97674798965454
1.036910533905
.90943090120951
1.0282926559448
.97024391094844
.9347967505455
1.015284538269
.98959350585937
.97918699185053
.99739837646484
.95739835500717
.96048780282338
1.0107316970825
.97056911389033
.93674796819687
.97268293301264
.94747966527939
.95983737707138
1.0151219367981
.99203252792358
.94227641820908
.93967479467392
.95999999841054
.99089429775874
.92260162035624
.9622764190038
1.0427641868591
.96471546093623
1.0120325088501
1.0173983573914
1.0344715118408
.98569107055664
.99577236175537
.96211379766464
.98747968673706
.97658536831538
.9134959379832
.91105691591899
.98634147644043
.99170730511347
.98747966686885
.92975610494614
.95121951897939
.95788617928823
.95528455575307
1.0388617515564
.92764228582382
.9567479689916
.99886178970337
.99512195587158
1.006178855896
.96211381753286
.9261788725853
1.0004878044128
.88227641582489
.95609754323959
1.0164227485657
.98959350585937
1.0110569000244
1.0004878044128
.97723579406738
.96178861459096
.95869918664296
.99056911468506
.96390245358149
1.0213007926941
.95235770940781
.96520324548086
.91934961080551
.92341464757919
.94504064321518
.92487806081772
.93056911230087
1.0203251838684
.94601625204086
.98715448379517
.99658536911011
.99430894851685
1.0013008117676
.97593496243159
.95398372411728
.98552846908569
1.0224390029907
.97951219479243
.99821138381958
1.0543089310328
1.009268283844
1.07674797376
.93317073583603
.96731708447138
.96081300576528
.97577238082886
.96455281972885
.97707317272822
.97414632638295
.92845529317856
.93626016378403
.96390245358149
.96650405724843
.95186990499496
.89512193202972
.92195123434067
.92829269170761
1.040162563324
.97317073742549
1.0081300735474
.91642276446025
.91284553209941
.95642274618149
.99398374557495
.95967477560043
.9821138381958
.92975610494614
.98097562789917
.9100813070933
.97414632638295
.99008131027222
1.0141463279724
.93560975790024
.9091056783994
.94341462850571
.98292684555054
.93008130788803
.93821138143539
.96406503518422
.96406503518422
.94878049691518
.90569106737773
1.1630893945694
1.012195110321
.97788618008296
.97138212124507
.97951219479243
.99056911468506
.99756097793579
.98536586761475
.9622764190038
.92747968435287
.88569104671478
.94341462850571
.93999999761581
.92959350347519
.97495935360591
.9814634124438
.90455283721288
.93268293142319
.98292684555054
.93934959173203
.95186990499496
.95626014471054
.94016259908676
.97398374478022
.96130081017812
.93902438879013
.97333333889643
1.0063414573669
.93577235937119
.96861787637075
.96520324548086
.94341462850571
.90097560485204
.92552846670151
.98422765731812
.98666667938232
.94113820791245
.98943090438843
.97577236096064
.95999999841054
.9746341307958
.95902436971664
.96682926019033
.97886178890864
.97658536831538
.98195121685664
.94113820791245
1.0318698883057
.96065040429433
1.0162601470947
.95739837487539
.9557723402977
.93495935201645
.94195121526718
.99593496322632
.95739835500717
.95219512780507
.99560976028442
.93528455495834
.97284553448359
.93756097555161
.97951221466064
.94227641820908
.96699186166128
.93430894613266
.99154472351074
.95560975869497
1.0284552574158
.93382114171982
1.0089430809021
.96211383740107
.91983741521835
.94520324468613
.94292682409286
.98195123672485
.97089431683222
.94829267263412
.9069918791453
.93024390935898
.92439025640488
.96861789623896
.90113820632299
.94341462850571
.96357723077138
.93674796819687
.97886180877686
.96097558736801
1.0209755897522
.90048778057098
1.0040650367737
.99642276763916
.97024391094844
.96634145577749
.96878049770991
.9289430975914
.93804877996445
.93414634466171
.95333331823349
.96504066387812
.96601625283559
.97967481613159
.97089431683222
.96617885430654
.91138211886088
.99479675292969
.97593496243159
.95089429616928
.99073171615601
.91951221227646
.99219512939453
.97707317272822
.97918699185053
.94081300497055
.94617885351181
.92016261816025
.95024389028549
.95284551382065
.93934959173203
.90991870562236
.99365854263306
.93495935201645
.97821136315664
1.0021138191223
.95186990499496
.93983739614487
.97398376464844
.93869918584824
.92991870641708
.91430896520615
.95430892705917
.9320325255394
1.0048780441284
.89203252394994
.93999999761581
.94130080938339
.94764226675034
1.0224390029907
.95691057046254
.96894309918086
.98048782348633
.9734959602356
.95219512780507
.98601627349854
.9499186873436
.92552846670151
.93756097555161
1.0456910133362
.99024391174316
.96715448300044
.97788618008296
.98471546173096
.99138212203979
.89691054821014
.98617887496948
.97691057125727
.93528455495834
.93626016378403
.9712194999059
.94617885351181
.95967477560043
.85739839076996
1.0013008117676
.88959348201752
.99983739852905
.97284553448359
.95918697118759
.91739839315414
.92227643728256
.93414634466171
.9694309035937
.93869918584824
.96065040429433
.92813009023666
.92699187994003
.94910567998886
1.0078048706055
.99170732498169
.94601625204086
.93089431524277
.90520326296488
.95788617928823
1.0071544647217
.90780486663183
.9687804778417
.99772357940674
.96878049770991
.96276422341665
.92764228582382
1.0136585235596
.99934959411621
.96325202782949
.96032520135244
.95365852117538
.94585365056992
.98617887496948
.93463414907455
.99154472351074
.94975608587265
.95463413000107
.95333331823349
.95219510793686
.87967479228973
.98243902126948
.92471543947856
.93869918584824
.95869916677475
.9347967505455
.96796747048696
.92536586523056
.95382114251455
.95105689764023
.93934959173203
.98227643966675
.93430894613266
1.0042276382446
.96975610653559
.94975608587265
.91382112105687
.92048780123393
1.006016254425
.97739839553833
.94113820791245
.91674796740214
.94747966527939
.993821144104
.96439023812612
.97707317272822
.93073171377182
.94325202703476
.95869918664296
.9141463637352
.97300813595454
.94113820791245
.95821138223012
.87528455257416
.94634145498276
.87447154521942
.99121952056885
.96747966607412
.91642278432846
.94569104909897
.96520324548086
.94699186086655
.98650407791138
.94016259908676
.93154472112656
.98048782348633
.92552846670151
.94243901968002
1.0082926750183
.89382112026215
.93821138143539
.95154470205307
.96796749035517
.94487804174423
.93577235937119
.94292682409286
1.0165853500366
.98634147644043
.96829267342885
.97918697198232
.92113822698593
.97170732418696
.95252033074697
.92471545934677
.95073171456655
.94878047704697
.93528455495834
.96357723077138
.97821138302485
1.0681300957998
.93056911230087
.91495935122172
.96959350506465
1.0440649986267
.90585366884867
.97691057125727
.92861789464951
.95333331823349
.98276424407959
.88926827907562
.96455283959707
.90113820632299
.98975610733032
.97284553448359
.92910569906235
.99707317352295
.98747968673706
.97252031167348
.96699186166128
.94829267263412
.9632520476977
.93560975790024
.93967479467392
.9879674911499
.97658536831538
1.0095934867859
.98048782348633
.9824390411377
.97447154919306
.8541463414828
.95186990499496
1.015284538269
.92780488729477
.96162601312002
.97398374478022
.97788618008296
.9663414756457
.96341462930044
.89170730113983
.99219512939453
.92520326375961
.86341464519501
.95186992486318
.92065042257309
.90991870562236
.92048782110214
.98504064480464
.93024390935898
.88601624965668
.93398374319077
.98878049850464
.95479673147202
.95658534765244
.97479675213496
.93804877996445
.91528457403183
.97268293301264
.97691057125727
.99934959411621
.95317073663076
.98878049850464
.96065038442612
.92731706301371
.97186992565791
.96487804253896
.94975610574086
.9585365653038
.91479676961899
.94926828145981
.93073171377182
.96861789623896
.96634145577749
1.0149593353271
.94422763586044
.99772357940674
.89544713497162
.93317073583603
.95235770940781
1.0559349457423
.93707317113876
.90845529238383
.9526829123497
.93365854024887
.9557723402977
.92634147405624
.92926830053329
1.0009756088257
.9001625974973
.95333331823349
.97089431683222
.94243901968002
.99203252792358
.93999999761581
.96845529476802
.98959350585937
.88975608348846
.996910572052
.94552844762802
.91284555196762
.93772357702255
.90227643648783
.91317075490952
.99008131027222
.87512195110321
.91268293062846
.9104065100352
.96162601312002
.95219510793686
.9100813070933
.96910568078359
.94910567998886
.97918701171875
1.0300813118617
.97609756390254
1.0491056442261
.90439023574193
.94455283880234
.9347967505455
.8816260099411
.93105691671371
.89707318941752
.89252030849457
.92260164022446
.9230894446373
.92113822698593
.94634145498276
.96845529476802
.92682927846909
.91642276446025
.85528455177943
.96829269329707
.93317073583603
.96308940649033
.90032517910004
.99268293380737
1.0295934677124
.9526829123497
.9141463637352
1.0097560882568
.92552846670151
.95382114251455
.96048780282338
.90276422103246
.91951219240824
1.0673170685768
.91837398211161
.90634147326152
.87804877758026
.91658538579941
.97447154919306
.94260162115097
.9725203315417
.98439025878906
.89560975631078
.9409756064415
.89853658278783
.92504066228867
.93268293142319
.93300813436508
.92357724905014
.94813007116318
.9169105887413
.94016259908676
.90959350268046
.95398372411728
.95284553368886
.89934957027435
.94162601232529
.92390245199203
.94260162115097
.97512195507685
.93349593877792
.92943088213603
.8967479467392
.9526829123497
.95999997854233
.94048780202866
.94845529397329
.93707317113876
.87609755992889
1.0557723442713
.92373985052109
.9289430975914
.90715448061625
.99691055218379
.9230894446373
.9626016219457
.94211381673813
.96796747048696
.95398372411728
.90715446074804
.95284551382065
.95203250646591
.88943088054657
.96845529476802
.92065040270487
.94146341085434
.96520324548086
.97902439037959
.92829269170761
.96682926019033
.9505691130956
.92943090200424
.94211381673813
.95414632558823
.92146342992783
.94227641820908
.88585364818573
.95967477560043
.90601625045141
.94585365056992
.88650405406952
.93674796819687
.90601625045141
.93073171377182
.98780488967896
.97788618008296
.93691056966782
.9258536696434
.99252033233643
.98455286026001
.95788615942001
.89495933055878
.91235772768656
.87951219081879
.92780488729477
.92113822698593
.90357724825541
.97333333889643
.89008128643036
.91414634386698
.9656910498937
.97414636611938
.89804875850677
.92796748876572
.96601625283559
.9588617682457
.86146342754364
.92016259829203
.93577235937119
.88130080699921
.93853658437729
.9169105887413
.90731706221898
.90113820632299
.97414634625117
.96243902047475
.96211381753286
.9468292593956
.8878048658371
.92796748876572
.89869916439056
.96406503518422
.87138211727142
.94146341085434
.88991868495941
.91528455416362
.94894307851791
.92016261816025
.9882926940918
.89186990261078
.89658536513646
.91203250487645
.86617887020111
.87739837169647
.93674796819687
.9848780632019
.95138210058212
.91577235857646
.92373985052109
.97512197494507
.95674794912338
.91414634386698
.91284555196762
.94130080938339
.88113820552826
.95560973882675
.93121951818466
1.0032520294189
.87463414669037
.9104065100352
.92764228582382
.92699187994003
.89333333571752
.90943090120951
.9317073225975
.93593496084213
.95934959252675
.90487804015478
.93138211965561
.93121951818466
.89073169231415
.98747968673706
.9159349600474
.89902438720067
.9159349600474
.93999999761581
.92211383581161
.89853658278783
.92634147405624
.97674796978633
.92845529317856
.94032520055771
.92731708288193
.93626016378403
.91463414827983
.96520324548086
.98926830291748
.98731708526611
.85723578929901
.98065042495728
.94130080938339
.96357723077138
.92097562551498
.92146342992783
.91609756151835
.95674794912338
.92650407552719
.9564227660497
.94585365056992
.89821137984594
.94731708367666
.94422761599223
.90065040191015
.90764226516088
.92975610494614
.91609756151835
.88569104671478
.97235773007075
.93902438879013
.94243901968002
.94325202703476
.92048782110214
.89512193202972
.9131707350413
.92731708288193
.90276424090068
.91170732180278
.89495935042699
.93463414907455
.87674796581268
.90243901809057
.96390243371328
.9193495909373
.89024388790131
.90341462691625
.93934959173203
.95528455575307
.9172357916832
.96747966607412
.97008130947749
.92097562551498
.89430892467499
.96731706460317
.92032519976298
.92373985052109
.88991868495941
.87918698787689
.90926829973857
.93804877996445
.93349593877792
.92422765493393
.96422763665517
.90747966368993
.91658538579941
.90666667620341
.9230894446373
.90894309679667
.87333333492279
.96406503518422
.86975610256195
.88634145259857
.90032517910004
.91691056887309
.90536584456762
.90991870562236
.92406505346298
.92032519976298
.93447154760361
.9169105887413
.91642278432846
.96910572052002
.95707315206528
.86130082607269
1.0045528411865
.86813008785248
.9465040564537
.89934957027435
.89268290996552
.88682925701141
.94520324468613
.84585366646449
.85626018047333
.89609754085541
.94487804174423
.92373985052109
.93886178731918
.90504064162572
.99235773086548
.85886178414027
.91154470046361
.93219512701035
.88406503200531
.89804877837499
.89284551143646
.8908942937851
.90715446074804
.94195121526718
.94487804174423
.88699185848236
.9172357916832
.86178863048553
.87772357463837
.92764228582382
.89560975631078
.97138210137685
.95772357781728
.9258536696434
.96520326534907
.92699187994003
.91479674975077
.88910567760468
.90032519896825
.91398376226425
.88943088054657
.95447154839834
.92682927846909
.85609757900238
.86796748638153
.85934960842133
.90829269091288
.91430894533793
.87284553050995
.97024389108022
.89723575115204
.90130080779394
.91804877916972
.9261788725853
.88504064083099
.92959350347519
.91951221227646
.91707319021225
.87821137905121
.96325202782949
.92991870641708
.87723577022552
.91707317034403
.95447152853012
.92373985052109
.92276422182719
.88406503200531
.92666667699814
.91154470046361
.92487806081772
.91918698946635
.87284553050995
.95203250646591
.88601624965668
.94569104909897
.92081302404404
.84569104512533
.93528455495834
.91463416814804
.90081300338109
.86926829814911
.92406505346298
.90276422103246
.94878047704697
.90878049532572
.8754471540451
.88796746730804
.85349593559901
.88894307613373
.89495935042699
.87739837169647
.89560975631078
.87951219081879
.89821137984594
.93983739614487
.87674796581268
.92016257842382
.93154472112656
.90439023574193
.89983739455541
.89170732100805
.82780486345291
.93121951818466
.90455283721288
.92455283800761
.87089431285858
.93073171377182
.87382113933563
.9289430975914
.88796746730804
.87349593639374
.88910569747289
.95902436971664
.93495935201645
1.0317072868347
.95756097634633
.91658538579941
.83723576863607
.86422765254974
.9230894446373
.90666667620341
.87252032756805
.90390245119731
.83073168992996
.9104065100352
.87495934963226
.92504066228867
.88536584377289
.89040648937225
.87024390697479
.94764226675034
.85268292824427
.91609756151835
.88178861141205
.91284553209941
.9440650343895
.86780486504237
.89008128643036
.89235772689184
.83203252156576
.8785365819931
.87821137905121
.89186990261078
.88666665554047
.87691056728363
.87089431285858
.88666665554047
.87121951580048
.85008130470912
.94048780202866
.91365853945414
.97170730431875
.99333333969116
.87593495845795
.86829268932343
.85593495766322
.87560975551605
.87138211727142
.92666667699814
.91707319021225
.89869916439056
.96926828225454
.96699188152949
1.0157723426819
1.0837398767471
.94813007116318
.92569106817245
.97089429696401
.99593496322632
.95642274618149
.98439025878906
.99186992645264
.96975608666738
1.0082926750183
.96829267342885
.99821138381958
1.0386991500854
.99772357940674
.9756097594897
.94585365056992
.98585365215937
.99317073822021
.99056911468506
.95658534765244
1.0669918855031
.96455283959707
.96178861459096
1.0573983589808
.95593494176865
1.03089427948
.97073171536128
.98520324627558
1.0182113647461
.99869918823242
1.0026016235352
1.0019512176514
.97626016537348
1.0133333206177
.97056911389033
.95040649175644
.99333333969116
.99804878234863
.95121949911118
1.0289430618286
1.0320324897766
1.0354471206665
.95186992486318
1.0032520294189
.96130079030991
1.0274796485901
.97707317272822
1.06926826636
1.0102438926697
.97821140289307
.95317073663076
.9848780632019
1.0110569000244
1.0302438735962
1.0079674720764
.99821138381958
.98097560803095
.96747966607412
.96341462930044
1.0201625823975
.97886180877686
.98146343231201
.99788618087769
1.0001626014709
1.0239024162292
.99138212203979
.9632520476977
1.0265040397644
.90959348281225
1.0269918441772
1.0196747779846
1.0133333206177
.97008128960927
.94910567998886
1.0172357559204
1.0365853706996
.97983739773432
.99365854263306
.996910572052
1.0382113456726
1.0076422691345
1.0013008117676
.97430894772212
1.0229268074036
.98097560803095
.97495937347412
1.003089427948
.96569103002548
1.0078048706055
1.049268245697
.97138210137685
.96650405724843
.98780488967896
1.0240650177002
1.0040650367737
1.0141463279724
1.0190243721008
.99186992645264
.96341462930044
1.0211381912231
1.0139837265015
1.0491056442261
.96308942635854
.97642276684443
.99642276763916
.98601627349854
1.1448780298233
1.046178817749
1.01544713974
.99918699264526
.96032518148422
1.0219511985779
.99934959411621
1.0375609397888
.94276422262192
.97967481613159
.98878047863642
.95414632558823
1.0160975456238
1.0560975074768
.97642278671265
.97999999920527
.9882926940918
1.0146341323853
1.0447154045105
1.0237398147583
.99365854263306
1.0081300735474
1.0203251838684
.9821138381958
1.0256910324097
1.0347967147827
1.0422764221827
1.0504064559937
.95934957265854
1.0117073059082
1.0435771942139
1.0029268264771
.99739837646484
1.0138211250305
.96829267342885
.97577238082886
1.0346341530482
1.0809756120046
1.0039024353027
.97918699185053
1.0591870148977
1.0188617706299
1.0489430824916
1.009105682373
1.0292682647705
1.0291056632996
.97105691830317
1.0068292617798
1.0001626014709
1.0089430809021
1.0170731544495
.94016259908676
1.0175609588623
1.0105690956116
1.0250406265259
.99430894851685
1.037073135376
.98422765731812
1.0133333206177
.96211381753286
.99837398529053
1.0019512176514
1.0297560691833
1.021463394165
1.0009756088257
1.0016260147095
1.0530081192652
.97170732418696
1.0026016235352
1.0069918632507
1.0159349441528
1.0039024353027
.95593496163686
.97138210137685
.96065040429433
.97138212124507
1.0494308869044
1.0227642059326
.99658536911011
.97869920730591
.99024391174316
1.0460162560145
.9762601852417
.98764228820801
1.0043902397156
1.0795122385025
.993821144104
1.0299186706543
1.0892683267593
1.0260162353516
1.0694309075673
1.05382112662
.97512195507685
1.0526829163233
1.1173983812332
1.039999961853
1.0239024162292
1.0718699296316
1.0853658914566
1.0125203132629
1.0643902222315
1.0993496179581
1.0847154458364
1.1941463549932
1.1143089532852
1.0848780473073
1.1307317018509
1.1663414637248
1.1881301005681
1.1926829020182
1.1986991961797
1.3147967259089
1.1803251902262
1.2421138286591
1.3078048626582
1.3243902524312
1.3733333349228
1.3663414716721
1.3452032804489
1.5045528411865
1.3889430761337
1.360325217247
1.4539837837219
1.5069918632507
1.4736585617065
1.4850406646729
1.5162601470947
1.5691057046254
1.587154507637
1.6269918680191
1.6856910785039
1.720650434494
1.7866666316986
1.7757723331451
1.8840650320053
1.8928455114365
1.9100812673569
1.9421137968699
2.0014634132385
2.0996747016907
2.1674797534943
2.2460162639618
2.300812959671
2.4533333778381
2.4486179351807
2.5928454399109
2.7006504535675
2.8650406201681
2.9931707382202
3.1569106578827
3.328617811203
3.5310568809509
3.6411383152008
3.7985365390778
3.8121950626373
3.8360974788666
3.8977235953013
3.7169106006622
3.662601629893
3.4952845573425
3.4226016203562
3.1666666666667
2.9655284881592
2.8252031803131
2.7403252124786
2.5762600898743
2.3941463629405
2.2936584949493
2.1730082035065
2.0169105529785
1.9100812673569
1.8613008260727
1.7214634418488
1.6554471254349
1.5502438942591
1.4624390602112
1.4614634513855
1.4234145879745
1.4118698835373
1.3653658628464
1.2908942699432
1.2725203037262
1.3191870053609
1.2102439403534
1.1930081446966
1.2346341609955
1.161138176918
1.1653658151627
1.2211382389069
1.1572357416153
1.1095935106277
1.0949593782425
1.1310569047928
1.0650406678518
1.167479634285
1.1900813182195
1.0866667032242
1.0899187326431
1.1178861856461
1.0627642472585
1.2372357845306
1.0891057252884
1.1253658533096
1.0437397956848
1.1154471635818
1.0769106149673
1.0759350061417
1.0978862047195
1.0601625839869
1.1660162210464
1.1255284547806
1.1482927004496
1.0458536545436
1.1157723665237
1.0913821458817
1.0720325708389
1.0456910133362
1.0959349870682
1.073495944341
1.0759350061417
1.1095935106277
1.0455284118652
1.0156097412109
1.1037398576736
1.0170731544495
.98308944702148
1.0533332824707
1.0417885780334
1.056747953097
1.055447101593
1.0351219177246
1.0656910737356
.99268293380737
1.0489430427551
.9793496131897
1.0373983383179
1.0198373794556
1.0217885971069
1.0486178795497
1.0603251854579
1.0435771942139
1.0325202941895
1.0206503868103
1.0250406265259
1.0508942604065
1.0094308853149
1.0386991500854
.97544715801875
1.0035772323608
1.0375609397888
1.0143089294434
1.0224390029907
1.0417885780334
1.0505690574646
1.043251991272
1.0014634132385
.99284553527832
1.0037398338318
1.0100812911987
1.0586991707484
1.0351219177246
1.0260162353516
1.0071544647217
.95691055059433
1.0120325088501
.98959350585937
1.053658525149
1.0269918441772
.96926830212275
1.0232520103455
.94536584615707
.96780488888423
1.0521951516469
.95268293221792
1.0143089294434
1.0484552780787
1.0359349250793
1.0328454971313
1.0461788574855
.99447154998779
1.0432520310084
.99560976028442
1.0266666412354
1.0071544647217
1.0108942985535
1.0188617706299
1.0199999809265
.9852032661438
1.0037398338318
1.0056910514832
.99723575512568
1.0378861427307
1.0063414573669
1.0791869958242
.97430894772212
1.050569097201
.9694309035937
1.0156097412109
1.0222764015198
1.0321950912476
.97040651241938
1.0159349441528
.97300813595454
.99300813674927
.98260162274043
1.0203251838684
.98666667938232
1.0203251838684
1.0312194824219
1.006016254425
.98341463009516
1.0034146308899
.99577236175537
1.0113821029663
.99512195587158
.98959350585937
1.0073170661926
1.0120325088501
1.0193495750427
1.041463414828
1.0076422691345
1.0105690956116
1.0648780663808
.98260164260864
.95756097634633
.99398374557495
1.0227642059326
1.0603251854579
.98097560803095
.99186992645264
1.0112195014954
.99674797058105
1.056747953097
.95479673147202
.96666665871938
1.0266666412354
1.0104064941406
.99252033233643
.98276424407959
1.0300812721252
.99544715881348
1.0027642250061
1.0403251647949
1.0115447044373
.98943090438843
.96699188152949
.96764226754506
1.0627642075221
1.078048825264
.96097560723623
.95008128881454
1.0479674339294
1.0047154426575
.99349594116211
1.0042276382446
.94813007116318
.99495935440063
1.0294308662415
1.0243902206421
1.0178861618042
1.037073135376
1.039999961853
1.0102438926697
.99024391174316
.97951221466064
1.0346341133118
1.0256910324097
.99821138381958
1.026016275088
1.0242276191711
1.0130081176758
1.0126829147339
1.0409755706787
.98097562789917
.96016259988149
1.0001626014709
.99544715881348
1.1196748018265
1.0172357559204
1.0204877853394
.97105691830317
.99837398529053
.99398374557495
1.1034146547318
1.0367479324341
.97626016537348
.94243901968002
1.0362601280212
.97609758377075
1.0271544456482
1.0367479324341
1.006016254425
1.0575609207153
1.0292682647705
.98926830291748
.99918699264526
1.0035772323608
1.0203251838684
1.0458536148071
1.018536567688
1.0074796676636
.97040651241938
.96715446313222
.98195121685664
1.0224390029907
.97804880142212
1.0510568618774
.97040649255117
.98373985290527
1.0442276000977
1.0738211870193
.96406503518422
.99073171615601
1.0045528411865
.99674797058105
1.0346341133118
1.0684552590052
1.0728455384572
.96455285946528
.96390245358149
1.0676422913869
1.012195110321
1.0328454971313
.99186992645264
.93804877996445
.98439025878906
1.0009756088257
1.0440649986267
.99089429775874
1.0417885780334
.9465040564537
1.0354471206665
1.0317072868347
.99756097793579
.9567479689916
.96926828225454
1.024552822113
1.006178855896
.95333331823349
1.0063414573669
.94292682409286
.9941463470459
.98650407791138
.98975610733032
1.0180487632751
.9972357749939
.98097562789917
1.0206503868103
1.0110569000244
1.0182113647461
1.0570731560389
1.0299186706543
.9495934844017
1.0081300735474
.99252033233643
.97235773007075
1.0232520103455
.96471546093623
.9972357749939
1.0278048912684
1.032195130984
.9780487815539
.97886178890864
1.0195121765137
1.0297561089198
1.0934959252675
.98357725143433
1.0315446853638
1.0632520516713
1.0282926559448
.98813009262085
.98260164260864
1.0125203132629
.98894309997559
.9811382095019
.98650407791138
1
.95609754323959
.99365854263306
1.0112195014954
.93495935201645
1.0156097412109
.98991870880127
1.0102438926697
.93252032995224
1.0175609588623
.97626016537348
1.0299186706543
.97463417053223
1.0201625823975
.92520326375961
1.0024390220642
.99756097793579
.98926830291748
.94894307851791
1.0398373603821
.98000001907349
1.0489430427551
1.0053658485413
.99674797058105
1.0068292617798
.95235772927602
1.0178861618042
1.009268283844
.9616259932518
1.0427642265956
1.0213008324305
1.0086178779602
.99219512939453
1.0266666412354
.98845529556274
1.0053658485413
.97235774993896
1.0017886161804
1.0026016235352
1.0588617722193
.95821136236191
1.0141463279724
1.0777236223221
.99317073822021
.99024389187495
.95999997854233
.95447152853012
.98861789703369
.97918699185053
1.0240650177002
.99756097793579
1.0692683060964
1.0146341323853
1.0208129882812
.99479675292969
1.0591870148977
1.0572357575099
1.0053658485413
1.0130081176758
.96455285946528
1.0513821045558
1.038211385409
1.0056910514832
1.0079674720764
.94390243291855
.98682928085327
1.0162601470947
.95447154839834
.92178863286972
.97268293301264
.99268293380737
1.0206503868103
.9691057006518
1.0614634354909
.98048782348633
1.0526829163233
1.0087804794312
.99983739852905
1.0263414382935
1.0017886161804
1.0138211250305
.99398374557495
.98878049850464
.98975610733032
.94455283880234
1.0213007926941
.99268293380737
1.0108942985535
1.0203251838684
1.0321950912476
1.04634141922
.98504066467285
1.0305690765381
.96325202782949
.96178859472275
.99983739852905
1.0151219367981
1.0217885971069
.97089429696401
.99869918823242
1.0095934867859
1.0445528030396
1.0086178779602
.96926830212275
.97447154919306
1.0029268264771
.93121951818466
1.0143089294434
1.0268292427063
1.0505690574646
1.0456910530726
.99268293380737
1.0112195014954
1.0022764205933
1.0071544647217
1.0318698883057
1.0058536529541
1.0334959030151
1.0047154426575
1.0203251838684
.96130079030991
.98813009262085
.98357725143433
1.012195110321
1.0325202941895
.9783739844958
1.0160975456238
1.0380487442017
.97317073742549
1
1.0048780441284
.99008131027222
.99577236175537
1.0468292236328
1.0169105529785
.96861789623896
.9811382095019
1.0130081176758
.98130081097285
1.0118699073792
1.0523577133814
.9910569190979
.97333333889643
1.0055284500122
1.003089427948
1.0144715309143
.98130083084106
1.0439023971558
1.0409756104151
.94504064321518
.97739837567012
1.0196747779846
.97544717788696
1.0108942985535
.97756097714106
1.1138211488724
1.0209755897522
1.0334959030151
1.0426015853882
.9653658469518
.97219510873159
1.0136585235596
.95252033074697
.97691057125727
.96390243371328
.99235773086548
.92715448141098
1.0273170471191
.99430894851685
1.0037398338318
.99951219558716
1.0032520294189
1.0160975456238
1.0125203132629
1.0242276191711
1.0593495766322
.97593494256337
1.0378861427307
.96731708447138
1.0713821252187
.98341463009516
1.006016254425
1.0546340942383
1.0079674720764
.95317071676254
.96926830212275
1.0108942985535
1.0117073059082
.93544715642929
.98308942715327
1.0411381721497
.97967481613159
1.0478048721949
1.0009756088257
.96455281972885
1.0386991500854
1.0110569000244
1.0419511795044
1.0248780250549
.96650405724843
1.006016254425
.99089431762695
1.0045528411865
.97756097714106
1.0191869735718
.99008131027222
.96162601312002
.98991870880127
.92666667699814
1.0019512176514
1.0474796295166
.98585367202759
.9752845565478
1.0177235603333
1.0427641868591
1.033821105957
1.0382113456726
1.043251991272
.99219512939453
1.0099186897278
.9910569190979
.98764228820801
.97739837567012
.98016260067622
.99479675292969
.95056909322739
.94601625204086
1.0069918632507
.97235773007075
1.0211381912231
.99300813674927
.9585365653038
1.0398374001185
.99658536911011
.99934959411621
1.0011382102966
.96975610653559
1.0234146118164
1.0175609588623
.99186992645264
.99430892864863
.91788617769877
1.0253658692042
1.0315446853638
1.0204877853394
.98439025878906
1.0258536338806
.94146341085434
1.0026016235352
.94861789544423
.98634147644043
1.0086178779602
1.0065040588379
1.0199999809265
.9879674911499
1.027642250061
1.0421137809753
.98715448379517
.99951219558716
1.0455284516017
.96861789623896
.9687804778417
1.0260162353516
1.0191869735718
1.0022764205933
1.0206503868103
1.0133333206177
1.0143089294434
.9656910498937
1.0115447044373
.97821140289307
.96894309918086
1.0528455177943
1.0039024353027
.95577236016591
1.0593496163686
.93609756231308
.96276422341665
1.0167479515076
1.0263414382935
.98065040508906
1.0284552574158
.95528455575307
.97739837567012
.95739835500717
.99170730511347
1.0230894088745
1.0136585235596
1.0076422691345
1.0027642250061
.95073169469833
.96487802267075
.95512195428212
1.0351219177246
.97317073742549
1.0211381912231
1.0413007736206
.98764228820801
1.0139837265015
.98178863525391
.93544715642929
1.06130083402
.96715446313222
.94504064321518
.98162601391474
1.0042276382446
.99886178970337
1.0078048706055
.96682926019033
.97414634625117
.97512195507685
1.0250406265259
.9941463470459
1.0050406455994
.96504062414169
1.0016260147095
.96552844842275
1.0045528411865
.96146341164907
1.0045528411865
.96601625283559
1.0217885971069
.96016259988149
1.0157723426819
.91317075490952
.96991868813833
.94536584615707
1.0118699073792
1.009268283844
1.0546340942383
.97479675213496
.98861789703369
.97674796978633
.96552844842275
.94081300497055
.9193495909373
1.0258536338806
1.0134959220886
.96292682488759
1.0325203339259
.99869918823242
.99024391174316
.98471546173096
.95154470205307
.97918701171875
.98276424407959
.98601627349854
1.0195122162501
.94422763586044
.98813009262085
1.0055284500122
.9656910498937
.94260162115097
.95333331823349
.99528455734253
.95073169469833
.98162601391474
.97121951977412
.95317071676254
.98292682568232
1.0013008117676
1.0265040397644
.97609756390254
1.0024390220642
1.0146341323853
.95349593957265
.97528453667959
1.0078048706055
1.0097560882568
.94292682409286
.96520324548086
.98178861538569
.99869918823242
.94048780202866
.92796748876572
1
.98552846908569
.96097560723623
1.0582113663356
.92634147405624
.98081302642822
.9756097594897
1.0042276382446
.99577236175537
.91089429457982
.94829267263412
.99512195587158
.95723575353622
.97951219479243
.98764228820801
.94422765572866
1.0157723426819
.90715446074804
.95691055059433
.93544715642929
1.0130081176758
.96422763665517
.96552846829096
1.003089427948
.97951221466064
.96487804253896
1.0300812721252
.93723577260971
1.0079674720764
.97105691830317
.9873170653979
1.0118699073792
.9564227660497
.88455283641815
.96097558736801
1.018373966217
.91983741521835
.91772359609604
.99008131027222
.98910568157832
.92162603139877
.98878049850464
.97918701171875
.97203252712886
1.0014634132385
.98439025878906
.96211381753286
.9564227660497
.98780488967896
1.0160975456238
.98666667938232
1.0648780266444
.98113818963369
.96504064400991
.88650405406952
.94178861379623
.9378861784935
.9910569190979
1.0157723426819
.96406503518422
.96455283959707
.96439023812612
1.0029268264771
.9526829123497
.90504064162572
.98585367202759
.96097560723623
.99121952056885
.95772357781728
.95154470205307
.95707315206528
.98601627349854
.96178859472275
.99040651321411
.99821138381958
.97463415066401
.96357723077138
.9759349822998
.96536586682002
.96406503518422
.99398374557495
.92422765493393
.95609754323959
.96699188152949
.99593496322632
.97495937347412
.94780486822128
.91544715563456
.93626016378403
.91772357622782
.95382112264633
.94422763586044
1.0108942985535
.94504064321518
.9526829123497
.95186990499496
.99853658676147
.92699187994003
.93902438879013
.99300813674927
.93138211965561
.95756097634633
.96829267342885
.97756097714106
.92504066228867
.9320325255394
.98861789703369
1.0767480134964
1.0235772132874
.89934959014257
.9526829123497
.98487804333369
1.0551219383876
.94195121526718
.97235773007075
.9588617682457
.9499186873436
.99073171615601
1.0016260147095
.98894309997559
.97284553448359
1.0230894088745
.97707317272822
.95739837487539
1.0021138191223
.94520324468613
.91951219240824
.93186990420024
.94227641820908
.96650407711665
.92195123434067
.93528455495834
.95756095647812
.94113820791245
.93284553289413
.94829269250234
.95707317193349
.89284551143646
.94634145498276
.95398372411728
.93447154760361
.99040651321411
.88666665554047
.93186992406845
.95203250646591
.9437398314476
.94829267263412
1.0130081176758
.94536584615707
.96569103002548
.99219512939453
.93837398290634
.90016257762909
.90780488650004
.93658536672592
.96081298589706
.90634147326152
.96178861459096
.9588617682457
.91382114092509
.93609756231308
1.0039024353027
.92422765493393
.9388618071874
.98894309997559
.87723577022552
.95463413000107
.89821137984594
.93804877996445
.9227642416954
.90211383501689
.89317071437836
.8754471540451
.86780488491058
.91707319021225
.90943090120951
.93723577260971
.92943088213603
.90991870562236
.95658534765244
.90276422103246
.88796746730804
.88097560405731
.9104065100352
.88276422023773
.97447154919306
.89658536513646
.90325204531352
.88991868495941
.92780488729477
.8973983724912
.88227641582489
.9656910498937
.88975608348846
.86780488491058
.92130082845688
.9131707350413
.9474796851476
.91560975710551
.85235774517059
.90861789385478
.87739837169647
.90032519896825
.91934961080551
.89934959014257
.82065041859945
.91170732180278
.89983739455541
.93739837408066
.88422763347626
.85626018047333
.87284553050995
.85333333412806
.85593495766322
.91056909163793
.89853658278783
.85674794514974
.90487806002299
.86211383342743
.86422763268153
.90536584456762
.86829268932343
.89300811290741
.89300811290741
.92178863286972
.80243903398514
.92065040270487
.90373984972636
.8964227437973
.88373982906342
.81918698549271
.88764226436615
.85788617531459
.88813006877899
.91788619756699
.80650407075882
.83821137746175
.82634145021439
.91707317034403
.88292682170868
.92146342992783
.82585364580154
.84861791133881
.82195121049881
.86747968196869
.86178863048553
.84552844365438
.80341464281082
.84227641423543
.85967479149501
.87317073345184
.79934958616892
.84780488411585
.86926829814911
.8284552693367
.85235772530238
.91983739535014
.84000001351039
.91609756151835
.86113820473353
.83674796422323
.89105689525604
.83317071199417
.80390244722366
0
0
0
0
0
0
0
0
0
0
0
0
0
0
0
0
0
0
0
0
0
0
0
0
0
0
0
0
0
0
0
0
0
0
0
0
0
0
0
0
0
0
0
0
0
0
0
0
0
0
0
0
0
0
0
0
0
0
0
0
0
0
0
0
0
0
0
0
0
0
0
0
0
0
0
0
0
0
0
0
0
0
0
0
0
0
0
0
0
0
0
0
0
0
0
0
0
0
0
0
0
0
0
0
0
0
0
0
0
0
0
0
0
0
0
0
0
0
0
0
0
0
0
0
0
0
0
0
0
0
0
0
0
0
0
0
0
0
0
0
0
0
0
0
0
0
0
0
0
0
0
0
0
0
0
0
0
0
0
0
0
0
0
0
0
0
0
0
0
0
0
0
0
0
0
0
0
0
0
0
0
0
0
0
0
0
0
0
0
0
0
0
0
0
0
0
0
0
0
0
0
0
0
0
0
0
0
0
0
0
0
0
0
0
0
0
0
0
0
0
0
0
0
0
0
0
0
0
0
0
0
0
0
0
0
0
0
0
0
0
0
0
0
0
0
0
0
0
0
0
0
0
0
0
0
0
0
0
0
0
0
0
0
0
0
0
0
0
0
0
0
0
0
0
0
0
0
0
0
0
0
0
0
0
0
0
0
0
0
0
0
0
0
0
0
0
0
0
0
0
0
0
0
0
0
0
0
0
0
0
0
0
0
0
0
0
0
0
0
0
0
0
0
0
0
0
0
0
0
0
0
0
0
0
0
0
0
0
0
0
0
0
0
0
0
0
0
0
0
0
0
0
0
0
0
0
0
0
0
0
0
0
0
0
0
0
0
0
0
0
0
0
0
0
0
0
0
0
0
0
0
0
0
0
0
0
0
0
0
0
0
0
0
0
0
0
0
0
0
0
0
0
0
0
0
0
0
0
0
0
0
0
0
0
0
0
0
0
0
0
0
0
0
0
0
0
0
0
0
0
0
0
0
0
0
0
0
0
0
0
0
0
0
0
0
0
0
0
0
0
0
0
0
0
0
0
0
0
0
0
0
0
0
0
0
0
0
0
0
0
0
0
0
0
0
0
0
0
0
0
0
0
0
0
0
0
0
0
0
0
0
0
0
0
0
0
0
0
0
0
0
0
0
0
0
0
0
0
0
0
0
0
0
0
0
0
0
0
0
0
0
0
0
0
0
0
0
0
0
0
0
0
0
0
0
0
0
0
0
0
0
0
0
0
0
0
0
0
0
0
0
0
0
0
0
0
0
0
0
0
0
0
0
0
0
0
0
0
0
0
0
0
0
0
0
0
0
0
0
0
0
0
0
0
0
0
0
0
0
0
0
0
0
0
0
0
0
0
0
0
0
0
0
0
0
0
0
0
0
0
0
0
0
0
0
0
0
0
0
0
0
0
0
0
0
0
0
0
0
0
0
0
0
0
0
0
0
0
0
0
0
0
0
0
0
0
0
0
0
0
0
0
0
0
0
0
0
0
0
0
0
0
0
0
0
0
0
0
0
0
0
0
0
0
0
0
0
0
0
0
0
0
0
0
0
0
0
0
0
0
0
0
0
0
0
0
0
0
0
0
0
0
0
0
0
0
0
0
0
0
0
0
0
0
0
0
0
0
0
0
0
0
0
0
0
0
0
0
0
0
0
0
0
0
0
0
0
0
0
0
0
0
0
0
0
0
0
0
0
0
0
0
0
0
0
0
0
0
0
0
0
0
0
0
0
0
0
0
0
0
0
0
0
0
0
0
0
0
0
0
0
0
0
0
0
0
0
0
0
0
0
0
0
0
0
0
0
0
0
0
0
0
0
0
0
0
0
0
0
0
0
0
0
0
0
0
0
0
0
0
0
0
0
0
0
0
0
0
0
0
0
0
0
0
0
0
0
0
0
0
0
0
0
0
0
0
0
0
0
0
0
0
0
0
0
0
0
0
0
0
0
0
0
0
0
0
0
0
0
0
0
0
0
0
0
0
0
0
0
0
0
0
0
0
0
0
0
0
0
0
0
0
0
0
0
0
0
0
0
0
0
0
0
0
0
0
0
0
0
0
0
0
0
0
0
0
0
0
0
0
0
0
0
0
0
0
0
0
0
0
0
0
0
0
0
0
0
0
0
0
0
0
0
0
0
0
0
0
0
0
0
0
0
0
0
0
0
0
0
0
0
0
0
0
0
0
0
0
0
0
0
0
0
0
0
0
0
0
0
0
0
0
0
0
0
0
0
0
0
0
0
0
0
0
0
0
0
0
0
0
0
0
0
0
0
0
0
0
0
0
0
0
0
0
0
0
0
0
0
0
0
0
0
0
0
0
0
0
0
0
0
0
0
0
0
0
0
0
0
0
0
0
0
0
0
0
0
0
0
0
0
0
0
0
0
0
0
0
0
0
0
0
0
0
0
0
0
0
0
0
0
0
0
0
0
0
0
0
0
0
0
0
0
0
0
0
0
0
0
0
0
0
0
0
0
0
0
0
0
0
0
0
0
0
0
0
0
0
0
0
0
0
0
0
0
0
0
0
0
0
0
0
0
0
0
0
0
0
0
0
0
0
0
0
0
0
0
0
0
0
0
0
0
0
0
0
0
0
0
0
0
0
0
0
0
0
0
0
0
0
0
0
0
0
0
0
0
0
0
0
0
0
0
0
0
0
0
0
0
0
0
0
0
0
0
0
0
0
0
0
0
0
0
0
0
0
0
0
0
0
0
0
0
0
0
0
0
0
0
0
0
0
0
0
0
0
0
0
0
0
0
0
0
0
0
0
0
0
0
0
0
0
0
0
0
0
0
0
0
0
0
0
0
0
0
0
0
0
0
0
0
0
0
0
0
0
0
0
0
0
0
0
0
0
0
0
0
0
0
0
0
0
0
0
0
0
0
0
0
0
0
0
0
0
0
0
0
0
0
0
0
0
0
0
0
0
0
0
0
0
0
0
0
0
0
0
0
0
0
0
0
0
0
0
0
0
0
0
0
0
0
0
0
0
0
0
0
0
0
0
0
0
0
0
0
0
0
0
0
0
0
0
0
0
0
0
0
0
0
0
0
0
0
0
0
0
0
0
0
0
0
0
0
0
0
0
0
0
0
0
0
0
0
0
0
0
0
0
0
0
0
0
0
0
0
0
0
0
0
0
0
0
0
0
0
0
0
0
0
0
0
0
0
0
0
0
0
0
0
0
0
0
0
0
0
0
0
0
0
0
0
0
0
0
0
0
0
0
0
0
0
0
0
0
0
0
0
0
0
0
0
0
0
0
0
0
0
0
0
0
0
0
0
0
0
0
0
0
0
0
0
0
0
0
0
0
0
0
0
0
0
0
0
0
0
0
0
0
0
0
0
0
0
0
0
0
0
0
0
0
0
0
0
0
0
0
0
0
0
0
0
0
0
0
0
0
0
0
0
0
0
0
0
0
0
0
0
0
0
0
0
0
0
0
0
0
0
0
0
0
0
0
0
0
0
0
0
0
0
0
0
0
0
0
0
0
0
0
0
0
0
0
0
0
0
0
0
0
0
0
0
0
0
0
0
0
0
0
0
0
0
0
0
0
0
0
0
0
0
0
0
0
0
0
0
0
0
0
0
0
0
0
0
0
0
0
0
0
0
0
0
0
0
0
0
0
0
0
0
0
0
0
0
0
0
0
0
0
0
0
0
0
0
0
0
0
0
0
0
0
0
0
0
0
0
0
0
0
0
0
0
0
0
0
0
0
0
0
