.80718952417374
.81930826107661
.80855119228363
.82162308692932
.80296842257182
.81386164824168
.81753812233607
.80569171905518
.82121459643046
.82461875677109
.8101851940155
.81685729821523
.82107841968536
.80991286039352
.80895968278249
.8195806145668
.79942810535431
.80936817328135
.80596403280894
.80705338716507
.81644880771637
.80351306994756
.80936817328135
.82203157742818
.81549564997355
.80582787593206
.81127452850342
.82652505238851
.79970043897629
.79616012175878
.80773421128591
.79697712262472
.80092593034108
.79697712262472
.81032135089238
.78921568393707
.80133442083995
.81181915601095
.80255991220474
.81399782498678
.8112745086352
.78989652792613
.80569171905518
.79656863212585
.79289217789968
.79983659585317
.79656861225764
.79534314076106
.802015264829
.81072984139125
.79901961485545
.79602394501368
.81318082412084
.81072984139125
.82121457656225
.80800654490789
.80119826396306
.80269608894984
.81740194559097
.80160675446192
.80514707167943
.8114106853803
.8065087000529
.80814270178477
.80610020955404
.80392156044642
.80977670351664
.82175926367442
.8007897734642
.79983659585317
.81059368451436
.81141066551208
.81658494472504
.79847492774328
.80664487679799
.79915575186412
.81100217501322
.80773421128591
.80895970265071
.81195533275604
.79915577173233
.80405773719152
.82366559902827
.80800654490789
.81263615687688
.81277233362198
.80283224582672
.80514705181122
.80637254317602
.79970041910807
.80541940530141
.81086601813634
.80923201640447
.80405773719152
.80950435002645
.81440631548564
.83796294530233
.81631265083949
.81631263097127
.80991286039352
.81454247236252
.81549564997355
.80895970265071
.81086601813634
.8197167913119
.8054193854332
.81889979044596
.8218954205513
.81399782498678
.81304468711217
.80909585952759
.81535947322845
.82325706879298
.80923201640447
.80160673459371
.79997277259827
.81181917587916
.79547929763794
.80201524496078
.82448256015778
.80582789580027
.80718954404195
.80405773719152
.79547931750615
.7949346502622
.8041938940684
.79656863212585
.80324073632558
.81263615687688
.80705336729685
.80446624755859
.8018790880839
.80119826396306
.80310455958048
.80255991220474
.80228757858276
.80623636643092
.8148148059845
.80637254317602
.80405773719152
.81386164824168
.8278867204984
.8148148059845
.81794663270315
.79234749078751
.80324073632558
.80909585952759
.81222768624624
.80446622769038
.81318082412084
.80255991220474
.8043300708135
.81808280944824
.80296842257182
.79384531577428
.80773421128591
.81631265083949
.80419391393661
.82026143868764
.81917212406794
.79738561312358
.79915579160055
.80446624755859
.79670478900274
.80296842257182
.80010892947515
.80242375532786
.79411762952805
.79643245538076
.79547929763794
.80460240443548
.81590414047241
.7935729821523
.80596407254537
.80596405267715
.79752178986867
.80378540356954
.8029684027036
.79384531577428
.80106208721797
.80664487679799
.80024508635203
.79765794674555
.80473856131236
.79983661572138
.80868736902873
.80936819314957
.79874728123347
.79915577173233
.80473856131236
.81794663270315
.79861112435659
.80691721041997
.80705338716507
.80855119228363
.81712963183721
.79616012175878
.80351306994756
.80582787593206
.79507080713908
.8018790880839
.80718954404195
.79697712262472
.79670478900274
.8065087000529
.79956426223119
.79752177000046
.79861110448837
.7971132795016
.79670476913452
.80964052677155
.79616012175878
.80582789580027
.80732570091883
.79330064853032
.80024508635203
.80637254317602
.81181915601095
.79575163125992
.80351308981578
.80378538370132
.80051743984222
.80610020955404
.81399780511856
.79316449165344
.7947984735171
.8114106853803
.80746187766393
.80882352590561
.81345317761103
.79956426223119
.80378540356954
.81998910506566
.80800654490789
.81277233362198
.81318082412084
.81154684225718
.8125
.81862745682398
.80610022942225
.81917212406794
.81304466724396
.8065087000529
.80528322855632
.81168299913406
.79752180973689
.81209148963292
.83796298503876
.80528322855632
.80555556217829
.8114106853803
.80215142170588
.80392156044642
.81644880771637
.80092593034108
.8137254913648
.81590414047241
.80814268191655
.81032133102417
.80964052677155
.80351306994756
.81195533275604
.84177559614182
.81331700086594
.81059368451436
.81086601813634
.79629629850388
.81481482585271
.81767429908117
.80746187766393
.79779410362244
.8134531378746
.80133442083995
.81644880771637
.81100219488144
.81100217501322
.81644878784815
.80255991220474
.80664487679799
.80718954404195
.82679738601049
.81209150950114
.80664487679799
.81726578871409
.81617647409439
.8126361767451
.81168301900228
.8217592438062
.80909585952759
.82121461629868
.81917210419973
.81209148963292
.81712963183721
.82298475503922
.80827885866165
.80882352590561
.81345315774282
.81917210419973
.81522331635157
.81712961196899
.80337691307068
.80337689320246
.81113835175832
.80473856131236
.81154684225718
.82598038514455
.80024508635203
.80174291133881
.8123638232549
.80106208721797
.79534314076106
.81113835175832
.80678105354309
.82107843955358
.82516340414683
.79738561312358
.79942810535431
.81358933448792
.80310455958049
.80378540356954
.81345315774282
.81236384312312
.8114106853803
.81508713960648
.81181919574738
.80950435002645
.81427013874054
.80364922682444
.80977668364843
.82135077317556
.81808278958003
.80664485692978
.81154684225718
.80555556217829
.80582789580027
.81072986125946
.80487471818924
.81549563010534
.80923201640447
.82448258002599
.80337689320246
.81563180685043
.82679738601049
.8043300708135
.80637256304423
.81644880771637
.80242375532786
.81181917587916
.82352940241496
.81413400173187
.81004901727041
.82257624467214
.81427015860875
.82026143868764
.81059368451436
.80269606908162
.81767429908117
.80446622769038
.80283222595851
.80964052677155
.80868736902873
.80038128296534
.80718954404195
.82216775417328
.80092591047287
.80324073632558
.82135075330734
.80582787593206
.80868736902873
.81740196545919
.80514705181122
.79793028036753
.81386164824168
.7926198442777
.80664487679799
.80868736902873
.79861110448837
.80514707167943
.81522331635157
.79588780800502
.80800652503967
.79929194847743
.79561545451482
.80718952417374
.80487471818924
.79057733217875
.79888343811035
.81263615687688
.79438998301824
.79888343811035
.8054193854332
.81726578871409
.80991286039352
.81604029734929
.79452613989512
.79861112435659
.81209148963292
.80405773719152
.80119826396306
.80228757858276
.80691721041997
.8029684027036
.80623638629913
.81018517414729
.79793028036753
.79629629850388
.81168301900228
.79847492774328
.80514705181122
.82965685923894
.80841503540675
.80419387420018
.81100217501322
.8052832086881
.80664489666621
.8137254913648
.8090958793958
.81304466724396
.82026143868764
.81263615687688
.81386164824168
.81481482585271
.7958877881368
.80718954404195
.81290849049886
.80106208721797
.80678105354309
.8101851940155
.79588780800502
.80705336729685
.80827887852987
.80501089493434
.80827885866165
.81985294818878
.80269606908162
.80678103367488
.79452613989512
.80501089493434
.80691721041997
.82162308692932
.80310455958048
.81086599826813
.80351306994756
.80582787593206
.80460240443548
.81318082412084
.80133444070816
.81726580858231
.80868736902873
.79956426223119
.80337691307068
.80923203627268
.8029684027036
.81236384312312
.81209148963292
.80637254317602
.80337691307068
.81181915601095
.81862745682398
.80610020955404
.81045750776927
.81958059469859
.81113835175832
.8126361767451
.81821894645691
.81113835175832
.8041938940684
.80718954404195
.80106208721797
.8018790880839
.81086599826813
.79874728123347
.80337689320246
.80759805440903
.80678103367488
.83891612291336
.81345317761103
.80364922682444
.79929192860921
.79806645711263
.80514705181122
.79302831490835
.81440631548564
.79833877086639
.80187906821569
.81004903713862
.79275600115458
.80092593034108
.81386164824168
.80446624755859
.81440633535385
.8197167913119
.80882352590561
.81467864910762
.8112745086352
.80501089493434
.79956428209941
.80923203627268
.80623638629913
.80133440097173
.80950435002645
.7960239648819
.80392158031464
.8041938940684
.79398147265116
.81141066551208
.81222766637802
.79874728123347
.8040577173233
.81495096286138
.81535947322845
.81209150950114
.81726578871409
.80923203627268
.80460238456726
.81290849049886
.80705338716507
.81100217501322
.82039759556452
.8135893146197
.82475491364797
.82570807139079
.82856754461924
.81481482585271
.80991284052531
.81917210419973
.80895968278249
.82366555929184
.82026143868764
.81263615687688
.81821896632512
.81658496459325
.80909585952759
.82135075330734
.82815903425217
.8125
.81998910506566
.81767427921295
.81590414047241
.81481482585271
.81821896632512
.80637254317602
.80800654490789
.81563180685043
.80446622769038
.81209148963292
.82107843955358
.81277233362198
.81141066551208
.81304466724396
.80882352590561
.81100217501322
.8125
.80487473805745
.80242375532786
.81345317761103
.81100217501322
.80841503540675
.8126361767451
.80187906821569
.80514705181122
.81222766637802
.80460238456726
.80895970265071
.82461873690287
.80705336729685
.80378542343775
.81590414047241
.81004901727041
.81917210419973
.81549563010534
.80051741997401
.8101851940155
.80691723028819
.80596403280894
.80977668364843
.81508713960648
.81277233362198
.81318082412084
.81440631548564
.80637254317602
.81018517414729
.81209150950114
.81740196545919
.80228757858276
.80841503540675
.81604031721751
.8137254913648
.80895970265071
.8101851940155
.80460240443548
.81604029734929
.81032135089238
.80242375532786
.80787038803101
.80718954404195
.81127452850342
.82162308692932
.82298475503922
.80827885866165
.80569171905518
.80092593034109
.79452615976334
.82829519112905
.80487471818924
.80242373545965
.79193898042043
.79153050978978
.80078975359599
.78880717357
.80814270178477
.80514705181122
.79438998301824
.80895968278249
.80147059758504
.80623638629913
.81018517414729
.80133442083995
.79779412349065
.79983661572138
.79452612002691
.80582789580027
.80051743984222
.79139433304469
.80078973372777
.79575163125992
.78894335031509
.78935184081395
.79534314076106
.79084966580073
.79330064853032
.8007897734642
.7913943529129
.79193900028865
.79888343811035
.79616012175878
.79289215803146
.78458605209986
.78962417443593
.78145424524943
.78254357973735
.78308822711309
.78308822711309
.78022875388463
.77627996603648
.77532678842545
.81141066551208
.78799019257228
.77614378929138
.77750545740128
.79330064853032
.77382898330688
.76348038514455
.77641614278158
.75803379217784
.76007624467214
.76116555929184
.75340414047241
.74918301900228
.75885075330734
.74714050690333
.75258715947469
.74931917587916
.73406863212585
.80215142170588
.80582787593206
.80010892947515
.81004901727041
.81454249223073
.79602394501368
.80800654490789
.81699347496033
.79942810535431
.79084966580073
.80487473805745
.79547931750615
.79847494761149
.79970043897629
.79166666666667
.79793028036753
.80610022942225
.79057733217875
.78839868307114
.80092593034108
.78540303309758
.79847494761149
.7960239648819
.78921568393707
.78513071934382
.79248364766439
.79030501842499
.78363289435705
.78935186068217
.79833879073461
.8125
.80718954404195
.82039761543274
.82230393091838
.81467866897583
.80909585952759
.8101851940155
.82284857829412
.81195533275604
.81072984139125
.80800654490789
.81290849049886
.81781043608983
.79861110448837
.81835510333379
.80541940530141
.82284857829412
.80868736902873
.80637256304423
.81290851036708
.81331698099772
.80487473805745
.81209150950114
.8125
.79738563299179
.81072984139125
.81876363356908
.81032135089238
.81318082412084
.81318082412084
.81290851036708
.80501087506612
.82162310679754
.80800654490789
.81604029734929
.82175926367442
.80855121215185
.82529956102371
.82284857829412
.81250001986821
.81917210419973
.82080608606338
.81222766637802
.81508713960648
.82529956102371
.80392156044642
.8206699291865
.82189544041951
.81086599826813
.8125
.81631263097127
.80446622769038
.80732572078705
.81032135089238
.82039759556452
.80650871992111
.81563182671865
.81318082412084
.80446624755859
.8218954205513
.80732570091883
.80678103367488
.80882352590561
.80119826396306
.80759803454081
.80705336729685
.79983659585317
.80283224582672
.80964052677155
.80855119228363
.80746187766393
.80964050690333
.80895970265071
.80528322855632
.80364922682444
.81889979044596
.81086599826813
.81862745682398
.81685729821523
.80228759845098
.81181917587916
.81399784485499
.81767427921295
.81059368451436
.82216775417328
.80977668364843
.8197167913119
.81876363356908
.81576798359553
.84245644013087
.83796294530233
.82325708866119
.83333333333333
.83210784196854
.81358933448792
.85226033131282
.82230391105016
.81454247236252
.81032135089238
.81985294818878
.82135075330734
.82461873690287
.83292484283447
.82393793265025
.82121461629868
.82720587650935
.81508713960648
.82244010766347
.82788670063019
.82135077317556
.82216775417328
.82679738601049
.82843136787415
.82924836874008
.83714596430461
.82448256015778
.82284859816233
.82911219199498
.82298475503922
.83551198244095
.84136710564295
.8323801557223
.8383714556694
.84123092889786
.84531589349111
.86614924669266
.85484749078751
.85825165112813
.875
.89079519112905
.8937908411026
.91734749078751
.93246187766393
.95125271876653
.98760890960693
1.0050381223361
1.0334967374802
1.0492919683456
1.0819716453552
1.1214596827825
1.1297657887141
1.1599945624669
1.1911764542262
1.2129629850388
1.2438725630442
1.2806372642517
1.2952069838842
1.3330609798431
1.361519575119
1.3706427017848
1.4086329142253
1.4460784196854
1.4703158934911
1.5021786292394
1.5400326649348
1.5565087000529
1.5891884565353
1.6194171905518
1.6264978249868
1.65822438399
1.6759259303411
1.6847767035166
1.7042483488719
1.7406045595805
1.7445533672969
1.7574891249339
1.7941176493963
1.796160141627
1.8284313678741
1.8480392297109
1.8681917190552
1.8721405267715
1.9148964881897
1.920615474383
1.9481209516525
1.9782135089238
1.9686819314957
1.9904684225718
2.0072167317073
2.0213780005773
2.0183823108673
2.0462962786357
2.0354030132294
2.0270969072978
2.0334967772166
2.0153867403666
2.020561059316
2.0213779608409
1.9854302803675
1.970179716746
1.9805283149083
1.9592864513397
1.921840985616
1.9193900028865
1.9146241744359
1.880855123202
1.8643791278203
1.862745086352
1.8278867403666
1.8187636137009
1.8114106655121
1.7619825601578
1.7489107052485
1.727260351181
1.7122821013133
1.682189544042
1.6561819314957
1.6220043500264
1.6045751571655
1.5706699291865
1.5209695100784
1.4832516511281
1.4763071934382
1.4379085302353
1.3970588048299
1.3736383517583
1.3304738601049
1.321759223938
1.2979302803675
1.2614378929138
1.2372004191081
1.2136437892914
1.1928104956945
1.1737473011017
1.164760351181
1.1387527386347
1.1512799660365
1.1376634041468
1.1275871594747
1.1258169809977
1.1112472613653
1.0886437892914
1.0836056470871
1.0808823506037
1.0712145964305
1.052559932073
1.0518790880839
1.0311818917592
1.0200163523356
1.0140250722567
.9967320561409
.99741286039352
.99918301900228
.97739650805791
.97834968566895
.97385621070862
.96010349194209
.94471677144369
.94662310679754
.93804464737574
.92415577173233
.91816449165344
.89528866608938
.88984203338623
.88303377230962
.88820805152257
.86941721041997
.86260892947515
.85226035118103
.84722222884496
.84136710564295
.84967319170634
.8289760351181
.84313726425171
.84095861514409
.8325163324674
.82584422826767
.83578431606293
.82393791278203
.82611654202143
.81767427921295
.81549563010534
.80868736902873
.82352942228317
.80528322855632
.80936819314957
.8137254913648
.79806645711263
.81672112147013
.81086601813634
.79656863212585
.81699345509211
.80501087506612
.79234749078751
.79234751065572
.80269608894984
.78472222884496
.78159042199453
.78703703482946
.78009259700775
.7770969470342
.8112745086352
.80187906821569
.81522331635157
.82107841968536
.81141066551208
.82489107052485
.82162310679754
.80855119228363
.81427015860875
.81971677144369
.80582789580027
.81971677144368
.81835510333379
.80936819314957
.8125
.81944443782171
.81181915601095
.82284859816233
.82325708866119
.82107843955358
.81195533275604
.82706971963247
.81331698099772
.82407408952713
.81889977057775
.82012526194255
.80950435002645
.80705336729685
.81576796372732
.80705338716507
.81495098272959
.82475491364797
.80991284052531
.81508713960648
.81481482585271
.8101851940155
.8148148059845
.81032135089238
.80950435002645
.81100217501322
.80977668364843
.81604031721751
.82693354288737
.81889979044596
.80106208721797
.81181917587916
.81508713960648
.81181915601095
.80936817328135
.81413398186366
.79806643724442
.80201522509257
.80705336729685
.8031045794487
.80732570091883
.80405773719152
.80977670351664
.80324073632558
.80950436989466
.80882352590561
.8031045794487
.81386164824168
.81331700086594
.8137254913648
.82775052388509
.82448258002599
.81222766637802
.8115468621254
.80882352590561
.82407406965892
.81345315774282
.80787036816279
.80650871992111
.81045750776927
.8043300708135
.81086599826813
.81181915601095
.79820261398951
.80787036816279
.80977668364843
.80909585952759
.81672112147013
.81876361370087
.81495098272959
.80569171905518
.81086599826813
.81059366464615
.81712965170542
.80487471818924
.8289760351181
.81127452850342
.80814270178477
.81535947322845
.80255991220474
.81045750776927
.82407408952713
.82039761543274
.8125
.82502722740173
.81726578871409
.81032135089239
.81794663270315
.81522331635157
.81740196545919
.81427015860875
.81631263097127
.80623636643092
.81290851036708
.80855121215185
.81386164824168
.82339326540629
.80596405267715
.81154684225718
.8126361767451
.80909585952759
.80569171905518
.81821894645691
.80610022942225
.81631263097127
.80460240443548
.80569173892339
.80038126309713
.81277231375376
.80759803454081
.80964050690333
.80473858118057
.80664487679799
.80691721041997
.81072984139125
.80501089493434
.80460238456726
.81604029734929
.81195533275604
.80964052677155
.81617647409439
.80623638629913
.81045750776927
.80678103367488
.80283222595851
.80324073632558
.81781045595805
.80732570091883
.80065359671911
.81808280944824
.80174291133881
.81699345509211
.84872005383174
.82284859816233
.81209150950114
.81168299913406
.81903594732285
.80528322855632
.81004901727041
.81971677144369
.80392158031464
.81345315774282
.81726578871409
.79765794674555
.80705338716507
.81386164824168
.79997275273005
.79806643724442
.80814270178477
.81318084398905
.81304464737574
.81399780511856
.81495098272959
.81209150950114
.81290851036708
.80773421128591
.80895970265071
.81209148963292
.81168299913406
.81004901727041
.81808280944824
.80936819314957
.80446624755859
.81781045595805
.80596405267715
.79861112435659
.80787036816279
.79343680540721
.80868734916051
.82638887564341
.80773419141769
.82026141881943
.81876363356908
.80827883879344
.80705336729685
.81345315774282
.80392156044642
.8115468621254
.81835510333379
.7982025941213
.8018790880839
.81004901727041
.80528322855632
.80732570091883
.81086601813634
.79820261398951
.80446624755859
.81767427921295
.81549564997355
.81358933448792
.81467864910762
.81086601813634
.80977668364843
.81168299913406
.82148693005244
.80378540356954
.80555556217829
.81427015860875
.80228757858276
.80024508635203
.80514705181122
.80378540356954
.80433005094528
.81917210419973
.80378540356954
.80759805440903
.81263615687688
.80950435002645
.80814270178477
.81113833189011
.80405773719152
.80255991220474
.81535947322845
.79997277259827
.80691723028819
.80868736902873
.80392156044642
.80460238456726
.81658496459325
.81590414047241
.81399782498678
.80964052677155
.80473856131236
.80936821301778
.81059368451436
.80569171905518
.80895968278249
.81767429908117
.80187906821569
.80827887852987
.8125
.80351305007935
.80038124322891
.80800652503967
.78989650805791
.78730936845144
.80351306994756
.79970043897629
.79820261398951
.80923203627268
.7913943529129
.79752177000046
.81181917587916
.80106208721797
.80582789580027
.81917210419973
.80855121215185
.80473856131236
.80555556217829
.79616012175878
.80514705181122
.80991286039352
.80582787593206
.81658496459325
.81032135089238
.82053377230962
.81808280944824
.81876363356908
.81835510333379
.80133442083995
.80773421128591
.81903594732285
.82720589637756
.81358933448792
.81644878784815
.82230393091838
.81454249223073
.81086601813634
.8041938940684
.80160675446192
.81604029734929
.81032135089238
.80187910795212
.81563180685043
.8029684027036
.81168301900228
.80787036816279
.80528322855632
.8041938940684
.81032133102417
.80065359671911
.80569171905518
.81971677144368
.8052832086881
.80855121215185
.80950436989466
.80378538370132
.80705338716507
.81072984139125
.80650871992111
.80637256304423
.8103213707606
.79684096574783
.81154684225718
.8112745086352
.80392156044642
.80569173892339
.80078975359599
.81195533275604
.8065087000529
.80623638629913
.81998912493388
.80555554231008
.81318082412084
.80242375532786
.80718954404195
.80255991220474
.7935729821523
.80569171905518
.80473856131236
.80923203627268
.80610020955404
.81740196545919
.81168301900228
.80106208721797
.83306099971135
.8209422826767
.80106208721797
.80705336729685
.82039761543274
.80487473805745
.80855119228363
.82039761543274
.8029684027036
.81250001986821
.81699347496033
.80705336729685
.80936821301778
.81467864910762
.80691721041997
.80718954404195
.82135075330734
.80051741997401
.80133442083995
.81781045595805
.80895968278249
.80147059758504
.81100219488144
.80841503540675
.80119824409485
.8065087000529
.80964052677155
.81563180685043
.82053377230962
.80773421128591
.81181917587916
.81576796372732
.81059370438258
.81209148963292
.81917210419973
.80228757858276
.81168299913406
.80242373545965
.80092591047287
.80296842257182
.8123638232549
.80310455958049
.79806645711263
.79942810535431
.80174291133881
.80528322855632
.80705336729685
.79970043897629
.80705336729685
.8137254913648
.79343682527542
.80446624755859
.80637254317602
.78458605209986
.79316449165344
.80569173892339
.79724945624669
.80228755871455
.80324073632558
.79289215803146
.79901961485545
.80895968278249
.81440633535385
.79629629850388
.81249998013179
.80637254317602
.79833877086639
.80964052677155
.80691721041997
.79793028036753
.80487471818924
.81427015860875
.79575163125992
.79901961485545
.82870370149612
.81917210419973
.81413398186366
.82938454548518
.81917212406794
.81141066551208
.81072982152303
.81222766637802
.80038126309713
.81427013874054
.80759803454081
.81427015860875
.81849128007889
.8041938940684
.8125
.81549564997355
.81032135089238
.80827885866165
.8209422826767
.80242375532786
.80773421128591
.802015264829
.80337691307068
.80364922682444
.80950436989466
.79629629850388
.81290849049886
.80501089493434
.80623638629913
.80269608894984
.80787034829458
.80759803454081
.8125
.82203157742818
.80187906821569
.79697712262472
.80473858118057
.8007897734642
.79221133391062
.80392156044642
.80051743984222
.80364922682444
.79929192860921
.80827885866165
.79588780800502
.80392158031464
.80610022942225
.80378540356954
.80473856131236
.80882352590561
.80364922682444
.81358933448792
.81059368451436
.80160675446192
.79847494761149
.80147057771683
.80773419141769
.80664487679799
.80419391393661
.81086601813634
.80473856131236
.80678105354309
.80092591047287
.80664489666621
.79956426223119
.79806643724442
.79507080713908
.81399782498678
.79629629850388
.80133442083995
.80541940530141
.80106210708618
.80324073632558
.81740194559097
.80718954404195
.81113835175832
.81672112147013
.80310455958048
.80147059758504
.81113833189011
.80119826396306
.80923203627268
.85552831490835
.80827885866165
.81154684225718
.81740194559097
.79479845364889
.79289215803146
.81535945336024
.81168299913406
.80718954404195
.81209148963292
.80827885866165
.80065361658732
.80664487679799
.80460238456726
.80324073632558
.81712963183721
.80473856131236
.82802287737528
.8455882469813
.81045752763748
.80283226569494
.79997277259827
.80092593034108
.8041938940684
.80732572078705
.80337689320246
.8112745086352
.81467864910762
.81127452850342
.80950435002645
.8054193854332
.82039759556452
.81222768624624
.81726578871409
.81672112147013
.80242373545965
.81740196545919
.81290847063065
.80964052677155
.81045750776927
.81318082412084
.8018790880839
.80691721041997
.81740196545919
.80936819314957
.8114106853803
.81753814220428
.80855121215185
.80814270178477
.81794663270315
.80405773719152
.80991286039352
.81318084398905
.80024508635203
.80446622769038
.81277233362198
.82407406965892
.83428647120794
.80582789580027
.80446622769038
.80895970265071
.8052832086881
.79942812522252
.79057735204697
.80787036816279
.79370913902919
.7898964881897
.81195531288783
.80364922682444
.80514705181122
.7982025941213
.80324071645737
.79983659585317
.81277233362198
.80174291133881
.80392156044642
.80718954404195
.8009259502093
.81181917587916
.80977666378021
.8054193854332
.79588780800501
.81222766637802
.81304464737574
.8052832086881
.80923201640447
.80855119228363
.80936819314957
.79942808548609
.81576796372732
.80078975359599
.80964052677155
.81672112147013
.80147057771683
.80596405267715
.80650871992111
.80460240443548
.81113835175832
.80855119228363
.80909585952759
.81209150950114
.80787036816279
.80678103367488
.81508715947469
.82856754461924
.81277233362198
.81100217501322
.81263615687688
.80160673459371
.80147059758504
.81263615687688
.8029684027036
.80705338716507
.8041938940684
.80106208721797
.81113833189011
.81617647409439
.81413398186366
.80787038803101
.81576798359553
.8040577173233
.80065359671911
.82053377230962
.80487473805745
.80705336729685
.81454247236252
.80364922682444
.79820261398951
.80255991220474
.79684094587962
.80283224582672
.81889979044596
.80936819314957
.80364922682444
.82952068249385
.8123638232549
.80637254317602
.81222768624624
.80433005094528
.794662296772
.80324073632558
.81290851036708
.81903594732285
.80977668364843
.8031045794487
.80623638629913
.82802287737528
.80160675446192
.80296842257182
.8148148059845
.81100217501322
.80718954404195
.80868736902873
.81944443782171
.80106210708618
.79343682527542
.81508715947469
.79983661572138
.80324073632558
.81672112147013
.8041938940684
.80759803454081
.80759803454081
.79874726136525
.79970041910807
.82012526194255
.80038126309713
.80814270178477
.80759803454081
.80065359671911
.80950435002645
.82557189464569
.80610022942225
.80732570091883
.8052832086881
.79643247524897
.79997275273005
.80923201640447
.79520696401596
.79779410362244
.80569171905518
.79752178986867
.79452613989512
.80718954404195
.80351306994756
.80147059758504
.80800654490789
.78962417443593
.80569171905518
.80378542343775
.79874728123347
.80024508635203
.80664489666621
.79643245538076
.79330064853032
.80283224582672
.79207513729731
.79656861225764
.80759805440903
.7949346502622
.81032135089238
.82244010766347
.80718954404195
.80378540356954
.83823529879252
.8065087000529
.80269606908162
.80460240443548
.80106206734975
.79929192860921
.80868736902873
.80909585952759
.80787036816279
.80923203627268
.8031045794487
.79670478900274
.80446622769038
.80269608894984
.79915577173233
.81072984139125
.79847494761149
.79575163125992
.79629627863566
.79833877086639
.79193898042043
.79861110448837
.79915577173233
.79466231664022
.79016884167989
.79656861225764
.80160675446192
.79793028036753
.80147057771683
.79874728123347
.80255993207296
.80868734916051
.7935729821523
.78703703482946
.8041938940684
.79684096574783
.79616012175878
.80378540356954
.78935184081395
.79656863212585
.80038126309713
.79547929763794
.79793028036753
.80746185779572
.81386164824168
.7924836675326
.80269606908162
.79561545451482
.79234749078751
.79588780800502
.7781862616539
.80201524496078
.78649234771729
.79452613989512
.79112201929092
.79901959498723
.79507080713908
.8031045794487
.81549564997355
.79724945624669
.80487471818924
.81794661283493
.80433005094528
.80024508635203
.8018790880839
.79793028036753
.79071350892385
.80514707167943
.80827885866165
.79833879073461
.79874728123347
.81440633535385
.7924836675326
.81617647409439
.81372551123301
.80787038803101
.81277231375376
.80528322855632
.80610020955404
.81427015860875
.80909585952759
.79575163125992
.79656863212585
.80378540356954
.79765796661377
.80364922682444
.80705338716507
.80065357685089
.7997004588445
.80582787593206
.79016886154811
.81849128007889
.81045750776927
.79207515716553
.79398149251938
.80051741997401
.8054193854332
.8041938940684
.80010892947515
.80582789580027
.79316449165344
.8018790880839
.79370913902919
.79438996315002
.81032135089239
.79602398475011
.79806645711263
.80501089493434
.79874728123347
.80868736902873
.80950436989466
.79221131404241
.79833877086639
.81004901727041
.79997277259827
.8032407561938
.80228757858276
.80514707167943
.79534312089284
.8114106853803
.79684094587962
.79956428209941
.80133442083995
.79956426223119
.80337689320246
.80787034829458
.8090958793958
.80133444070816
.79874728123347
.81154682238897
.79765794674555
.80528322855632
.81672112147013
.80296842257182
.80487473805745
.81222766637802
.79670478900274
.81835512320201
.80936819314957
.80718954404195
.80337691307068
.81386166810989
.80269608894984
.81467864910762
.8218954205513
.80283222595851
.8206699291865
.81658496459325
.80555556217829
.82107841968536
.80569171905518
.7938453356425
.81072984139125
.82421024640401
.79956428209941
.81522331635157
.82039759556452
.81100215514501
.81059368451436
.81862745682398
.79942810535431
.80718954404195
.80501089493434
.8041938940684
.81045752763748
.81658498446147
.80460240443548
.80650871992111
.80773419141769
.78322440385818
.79384531577428
.81331700086594
.79942808548609
.80010892947515
.8208061059316
.79466231664022
.8054193854332
.80324073632558
.7949346502622
.79901959498723
.79847492774328
.79193900028865
.8007897734642
.80446622769038
.79833877086639
.79983659585317
.82121459643046
.80092593034108
.80392156044642
.80419391393661
.80678105354309
.81032135089238
.81930828094482
.82121459643046
.80909583965937
.81467864910762
.82230393091838
.79970043897629
.81236384312312
.81495098272959
.80623636643092
.81318080425262
.81195533275604
.80106208721797
.80446622769038
.81876361370087
.80283224582672
.81168299913406
.81004901727041
.81304464737574
.80610022942225
.81304466724396
.81018517414729
.81331698099772
.8112745086352
.81604029734929
.80950435002645
.80814270178477
.79507080713908
.79970043897629
.80255991220474
.80078975359599
.80487471818924
.81535945336024
.80174293120702
.79983659585317
.81903596719106
.80392156044642
.80065357685089
.81059368451436
.79983661572138
.79765794674555
.80678105354309
.79030499855677
.80923201640447
.80473856131236
.79289215803146
.80078975359599
.81508711973826
.80855119228363
.80882352590561
.79970043897629
.79438996315002
.80310455958049
.80909585952759
.7971132795016
.79452613989512
.81154684225718
.80814270178477
.794662296772
.8041938940684
.81753814220428
.79833879073461
.81072984139125
.81358933448792
.7949346502622
.80759803454081
.8137254913648
.80065359671911
.80283224582672
.80991286039352
.80160673459371
.79915577173233
.81072984139125
.80569171905518
.80664489666621
.80800654490789
.79684094587962
.79929192860921
.8054193854332
.78758170207342
.80678103367488
.81222766637802
.80174291133881
.81290851036708
.81100217501322
.79616014162699
.81018517414729
.80678105354309
.8101851940155
.80501087506612
.81549564997355
.8041938940684
.80528322855632
.80596407254537
.80787034829458
.80092591047287
.81250001986821
.80092593034108
.79357300202052
.79970043897629
.79901959498723
.7924836675326
.80174293120702
.79724945624669
.79765794674555
.80936819314957
.79479849338531
.80827887852987
.80487473805745
.79275598128637
.78744552532832
.80446622769038
.79044117530187
.79915577173233
.79847494761149
.79561545451482
.79016886154811
.80392156044642
.79820261398951
.79411762952805
.79534312089284
.80065359671911
.78907950719198
.79261982440948
.80010892947515
.79561545451482
.78594770034154
.80038126309713
.79507080713908
.79098584254583
.79888345797857
.79629629850388
.79534314076106
.80215140183767
.79779412349065
.79098584254583
.79629629850388
.78717321157455
.79656863212585
.80242375532786
.79438996315002
.79112201929092
.79738561312358
.79261982440948
.78281589349111
.78826252619425
.78567536671956
.79411764939626
.77696079015732
.77260347207387
.77750545740128
.78458605209986
.77069717645645
.76661219199498
.76756536960602
.7581699291865
.75503812233607
.76375271876653
.74959150950114
.75558278958003
.75735294818878
.7344771027565
.73910675446192
.74169391393661
.73202615976334
.72344772020976
.72344772020976
.72045207023621
.70601852734884
.71391610304515
.70792482296626
.705337703228
.69144880771637
.67783222595851
.67197712262472
.68218954404195
.65182463328044
.65141612291336
.64338235060374
.61424291133881
.62105121215185
.60307735204697
.56672114133835
.64855662981669
0
0
0
0
0
0
0
0
0
0
0
0
0
0
0
0
0
0
0
0
0
0
0
0
0
0
0
0
0
0
0
0
0
0
0
0
0
0
0
0
0
0
0
0
0
0
0
0
0
0
0
0
0
0
0
0
0
0
0
0
0
0
0
0
0
0
0
0
0
0
0
0
0
0
0
0
0
0
0
0
0
0
0
0
0
0
0
0
0
0
0
0
0
0
0
0
0
0
0
0
0
0
0
0
0
0
0
0
0
0
0
0
0
0
0
0
0
0
0
0
0
0
0
0
0
0
0
0
0
0
0
0
0
0
0
0
0
0
0
0
0
0
0
0
0
0
0
0
0
0
0
0
0
0
0
0
0
0
0
0
0
0
0
0
0
0
0
0
0
0
0
0
0
0
0
0
0
0
0
0
0
0
0
0
0
0
0
0
0
0
0
0
0
0
0
0
0
0
0
0
0
0
0
0
0
0
0
0
0
0
0
0
0
0
0
0
0
0
0
0
0
0
0
0
0
0
0
0
0
0
0
0
0
0
0
0
0
0
0
0
0
0
0
0
0
0
0
0
0
0
0
0
0
0
0
0
0
0
0
0
0
0
0
0
0
0
0
0
0
0
0
0
0
0
0
0
0
0
0
0
0
0
0
0
0
0
0
0
0
0
0
0
0
0
0
0
0
0
0
0
0
0
0
0
0
0
0
0
0
0
0
0
0
0
0
0
0
0
0
0
0
0
0
0
0
0
0
0
0
0
0
0
0
0
0
0
0
0
0
0
0
0
0
0
0
0
0
0
0
0
0
0
0
0
0
0
0
0
0
0
0
0
0
0
0
0
0
0
0
0
0
0
0
0
0
0
0
0
0
0
0
0
0
0
0
0
0
0
0
0
0
0
0
0
0
0
0
0
0
0
0
0
0
0
0
0
0
0
0
0
0
0
0
0
0
0
0
0
0
0
0
0
0
0
0
0
0
0
0
0
0
0
0
0
0
0
0
0
0
0
0
0
0
0
0
0
0
0
0
0
0
0
0
0
0
0
0
0
0
0
0
0
0
0
0
0
0
0
0
0
0
0
0
0
0
0
0
0
0
0
0
0
0
0
0
0
0
0
0
0
0
0
0
0
0
0
0
0
0
0
0
0
0
0
0
0
0
0
0
0
0
0
0
0
0
0
0
0
0
0
0
0
0
0
0
0
0
0
0
0
0
0
0
0
0
0
0
0
0
0
0
0
0
0
0
0
0
0
0
0
0
0
0
0
0
0
0
0
0
0
0
0
0
0
0
0
0
0
0
0
0
0
0
0
0
0
0
0
0
0
0
0
0
0
0
0
0
0
0
0
0
0
0
0
0
0
0
0
0
0
0
0
0
0
0
0
0
0
0
0
0
0
0
0
0
0
0
0
0
0
0
0
0
0
0
0
0
0
0
0
0
0
0
0
0
0
0
0
0
0
0
0
0
0
0
0
0
0
0
0
0
0
0
0
0
0
0
0
0
0
0
0
0
0
0
0
0
0
0
0
0
0
0
0
0
0
0
0
0
0
0
0
0
0
0
0
0
0
0
0
0
0
0
0
0
0
0
0
0
0
0
0
0
0
0
0
0
0
0
0
0
0
0
0
0
0
0
0
0
0
0
0
0
0
0
0
0
0
0
0
0
0
0
0
0
0
0
0
0
0
0
0
0
0
0
0
0
0
0
0
0
0
0
0
0
0
0
0
0
0
0
0
0
0
0
0
0
0
0
0
0
0
0
0
0
0
0
0
0
0
0
0
0
0
0
0
0
0
0
0
0
0
0
0
0
0
0
0
0
0
0
0
0
0
0
0
0
0
0
0
0
0
0
0
0
0
0
0
0
0
0
0
0
0
0
0
0
0
0
0
0
0
0
0
0
0
0
0
0
0
0
0
0
0
0
0
0
0
0
0
0
0
0
0
0
0
0
0
0
0
0
0
0
0
0
0
0
0
0
0
0
0
0
0
0
0
0
0
0
0
0
0
0
0
0
0
0
0
0
0
0
0
0
0
0
0
0
0
0
0
0
0
0
0
0
0
0
0
0
0
0
0
0
0
0
0
0
0
0
0
0
0
0
0
0
0
0
0
0
0
0
0
0
0
0
0
0
0
0
0
0
0
0
0
0
0
0
0
0
0
0
0
0
0
0
0
0
0
0
0
0
0
0
0
0
0
0
0
0
0
0
0
0
0
0
0
0
0
0
0
0
0
0
0
0
0
0
0
0
0
0
0
0
0
0
0
0
0
0
0
0
0
0
0
0
0
0
0
0
0
0
0
0
0
0
0
0
0
0
0
0
0
0
0
0
0
0
0
0
0
0
0
0
0
0
0
0
0
0
0
0
0
0
0
0
0
0
0
0
0
0
0
0
0
0
0
0
0
0
0
0
0
0
0
0
0
0
0
0
0
0
0
0
0
0
0
0
0
0
0
0
0
0
0
0
0
0
0
0
0
0
0
0
0
0
0
0
0
0
0
0
0
0
0
0
0
0
0
0
0
0
0
0
0
0
0
0
0
0
0
0
0
0
0
0
0
0
0
0
0
0
0
0
0
0
0
0
0
0
0
0
0
0
0
0
0
0
0
0
0
0
0
0
0
0
0
0
0
0
0
0
0
0
0
0
0
0
0
0
0
0
0
0
0
0
0
0
0
0
0
0
0
0
0
0
0
0
0
0
0
0
0
0
0
0
0
0
0
0
0
0
0
0
0
0
0
0
0
0
0
0
0
0
0
0
0
0
0
0
0
0
0
0
0
0
0
0
0
0
0
0
0
0
0
0
0
0
0
0
0
0
0
0
0
0
0
0
0
0
0
0
0
0
0
0
0
0
0
0
0
0
0
0
0
0
0
0
0
0
0
0
0
0
0
0
0
0
0
0
0
0
0
0
0
0
0
0
0
0
0
0
0
0
0
0
0
0
0
0
0
0
0
0
0
0
0
0
0
0
0
0
0
0
0
0
0
0
0
0
0
0
0
0
0
0
0
0
0
0
0
0
0
0
0
0
0
0
0
0
0
0
0
0
0
0
0
0
0
0
0
0
0
0
0
0
0
0
0
0
0
0
0
0
0
0
0
0
0
0
0
0
0
0
0
0
0
0
0
0
0
0
0
0
0
0
0
0
0
0
0
0
0
0
0
0
0
0
0
0
0
0
0
0
0
0
0
0
0
0
0
0
0
0
0
0
0
0
0
0
0
0
0
0
0
0
0
0
0
0
0
0
0
0
0
0
0
0
0
0
0
0
0
0
0
0
0
0
0
0
0
0
0
0
0
0
0
0
0
0
0
0
0
0
0
0
0
0
0
0
0
0
0
0
0
0
0
0
0
0
0
0
0
0
0
0
0
0
0
0
0
0
0
0
0
0
0
0
0
0
0
0
0
0
0
0
0
0
0
0
0
0
0
0
0
0
0
0
0
0
0
0
0
0
0
0
0
0
0
0
0
0
0
0
0
0
0
0
0
0
0
0
0
0
0
0
0
0
0
0
0
0
0
0
0
0
0
0
0
0
0
0
0
0
0
0
0
0
0
0
0
0
0
0
0
0
0
0
0
0
0
0
0
0
0
0
0
0
0
0
0
0
0
0
0
0
0
0
0
0
0
0
0
0
0
0
0
0
0
0
0
0
0
0
0
0
0
0
0
0
0
0
0
0
0
0
0
0
0
0
0
0
0
0
0
0
0
0
0
0
0
0
0
0
0
0
0
0
0
0
0
0
0
0
0
0
0
0
0
0
0
0
0
0
0
0
0
0
0
0
0
0
0
0
0
0
0
0
0
0
0
0
0
0
0
0
0
0
0
0
0
0
0
0
0
0
0
0
0
0
0
0
0
0
0
0
0
0
0
0
0
0
0
0
0
0
0
0
0
0
0
0
0
0
0
0
0
0
0
0
0
0
0
0
0
0
0
0
0
0
0
0
0
0
0
0
0
0
0
0
0
0
0
0
0
0
0
0
0
0
0
0
0
0
0
0
0
0
0
0
0
0
0
0
0
0
0
0
0
0
0
0
0
0
0
0
0
0
0
0
0
0
0
0
0
0
0
0
0
0
0
0
0
0
0
0
0
0
0
0
0
0
0
0
0
0
0
0
0
0
0
0
0
0
0
0
0
0
0
0
0
0
0
0
0
0
0
0
0
0
0
0
0
0
0
0
0
0
0
0
0
0
0
0
0
0
0
0
0
0
0
0
0
0
0
0
0
0
0
0
0
0
0
0
0
0
0
0
0
0
0
0
0
0
0
0
0
0
0
0
0
0
0
0
0
0
0
0
0
0
0
0
0
0
0
0
0
0
0
0
0
0
0
0
0
0
0
0
0
0
0
0
0
0
0
0
0
0
0
0
0
0
0
0
0
0
0
0
0
0
0
0
0
0
0
0
0
0
0
0
0
0
0
0
0
0
0
0
0
0
0
0
0
0
0
0
0
0
0
0
0
0
0
0
0
0
0
0
0
0
0
0
0
0
0
0
0
0
0
0
0
0
0
0
0
0
0
0
0
0
0
0
0
0
0
0
0
0
0
0
0
0
0
0
0
0
0
0
0
0
0
0
0
0
0
0
0
0
0
0
0
0
0
0
0
0
0
0
0
0
0
0
0
0
0
0
0
