.85886180400848
.81235772371292
.79609757661819
.84373982747396
.80422765016556
.81577235460281
.78878051042557
.83463414510091
.83593495686849
.81788617372513
.84715445836385
.80227641264598
.8346341252327
.83300811052322
.7752845287323
.84585366646449
.83772355318069
.79951220750809
.86439025402069
.86504065990448
.86910569667816
.81040648619334
.93577235937119
.86113820473353
.89918698867162
.80569106340408
.8136585354805
.87056910991669
.81723576784134
.81837397813797
.85886180400848
.85056910912196
.86780488491058
.88487805922826
.87463414669037
.8541463414828
.86715447902679
.85560977458954
.87024390697479
.94276422262192
.83235770463943
.86699187755585
.85918700695038
.87934958934784
.86780488491058
.92292684316635
.92292684316635
.84162602821986
.91333331664403
.88569104671478
.80943089723587
.85430894295375
.85186994075775
.888780494531
.87739837169647
.89073169231415
.88926827907562
.83382113774617
1.0160975456238
.83739837010701
.92650407552719
.88455285628637
.87967479228973
.87642276287079
.89219512542089
.87105691432953
.90894307692846
.87999999523163
.87723577022552
.95333331823349
.98699188232422
.90894309679667
.94910567998886
.86780488491058
.8936585187912
.92634147405624
.92731708288193
.92861789464951
.93463414907455
.94471544027328
.98227643966675
.8847154378891
.88910567760468
.91544715563456
.91853658358256
.87804877758026
.91756099462509
.94926828145981
.88065040111542
.87691056728363
.96016259988149
.9478048880895
.91723577181498
.9094308813413
.88731706142426
.93105691671371
.89430892467499
.91967479387919
.86227643489838
1.0679674943288
1.0053658485413
.88666665554047
.95235772927602
.97268291314443
.90650407473246
.90536584456762
.89528453350067
.96975608666738
.94341462850571
.93333333730698
.98227641979853
.96552844842275
.97268293301264
.97544717788696
.96260160207748
.91739837328593
.95414632558823
.98032520214717
.92195123434067
.92682927846909
.95544715722402
1.1583739519119
.92406505346298
.92260164022446
.98439025878906
.92439025640488
.95723575353622
.9814634124438
.95414634545644
.91626018285751
1.0671544869741
.91560975710551
.91609758138657
.92455283800761
1.0013008117676
.93349591890971
1.0183740059535
1.0656910339991
1.0297560691833
.99495935440063
.98455284039179
1.0404877662659
1.0203251838684
1.0076422691345
1.0040650367737
1.0022764205933
.95756097634633
.95934957265854
.98894309997559
.9536585410436
.98894308010737
.99772357940674
.97772357861201
.94146341085434
.98926830291748
.9447154601415
.94552844762802
.96682928005854
.94845527410507
.99577236175537
.97414634625117
.91642276446025
.99268293380737
1.0034146308899
.96341464916865
.99951219558716
1.0201625823975
.97544715801875
.95886180798213
.98016260067622
.94471544027328
.95967477560043
.95756095647812
.94943088293076
1.0086178779602
.95934959252675
.92162603139877
.96373983224233
.98845529556274
.91252032915751
.94861787557602
.97170732418696
.96373983224233
.91788619756699
.996910572052
1.0606503883998
.95463413000107
1.0848780870438
1.0126829147339
.9656910498937
.98422765731812
.95138212045034
.95073169469833
.91284553209941
.95869918664296
.94260162115097
.94536584615707
.93869918584824
.99951219558716
.92910569906235
.98747968673706
.97593496243159
.95837398370107
.96097560723623
.93642276525497
1.009268283844
.9721951285998
.94829267263412
.92243903875351
.93886178731918
.92520326375961
.96861787637075
1.05382112662
.9104065100352
1.0453658103943
1.0047154426575
.91284553209941
.90617885192235
.96634145577749
.96471544106801
.99609756469727
.96747968594233
.9474796851476
.94634145498276
.96081300576528
.88308944304784
1.0393495559692
.96552844842275
1.0113821029663
.96813007195791
.90439023574193
.98601625363032
.96455283959707
.97300813595454
.99479675292969
1.0021138191223
.9715447028478
.94325202703476
.96617885430654
.93837398290634
1.0089430809021
.92861789464951
.97203252712886
.96146341164907
1.0117073059082
.9258536696434
.97560973962148
.96991868813833
1.0027642250061
.99902439117432
.96585365136464
.9725203315417
.980162580808
.95089429616928
1.0227642059326
.93691056966782
.96861787637075
.94357722997665
.92682927846909
.96520326534907
.98439025878906
.97788618008296
.96764228741328
.93804877996445
.93658536672592
.95495935281118
.94926830132802
.96975610653559
.95723575353622
.89918698867162
.98227641979853
.96455283959707
.97739837567012
.99983739852905
.98731708526611
.99869918823242
.9530081152916
.97414632638295
.95967479546865
.96308942635854
1.0456910133362
.90504066149394
1.0235772132874
.96308942635854
.9567479689916
1.0206503868103
.9848780632019
.97300813595454
.99902439117432
.95463413000107
.9533333381017
.99252033233643
.97333333889643
.93821138143539
.96764228741328
.95121949911118
.95154470205307
1.0037398338318
.97691057125727
.92552846670151
.93284553289413
.93560975790024
.98813009262085
.91089431444804
.94731706380844
1.0321950912476
.96943088372548
1.0001626014709
1.006016254425
1.0104064941406
.99577236175537
1.0117073059082
.9663414756457
.98048780361811
.98292682568232
.89382114013036
.91788619756699
.99300813674927
.99235773086548
.99756097793579
.93154472112656
.95317071676254
.94926828145981
.95772355794907
1.0419511795044
.93105691671371
.96325202782949
.98341464996338
1.0151219367981
.98959350585937
.94910569985708
.91999999682109
.98747968673706
.87528455257416
.9495934844017
.993821144104
.99089431762695
.99235773086548
.99528455734253
.95934959252675
.96634145577749
.95626016457876
.99089431762695
.97398374478022
1.0258536338806
.95804876089096
.9601626197497
.91544715563456
.90780488650004
.9499186873436
.93967479467392
.92227643728256
1.0159349441528
.93756097555161
.99609756469727
.98715446392695
.99268293380737
1.0126829147339
.95398372411728
.95414632558823
.97837400436401
1.0224390029907
.9941463470459
1.0082926750183
1.0634146531423
1.0099186897278
1.0621138016383
.93609756231308
.9619511961937
.95869916677475
.96764226754506
.96813007195791
.97252035140991
.96195121606191
.92747968435287
.9378861784935
.96943088372548
.96308942635854
.9440650343895
.878861784935
.92796748876572
.91902440786362
1.03089427948
.96813007195791
1.0042276382446
.90699185927709
.91918698946635
.97967479626338
.99138212203979
.96081300576528
.95902438958486
.9320325255394
.98747968673706
.89886178572973
.95560973882675
.95317073663076
1.0078048706055
.9317073225975
.8977235754331
.95577236016591
.9684552748998
.90975610415141
.94032520055771
.97430894772212
.96357723077138
.97333331902822
.90227641661962
1.1504064798355
1.0203251838684
.98130081097285
.96552844842275
.96243902047475
.98601627349854
.97691057125727
.98130081097285
.95040651162465
.92682927846909
.87967479228973
.95056909322739
.94341462850571
.94243901968002
.97495933373769
.96650405724843
.90943090120951
.93398374319077
.99593496322632
.94357724984487
.96747966607412
.94130080938339
.93902438879013
.95902436971664
1.0035772124926
.95430892705917
.98211381832759
.99821138381958
.93186992406845
.97203252712886
.97512193520864
.9351219534874
.90504064162572
.91642278432846
.96682926019033
.9790244102478
.93560975790024
.9715447028478
.97772357861201
.94162601232529
.97170730431875
.94829267263412
.96991870800654
.98471544186274
.9814634124438
.99284553527832
.97317071755727
1.0970731973648
.95268293221792
1.036910533905
.9585365653038
.9530081152916
.93869918584824
.93739837408066
.99008131027222
.94487804174423
.96471544106801
1.019674817721
.9554471373558
.99186992645264
.93577235937119
.95577236016591
.93382114171982
.9595121939977
.92325204610825
.98439025878906
.96178859472275
1.0237398147583
.93186992406845
1.0188617706299
.96113820870717
.92861789464951
1.0221138000488
.94357722997665
.96650405724843
.9598373969396
.93934959173203
.8946341474851
.93121951818466
.9134959379832
.9626016219457
.90048782030741
.93056911230087
.96016259988149
.93040651082993
.97544715801875
.9622764190038
1.0108942985535
.89691056807836
.99626016616821
.98195123672485
.96991868813833
1.0188617706299
.98975610733032
.91479674975077
.91918700933456
.93983739614487
.96422763665517
.95934959252675
.96422763665517
.96455283959707
.98455286026001
.97073169549306
.90455283721288
.99089431762695
.96959348519643
.95073169469833
.98341464996338
.91723577181498
.98634147644043
.97154472271601
.97642278671265
.94601625204086
.94796746969223
.91837400197983
.92390243212382
.9406504034996
.93707317113876
.90260161956151
.98682928085327
.92439025640488
.96439025799433
.9972357749939
.96065040429433
.94016259908676
.96520324548086
.93495935201645
.90357720851898
.90471543868383
.95430892705917
.9261788725853
1.0006504058838
.89560975631078
.91479674975077
.94048780202866
.93268293142319
1.0159349441528
.94894307851791
.95918699105581
.9752845565478
.97040651241938
.95691057046254
.99463415145874
.93349593877792
.9159349600474
.93772357702255
1.0414633750916
.99967479705811
.96292682488759
.9694309035937
.9691057006518
.98991870880127
.90195121367772
.9941463470459
.96325202782949
.93674796819687
.93609756231308
.9598373969396
.93804877996445
.94845527410507
.86260163784027
.99609756469727
.86878049373627
.99495935440063
.9557723402977
.94504064321518
.90682927767436
.92975610494614
.92878049612045
.96487804253896
.93739837408066
.94585365056992
.93626016378403
.93138211965561
.95999999841054
.98699188232422
.98406505584717
.95024389028549
.91739837328593
.90130080779394
.94666665792465
.99918699264526
.90146338939667
.97317073742549
.98373985290527
.96487804253896
.95967479546865
.94504064321518
1.0081300735474
1.0100812911987
.95333331823349
.94601625204086
.93821138143539
.9440650343895
.99902439117432
.92731708288193
.97869918743769
.94715446233749
.94439023733139
.94569104909897
.93821138143539
.89577235778173
.97512193520864
.92601627111435
.94325202703476
.95398372411728
.94406505425771
.9752845565478
.92357724905014
.94504064321518
.96406503518422
.94471544027328
.97382114330928
.92032519976298
1.0063414573669
.96552844842275
.95284553368886
.91691056887309
.92536586523056
.99788618087769
1.0039024353027
.93430894613266
.91252032915751
.94439023733139
.98878049850464
.95918699105581
.97756097714106
.92243903875351
.9378861784935
.97674796978633
.9200000166893
.9626016219457
.92455285787582
.95430894692739
.8630894223849
.92682927846909
.88048779964447
.99073171615601
.97203250726064
.90878049532572
.9465040564537
.9554471373558
.94016259908676
.98422765731812
.93691056966782
.92991870641708
.98195121685664
.92666667699814
.96292682488759
1.0074796676636
.89658536513646
.94146341085434
.93886178731918
.95073169469833
.96439025799433
.92910569906235
.94113820791245
1.0102438926697
.97430894772212
.95658536752065
.96373983224233
.91252032915751
.97414634625117
.95430892705917
.91528455416362
.94845527410507
.95056909322739
.92406505346298
.95560973882675
.95219512780507
1.0037398338318
.94390243291855
.90601625045141
.9588617682457
1.0313820838928
.89999997615814
.96065040429433
.9437398314476
.95040651162465
.97203250726064
.89138209819794
.96487804253896
.89300811290741
.98617887496948
.97821140289307
.91560975710551
.99609756469727
.96699186166128
.96162601312002
.95999999841054
.9440650343895
.95560975869497
.92699186007182
.93235772848129
.97853660583496
.98292684555054
.99268293380737
.97414636611938
.98097560803095
.96975608666738
.86487805843353
.94357722997665
1.0117073059082
.92097562551498
.97495933373769
.96390241384506
.96601627270381
.95186990499496
.96162603298823
.90260163942973
.986991862456
.91934961080551
.86747968196869
.94878047704697
.9063414533933
.90097560485204
.89869918425878
.96634145577749
.92650405565898
.88926827907562
.93495935201645
.98292684555054
.96276422341665
.96455283959707
.97658536831538
.93463414907455
.94422765572866
.96406503518422
.96747966607412
1.0032520294189
.9622764190038
.97577238082886
.95105689764023
.93463414907455
.97495937347412
.96682926019033
.94861787557602
.94536584615707
.92195123434067
.95284551382065
.93073171377182
.96926828225454
.96243902047475
1.0019512176514
.93544715642929
.99333333969116
.94227641820908
.97365852197011
.98975608746211
1.0227642059326
.93414634466171
.92504066228867
.94276422262192
.93089431524277
.95479673147202
.92487806081772
.92504066228867
.99934959411621
.89804877837499
.94894307851791
.95869918664296
.92975610494614
.96634145577749
.92715446154277
.98634145657221
1.0175609588623
.89560975631078
1.0494308670362
.93268293142319
.90260161956151
.92292682329814
.90260161956151
.91658538579941
.97967479626338
.88552844524384
.93040651082993
.91495935122172
.96731706460317
.94943088293076
.9172357916832
.96780486901601
.94211381673813
.98065042495728
.98455282052358
.97235773007075
1.0281300544739
.90162601073583
.94926828145981
.91772359609604
.87382113933563
.91528455416362
.89691056807836
.91235770781835
.91089431444804
.93691056966782
.91886180639267
.94162601232529
.95739835500717
.95365852117538
.90390245119731
.85609757900238
.96081300576528
.91788617769877
.96081300576528
.89902438720067
.99967479705811
1.0476422309875
.9440650343895
.90260161956151
1.0035772323608
.9190243879954
.94520324468613
.94471544027328
.90715446074804
.90813006957372
.95479673147202
.90780486663183
.89560975631078
.89138211806615
.89934959014257
.96390243371328
.93268293142319
.96731706460317
.97317071755727
.89008128643036
.92747968435287
.90504064162572
.93138211965561
.93707317113876
.93105691671371
.9169105887413
.94747966527939
.93479677041372
.94699186086655
.91691056887309
.95528453588486
.94260162115097
.89040648937225
.93609756231308
.93121951818466
.95121951897939
.96520324548086
.92845529317856
.94113820791245
.88130080699921
.94617885351181
.95626016457876
.93951219320297
.93365852038066
.93723577260971
.872682929039
1.046178817749
.91983741521835
.91447156667709
.89983739455541
.98357725143433
.91268293062846
.97008130947749
.92682927846909
.95626014471054
.95772355794907
.90764226516088
.95186990499496
.94780486822128
.87235772609711
.9643902182579
.91788617769877
.93772357702255
.96634145577749
.96861787637075
.93138211965561
.99869916836421
.93382114171982
.94813007116318
.93837398290634
.95186992486318
.91967479387919
.92943090200424
.88487803936005
.94796746969223
.90455283721288
.93219512701035
.87203252315521
.92634147405624
.90455283721288
.9437398314476
.97674796978633
.95804878075918
.92487806081772
.92178863286972
.99040651321411
.98178863525391
.97073171536128
.89300811290741
.89658536513646
.87186992168427
.93365852038066
.92715448141098
.91219512621562
.9721951285998
.88211381435394
.9004878004392
.95154472192128
.95821136236191
.8936585187912
.94731708367666
.95414632558823
.94731706380844
.88048779964447
.91853660345078
.93804877996445
.88097560405731
.94178861379623
.91235772768656
.90146340926488
.89349591732025
.9687804778417
.95333331823349
.9499186873436
.93821138143539
.8847154378891
.92520326375961
.8973983724912
.96650405724843
.8754471540451
.98016262054443
.87756097316742
.92373985052109
.94536586602529
.9104065100352
.97999999920527
.87512195110321
.89382114013036
.87999999523163
.84308942159017
.85349593559901
.92845529317856
.97512195507685
.94715446233749
.92146342992783
.9134959379832
.9663414756457
.93008130788803
.92113822698593
.89024388790131
.91349595785141
.87333333492279
.96357723077138
.92796748876572
.99414632717768
.85934960842133
.91284553209941
.92552844683329
.92731708288193
.88926827907562
.89821137984594
.92065042257309
.93252032995224
.94487804174423
.91772359609604
.92991870641708
.93983739614487
.89284551143646
.98471546173096
.9317073225975
.8843902349472
.92617885271708
.94390243291855
.92211383581161
.91056911150614
.92357724905014
.95739837487539
.95235772927602
.9941463470459
.92601627111435
.92178863286972
.90178861220678
.97430894772212
.99333333969116
.99626016616821
.8609756231308
.98634147644043
.94162601232529
.9622764190038
.93577235937119
.92845529317856
.91186992327372
.96211383740107
.92585364977519
.95430892705917
.93577235937119
.90504064162572
.92682925860087
.89934957027435
.89788617690404
.91869920492172
.92699187994003
.92097562551498
.88455285628637
.98178863525391
.93804877996445
.94601625204086
.94471544027328
.92747968435287
.89902438720067
.91658538579941
.92699186007182
.91902440786362
.90926827987035
.89512195189794
.93869918584824
.87918698787689
.90959350268046
.95317071676254
.90325200557709
.89577235778173
.91707317034403
.94243901968002
.93772357702255
.90747966368993
.97674798965454
.96276420354843
.92048782110214
.90487804015478
.95284553368886
.91772357622782
.92325204610825
.90048778057098
.87658536434174
.90829267104467
.9261788725853
.91756099462509
.91837400197983
.95024389028549
.89528455336889
.90926829973857
.89284551143646
.91983741521835
.90699185927709
.87821137905121
.94585365056992
.85853660106659
.881951212883
.91186992327372
.91447156667709
.89593493938446
.91073169310888
.90943090120951
.90715446074804
.92829269170761
.92715448141098
.90569106737773
.96390243371328
.97024389108022
.86113822460175
1.0079674720764
.85560977458954
.92715448141098
.88227643569311
.88536584377289
.9001625974973
.93219512701035
.84536586205165
.87219512462616
.89479674895604
.93951219320297
.92081302404404
.92390243212382
.88731706142426
.98406505584717
.86764228343964
.8946341474851
.93463414907455
.87609755992889
.91463414827983
.8878048658371
.89902438720067
.892520348231
.9378861784935
.95121949911118
.87235772609711
.91593497991562
.85853660106659
.87203252315521
.92146341005961
.8936585187912
.97089431683222
.95626016457876
.93707317113876
.95300813515981
.93284553289413
.92471545934677
.90406505266825
.89739835262299
.8943089445432
.88634145259857
.94634145498276
.90552846590678
.85268294811249
.86504065990448
.86162602901459
.8908942937851
.90829267104467
.86845529079437
.96032520135244
.86943089962006
.90878049532572
.92130082845688
.91219512621562
.89349591732025
.93268293142319
.93333335717519
.9004878004392
.88178861141205
.95430894692739
.93398374319077
.89365853865941
.9138211607933
.93983739614487
.91804879903793
.90504064162572
.87626016139984
.91707319021225
.91333333651225
.92390245199203
.89317071437836
.85983739296595
.94731706380844
.88617887099584
.93626016378403
.91252032915751
.8380487759908
.93707317113876
.91821140050888
.90813008944194
.86552846431732
.93593498071035
.89658534526825
.94569104909897
.90130080779394
.88065040111542
.88536584377289
.86747968196869
.88699185848236
.90308942397436
.88211381435394
.90520324309667
.8816260099411
.8967479467392
.94048780202866
.86715447902679
.92813009023666
.92959350347519
.89804875850677
.88471545775731
.90162601073583
.81382113695145
.92211383581161
.92081300417582
.91853658358256
.85853660106659
.91772357622782
.86162602901459
.93154472112656
.9063414533933
.86829268932343
.84715445836385
.96292682488759
.93268293142319
1.0351219177246
.95804876089096
.91739839315414
.83349591493607
.86390244960785
.91252034902573
.89512193202972
.87170732021332
.90894309679667
.83089431126912
.90617885192235
.88357724746068
.91203252474467
.881951212883
.89382114013036
.87235772609711
.94536584615707
.85186992088954
.89252030849457
.89008128643036
.90065040191015
.93626016378403
.86471545696259
.93756097555161
.89056911071142
.83154471715291
.87203252315521
.88227641582489
.89512193202972
.88829267024994
.88113820552826
.88113820552826
.88536584377289
.88276422023773
.84341464440028
.95609754323959
.89821135997772
.95560975869497
1.0013008117676
.89284553130468
.87918698787689
.84682927529017
.87398374080658
.86731708049774
.90991872549057
.91398372252782
.90292682250341
.96894307931264
.98227643966675
1.0282926559448
1.0970731973648
.95089429616928
.92455285787582
.95593494176865
1.0017886161804
.96747966607412
.97918701171875
1.0118699073792
.98276424407959
1.0118699073792
.97398374478022
.99609756469727
1.0507316589355
1.0021138191223
.96617887417475
.96422763665517
.98373985290527
.99512195587158
.9910569190979
.96065040429433
1.0364227294922
.96796747048696
.95821136236191
1.0508942604065
.95658534765244
1.0281300544739
.96764226754506
.98715448379517
1.0147967338562
1.0006504058838
1.0035772323608
1.009268283844
.97186990578969
1.0227642059326
.98601627349854
.96097558736801
.99349594116211
.99056911468506
.95528453588486
1.0328454971313
1.0356097221375
1.0336585044861
.9495934844017
1.0017886161804
.96016259988149
1.0198373794556
.96601627270381
1.0390243530273
1.0120325088501
.9910569190979
.96341462930044
.9910569190979
1.0073170661926
1.0312194824219
1.01544713974
.993821144104
.98439023892085
.96292682488759
.94211381673813
1.0118699073792
.98373985290527
.97821138302485
.99235773086548
.99317073822021
1.0570731560389
.99398374557495
.96991870800654
1.018536567688
.88861787319183
1.0188617706299
1.0073170661926
1.0160975456238
.97154472271601
.94861787557602
1.01544713974
.99203252792358
.98016262054443
.99333333969116
.9790244102478
1.0440649986267
1.0084552764893
1.0006504058838
.9879674911499
1.0208129882812
.97902437051137
.98471546173096
1.0130081176758
.97008130947749
.99739837646484
1.0541463295619
.97609756390254
.98341464996338
.98813009262085
1.0186991691589
1.0102438926697
1.0173983573914
1.0256910324097
.99512195587158
.96325202782949
1.0178861618042
1.0099186897278
1.0588617722193
.95902436971664
.9882926940918
.99170732498169
.99528455734253
1.1260162591934
1.033821105957
1.0078048706055
.99821138381958
.95268293221792
1.0188617706299
.99365854263306
1.0279674530029
.97040651241938
.98439025878906
.98357725143433
.95934959252675
1.0180487632751
1.0674797296524
.98536586761475
.97642276684443
.99073171615601
1.0159349441528
1.0473170280457
1.0274796485901
.99804878234863
1.0162601470947
1.0230894088745
.97089431683222
1.0282926559448
1.024552822113
1.0286178588867
1.0460162162781
.95577236016591
1.0170731544495
1.0409755706787
.99967479705811
.986991862456
1.0105690956116
.96422763665517
.96845529476802
.99203252792358
1.0640650192897
1.0029268264771
.97772357861201
1.0533333222071
1.0157723426819
1.0443902015686
1.009105682373
1.0534959236781
1.0120325088501
.98178863525391
1.0172357559204
.99674797058105
1.0206503868103
1.0175609588623
.94195121526718
1.0113821029663
1.0040650367737
1.0206503868103
.99008131027222
1.0263414382935
.97967481613159
1.0180487632751
.98357725143433
1.0074796676636
1.006178855896
1.0292682647705
1.0151219367981
.99967479705811
1.0113821029663
1.0684552987417
.97252031167348
1.0058536529541
1.0107316970825
1.0269918441772
1.0170731544495
.96666665871938
.97642276684443
.98097560803095
1.0014634132385
1.0619512001673
1.0502438545227
1.024715423584
.99300813674927
1.0013008117676
1.0660162766774
.99317073822021
1.0074796676636
1.009268283844
1.0770731767019
1.0269918441772
1.0520325104396
1.105691075325
1.0726829369863
1.111869931221
1.1013008356094
1.0295934677124
1.1263414621353
1.1728455225627
1.1317073106766
1.1401625871658
1.1980487902959
1.2252032756805
1.1882927020391
1.2601625919342
1.3203252156576
1.3087804714839
1.4375609556834
1.3889430761337
1.369756102562
1.440162618955
1.4900813102722
1.5172357559204
1.5160975456238
1.5492682854335
1.6624389886856
1.5687805016836
1.6411381959915
1.7130081653595
1.7643902699153
1.8071544567744
1.8232520421346
1.8200000127157
1.9733333190282
1.9273170630137
1.9250406821569
2.0499186515808
2.1372358004252
2.1395123004913
2.2027642726898
2.2622764110565
2.3338211377462
2.3826016585032
2.4102439085642
2.4832519690196
2.5099186102549
2.5484553178151
2.5169105529785
2.5691057046254
2.4977234999339
2.4367479483287
2.4068292776744
2.370894352595
2.3533333937327
2.3403251965841
2.3222764333089
2.2933333714803
2.331382115682
2.2193496227264
2.2421138286591
2.1887804667155
2.2133333683014
2.1663414637248
2.1391870180766
2.1204878489176
2.1455284754435
2.0808129310608
2.0782113075256
2.0069918632507
1.9925203323364
2.0560975074768
1.9440650542577
1.9900813102722
1.9351219733556
2.0578861236572
1.8840650320053
1.8307317495346
1.8217886288961
1.8437398672104
1.8321951627731
1.7588617801666
1.7621138095856
1.754634141922
1.6943089564641
1.6710568666458
1.6822764078776
1.6159349679947
1.6068292856216
1.53837398688
1.4894309043884
1.5204877853394
1.5011382102966
1.4954471588135
1.4813008308411
1.4154471556346
1.385040640831
1.4450407028198
1.3437398672104
1.3317073186239
1.3525203466415
1.2747967243195
1.269918680191
1.3102438847224
1.2146341403325
1.1629268328349
1.1167479753494
1.1596747636795
1.0749593575795
1.152032494545
1.1547967195511
1.050731698672
1.0759349664052
1.0764228105545
1.0289430618286
1.1876422961553
1.024715423584
1.0814634561539
.98764228820801
1.0569105148315
1.0404877662659
1.0328454971313
1.0590243736903
1.0118699073792
1.1318699121475
1.0598374207815
1.0520324707031
.99186992645264
1.0713821649551
1.050569097201
1.0344715118408
.99073171615601
1.0611381928126
1.0531706809998
1.027642250061
1.0817886590958
1.0079674720764
1.0022764205933
1.1565853357315
1.0169105529785
.96065038442612
1.0541463295619
1.0248780250549
1.0536584854126
1.0323576927185
1.0199999809265
1.0541463295619
1.0084552764893
1.0650406281153
.97365854183833
1.0466666618983
1.0195121765137
1.0305690765381
1.0481300751368
1.0452032089233
1.0471544663111
1.0305690765381
.99739837646484
1.0099186897278
1.0552845398585
.99821138381958
1.0549593369166
.9666666785876
1.0136585235596
1.0331707000732
1.0224390029907
1.0253658294678
1.0521951119105
1.0286178588867
1.0373983383179
.99528455734253
.99886178970337
.98650407791138
1.0076422691345
1.0560975869497
1.0375609397888
1.0159349441528
1.0066666603088
.96308942635854
1.018536567688
.98650407791138
1.0541463295619
1.0175609588623
.97691059112549
1.0104064941406
.95024389028549
.94747966527939
.97886180877686
.93577235937119
.99756097793579
1.0138211250305
1.0037398338318
1.0226016044617
1.0222764015198
.97365854183833
1.009105682373
.9972357749939
1.0204877853394
1.0008130073547
.99886178970337
1.021463394165
1.0164227485657
.98406505584717
.98406503597895
.99300813674927
.98227643966675
1.0499186515808
1.0056910514832
1.08422768116
.98585367202759
1.0260162353516
.97918699185053
1.0349593559901
1.0313820838928
1.0281300544739
.97723577419917
1.0079674720764
1.0073170661926
.99788618087769
1.0001626014709
1.030731678009
.9793496131897
1.021625995636
1.0310568809509
1.0178861618042
.98032522201538
1.0068292617798
.99772357940674
1.0095934867859
.99593496322632
.99398374557495
1.009105682373
1.012357711792
1.0203251838684
1.0349593162537
1.0035772323608
1.0003252029419
1.0712195237478
.97674798965454
.9598373969396
1.0014634132385
1.0382113456726
1.0577235619227
1.0040650367737
.99495935440063
1.0115447044373
.98504066467285
1.0552845398585
.94634145498276
.9821138381958
1.0118699073792
1.0055284500122
.97902439037959
.98000001907349
1.0193495750427
.99918699264526
.99772357940674
1.0557723442713
1.0211381912231
.99886178970337
.97089429696401
.97268293301264
1.0613007942835
1.0743089914322
.95512193441391
.96227639913559
1.0331707000732
1.0232520103455
.99235773086548
1.0053658485413
.95821136236191
.99902439117432
1.0380487442017
1.0108942985535
1.0146341323853
1.03089427948
1.0627642075221
1.0731707016627
.98341464996338
.97121951977412
1.0347967147827
1.0170731544495
.99252033233643
.996910572052
1.0224390029907
1.0138211250305
1.0190243721008
1.0266666412354
.98975610733032
.96032520135244
1.006016254425
.98601627349854
1.139512181282
1.0190243721008
1.0230894088745
.98390245437622
1.0099186897278
.98162603378296
1.1095935106277
1.0539836883545
.97447154919306
.93154472112656
1.0258536338806
.96991870800654
1.0349593162537
1.0393495559692
1.0053658485413
1.0585365692774
1.0234146118164
.99463415145874
.99869918823242
1.0097560882568
1.0300812721252
1.036910533905
1.0022764205933
1.0219511985779
.97479675213496
.97414634625117
.98601627349854
1.0310568809509
.98097562789917
1.0526828765869
.97626016537348
.97495935360591
1.0590244134267
1.0817886590958
.9824390411377
1.0073170661926
1.0001626014709
.98926830291748
1.0113821029663
1.0609756310781
1.0827642679214
.96796747048696
.95934957265854
1.0682926972707
1.0004878044128
1.0313820838928
1.0008130073547
.94878047704697
.97105691830317
1.0027642250061
1.0250406265259
.98894309997559
1.0486178398132
.96715446313222
1.033983707428
1.027804851532
.98991870880127
.95999997854233
.97300813595454
1.0118699073792
1.0027642250061
.96341460943222
.99853658676147
.94878047704697
.9882926940918
1.0120325088501
.98894309997559
1.018536567688
1.0094308853149
.98227641979853
1.0165853500366
1.0029268264771
1.0082926750183
1.0497560898463
1.0282926559448
.95138210058212
1.009105682373
.98715448379517
.96243902047475
1.0235772132874
.97414634625117
.993821144104
.99008131027222
1.0178861618042
.99138212203979
.97203252712886
1.01544713974
.99642276763916
1.0847154458364
.9691057006518
1.0442276000977
1.0708943605423
1.0266666412354
.99804878234863
.98520324627558
1.0014634132385
.9904064933459
.98682928085327
.99121950070063
.99902439117432
.95284553368886
.98113822937012
1.0100812911987
.94439023733139
1.012357711792
.99626016616821
1.0138211250305
.94227641820908
1.0261788368225
.96861787637075
1.0234146118164
.96341460943222
1.0240650177002
.92747968435287
.99447154998779
.99024391174316
.98162603378296
.93219512701035
1.0313820838928
.97983741760254
1.0474796295166
1.0087804794312
.99349594116211
1.0027642250061
.95170730352402
1.018373966217
1.0173983573914
.96146341164907
1.0274796485901
.97674796978633
1.0045528411865
1.0004878044128
1.0403251647949
.99821138381958
1.0126829147339
.97626016537348
.99284553527832
1.0026016235352
1.0513820648193
.96796747048696
1.0180487632751
1.0739837884903
.99983739852905
.99138212203979
.96325202782949
.9626016219457
.99544715881348
.98747966686885
1.0588617722193
1.0222764015198
1.0660162766774
1.0105690956116
1.0196747779846
.99804878234863
1.0474796295166
1.0541462898254
1.0266666412354
1.0082926750183
.9588617682457
1.0403251647949
1.0417885780334
1.009268283844
1.0003252029419
.95723577340444
.98325202862422
1.0237398147583
.95934959252675
.93967479467392
.9752845565478
.99886178970337
1.0273170471191
.97089429696401
1.0721951723099
.97934959332148
1.043089389801
.98081302642822
.9941463470459
1.0082926750183
1.0094308853149
.97707317272822
1.0086178779602
.99886178970337
.99821138381958
.96325202782949
1.0084552764893
.98585367202759
.996910572052
1.0078048706055
1.0232520103455
1.0543089310328
1.0009756088257
1.0204877853394
.9585365653038
.95447152853012
.99593496322632
1.0149593353271
1.0595121781031
.9752845565478
.99398374557495
1.0169105529785
1.0253658294678
.99577236175537
.97008128960927
.97349592049917
1.0063414573669
.92471545934677
.99886178970337
1.037073135376
1.0530081192652
1.0330080986023
.99821138381958
1.0099186897278
1.0087804794312
1.0100812911987
1.0157723426819
1.015284538269
1.0330080986023
1.0182113647461
1.0209755897522
.9687804778417
.97788618008296
.99040651321411
1.0011382102966
1.0347967147827
.99138212203979
1.0032520294189
1.0482926368713
.97219514846802
1.021463394165
.99317073822021
.99447154998779
.9972357749939
1.046178817749
1.0266666412354
.96341464916865
.98471546173096
1.0263414382935
.98162601391474
1.0042276382446
1.0534959236781
1.0040650367737
.97203250726064
1.0065040588379
1.0071544647217
1.0378861427307
.98357723156611
1.0533332824707
1.0134959220886
.95479673147202
.96520324548086
1.0250406265259
.96894309918086
1.0097560882568
.97691057125727
1.1073170900345
1.0151219367981
1.0347967147827
1.0390243530273
.97479675213496
.93821138143539
1.0107316970825
.96991870800654
.9848780632019
.96308942635854
.9811382095019
.93674796819687
1.0269918441772
.99186992645264
.98455286026001
1.0188617706299
1.0126829147339
1.0099186897278
1.012357711792
1.0126829147339
1.0385365486145
.98390245437622
1.033983707428
.98130081097285
1.0611381928126
.97674796978633
1.0024390220642
1.0538210868835
1.0175609588623
.94926828145981
.97739839553833
1.0190243721008
1.0147967338562
.94764226675034
.9712194999059
1.0391869544983
.9848780632019
1.0455284516017
.99008131027222
.98032520214717
1.0328454971313
1.0149593353271
1.1008129517237
1.0530081192652
.97252031167348
.98894309997559
.98178861538569
1.0344715515772
.97186992565791
1.0125203132629
.98585367202759
.96975608666738
.99886178970337
.93219512701035
1.0069918632507
1.050569097201
.98471546173096
.95414634545644
1.0221138000488
1.043251991272
1.0242276191711
1.033821105957
1.0380487442017
1.0017886161804
1.0162601470947
.97853660583496
.97918701171875
.98780488967896
.97040649255117
.99967479705811
.94016259908676
.93414634466171
.99430894851685
.9793496131897
1.0317072868347
.98276424407959
.9440650343895
.99853658676147
1.0004878044128
1.0035772323608
1.0058536529541
.95609754323959
1.0271544456482
1.0313820838928
.99869918823242
.98926830291748
.90894309679667
1.0102438926697
1.0269918441772
1.0063414573669
.98569107055664
1.03089427948
.95235770940781
.99756097793579
.95593494176865
.98552846908569
1.0136585235596
1.0068292617798
1.0128455162048
.99365854263306
1.0242276191711
1.0378861427307
.98471546173096
1.0024390220642
1.0443902015686
.96829269329707
.95967479546865
1.024715423584
1.0175609588623
1.0136585235596
1.0434145927429
1.0160975456238
1.0175609588623
.95479673147202
1.0102438926697
.97414636611938
.97495935360591
1.0466666221619
1.0047154426575
.94162601232529
1.0469918251038
.93430894613266
.96780488888423
1.0066666603088
1.0242276191711
.98455286026001
1.0304064750671
.94943088293076
1.0003252029419
.95089429616928
.98455284039179
1.0178861618042
1.0118699073792
1.0130081176758
1.0097560882568
.95544715722402
.96081298589706
.9811382095019
1.0359349250793
.96699186166128
1.0169105529785
1.0411381721497
.9762601852417
1.0315446853638
.98227643966675
.93723577260971
1.0494308869044
.96195121606191
.94666665792465
.99626016616821
1.0017886161804
1.0164227485657
1.009268283844
.96016258001328
.98617885510127
.99235773086548
1.0315446853638
.98780488967896
1.0133333206177
.96585367123286
.98845529556274
.96894309918086
1.0086178779602
.9694309035937
.99089431762695
.97544713815053
1.0357723236084
.94975608587265
1.012195110321
.9227642416954
.97040649255117
.95691057046254
1.009268283844
.99609756469727
1.0673170487086
.97008130947749
.99447154998779
.97691059112549
.95999999841054
.94032520055771
.92699187994003
1.0341463088989
1.0063414573669
.95121949911118
1.0133333206177
1.0006504058838
1.0008130073547
.9814634124438
.95382114251455
.98162601391474
.96796749035517
1.0009756088257
1.0022764205933
.9378861784935
.98373985290527
1.0081300735474
.9752845565478
.9495934844017
.94747966527939
.99365854263306
.94146341085434
.97918701171875
.97886178890864
.94975608587265
.97105691830317
1.0211381912231
1.0222764015198
.96764228741328
1.0065040588379
1.0048780441284
.94048780202866
.97544715801875
1.0102438926697
1.0078048706055
.94162601232529
.96764226754506
.98178861538569
1.0003252029419
.93365854024887
.92227641741435
.99756097793579
.97544717788696
.95967479546865
1.0626016060511
.92065042257309
.9687804778417
.98227643966675
1.0087804794312
.99772357940674
.89837398131688
.94471544027328
.99349594116211
.96048780282338
.98292682568232
.99772357940674
.96650405724843
1.0131707191467
.89804875850677
.9626016219457
.93739837408066
1.0289430618286
.9759349822998
.95626014471054
.996910572052
.97772359848022
.96016259988149
1.0227642059326
.93121951818466
.99317073822021
.97447154919306
.96894309918086
1.0026016235352
.93544715642929
.88016259670258
.98813009262085
1.0053658485413
.91772357622782
.92048782110214
.99739837646484
.99203252792358
.91284553209941
.98926830291748
.96390243371328
.96341462930044
1.0026016235352
.96829269329707
.9622764190038
.98178861538569
.97934959332148
1.0190243721008
.98715448379517
1.0404878060023
.95382112264633
.96373985211054
.89398372173309
.94699186086655
.9468292593956
.99560976028442
1.0172357559204
.97642276684443
.9465040564537
.98943090438843
1.0081300735474
.96552844842275
.90861789385478
.98390245437622
.96341462930044
.98813009262085
.96601627270381
.95154470205307
.94357722997665
.98569105068843
.96065040429433
.9852032661438
1.0079674720764
.97495935360591
.95447152853012
.98276424407959
.9666666785876
.97463415066401
.9725203315417
.92780488729477
.95723575353622
.95756095647812
1.0053658485413
.96569106976191
.95284553368886
.91398374239604
.9378861784935
.92634147405624
.9557723402977
.93121951818466
.99967477718989
.93186990420024
.9526829123497
.96552846829096
1.0063414573669
.92975610494614
.93398374319077
.98682928085327
.93853658437729
.95105691750844
.96471544106801
.9790244102478
.93723577260971
.94276422262192
.9783739844958
1.0876423120499
1.0224390029907
.89349591732025
.95170732339223
.97951221466064
1.049268245697
.92780488729477
.97463415066401
.9585365653038
.95674794912338
.99089431762695
1.006016254425
1.0006504058838
.97642278671265
1.0108942985535
.98943090438843
.95658536752065
.99918699264526
.93967479467392
.91414634386698
.92975610494614
.94585365056992
.96048780282338
.92422765493393
.92113820711772
.95691057046254
.93951219320297
.94032520055771
.94975610574086
.96731708447138
.92585364977519
.94227641820908
.94780486822128
.93333333730698
.99869918823242
.89951221148173
.93495935201645
.9721951285998
.95333331823349
.9687804778417
1.0206503868103
.94991870721181
.96926828225454
.98894309997559
.93138211965561
.89219512542089
.90991870562236
.94227641820908
.95999999841054
.9063414533933
.97707317272822
.9656910498937
.91528455416362
.93219512701035
1.0089430809021
.93024390935898
.93642276525497
.98601627349854
.8912195165952
.95772357781728
.90195121367772
.92292684316635
.91365851958593
.89658536513646
.89756095409393
.87479674816132
.86471545696259
.92162601153056
.91235770781835
.91983739535014
.91398374239604
.91772359609604
.95967479546865
.91674796740214
.90146338939667
.86178863048553
.91707317034403
.88975608348846
.96113820870717
.88585364818573
.91414634386698
.89577235778173
.9320325255394
.89512195189794
.89235770702362
.96715448300044
.87788617610931
.869593501091
.92666667699814
.90796746810277
.94926828145981
.91365853945414
.84325202306112
.91398374239604
.88097560405731
.91089431444804
.92520326375961
.90520326296488
.83479672670364
.89073169231415
.89073169231415
.92390245199203
.87512195110321
.8640650510788
.84845528999964
.84487803777059
.85138211647669
.91918700933456
.89934959014257
.86845527092616
.88276424010595
.86227643489838
.86422765254974
.9073170820872
.86747968196869
.88178861141205
.88959348201752
.92943090200424
.79528456926346
.91512195269267
.91528457403183
.89804875850677
.88243901729584
.83138211568197
.879512210687
.85951220989227
.89869918425878
.91121951738993
.81317073106766
.82991868257523
.83658536275228
.91804879903793
.88390243053436
.93495935201645
.84130080540975
.85691058635712
.82699185609818
.869593501091
.85821139812469
.84910569588343
.80601626634598
.84796750545502
.85788617531459
.85837399959564
.80715447664261
.85073173046112
.8578861951828
.84178862969081
.87560975551605
.9045528570811
.85333333412806
.89512193202972
.8637398481369
.84813006718953
.8847154378891
.83268292744954
.81528455018997
0
0
0
0
0
0
0
0
0
0
0
0
0
0
0
0
0
0
0
0
0
0
0
0
0
0
0
0
0
0
0
0
0
0
0
0
0
0
0
0
0
0
0
0
0
0
0
0
0
0
0
0
0
0
0
0
0
0
0
0
0
0
0
0
0
0
0
0
0
0
0
0
0
0
0
0
0
0
0
0
0
0
0
0
0
0
0
0
0
0
0
0
0
0
0
0
0
0
0
0
0
0
0
0
0
0
0
0
0
0
0
0
0
0
0
0
0
0
0
0
0
0
0
0
0
0
0
0
0
0
0
0
0
0
0
0
0
0
0
0
0
0
0
0
0
0
0
0
0
0
0
0
0
0
0
0
0
0
0
0
0
0
0
0
0
0
0
0
0
0
0
0
0
0
0
0
0
0
0
0
0
0
0
0
0
0
0
0
0
0
0
0
0
0
0
0
0
0
0
0
0
0
0
0
0
0
0
0
0
0
0
0
0
0
0
0
0
0
0
0
0
0
0
0
0
0
0
0
0
0
0
0
0
0
0
0
0
0
0
0
0
0
0
0
0
0
0
0
0
0
0
0
0
0
0
0
0
0
0
0
0
0
0
0
0
0
0
0
0
0
0
0
0
0
0
0
0
0
0
0
0
0
0
0
0
0
0
0
0
0
0
0
0
0
0
0
0
0
0
0
0
0
0
0
0
0
0
0
0
0
0
0
0
0
0
0
0
0
0
0
0
0
0
0
0
0
0
0
0
0
0
0
0
0
0
0
0
0
0
0
0
0
0
0
0
0
0
0
0
0
0
0
0
0
0
0
0
0
0
0
0
0
0
0
0
0
0
0
0
0
0
0
0
0
0
0
0
0
0
0
0
0
0
0
0
0
0
0
0
0
0
0
0
0
0
0
0
0
0
0
0
0
0
0
0
0
0
0
0
0
0
0
0
0
0
0
0
0
0
0
0
0
0
0
0
0
0
0
0
0
0
0
0
0
0
0
0
0
0
0
0
0
0
0
0
0
0
0
0
0
0
0
0
0
0
0
0
0
0
0
0
0
0
0
0
0
0
0
0
0
0
0
0
0
0
0
0
0
0
0
0
0
0
0
0
0
0
0
0
0
0
0
0
0
0
0
0
0
0
0
0
0
0
0
0
0
0
0
0
0
0
0
0
0
0
0
0
0
0
0
0
0
0
0
0
0
0
0
0
0
0
0
0
0
0
0
0
0
0
0
0
0
0
0
0
0
0
0
0
0
0
0
0
0
0
0
0
0
0
0
0
0
0
0
0
0
0
0
0
0
0
0
0
0
0
0
0
0
0
0
0
0
0
0
0
0
0
0
0
0
0
0
0
0
0
0
0
0
0
0
0
0
0
0
0
0
0
0
0
0
0
0
0
0
0
0
0
0
0
0
0
0
0
0
0
0
0
0
0
0
0
0
0
0
0
0
0
0
0
0
0
0
0
0
0
0
0
0
0
0
0
0
0
0
0
0
0
0
0
0
0
0
0
0
0
0
0
0
0
0
0
0
0
0
0
0
0
0
0
0
0
0
0
0
0
0
0
0
0
0
0
0
0
0
0
0
0
0
0
0
0
0
0
0
0
0
0
0
0
0
0
0
0
0
0
0
0
0
0
0
0
0
0
0
0
0
0
0
0
0
0
0
0
0
0
0
0
0
0
0
0
0
0
0
0
0
0
0
0
0
0
0
0
0
0
0
0
0
0
0
0
0
0
0
0
0
0
0
0
0
0
0
0
0
0
0
0
0
0
0
0
0
0
0
0
0
0
0
0
0
0
0
0
0
0
0
0
0
0
0
0
0
0
0
0
0
0
0
0
0
0
0
0
0
0
0
0
0
0
0
0
0
0
0
0
0
0
0
0
0
0
0
0
0
0
0
0
0
0
0
0
0
0
0
0
0
0
0
0
0
0
0
0
0
0
0
0
0
0
0
0
0
0
0
0
0
0
0
0
0
0
0
0
0
0
0
0
0
0
0
0
0
0
0
0
0
0
0
0
0
0
0
0
0
0
0
0
0
0
0
0
0
0
0
0
0
0
0
0
0
0
0
0
0
0
0
0
0
0
0
0
0
0
0
0
0
0
0
0
0
0
0
0
0
0
0
0
0
0
0
0
0
0
0
0
0
0
0
0
0
0
0
0
0
0
0
0
0
0
0
0
0
0
0
0
0
0
0
0
0
0
0
0
0
0
0
0
0
0
0
0
0
0
0
0
0
0
0
0
0
0
0
0
0
0
0
0
0
0
0
0
0
0
0
0
0
0
0
0
0
0
0
0
0
0
0
0
0
0
0
0
0
0
0
0
0
0
0
0
0
0
0
0
0
0
0
0
0
0
0
0
0
0
0
0
0
0
0
0
0
0
0
0
0
0
0
0
0
0
0
0
0
0
0
0
0
0
0
0
0
0
0
0
0
0
0
0
0
0
0
0
0
0
0
0
0
0
0
0
0
0
0
0
0
0
0
0
0
0
0
0
0
0
0
0
0
0
0
0
0
0
0
0
0
0
0
0
0
0
0
0
0
0
0
0
0
0
0
0
0
0
0
0
0
0
0
0
0
0
0
0
0
0
0
0
0
0
0
0
0
0
0
0
0
0
0
0
0
0
0
0
0
0
0
0
0
0
0
0
0
0
0
0
0
0
0
0
0
0
0
0
0
0
0
0
0
0
0
0
0
0
0
0
0
0
0
0
0
0
0
0
0
0
0
0
0
0
0
0
0
0
0
0
0
0
0
0
0
0
0
0
0
0
0
0
0
0
0
0
0
0
0
0
0
0
0
0
0
0
0
0
0
0
0
0
0
0
0
0
0
0
0
0
0
0
0
0
0
0
0
0
0
0
0
0
0
0
0
0
0
0
0
0
0
0
0
0
0
0
0
0
0
0
0
0
0
0
0
0
0
0
0
0
0
0
0
0
0
0
0
0
0
0
0
0
0
0
0
0
0
0
0
0
0
0
0
0
0
0
0
0
0
0
0
0
0
0
0
0
0
0
0
0
0
0
0
0
0
0
0
0
0
0
0
0
0
0
0
0
0
0
0
0
0
0
0
0
0
0
0
0
0
0
0
0
0
0
0
0
0
0
0
0
0
0
0
0
0
0
0
0
0
0
0
0
0
0
0
0
0
0
0
0
0
0
0
0
0
0
0
0
0
0
0
0
0
0
0
0
0
0
0
0
0
0
0
0
0
0
0
0
0
0
0
0
0
0
0
0
0
0
0
0
0
0
0
0
0
0
0
0
0
0
0
0
0
0
0
0
0
0
0
0
0
0
0
0
0
0
0
0
0
0
0
0
0
0
0
0
0
0
0
0
0
0
0
0
0
0
0
0
0
0
0
0
0
0
0
0
0
0
0
0
0
0
0
0
0
0
0
0
0
0
0
0
0
0
0
0
0
0
0
0
0
0
0
0
0
0
0
0
0
0
0
0
0
0
0
0
0
0
0
0
0
0
0
0
0
0
0
0
0
0
0
0
0
0
0
0
0
0
0
0
0
0
0
0
0
0
0
0
0
0
0
0
0
0
0
0
0
0
0
0
0
0
0
0
0
0
0
0
0
0
0
0
0
0
0
0
0
0
0
0
0
0
0
0
0
0
0
0
0
0
0
0
0
0
0
0
0
0
0
0
0
0
0
0
0
0
0
0
0
0
0
0
0
0
0
0
0
0
0
0
0
0
0
0
0
0
0
0
0
0
0
0
0
0
0
