.80187910795212
.79656863212585
.79438998301824
.81004903713862
.79616012175878
.80814268191655
.8148148059845
.79833877086639
.79547929763794
.80950435002645
.80882352590561
.8125
.82026143868764
.81290851036708
.80201524496078
.81386166810989
.8043300708135
.80664487679799
.81563180685043
.80065359671911
.8126361767451
.80800654490789
.80528322855632
.80010892947515
.81454249223073
.79929192860921
.80283224582672
.80841503540675
.7924836675326
.80351305007935
.81849128007889
.79997277259827
.7960239648819
.79616012175878
.81617647409439
.80378540356954
.79833879073461
.80623638629913
.79602394501368
.79697712262472
.80759803454081
.79915577173233
.79888343811035
.8101851940155
.80147057771683
.79793028036753
.79820261398951
.79452615976334
.79466231664022
.79956426223119
.78622003396352
.7924836675326
.80010892947515
.79765796661377
.79724945624669
.80678103367488
.79602394501368
.80623638629913
.79793028036753
.79398149251938
.79779412349065
.80065359671911
.78635621070862
.7913943529129
.79112201929092
.78118191162745
.78799019257228
.79547931750615
.78022875388463
.78935184081395
.79575163125992
.78948801755905
.78690087795258
.78758170207342
.78213506937027
.77886710564295
.79275600115458
.78458605209986
.78213506937027
.78104573488235
.78213506937027
.77124182383219
.77750545740128
.75626361370087
.79670478900274
.80160675446192
.80501089493434
.80582789580027
.81576796372732
.80255991220474
.80814268191655
.80092593034108
.81032135089238
.80827885866165
.80718954404195
.80610020955404
.79112199942271
.80147057771683
.80759803454081
.80351306994756
.79874726136525
.81617647409439
.80487471818924
.80555554231008
.80923201640447
.79343680540721
.79384531577428
.81685727834702
.79901961485545
.80569169918696
.80610020955404
.79575165112813
.79874728123347
.8125
.79561547438304
.8040577173233
.81072986125946
.79411762952805
.80555556217829
.8137254913648
.80732570091883
.80106210708618
.79915575186412
.79656863212585
.80705336729685
.79888343811035
.83646516005198
.81345315774282
.80705338716507
.79575163125992
.80160675446192
.80228757858276
.79234749078751
.80623638629913
.81576796372732
.79084966580073
.79861110448837
.81699345509211
.80283224582672
.80147057771683
.80691719055176
.80092591047287
.80215142170588
.82012528181076
.81100217501322
.79915577173233
.80746187766393
.81072984139125
.81181917587916
.81522331635157
.81154682238897
.81195533275604
.81481482585271
.80215142170588
.80596405267715
.80855119228363
.84204792976379
.80078975359599
.81413400173187
.81862745682398
.8114106853803
.81249998013179
.80923203627268
.80364922682444
.80800654490789
.80841503540675
.80378540356954
.80187906821569
.81685729821523
.81318082412084
.80460238456726
.81304466724396
.80242373545965
.80555556217829
.82135075330734
.80446622769038
.82557189464569
.8123638232549
.80405773719152
.81100217501322
.81045752763748
.80446622769038
.80814270178477
.81794661283493
.8041938940684
.80569171905518
.81154684225718
.82448258002599
.81563180685043
.80909585952759
.82257624467214
.81318082412084
.82026141881943
.80160675446192
.80637254317602
.81794663270315
.81345315774282
.82039759556452
.81944443782171
.80514705181122
.81045750776927
.80909585952759
.80678105354309
.81018517414729
.80691721041997
.80092593034108
.82611656188965
.80705338716507
.79547931750615
.79697712262472
.80705336729685
.79915577173233
.84381808837255
.85716231664022
.79398149251938
.84109477202098
.81168301900228
.81781045595805
.80351306994756
.80923203627268
.81821894645691
.8123638232549
.81086601813634
.81222766637802
.79806645711263
.8125
.81849128007889
.80923201640447
.80637254317602
.81685731808345
.8031045794487
.80882354577382
.8112745086352
.8112745086352
.81209148963292
.80882354577382
.81113835175832
.80433005094528
.80501089493434
.79847494761149
.80460240443548
.81726578871409
.80991286039352
.80718954404195
.81427015860875
.80773421128591
.80596405267715
.80895968278249
.80446620782216
.80596403280894
.80800652503967
.79561545451482
.80160675446192
.81032135089239
.79261982440948
.80242375532786
.80596407254537
.79752178986867
.8029684027036
.80569171905518
.79016884167989
.80147059758504
.80065359671911
.80283224582672
.80678103367488
.80010894934336
.80569171905518
.80065357685089
.80147059758504
.80501089493434
.80528322855632
.8043300708135
.80514705181122
.80623638629913
.81113835175832
.80623636643092
.80582787593206
.8101851940155
.81072986125946
.80582789580027
.79643247524897
.81263615687688
.80269606908162
.7982025941213
.80364922682444
.79711329936981
.79915577173233
.81304466724396
.79425380627314
.81440631548564
.82053377230962
.8043300708135
.81862745682398
.81889979044596
.80964050690333
.80283224582672
.81168301900228
.79684094587962
.80623636643092
.80119826396306
.80378542343775
.80514705181122
.81495098272959
.81535947322845
.80732572078705
.81590414047241
.80773419141769
.81032135089239
.82380175590515
.79452613989512
.80555554231008
.80746185779572
.80242375532786
.80678103367488
.80827885866165
.80446620782216
.80691721041997
.80364922682444
.79970043897629
.79711329936981
.80746185779572
.79724943637848
.80187910795212
.80950435002645
.79697712262472
.79547929763794
.8101851940155
.81781043608983
.81100219488144
.81495098272959
.79125817616781
.79874728123347
.80487471818924
.8029684027036
.81508713960648
.80800652503967
.80092593034108
.80446624755859
.81168299913406
.81767429908117
.8031045794487
.80705336729685
.81304466724396
.80364922682444
.81467864910762
.81358933448792
.79820261398951
.80664487679799
.81604029734929
.8043300708135
.81154684225718
.81604029734929
.8054193854332
.79616012175878
.80909585952759
.81522331635157
.81685731808345
.82461873690287
.80746187766393
.8125
.81781047582626
.80065359671911
.80582789580027
.81181915601095
.80201524496078
.80324073632558
.81985294818878
.80283224582672
.81590414047241
.81835512320201
.81113835175832
.80596405267715
.8041938940684
.79956426223119
.80010892947515
.81345315774282
.80092593034108
.80664487679799
.81209148963292
.80528322855632
.81059366464615
.82257624467214
.80119826396306
.80936821301778
.81222766637802
.80637256304423
.79493463039398
.8103213707606
.80582787593206
.80964052677155
.80814270178477
.80610022942225
.81018517414729
.80895968278249
.80895968278249
.80814270178477
.81672112147013
.81168299913406
.80909585952759
.80392156044642
.81032135089238
.80378540356954
.80351306994756
.81467864910762
.80596405267715
.80841503540675
.81454249223073
.81604031721751
.81604029734929
.81127452850342
.79970043897629
.80024510622025
.80855121215185
.80446620782216
.81222768624624
.82366557916005
.81181915601095
.8054193854332
.81917212406794
.80119824409485
.80827885866165
.8112745086352
.79561547438304
.80119826396306
.80827885866165
.80106208721797
.80678103367488
.80787036816279
.79847494761149
.81195535262426
.81018517414729
.81113833189011
.80664487679799
.81032135089239
.80228755871455
.79343682527542
.80392156044642
.79970041910807
.81399782498678
.81794663270315
.79793028036753
.80868736902873
.80977668364843
.79793028036753
.80242375532786
.80255991220474
.79207517703374
.80460240443548
.80868736902873
.79929194847743
.7971132795016
.81672114133835
.79316449165344
.79534314076106
.80718954404195
.79030499855677
.80119826396306
.7958877881368
.78717321157455
.78880717357
.79493463039398
.79316449165344
.79180282354355
.78281591335932
.79166666666667
.7938453356425
.78159042199453
.79711329936981
.77573529879252
.78104575475057
.78812634944916
.77641612291336
.77042482296626
.77287582556407
.76906319459279
.77219500144323
.76715685923894
.76048475503922
.75789761543274
.81454247236252
.81127448876699
.80351308981578
.79888343811035
.79779412349065
.80351306994756
.80215142170588
.794662296772
.80242375532786
.80324073632558
.79983659585317
.79316449165344
.80977668364843
.79942810535431
.80337689320246
.81427015860875
.8041938940684
.80923203627268
.81522331635157
.8065087000529
.81685729821523
.81440631548564
.79915577173233
.80392156044642
.81331700086594
.80950436989466
.80215142170588
.81481482585271
.81508713960648
.8112745086352
.82121459643046
.81045752763748
.81141066551208
.81004901727041
.80569171905518
.80596407254537
.81454249223073
.80065361658732
.81672114133835
.81563182671865
.81222766637802
.80759803454081
.81318082412084
.81181915601095
.80800652503967
.81495098272959
.8135893146197
.80392158031464
.80705336729685
.81508713960648
.80460238456726
.80773421128591
.8146786292394
.79752178986867
.81753812233607
.81753812233607
.79861110448837
.81481482585271
.8195806145668
.81576796372732
.81413398186366
.8103213707606
.80514707167943
.81086601813634
.8278867204984
.80310455958049
.82693354288737
.81249998013179
.80718952417374
.80351306994756
.80991286039352
.80378540356954
.8041938940684
.80977668364843
.80718954404195
.80555556217829
.81168299913406
.81086599826813
.80596405267715
.81222766637802
.80528322855632
.8043300708135
.81072984139125
.81331700086594
.81318082412084
.80827887852987
.80187906821569
.8101851940155
.8125
.80746189753215
.81113833189011
.82257626454035
.80446622769038
.80977668364843
.81209148963292
.80718954404195
.80623638629913
.80637254317602
.80705336729685
.80691721041997
.80501089493434
.79847496747971
.79793028036753
.80487471818924
.82693354288737
.80950436989466
.80296842257182
.80596405267715
.80228759845098
.7947984735171
.81440629561742
.80460240443548
.80378540356954
.81549564997355
.80351305007935
.80174293120702
.80909585952759
.79452613989512
.80868738889694
.8125
.80800652503967
.80623638629913
.80923203627268
.80514705181122
.80923201640447
.80841503540675
.80147057771683
.80378538370132
.80582789580027
.80378540356954
.79847494761149
.80446622769038
.79561545451482
.80038126309713
.81318082412084
.80514705181122
.80405773719152
.80787038803101
.79874728123347
.80678103367488
.81427015860875
.79970043897629
.80759803454081
.8135893146197
.79670478900274
.82216775417328
.79970041910807
.8206699291865
.79398147265116
.80923201640447
.80351306994756
.80038126309713
.79820261398951
.79398147265116
.7958877881368
.80610020955404
.79806643724442
.80664489666621
.81903592745463
.79738561312358
.80201524496078
.81072986125946
.79929192860921
.80228759845098
.80364924669266
.8123638232549
.80419391393661
.83169935146968
.8115468621254
.80936817328135
.81195535262426
.84831154346466
.80855119228363
.80514705181122
.80936819314957
.80650871992111
.80610020955404
.80909585952759
.80378540356954
.80964050690333
.81631265083949
.81032135089238
.80868736902873
.82557189464569
.80814270178477
.80623640616735
.81644880771637
.81345315774282
.83115470409393
.85702613989512
.80732572078705
.82924836874008
.82448256015778
.79901959498723
.80882354577382
.81168299913406
.80814272165298
.81100219488144
.81413398186366
.80732570091883
.81508711973826
.81576798359553
.81958059469859
.81849128007889
.85348582267761
.84150326251984
.83537580569585
.82502724726995
.83047386010488
.81454247236252
.80664485692978
.80596405267715
.82026143868764
.83823529879252
.83224399884542
.81563180685043
.81930826107661
.80269608894984
.81209150950114
.81944443782171
.81290851036708
.82012526194255
.81808278958003
.80446624755859
.80133442083995
.80637254317602
.81658498446147
.81535947322845
.81672114133835
.81508713960648
.81100217501322
.82434640328089
.82325706879298
.80936819314957
.81672114133835
.81304466724396
.80528322855632
.81236384312312
.81467864910762
.80228759845098
.81508713960648
.81699347496033
.8148148059845
.80855119228363
.82938454548518
.85525600115458
.81617647409439
.82121459643046
.81685729821523
.82230393091838
.82257626454035
.81672114133835
.84967321157455
.81767429908117
.80078975359599
.81563182671865
.81685731808345
.81699345509211
.81004901727041
.81563178698222
.80964052677155
.82148693005244
.8206699291865
.82175926367442
.81862745682398
.82380173603694
.82325706879298
.81876361370087
.81998912493388
.82230393091838
.82121459643046
.81753814220428
.81563180685043
.82230393091838
.82747821013133
.83374182383219
.82175926367442
.81753812233607
.81604031721751
.81508715947469
.81631265083949
.81672112147013
.80909585952759
.82407406965892
.81304466724396
.80950435002645
.81917212406794
.82652505238851
.8135893146197
.89215683937073
.82897605498632
.81617647409439
.81672114133835
.82570807139079
.80569171905518
.8209422826767
.8101851940155
.8114106853803
.79983659585317
.81808276971181
.81604029734929
.81740194559097
.81753812233607
.81998910506566
.82734205325445
.82979303598404
.83632898330688
.81998910506566
.82870370149612
.83265250921249
.8314270178477
.84272875388463
.81549564997355
.82461873690287
.83251635233561
.82543571790059
.82638889551163
.82598038514455
.81495098272959
.8206699291865
.8289760351181
.81399782498678
.81672114133835
.83469498157501
.81495098272959
.81889979044596
.82911219199498
.81685729821523
.81794661283493
.83197166522344
.81903592745463
.81971677144369
.82502722740173
.82135077317556
.82625271876653
.8278867204984
.83415033419927
.82543573776881
.8289760351181
.82611654202143
.83265250921249
.83660129706065
.82489107052485
.8312908411026
.83469498157501
.83074619372686
.84640524784724
.86138345797857
.84885621070862
.84708607196808
.85076252619425
.86437906821569
.87091505527496
.88276143868764
.89651415745417
.89869280656179
.90890522797902
.92919391393661
.93654684225718
.94362743695577
.96663943926493
.96936273574829
.98597494761149
1.0089869499207
1.0125272274017
1.0245097875595
1.0497004191081
1.057325720787
1.0766611893972
1.0996732314428
1.1038943131765
1.1266339619954
1.1693900028865
1.1774237155914
1.2086056470871
1.226034839948
1.245915055275
1.2826797564824
1.3318354686101
1.3479030529658
1.3740468422572
1.4304194053014
1.4527505636215
1.4976851940155
1.5439814726512
1.5559640328089
1.6037581761678
1.6580882072449
1.7046568791072
1.7750544548035
1.8481753667196
1.9148965279261
2.0219225883484
2.1386165618896
2.2924836476644
2.4404956499736
2.6525054772695
2.8431372642517
3.0394880771637
3.1338507334391
3.096949895223
3.0216503143311
2.9102669556936
2.815359433492
2.7007080713908
2.5983115832011
2.4803921381632
2.3943355083466
2.3056917190552
2.2167755762736
2.1171024640401
2.0476579666138
1.9897875388463
1.9105391899745
1.87200431029
1.8141339619954
1.7542211612066
1.7120098272959
1.6875
1.6444716850917
1.6086601018906
1.5860566298167
1.5458878278732
1.5276416142782
1.5088507731756
1.477805018425
1.4470315774282
1.430419365565
1.4097222089767
1.384259223938
1.3683278958003
1.3421840667725
1.3180827697118
1.3150871594747
1.2818627357483
1.2636165618896
1.2528594732285
1.2254901727041
1.210239648819
1.1913126309713
1.164760351181
1.1591775417328
1.1463780005773
1.1007624864578
1.0953159332275
1.08061003685
1.057189544042
1.0292755762736
1.0349945624669
1.0027232964834
.99251091480255
.99033222595851
.9573801557223
.9562908411026
.95016340414683
.93327887852987
.92633442083995
.92619824409485
.9199346502622
.92020698388418
.91339870293935
.90250545740128
.90087147553762
.90931371847788
.88848040501277
.88153594732285
.89488017559052
.8666938940684
.86914487679799
.87785947322845
.86301741997401
.84572440385818
.85253268480301
.84858387708664
.83319717645645
.83673747380575
.83578431606293
.84041394790014
.83905229965846
.84068628152212
.83605664968491
.84027777115504
.84395424524943
.83088235060374
.83823529879252
.8278867204984
.82298475503922
.82516340414683
.83442264795303
.81563180685043
.82012528181076
.82747821013133
.81631263097127
.83197168509165
.83374182383219
.82257624467214
.82706971963247
.82883987824122
.81794663270315
.82516338427862
.82339324553808
.81454249223073
.82148691018422
.81781045595805
.81508715947469
.80283222595851
.82883987824122
.8101851940155
.80555556217829
.81454247236252
.80841501553853
.81998910506566
.81781045595805
.81781045595805
.81658498446147
.82148693005244
.80759803454081
.81304466724396
.82638889551163
.81998910506566
.80964050690333
.81753812233607
.81685729821523
.81086601813634
.81917210419973
.82107841968536
.82380173603694
.81032133102417
.81535949309667
.81781045595805
.81222766637802
.82339324553808
.80024510622025
.80569169918696
.81971677144368
.80923203627268
.80541936556498
.80759803454081
.79806645711263
.80337691307068
.80446622769038
.81467866897583
.80773421128591
.82121459643046
.79888343811035
.80800652503967
.81672112147013
.79724945624669
.81072984139125
.81495098272959
.79520696401596
.8043300708135
.8112745086352
.80228757858276
.81127452850342
.8065087000529
.80691721041997
.80705338716507
.81522331635157
.80678105354309
.80610020955404
.80732570091883
.79861110448837
.80255993207296
.79833879073461
.80868736902873
.80446620782216
.81508715947469
.8114106853803
.80446622769038
.81740196545919
.80800654490789
.8123638232549
.80964052677155
.79629629850388
.80092593034108
.81508713960648
.80378540356954
.79779410362244
.81127448876699
.80392156044642
.79997277259827
.8040577173233
.80242375532786
.79793030023575
.81290851036708
.80092593034108
.80419391393661
.81263615687688
.81168301900228
.81222766637802
.81399782498678
.81427015860875
.80569171905518
.81563180685043
.80895968278249
.80119826396306
.80895970265071
.8148148059845
.80841503540675
.81454249223073
.81168301900228
.80746187766393
.81563180685043
.80691721041997
.80283224582672
.8043300708135
.82761438687642
.79643245538076
.80637256304423
.81522331635157
.80473856131236
.81250001986821
.81576798359553
.82284859816233
.79670478900274
.81440633535385
.8052832086881
.80133442083995
.80950436989466
.80174291133881
.81399780511856
.79697712262472
.81304466724396
.82720587650935
.80868738889694
.79425380627314
.79779412349065
.802015264829
.79561547438304
.80378538370132
.79847494761149
.80664487679799
.80051741997401
.81100217501322
.79643247524897
.80514705181122
.79724945624669
.7794117530187
.79507080713908
.80882352590561
.79330066839854
.80106208721797
.80732572078705
.79275600115458
.79793028036753
.80868736902873
.79738561312358
.81195535262426
.8041938940684
.80160675446192
.79861110448837
.80759803454081
.81181917587916
.79384531577428
.80473856131236
.80800654490789
.79888343811035
.81032135089238
.80364924669266
.79724945624669
.80405775705973
.80255989233653
.79507080713908
.80010892947515
.80950435002645
.8112745086352
.81113835175832
.81781045595805
.8054193854332
.8101851940155
.82352942228317
.80378540356954
.80759805440903
.81386166810989
.80787038803101
.80718954404195
.8148148059845
.80501089493434
.79779412349065
.81617645422618
.79779412349065
.80514707167943
.80582787593206
.79738561312358
.79534314076106
.81263615687688
.80991284052531
.80650871992111
.80569171905518
.83469500144323
.8029684027036
.81195531288783
.80555556217829
.80555556217829
.8148148059845
.81617647409439
.80514705181122
.81113835175832
.80201524496078
.8114106853803
.81168301900228
.81454249223073
.81386164824168
.80759803454081
.8125
.80187906821569
.81508715947469
.80392158031464
.81181917587916
.81467864910762
.80582787593206
.80473858118057
.80569171905518
.81726578871409
.80623638629913
.80133442083995
.80582789580027
.79970043897629
.80473856131236
.81290849049886
.80841503540675
.80555554231008
.81849128007889
.8054193854332
.80419391393661
.81985294818878
.80528322855632
.8112745086352
.80705338716507
.7960239648819
.80460238456726
.80855119228363
.80392156044642
.7960239648819
.82189544041951
.7960239648819
.802015264829
.80936819314957
.79670480887095
.80351306994756
.79193900028865
.79520696401596
.79915577173233
.80582789580027
.79724945624669
.80310455958049
.81059366464615
.7949346502622
.80596405267715
.81236384312312
.80582787593206
.80800654490789
.80909585952759
.80364924669266
.80106208721797
.81195535262426
.79534314076106
.80610022942225
.80582789580027
.79588780800501
.80119824409485
.80501089493434
.7937091588974
.80065361658732
.79847494761149
.79820261398951
.80187906821569
.8029684027036
.79793028036753
.80882354577382
.82230391105016
.80215142170588
.80569171905518
.80215140183767
.81699347496033
.81358933448792
.81127448876699
.82026143868764
.80678103367488
.8126361767451
.81236384312312
.81604029734929
.8137254913648
.81195533275604
.83823529879252
.80405773719152
.82162310679754
.80596405267715
.81549563010534
.81032135089238
.80800652503967
.8148148059845
.81222768624624
.79983659585317
.80705336729685
.81372547149658
.80705338716507
.81181917587916
.81168301900228
.80555554231008
.80596405267715
.82652505238851
.80487473805745
.80773421128591
.82135077317556
.80895970265071
.81495096286138
.81549564997355
.80283224582672
.80841501553853
.81059368451436
.79983659585317
.80691721041997
.81263615687688
.79983661572138
.80147059758504
.8292483886083
.80610022942225
.81318082412084
.81740196545919
.81454247236252
.80569171905518
.81454249223073
.79411764939626
.80705338716507
.81181917587916
.80078975359599
.80010892947515
.80473856131236
.79193900028865
.79656863212585
.80678105354309
.80024508635203
.80038126309713
.80392158031464
.81413398186366
.8123638232549
.81535947322845
.81971677144368
.80255991220474
.80773419141769
.81508713960648
.80909585952759
.840822438399
.81236384312312
.79779412349065
.8125
.8195806145668
.80283224582672
.80664487679799
.80174293120702
.80228757858276
.79670478900274
.80977668364843
.80664487679799
.80378538370132
.80964052677155
.80868734916051
.81413400173187
.81168299913406
.79806645711263
.80078975359599
.81644880771637
.80024508635203
.80392158031464
.80691721041997
.79697712262472
.80855119228363
.80950435002645
.80337689320246
.80555556217829
.81168299913406
.80691721041997
.80787038803101
.80555556217829
.79697712262472
.79942810535431
.81467864910762
.80337691307068
.80855119228363
.8103213707606
.80691721041997
.80814270178477
.81658496459325
.80201522509257
.80024508635203
.80964052677155
.79166666666667
.79861110448837
.80841503540675
.79275600115458
.82979303598404
.85089868307114
.81032135089238
.80337691307068
.80051743984222
.80991284052531
.79724947611491
.80255991220474
.80882354577382
.79588780800501
.8029684027036
.80678105354309
.80310455958049
.80501089493434
.81290851036708
.79629629850388
.8032407561938
.81835510333379
.80705338716507
.80433005094528
.81113835175832
.805147031943
.81413400173187
.81535947322845
.82012526194255
.81345315774282
.82448256015778
.80351306994756
.8148148059845
.81427015860875
.79901959498723
.82393789291382
.80664487679799
.80215140183767
.8125
.84204790989558
.80964052677155
.81290851036708
.81454247236252
.81277233362198
.80637254317602
.8480392297109
.8242102265358
.81413400173187
.81304466724396
.80569171905518
.83224399884542
.81209150950114
.80242375532786
.80882354577382
.81304466724396
.80623638629913
.80855121215185
.81930828094482
.80528322855632
.80351308981578
.81740196545919
.80977668364843
.80487473805745
.8159041206042
.82257626454035
.81209150950114
.80868736902873
.80718952417374
.83074617385864
.81059368451436
.83877994616826
.8114106853803
.81277233362198
.83047386010488
.82271242141724
.80678103367488
.82802287737528
.82216775417328
.81277233362198
.81685729821523
.82094226280848
.84872003396352
.81277235349019
.81222768624624
.83169935146968
.81808278958003
.80773421128591
.80582789580027
.82625271876653
.80691721041997
.81522331635157
.81590414047241
.79970043897629
.80678105354309
.80664489666621
.79793028036753
.80787038803101
.8197167913119
.80351306994756
.80174291133881
.82352942228317
.81753814220428
.81004901727041
.81576796372732
.81876361370087
.80787038803101
.81767429908117
.80228759845098
.80569173892339
.81072986125946
.79956428209941
.80909585952759
.81726580858231
.80038126309713
.80433005094528
.81086601813634
.80964052677155
.79765794674555
.8101851940155
.80119826396306
.80855119228363
.8148148059845
.79697712262472
.81290849049886
.81454249223073
.80160675446192
.79929194847743
.81944445768992
.8206699291865
.80691721041997
.81100217501322
.81699345509211
.8043300708135
.81508713960648
.81862743695577
.81944443782171
.81249998013179
.81794661283493
.79997277259827
.80541940530141
.822984735171
.79003270467122
.80732572078705
.80201524496078
.80283224582672
.79874728123347
.81100217501322
.79547929763794
.80569173892339
.81399782498678
.80364924669266
.81386166810989
.81100217501322
.84204792976379
.79970043897629
.80310455958048
.79030501842499
.80364922682444
.81386166810989
.79016884167989
.80160673459371
.80364922682444
.78635621070862
.79016884167989
.80582789580027
.80010892947515
.79452615976334
.80433005094528
.78363291422526
.7960239648819
.80855119228363
.80010892947515
.7971132795016
.8063725233078
.79316447178523
.80038126309713
.80705338716507
.7960239648819
.79765794674555
.80419391393661
.80024508635203
.80759803454081
.81277233362198
.80147057771683
.81508715947469
.81100217501322
.80337691307068
.80991286039352
.81141066551208
.794662296772
.80555556217829
.8043300708135
.81454247236252
.80569171905518
.8040577173233
.80855119228363
.80337691307068
.80446622769038
.81726578871409
.81209150950114
.79942810535431
.81345315774282
.79466231664022
.80174291133881
.80228757858276
.80800654490789
.8043300708135
.81181915601095
.80092591047287
.802015264829
.8103213707606
.78989652792613
.8052832086881
.80487473805745
.79779412349065
.79411764939626
.80283226569494
.79112201929092
.80610020955404
.80133440097173
.79452613989512
.79956428209941
.8065087000529
.80582787593206
.80405773719152
.81209148963292
.80351305007935
.79793028036753
.80964052677155
.80596405267715
.80473856131236
.83809914191564
.79588780800502
.81454247236252
.81072986125946
.80392156044642
.80160675446192
.81495098272959
.80691719055176
.81440631548564
.81481482585271
.80242373545965
.80855119228363
.8148148059845
.80160675446192
.81113835175832
.81522333621979
.79765794674555
.79888343811035
.8125
.82489107052485
.81590414047241
.81331700086594
.82271242141724
.81590414047241
.81590416034063
.81290849049886
.80678105354309
.8040577173233
.82325708866119
.79901959498723
.81168301900228
.81876361370087
.80800654490789
.8146786292394
.81767427921295
.80364924669266
.80310455958049
.81862743695577
.80215140183767
.80487471818924
.80991286039352
.80242375532786
.80868734916051
.80691719055176
.8112745086352
.79956426223119
.80269608894984
.80419391393661
.80187906821569
.80501089493434
.85525598128637
.81345315774282
.80991284052531
.80855121215185
.79983661572138
.80909585952759
.79970043897629
.79343680540721
.80364924669266
.8043300708135
.80392156044642
.80610020955404
.7971132795016
.79752178986867
.81794663270315
.8029684027036
.80038126309713
.80746187766393
.81086601813634
.80787036816279
.81712963183721
.80106208721797
.79616012175878
.81876361370087
.79098584254583
.79820261398951
.82039761543274
.80555556217829
.80078975359599
.80242375532786
.81277233362198
.8195806145668
.81045750776927
.81304466724396
.8184912999471
.80732570091883
.80909585952759
.81086599826813
.80664487679799
.8148148059845
.78989652792613
.80364922682444
.80187906821569
.80364924669266
.79697712262472
.82298475503922
.7971132795016
.82107841968536
.81345317761103
.79166666666667
.79847496747971
.81685729821523
.8032407561938
.80664489666621
.81277233362198
.79861110448837
.80664485692978
.81236384312312
.78935186068217
.80841501553853
.81032135089238
.81018517414729
.81154684225718
.81168301900228
.80337691307068
.80215142170588
.81331700086594
.81304466724396
.8065087000529
.81535947322845
.80269608894984
.80228757858276
.81032135089239
.80541940530141
.81318080425262
.8112745086352
.81563178698222
.78894335031509
.81113835175832
.81849128007889
.81086601813634
.82012526194255
.80855119228363
.81045750776927
.8123638232549
.79752178986867
.80936817328135
.81644878784815
.80405773719152
.80119826396306
.81290847063065
.80106210708618
.80732570091883
.81535947322845
.80664487679799
.81072984139125
.80460240443548
.82203157742818
.80895970265071
.81209148963292
.82393791278203
.82652505238851
.81495098272959
.81399782498678
.80610022942225
.80746185779572
.80569171905518
.79765796661377
.7924836675326
.79575163125992
.7864923675855
.80664487679799
.81072984139125
.80106208721797
.80092593034108
.80623638629913
.80106208721797
.80038126309713
.81100215514501
.79874728123347
.79820261398951
.80038126309713
.79738561312358
.79507080713908
.81113833189011
.79697712262472
.80460238456726
.80800654490789
.80010892947515
.82271244128545
.80841503540675
.80051743984222
.80732570091883
.8123638232549
.80269606908162
.80269606908162
.8126361767451
.80255991220474
.79997275273005
.80569171905518
.80106208721797
.80201524496078
.81277233362198
.81072984139125
.80596405267715
.81781047582626
.81712961196899
.81195535262426
.81113833189011
.80923203627268
.80024510622025
.81222768624624
.81481482585271
.81549563010534
.81821894645691
.8054193854332
.80392156044642
.80364924669266
.80868734916051
.79384531577428
.79670480887095
.81113835175832
.80487473805745
.81045752763748
.81318082412084
.80569171905518
.80215140183767
.80936819314957
.80773419141769
.79888343811035
.81508713960648
.80610020955404
.80501089493434
.80487471818924
.80351306994756
.80678105354309
.81917212406794
.80324071645737
.81522329648336
.81236384312312
.8031045794487
.8135893146197
.80678103367488
.80283224582672
.80895968278249
.8114106853803
.81917210419973
.81508715947469
.81195535262426
.80487473805745
.82216775417328
.80977668364843
.80378540356954
.83455882469813
.81304464737574
.80664487679799
.81181915601095
.81522331635157
.79289215803146
.79575163125992
.81318082412084
.80664487679799
.78962419430415
.79833879073461
.79507080713908
.80582787593206
.80991286039352
.8054193854332
.8031045794487
.8174019853274
.79806643724442
.79752178986867
.81004901727041
.80882350603739
.80950435002645
.80460240443548
.80773421128591
.79616014162699
.79888343811035
.80950435002645
.80024510622025
.80119824409485
.81753812233607
.79670476913452
.79752178986867
.80718956391017
.78472220897675
.79547929763794
.80269608894984
.79207515716553
.80215142170588
.80133442083995
.79493463039398
.79534314076106
.80269608894984
.80160677433014
.80392158031464
.85525598128637
.80555554231008
.80487471818924
.79738561312358
.79765794674555
.80242373545965
.81195535262426
.79411764939626
.8032407561938
.81059368451436
.79861110448837
.80296842257182
.79752177000046
.79616014162699
.80691721041997
.80678103367488
.79806643724442
.80269608894984
.80473856131236
.784177561601
.79275600115458
.8041938940684
.78267973661423
.78826252619425
.80596405267715
.79275598128637
.79888343811035
.80351306994756
.79547931750615
.79956426223119
.79357300202052
.79289213816325
.79616012175878
.79425382614136
.78989652792613
.79874728123347
.80487471818924
.80160675446192
.7958877881368
.80555554231008
.81113835175832
.79997277259827
.8054193854332
.80678103367488
.80964052677155
.80895970265071
.80923201640447
.80119826396306
.80242373545965
.8054193854332
.80923203627268
.80950436989466
.81277233362198
.79643245538076
.80010892947515
.81631263097127
.79983659585317
.80582789580027
.81549564997355
.79670478900274
.80650871992111
.8220315972964
.81086601813634
.79929192860921
.81004901727041
.80378540356954
.80419391393661
.81903594732285
.80814270178477
.80909585952759
.81481482585271
.80187906821569
.80473856131236
.80133444070816
.79724945624669
.79956426223119
.80678103367488
.80691721041997
.80596405267715
.81168301900228
.81386164824168
.81100217501322
.81263615687688
.79915579160055
.80487471818924
.80650871992111
.81236384312312
.80269606908162
.81072984139125
.80051741997401
.79820261398951
.8054193854332
.79806643724442
.80010892947515
.79942808548609
.80160675446192
.80242373545965
.80242375532786
.79656861225764
.80569173892339
.80160675446192
.80010892947515
.79983659585317
.80746185779572
.79806645711263
.7937091588974
.79289215803146
.80501089493434
.79084966580073
.78907952706019
.79806643724442
.79234749078751
.79166666666667
.80092591047287
.78880719343821
.78458603223165
.7971132795016
.78240740299225
.79343682527542
.77873092889786
.78526689608892
.7854030529658
.78227124611537
.77464596430461
.77505445480347
.78063726425171
.7675653497378
.77287580569585
.78540307283401
.76143789291382
.76783768335978
.75558276971181
.74809368451436
.75217864910762
.75367647409439
.74550652503967
.75
.75612743695577
.73760892947515
.73624726136525
.73679194847743
.7241285443306
.73216231664022
.72535403569539
.72045207023621
.70860566695531
.7324346502622
.71990740299225
.70887798070908
.71555010477702
.6968954205513
.69226580858231
.69321894645691
.68436821301778
.67252177000046
.66789215803146
.65645426511765
.65441177288691
.64937363068263
.62554464737574
.63276143868764
.62295752763748
.57802287737528
.65577340126038
0
0
0
0
0
0
0
0
0
0
0
0
0
0
0
0
0
0
0
0
0
0
0
0
0
0
0
0
0
0
0
0
0
0
0
0
0
0
0
0
0
0
0
0
0
0
0
0
0
0
0
0
0
0
0
0
0
0
0
0
0
0
0
0
0
0
0
0
0
0
0
0
0
0
0
0
0
0
0
0
0
0
0
0
0
0
0
0
0
0
0
0
0
0
0
0
0
0
0
0
0
0
0
0
0
0
0
0
0
0
0
0
0
0
0
0
0
0
0
0
0
0
0
0
0
0
0
0
0
0
0
0
0
0
0
0
0
0
0
0
0
0
0
0
0
0
0
0
0
0
0
0
0
0
0
0
0
0
0
0
0
0
0
0
0
0
0
0
0
0
0
0
0
0
0
0
0
0
0
0
0
0
0
0
0
0
0
0
0
0
0
0
0
0
0
0
0
0
0
0
0
0
0
0
0
0
0
0
0
0
0
0
0
0
0
0
0
0
0
0
0
0
0
0
0
0
0
0
0
0
0
0
0
0
0
0
0
0
0
0
0
0
0
0
0
0
0
0
0
0
0
0
0
0
0
0
0
0
0
0
0
0
0
0
0
0
0
0
0
0
0
0
0
0
0
0
0
0
0
0
0
0
0
0
0
0
0
0
0
0
0
0
0
0
0
0
0
0
0
0
0
0
0
0
0
0
0
0
0
0
0
0
0
0
0
0
0
0
0
0
0
0
0
0
0
0
0
0
0
0
0
0
0
0
0
0
0
0
0
0
0
0
0
0
0
0
0
0
0
0
0
0
0
0
0
0
0
0
0
0
0
0
0
0
0
0
0
0
0
0
0
0
0
0
0
0
0
0
0
0
0
0
0
0
0
0
0
0
0
0
0
0
0
0
0
0
0
0
0
0
0
0
0
0
0
0
0
0
0
0
0
0
0
0
0
0
0
0
0
0
0
0
0
0
0
0
0
0
0
0
0
0
0
0
0
0
0
0
0
0
0
0
0
0
0
0
0
0
0
0
0
0
0
0
0
0
0
0
0
0
0
0
0
0
0
0
0
0
0
0
0
0
0
0
0
0
0
0
0
0
0
0
0
0
0
0
0
0
0
0
0
0
0
0
0
0
0
0
0
0
0
0
0
0
0
0
0
0
0
0
0
0
0
0
0
0
0
0
0
0
0
0
0
0
0
0
0
0
0
0
0
0
0
0
0
0
0
0
0
0
0
0
0
0
0
0
0
0
0
0
0
0
0
0
0
0
0
0
0
0
0
0
0
0
0
0
0
0
0
0
0
0
0
0
0
0
0
0
0
0
0
0
0
0
0
0
0
0
0
0
0
0
0
0
0
0
0
0
0
0
0
0
0
0
0
0
0
0
0
0
0
0
0
0
0
0
0
0
0
0
0
0
0
0
0
0
0
0
0
0
0
0
0
0
0
0
0
0
0
0
0
0
0
0
0
0
0
0
0
0
0
0
0
0
0
0
0
0
0
0
0
0
0
0
0
0
0
0
0
0
0
0
0
0
0
0
0
0
0
0
0
0
0
0
0
0
0
0
0
0
0
0
0
0
0
0
0
0
0
0
0
0
0
0
0
0
0
0
0
0
0
0
0
0
0
0
0
0
0
0
0
0
0
0
0
0
0
0
0
0
0
0
0
0
0
0
0
0
0
0
0
0
0
0
0
0
0
0
0
0
0
0
0
0
0
0
0
0
0
0
0
0
0
0
0
0
0
0
0
0
0
0
0
0
0
0
0
0
0
0
0
0
0
0
0
0
0
0
0
0
0
0
0
0
0
0
0
0
0
0
0
0
0
0
0
0
0
0
0
0
0
0
0
0
0
0
0
0
0
0
0
0
0
0
0
0
0
0
0
0
0
0
0
0
0
0
0
0
0
0
0
0
0
0
0
0
0
0
0
0
0
0
0
0
0
0
0
0
0
0
0
0
0
0
0
0
0
0
0
0
0
0
0
0
0
0
0
0
0
0
0
0
0
0
0
0
0
0
0
0
0
0
0
0
0
0
0
0
0
0
0
0
0
0
0
0
0
0
0
0
0
0
0
0
0
0
0
0
0
0
0
0
0
0
0
0
0
0
0
0
0
0
0
0
0
0
0
0
0
0
0
0
0
0
0
0
0
0
0
0
0
0
0
0
0
0
0
0
0
0
0
0
0
0
0
0
0
0
0
0
0
0
0
0
0
0
0
0
0
0
0
0
0
0
0
0
0
0
0
0
0
0
0
0
0
0
0
0
0
0
0
0
0
0
0
0
0
0
0
0
0
0
0
0
0
0
0
0
0
0
0
0
0
0
0
0
0
0
0
0
0
0
0
0
0
0
0
0
0
0
0
0
0
0
0
0
0
0
0
0
0
0
0
0
0
0
0
0
0
0
0
0
0
0
0
0
0
0
0
0
0
0
0
0
0
0
0
0
0
0
0
0
0
0
0
0
0
0
0
0
0
0
0
0
0
0
0
0
0
0
0
0
0
0
0
0
0
0
0
0
0
0
0
0
0
0
0
0
0
0
0
0
0
0
0
0
0
0
0
0
0
0
0
0
0
0
0
0
0
0
0
0
0
0
0
0
0
0
0
0
0
0
0
0
0
0
0
0
0
0
0
0
0
0
0
0
0
0
0
0
0
0
0
0
0
0
0
0
0
0
0
0
0
0
0
0
0
0
0
0
0
0
0
0
0
0
0
0
0
0
0
0
0
0
0
0
0
0
0
0
0
0
0
0
0
0
0
0
0
0
0
0
0
0
0
0
0
0
0
0
0
0
0
0
0
0
0
0
0
0
0
0
0
0
0
0
0
0
0
0
0
0
0
0
0
0
0
0
0
0
0
0
0
0
0
0
0
0
0
0
0
0
0
0
0
0
0
0
0
0
0
0
0
0
0
0
0
0
0
0
0
0
0
0
0
0
0
0
0
0
0
0
0
0
0
0
0
0
0
0
0
0
0
0
0
0
0
0
0
0
0
0
0
0
0
0
0
0
0
0
0
0
0
0
0
0
0
0
0
0
0
0
0
0
0
0
0
0
0
0
0
0
0
0
0
0
0
0
0
0
0
0
0
0
0
0
0
0
0
0
0
0
0
0
0
0
0
0
0
0
0
0
0
0
0
0
0
0
0
0
0
0
0
0
0
0
0
0
0
0
0
0
0
0
0
0
0
0
0
0
0
0
0
0
0
0
0
0
0
0
0
0
0
0
0
0
0
0
0
0
0
0
0
0
0
0
0
0
0
0
0
0
0
0
0
0
0
0
0
0
0
0
0
0
0
0
0
0
0
0
0
0
0
0
0
0
0
0
0
0
0
0
0
0
0
0
0
0
0
0
0
0
0
0
0
0
0
0
0
0
0
0
0
0
0
0
0
0
0
0
0
0
0
0
0
0
0
0
0
0
0
0
0
0
0
0
0
0
0
0
0
0
0
0
0
0
0
0
0
0
0
0
0
0
0
0
0
0
0
0
0
0
0
0
0
0
0
0
0
0
0
0
0
0
0
0
0
0
0
0
0
0
0
0
0
0
0
0
0
0
0
0
0
0
0
0
0
0
0
0
0
0
0
0
0
0
0
0
0
0
0
0
0
0
0
0
0
0
0
0
0
0
0
0
0
0
0
0
0
0
0
0
0
0
0
0
0
0
0
0
0
0
0
0
0
0
0
0
0
0
0
0
0
0
0
0
0
0
0
0
0
0
0
0
0
0
0
0
0
0
0
0
0
0
0
0
0
0
0
0
0
0
0
0
0
0
0
0
0
0
0
0
0
0
0
0
0
0
0
0
0
0
0
0
0
0
0
0
0
0
0
0
0
0
0
0
0
0
0
0
0
0
0
0
0
0
0
0
0
0
0
0
0
0
0
0
0
0
0
0
0
0
0
0
0
0
0
0
0
0
0
0
0
0
0
0
0
0
0
0
0
0
0
0
0
0
0
0
0
0
0
0
0
0
0
0
0
0
0
0
0
0
0
0
0
0
0
0
0
0
0
0
0
0
0
0
0
0
0
0
0
0
0
0
0
0
0
0
0
0
0
0
0
0
0
0
0
0
0
0
0
0
0
0
0
0
0
0
0
0
0
0
0
0
0
0
0
0
0
0
0
0
0
0
0
0
0
0
0
0
0
0
0
0
0
0
0
0
0
0
0
0
0
0
0
0
0
0
0
0
0
0
0
0
0
0
0
0
0
0
0
0
0
0
0
0
0
0
0
0
0
0
0
0
0
0
0
0
0
0
0
0
0
0
0
0
0
0
0
0
0
0
0
0
0
0
0
0
0
0
0
0
0
0
0
0
0
0
0
0
0
0
0
0
0
0
0
0
0
0
0
0
0
0
0
0
0
0
0
0
0
0
0
0
0
0
0
0
0
0
0
0
0
0
0
0
0
0
0
0
0
0
0
0
0
0
0
0
0
0
0
0
0
0
0
0
0
0
0
0
0
0
0
0
0
0
0
0
0
0
0
0
0
0
0
0
0
0
0
0
0
0
0
0
0
0
0
0
0
0
0
0
0
0
0
0
0
0
0
0
0
0
0
0
0
0
0
0
0
0
0
0
0
0
0
0
0
0
0
0
0
0
0
0
0
0
0
0
0
0
0
0
0
0
0
0
