.85138213634491
.82520323991776
.78422764937083
.84195123116175
.80536586046219
.8198373913765
.79934960603714
.83479672670364
.83902438481649
.82341464360555
.84487803777059
.79626017808914
.82162600755692
.8404877781868
.7790243824323
.83918698628743
.82422763109207
.79983741044998
.85544715325038
.8668292760849
.85983739296595
.82601624727249
.93121951818466
.85658538341522
.89772355556488
.81691056489944
.81479674577713
.88276422023773
.80975610017776
.82715445756912
.85691058635712
.85235772530238
.85772359371185
.88422765334447
.86260161797206
.87154471874237
.85284552971522
.85626016060511
.87170732021332
.95186990499496
.83902436494827
.88032519817352
.86341464519501
.88650405406952
.8547967672348
.92048782110214
.93642276525497
.86552846431732
.94780484835307
.90308944384257
.80504065752029
.86390242973963
.83999999364217
.90130080779394
.88699187835058
.89170732100805
.89170730113983
.85674798488617
1.0302438735962
.85626016060511
.93008130788803
.90585366884867
.89788617690404
.89203250408173
.89869918425878
.88178861141205
.91577235857646
.89804877837499
.88146340847015
.96959348519643
.97951219479243
.93317073583603
.93463414907455
.89837396144867
.89398374160131
.93560975790024
.94552844762802
.93008130788803
.93430894613266
.95463414986928
.97186990578969
.89414632320404
.87203252315521
.93447154760361
.90991872549057
.8908942937851
.92552846670151
.93837398290634
.87642276287079
.87512195110321
.94341462850571
.94162601232529
.90097560485204
.93024390935898
.88520324230194
.93837398290634
.89268290996552
.93739837408066
.88260161876678
1.1004878282547
1.0139837265015
.90634147326152
.95609754323959
.95495933294296
.91983739535014
.95186990499496
.9001625974973
.97170732418696
.93430894613266
.94699188073476
.96813009182612
.97869918743769
.96959350506465
.98292684555054
.9533333381017
.93999999761581
.95073169469833
.98715448379517
.91235772768656
.93804877996445
.94780486822128
1.1481300592422
.9203252196312
.94260162115097
.99089431762695
.94081300497055
.96601627270381
.98227643966675
.94943088293076
.93382114171982
1.0684553384781
.94796746969223
.89999999602636
.9320325255394
1.0095934867859
.94520324468613
.98325202862422
1.03089427948
1.033821105957
1.0130081176758
.99739837646484
1.043251991272
1.0227642059326
1.0269918441772
1.0039024353027
1.012195110321
.96146341164907
.96894309918086
.98097562789917
.9546341697375
.96308942635854
1.0177235603333
.98455286026001
.9406504034996
.98178863525391
.9533333381017
.99642278750737
.98195121685664
.99756097793579
1.018536567688
.98243902126948
.93235772848129
.99463415145874
1.0118699073792
.94504064321518
.95382112264633
.9804877837499
.97593496243159
.95642274618149
.98764226833979
.9317073225975
.94796746969223
.96341462930044
.95219510793686
.99609756469727
.97105691830317
.93447154760361
.9824390411377
.98569107055664
.90878049532572
.93853658437729
.9656910498937
.94975608587265
.9409756064415
.99463415145874
1.0590243736903
.93609756231308
1.0925203561783
1.059837381045
1.0689431031545
.99837398529053
.9691057006518
.94081300497055
.92552846670151
.95317073663076
.95886178811391
.9595121939977
.9468292593956
1.0048780441284
.92504066228867
.97642278671265
.97593496243159
.95707317193349
.96569106976191
.94016259908676
1.0130081176758
.97902439037959
.95837398370107
.92943090200424
.96243902047475
.94032520055771
.97447154919306
1.0458536545436
.89723579088847
1.0421137809753
1.0055284500122
.93333333730698
.9258536696434
.96292682488759
.96699186166128
1.0053658485413
.98292682568232
.94829269250234
.95674794912338
.95186990499496
.88991868495941
1.0312194824219
.97056911389033
1.0232520103455
.96552846829096
.91073169310888
.99170732498169
.96406501531601
.99886178970337
.99024391174316
.9941463470459
.96260164181391
.95837398370107
.95365852117538
.93626016378403
1.0001626014709
.94601625204086
.9882926940918
.98910570144653
1.018536567688
.93463414907455
.97495933373769
1.0042276382446
.98894309997559
1.0182113647461
.97073169549306
.97463415066401
.92520326375961
.96487806240718
1.0221138000488
.94227641820908
.97154472271601
.97479675213496
.92715448141098
.98390245437622
.98260164260864
.98276424407959
.98227643966675
.94439023733139
.92878049612045
.9663414756457
.93447154760361
.98471544186274
.97089431683222
.91170732180278
.98943090438843
.97723577419917
.97609758377075
1.0141463279724
.97365852197011
1.0027642250061
.93626016378403
.96926830212275
.96065040429433
.97430894772212
1.0198373794556
.91772357622782
1.0079674720764
.98081302642822
.93300813436508
1.0143089294434
.98650407791138
.98146343231201
1.0029268264771
.95495933294296
.9378861784935
1.0079674720764
.96959348519643
.95447154839834
.96146341164907
.96487802267075
.95869918664296
1.0226016044617
.97918701171875
.96097560723623
.91739839315414
.96048780282338
.98650407791138
.9131707350413
.9530081152916
1.0429267883301
.9691057006518
1.0032520294189
1.0035772323608
1.0474796295166
.96926828225454
1.0234146118164
.96552844842275
.990081290404
.9746341307958
.91024390856425
.9159349600474
1.0006504058838
.97593496243159
.98959350585937
.9227642416954
.95788617928823
1.0123577316602
.99219510952632
1.0334959030151
.92162603139877
.9440650343895
.99609756469727
.99821138381958
.99073171615601
.96308942635854
.92829269170761
.98569107055664
.8977235754331
.95349593957265
1.0082926750183
.99544715881348
1.0037398338318
1.0084552764893
.98113822937012
.96308942635854
.9622764190038
.98162603378296
.97658536831538
1.0554471413294
.98894306023916
.95837396383286
.92975610494614
.90130080779394
.96601625283559
.94032520055771
.93658536672592
1.021463394165
.93983739614487
1.0263414780299
1.0099186897278
.99658536911011
1.0113821029663
.96439025799433
.96373985211054
.97024389108022
1.0289430618286
.98536586761475
1.018536567688
1.0468292236328
1.0108942985535
1.047642270724
.94894307851791
.94943090279897
.9663414756457
.95691055059433
.98504066467285
.97138212124507
.96764226754506
.91999999682109
.94195121526718
.96634145577749
.9721951285998
.93821138143539
.90081300338109
.91349595785141
.93983739614487
1.0450406074524
.99154472351074
1.0040650367737
.92325204610825
.90520324309667
.97235773007075
.9873170653979
.97203252712886
.96292682488759
.94585365056992
.96829267342885
.91560975710551
.96634145577749
.99121952056885
.99577236175537
.9495934844017
.89691054821014
.96097558736801
.97300813595454
.92764226595561
.93495935201645
.98178861538569
.96585365136464
.97658536831538
.89788617690404
1.1832520167033
1.0169105529785
1.0050406455994
.95886178811391
.98406503597895
.97772357861201
.99268293380737
.97560977935791
.96959350506465
.92162601153056
.89138209819794
.93154472112656
.94764226675034
.93886178731918
.9626016219457
.96959348519643
.91138209899267
.93365854024887
.99544713894526
.94813007116318
.96308942635854
.94796746969223
.93951219320297
.95121949911118
.96487804253896
.92536586523056
.99821138381958
.99918699264526
.93902438879013
.96926830212275
.98813009262085
.93040651082993
.90959350268046
.9200000166893
.98260164260864
.98178863525391
.94048780202866
.9790244102478
.98471546173096
.93593496084213
.99268293380737
.96048778295517
.98926830291748
.97040651241938
.98439025878906
.98780486981074
.94926828145981
1.0437398354212
.98016262054443
1.0151219367981
.9619511961937
.94292682409286
.94487804174423
.94178861379623
.99853658676147
.95252031087875
.95967477560043
.98113822937012
.94227641820908
.97105691830317
.94016259908676
.96861787637075
.94162601232529
.94975610574086
.94422763586044
.99121952056885
.96536582708359
1.0204877853394
.9409756064415
1.0169105529785
.9626016219457
.9258536696434
.95658536752065
.9526829123497
.98422765731812
.97235773007075
1.0058536529541
.8973983724912
.95772355794907
.98097560803096
.96211383740107
.89902436733246
.93609756231308
.95626014471054
.9221138159434
.97739837567012
.97707317272822
1.0269918441772
.90926827987035
1.021625995636
.9879674911499
.96097560723623
.9626016219457
.98845527569453
.93008130788803
.93560975790024
.95268293221792
.9694309035937
1.0081300934156
.97056909402211
.97707317272822
.96991870800654
.97788618008296
.91268293062846
.98552846908569
.97544715801875
.95447152853012
.96796747048696
.92195123434067
.9852032661438
.97853660583496
.97707319259644
.95512193441391
.94585365056992
.92975610494614
.92178863286972
.94829267263412
.93691056966782
.92861789464951
.98585367202759
.94894307851791
.97284553448359
1.0112195014954
.96097560723623
.93642276525497
.95121949911118
.94926828145981
.92357724905014
.89869916439056
.9557723402977
.93853658437729
1.0022764205933
.89252030849457
.92569106817245
.94487804174423
.92910569906235
1.0255284309387
.9598373969396
.9691057006518
.97853658596675
.97902439037959
.95138212045034
1.0022764205933
.93934959173203
.94341462850571
.9406504034996
1.0554471413294
.99268293380737
.96243902047475
.96341462930044
1.0037398338318
.98178863525391
.89577237764994
.98634147644043
.95284553368886
.94861787557602
.94520324468613
.98113822937012
.95024389028549
.95105689764023
.87138211727142
1.009268283844
.89512195189794
.99869918823242
.97626016537348
.95121949911118
.92747966448466
.92991870641708
.9536585410436
.97056911389033
.94308942556381
.96097560723623
.94308942556381
.91642278432846
.96455283959707
.97203254699707
.98682928085327
.9351219534874
.92536586523056
.89512193202972
.95999999841054
1.0097560882568
.89609754085541
.97186990578969
.99268293380737
.96715446313222
.96585365136464
.93365854024887
1.0279674530029
1.0076422691345
.96455281972885
.94276422262192
.94861787557602
.9347967505455
1.0089430809021
.92439025640488
.98504066467285
.94536584615707
.94699186086655
.94048780202866
.9626016219457
.88552844524384
1.0006504058838
.92878049612045
.94146341085434
.96666665871938
.94341462850571
.97170732418696
.92731708288193
.95463413000107
.95186990499496
.93382114171982
.9879674911499
.92520326375961
.99951219558716
.97495935360591
.95349591970444
.92195123434067
.9437398314476
1.0027642250061
1.0045528411865
.93447154760361
.9200000166893
.94975608587265
1.0107316970825
.95723575353622
.99121952056885
.90699185927709
.95024389028549
.96504064400991
.93447154760361
.94325202703476
.94325202703476
.94471544027328
.91170732180278
.92861789464951
.89203250408173
1.0400000015895
1.0058536728223
.90195121367772
.94243901968002
.96894309918086
.95902438958486
.97723579406738
.93544715642929
.92422763506571
.98601625363032
.92715448141098
.94081300497055
1.0102438926697
.90390243132909
.9347967505455
.95560975869497
.96926830212275
.96585363149643
.92910569906235
.9347967505455
1.0039024353027
.98065042495728
.95674794912338
.96081302563349
.9113821387291
.9588617682457
.95934959252675
.92943090200424
.94894307851791
.97544715801875
.92666667699814
.96048780282338
.9530081152916
1.0099186897278
.93382114171982
.91121951738993
.96292682488759
1.0448780059814
.89837398131688
.98016260067622
.92715448141098
.95983737707138
.96471546093623
.91853658358256
.97040651241938
.89967479308446
.98081300656001
.96650405724843
.91951221227646
1.0052032470703
.98000001907349
.98243902126948
.96650405724843
.95707315206528
.9557723402977
.94357722997665
.92975610494614
.98406505584717
.97967481613159
1.0035772323608
.97414634625117
.9725203315417
.9793496131897
.94617887338003
.96065042416255
1.0131707191467
.92455285787582
.97837400436401
.96813009182612
.97999999920527
.95463413000107
.96845529476802
.90081300338109
.99235773086548
.92861789464951
.86975610256195
.94780486822128
.91154474020004
.90146340926488
.91577237844467
.97560973962148
.93739837408066
.88487803936005
.9347967505455
.9852032661438
.95918697118759
.95821138223012
.9824390411377
.92406505346298
.97398372491201
.96276420354843
1.0037398338318
.99886178970337
.96113820870717
.98536586761475
.95739835500717
.93414634466171
.96292682488759
.96617887417475
.95658534765244
.94569104909897
.92715448141098
.96406505505244
.94292682409286
.9694309035937
.96747966607412
1.0050406455994
.9351219534874
1.0087804794312
.91073169310888
.93447154760361
.94764226675034
1.0253658294678
.94894307851791
.91495935122172
.94471544027328
.93105691671371
.95349591970444
.9317073225975
.93723577260971
.99967479705811
.89463412761688
.95886178811391
.97495935360591
.94227641820908
.98292684555054
.92552846670151
.95577236016591
.9752845565478
.88796746730804
.98357725143433
.94113820791245
.90520324309667
.92699187994003
.90487806002299
.92113820711772
.97674796978633
.88081300258636
.92699187994003
.91739837328593
.96455283959707
.95869916677475
.94097562630971
.96682928005854
.93804877996445
.98715448379517
.99073171615601
.9814634124438
1.0328454971313
.90991870562236
.94796746969223
.92764228582382
.88878047466278
.9351219534874
.90357724825541
.89024388790131
.92081302404404
.93040651082993
.91691056887309
.97024389108022
.98894308010737
.93967479467392
.90699185927709
.86780488491058
.95154470205307
.92699187994003
.95593494176865
.88634145259857
.98325204849243
1.0346341133118
.94764226675034
.90536584456762
1.0097560882568
.92487806081772
.9437398314476
.95170730352402
.90780488650004
.92146342992783
.95154470205307
.91333335638046
.90715448061625
.88699185848236
.8936585187912
.98341464996338
.93804877996445
.97609758377075
.97626014550527
.9001625974973
.92991870641708
.92146342992783
.92536586523056
.9495934844017
.94455283880234
.91853660345078
.95365852117538
.92292684316635
.93821138143539
.92308942476908
.96130081017812
.95414632558823
.89040648937225
.92536586523056
.9200000166893
.95593494176865
.95560973882675
.93056911230087
.92861789464951
.89105689525604
.94569104909897
.96520324548086
.94796746969223
.93577235937119
.92260164022446
.87056910991669
1.0508943001429
.93869918584824
.92227643728256
.91203252474467
.99560976028442
.92634147405624
.98227643966675
.93495935201645
.95495933294296
.96373981237411
.90357724825541
.9616259932518
.9495934844017
.88634145259857
.96552844842275
.92780488729477
.95691057046254
.97300813595454
.96617885430654
.92666667699814
.9622764190038
.95203250646591
.9440650343895
.9440650343895
.94113820791245
.92943090200424
.94211381673813
.89414634307226
.93869918584824
.91934961080551
.93008130788803
.89463412761688
.94455285867055
.93821140130361
.97804876168569
.9691057006518
.95951217412949
.94390245278676
.91886178652445
.99268293380737
.98747968673706
.96113818883896
.8874796628952
.9104065100352
.8754471540451
.93626016378403
.93073171377182
.91739837328593
.95398372411728
.89300811290741
.90991870562236
.95707315206528
.96682926019033
.9035772283872
.90878049532572
.95398372411728
.95252033074697
.87398374080658
.9162601629893
.9530081152916
.87219512462616
.95008128881454
.9104065100352
.90991868575414
.89300813277562
.97268293301264
.95918699105581
.96650407711665
.95349591970444
.88292682170868
.92699187994003
.91121951738993
.96341462930044
.88276422023773
.93967479467392
.88926827907562
.92227643728256
.95414632558823
.91837400197983
.98715446392695
.89138209819794
.90097562472026
.85804879665375
.85756099224091
.85739837090174
.94130080938339
.96569106976191
.95560975869497
.92439025640488
.91365855932236
.9663414756457
.95609754323959
.90682927767436
.90130080779394
.9200000166893
.88715445995331
.95040649175644
.9203252196312
.97951221466064
.85121953487396
.9104065100352
.92048782110214
.9289430975914
.87691056728363
.88910567760468
.91983741521835
.9221138159434
.97756097714106
.92048780123393
.94552844762802
.92471543947856
.87869918346405
.96439023812612
.92650407552719
.89626014232635
.9172357916832
.93902438879013
.91967481374741
.89138209819794
.92113820711772
.9619511961937
.93317073583603
.94048780202866
.9258536696434
.9172357916832
.91105691591899
.9725203315417
.98065040508906
.97951219479243
.88243903716405
1.0011382102966
.97268291314443
.96699186166128
.91902440786362
.91495937108994
.90991870562236
.95024389028549
.93073171377182
.95105689764023
.93365854024887
.90747966368993
.91967481374741
.89073171218236
.91170732180278
.91414634386698
.93528455495834
.90699185927709
.90975608428319
.97788618008296
.93593496084213
.93333333730698
.94341462850571
.91040649016698
.9032520254453
.9131707350413
.93739837408066
.91170732180278
.91056911150614
.88243901729584
.94585365056992
.87317073345184
.92666667699814
.95512193441391
.91837400197983
.88699185848236
.9172357916832
.94585365056992
.93349593877792
.91121951738993
.97430894772212
.96373981237411
.92552846670151
.90260161956151
.97430894772212
.92113822698593
.93707317113876
.89821137984594
.89154469966888
.92569104830424
.92650407552719
.92341464757919
.90764226516088
.95203250646591
.90260161956151
.91853658358256
.90471543868383
.91951221227646
.91268295049667
.87739837169647
.95138210058212
.86910569667816
.88715445995331
.90439025561015
.9141463637352
.88813006877899
.90764226516088
.90959350268046
.90243901809057
.9406504034996
.9499186873436
.90910569826762
.96471544106801
.94536584615707
.86178863048553
1.0084552764893
.87674796581268
.93186992406845
.89008128643036
.87642276287079
.90634147326152
.93268293142319
.84926829735438
.86113822460175
.89414632320404
.94422763586044
.94422765572866
.93138211965561
.90878049532572
.99300813674927
.85170731941859
.90617885192235
.93626016378403
.87349593639374
.90406505266825
.90195121367772
.90292682250341
.88390243053436
.94178861379623
.94308942556381
.87983739376068
.9035772283872
.88097560405731
.87203252315521
.93674796819687
.89170730113983
.97333335876465
.9530081152916
.93252032995224
.96292680501938
.9409756064415
.91512195269267
.89219510555267
.88504064083099
.90373984972636
.88845527172089
.9440650343895
.89869918425878
.85349591573079
.85983741283417
.86455285549164
.90520326296488
.92016259829203
.85674798488617
.95414632558823
.87024390697479
.90829269091288
.91723577181498
.92813009023666
.8754471540451
.92601627111435
.92162603139877
.91495937108994
.881951212883
.95203250646591
.92731708288193
.88845527172089
.91203252474467
.94894309838613
.92682927846909
.89934959014257
.88552844524384
.91463416814804
.90682925780614
.93268293142319
.91089431444804
.86910569667816
.95707315206528
.94617885351181
.96016259988149
.92975610494614
.84032521645228
.95658534765244
.91528457403183
.91008132696152
.85349593559901
.92926830053329
.90211381514867
.96764226754506
.93008130788803
.881951212883
.86325204372406
.87463414669037
.89268290996552
.90081298351288
.87479674816132
.90520326296488
.88357722759247
.89934959014257
.92813009023666
.87105691432953
.92536586523056
.92845529317856
.89430892467499
.89609754085541
.89105689525604
.83170731862386
.94081300497055
.9203252196312
.92016261816025
.87918698787689
.91447154680888
.88357722759247
.91756097475688
.90504064162572
.85642276207606
.86081302165985
.95934957265854
.93642276525497
1.0291056632996
.95658534765244
.90747968355815
.83788617451986
.86585366725922
.9073170820872
.89707316954931
.86487805843353
.91024390856425
.82650405168533
.90406505266825
.88829267024994
.91284553209941
.89235770702362
.90292682250341
.88048779964447
.94227641820908
.8551219701767
.9134959379832
.88422763347626
.90162601073583
.93691056966782
.86227643489838
.91268293062846
.88959348201752
.83495932817459
.88032519817352
.87902438640594
.89219510555267
.89512195189794
.87089431285858
.88308942317963
.87902438640594
.86552846431732
.8414634068807
.94487804174423
.90032519896825
.96764226754506
.99772357940674
.90406503280004
.86276423931122
.85577237606049
.87674796581268
.89138211806615
.96341462930044
.92910567919413
.88943088054657
.9530081152916
.97138210137685
1.0471544663111
1.1006504297256
.94910567998886
.93154472112656
.97691055138906
1.0386991898219
.9622764190038
.97934959332148
1.0058536529541
.98357725143433
1.0055284500122
.96373983224233
.98373985290527
1.0486178398132
.99609756469727
.98536586761475
.95008128881454
.98959350585937
.99983739852905
.99560976028442
.96081298589706
1.0580487648646
.97577236096064
.96081300576528
1.0552845398585
.95788617928823
1.021625995636
.96878049770991
.98081302642822
1.0175609588623
.99739837646484
1.0089430809021
1.0071544647217
.95593494176865
1.0126829147339
.97495935360591
.94894307851791
.99918699264526
.98422765731812
.95886178811391
1.0221138000488
1.039999961853
1.0292682647705
.95430894692739
.996910572052
.97284551461538
1.018373966217
.95869916677475
1.0395121574402
1.0186991691589
.97479675213496
.97430896759033
.9882926940918
1.0287804603577
1.0279674530029
1.0199999809265
.98699188232422
.98504064480464
.9406504034996
.96455283959707
1.0263414382935
.96894309918086
.98016260067622
.99560976028442
1.0001626014709
1.0201625823975
.9941463470459
.97983741760254
1.009105682373
.90861789385478
1.0133333206177
1.0175609588623
.99544715881348
.9852032661438
.95073169469833
1.0131707191467
.98715448379517
.9879674911499
.98113822937012
.9790244102478
1.033983707428
1.0043902397156
.98910570144653
.98926830291748
1.0199999809265
.97300813595454
.96016259988149
1.0160975456238
.96211379766464
1.0120325088501
1.043089389801
.97853660583496
.97918701171875
1.0003252029419
1.0334959030151
1.0255284309387
1.0234146118164
1.0421137809753
.98634147644043
.95821136236191
1.012195110321
1.0099186897278
1.0578861633937
.96650405724843
.99138212203979
.99821138381958
.9762601852417
1.1328455209732
1.0456910530726
1.0065040588379
.99121952056885
.96926828225454
1.0208129882812
.99707317352295
1.0299186706543
.95999999841054
.98715448379517
.97544717788696
.95804878075918
1.0230894088745
1.0546341737111
.98373985290527
.98373983303706
.99642276763916
1.027642250061
1.0564227104187
1.0160975456238
1.0055284500122
1.0156097412109
1.0255284309387
.98585365215937
1.0240650177002
1.0260162353516
1.0442276000977
1.0465040206909
.96243902047475
1.0209755897522
1.0478048324585
1.0009756088257
1.0147967338562
1.009105682373
.97593496243159
.96991868813833
1.0147967338562
1.0822764635086
1.015284538269
.98536586761475
1.0704065561295
1.021625995636
1.059837381045
1.027642250061
1.0590243736903
1.0518698692322
.99821138381958
1.0341463088989
1.0243902206421
1.0458536545436
1.0585365692774
.9790244102478
1.0606503883998
1.0439023971558
1.0682926972707
1.0440649986267
1.0891057252884
1.0240650177002
1.0767480134964
1.039999961853
1.0585365692774
1.062926808993
1.0960975885391
1.0795122385025
1.087154507637
1.0777236223221
1.1269918680191
1.0648780266444
1.096422791481
1.111869931221
1.1317073106766
1.1014634370804
1.0686179002126
1.0728455384572
1.0936585664749
1.0800000429153
1.1708942651749
1.1604877710342
1.1289430856705
1.1035772562027
1.1386991739273
1.1964227755864
1.130243897438
1.1390243768692
1.1538211107254
1.2076423168182
1.1510568857193
1.1843902667363
1.2481300830841
1.2042276461919
1.2586991786957
1.2437398433685
1.1796747843424
1.2414634227753
1.2912194728851
1.2310569286346
1.245365858078
1.25772356987
1.2910568714142
1.2118699550629
1.2601625919342
1.2991869449615
1.2733333110809
1.3853658437729
1.3235772450765
1.245528459549
1.3125203053157
1.3321951230367
1.3447154760361
1.3380488157272
1.3445528745651
1.4221138159434
1.3162601788839
1.3413008451462
1.4102438688278
1.409756064415
1.4495935042699
1.4235771894455
1.4146341085434
1.4884552955627
1.4265040159225
1.3827642202377
1.4591870307922
1.4988617897034
1.4593496322632
1.4344715674718
1.4704065322876
1.4809756278992
1.4892683029175
1.4899187088013
1.5333333015442
1.5222764015198
1.573495944341
1.5094308853149
1.5926829576492
1.5422763824463
1.5198373794556
1.537073135376
1.5421137809753
1.5500812530518
1.5783740282059
1.596422791481
1.58422768116
1.6502438783646
1.5783739884694
1.621138215065
1.6069918870926
1.648943066597
1.6552845239639
1.6666666269302
1.6930081049601
1.7167479594549
1.7105691432953
1.7552845478058
1.7242276668549
1.7357723712921
1.8687804937363
1.779186964035
1.8538211584091
1.8465040922165
1.9741463661194
1.8733333349228
1.8515447378159
1.8730081319809
1.9481300910314
1.9764227867126
1.9239024321238
1.9640650351842
1.9826016426086
1.9601626396179
1.9712195396423
2.0266666412354
1.9765853881836
1.993821144104
1.9531707366308
1.9193495512009
1.9624390602112
1.9808130264282
1.9904065132141
1.966178894043
1.9211381673813
1.923414627711
1.9700813293457
1.8730081319809
1.8717073202133
1.8902438879013
1.8334959745407
1.8092682758967
1.8655284643173
1.7603251934052
1.714471578598
1.6637398004532
1.6972357829412
1.5843902428945
1.6847154299418
1.6707317034403
1.5565853516261
1.5604878266652
1.5614634354909
1.4964227676392
1.6317073106766
1.472195148468
1.5157723426819
1.4013007879257
1.4668292999268
1.4315447012583
1.4336585203807
1.429430882136
1.3839024305344
1.4884552955627
1.4226015806198
1.3965853452682
1.3491057157516
1.4017885923386
1.3551219701767
1.3487805128098
1.3165854215622
1.3426016569138
1.335609793663
1.3204877773921
1.3551219701767
1.2704064846039
1.28065041701
1.3217886686325
1.2414634227753
1.1975609858831
1.2780487537384
1.2304065227509
1.2569105625153
1.2395122051239
1.2349593639374
1.2437398433685
1.1845528284709
1.2278048992157
1.1590243577957
1.2095935344696
1.1744714975357
1.1882926623027
1.1995122035344
1.1928455432256
1.2258536815643
1.161300778389
1.1390243768692
1.1440650224686
1.1760975519816
1.1133333444595
1.1575609445572
1.0754472017288
1.1162601709366
1.1354471445084
1.1255284547806
1.1073170900345
1.1617885828018
1.1845528284709
1.1448780298233
1.090406537056
1.0814634164174
1.0931707620621
1.1006504297256
1.1430894136429
1.1185365915298
1.0907317399979
1.0876422723134
1.0227642059326
1.0790244340897
1.0440649986267
1.1221138238907
1.0866667032242
1.0409755706787
1.081138253212
1.0073170661926
1.0128455162048
1.0608130296071
.99544715881348
1.0712195237478
1.0998374223709
1.1482927004496
1.0666666428248
1.0837398767471
1.0346341133118
1.0517073074977
1.0474796295166
1.0806504090627
1.0409755706787
1.0648780663808
1.0684553384781
1.0669918855031
1.027804851532
1.0474796295166
1.0479674339294
1.0302438735962
1.0689431428909
1.0554471413294
1.1177235841751
1.0110569000244
1.0700813134511
1.0013008117676
1.0556097428004
1.0695935090383
1.0613007942835
1.0126829147339
1.040162563324
.9972357749939
1.0188617706299
1.0139837265015
1.0543089310328
1.0250406265259
1.0455284118652
1.05382112662
1.0388617912928
1.0172357559204
1.027804851532
1.0349593162537
1.0427641868591
1.0266666412354
1.0156097412109
1.0439023971558
1.0224390029907
1.0448780059814
1.0590243736903
1.0248780250549
1.0136585235596
1.0816260576248
.98536584774653
.97414634625117
1.006016254425
1.0486178398132
1.0869919061661
1.0107316970825
1.0014634132385
1.0071544647217
.99837398529053
1.0754472017288
.95723577340444
.9882926940918
1.0492682854335
1.0731707016627
1.0026016235352
.9824390411377
1.0274796485901
1.003089427948
.99544715881348
1.055447101593
1.021625995636
1.018373966217
.97967481613159
.97024391094844
1.0671544869741
1.0847154855728
.94699186086655
.95333331823349
1.0534959236781
1.0170731544495
1.0014634132385
1.0186991691589
.9585365653038
1.0063414573669
1.0255284309387
1.0286178588867
1.0068292617798
1.0385365486145
1.0269918441772
1.0206503868103
.98439023892085
.98861789703369
1.0326828956604
1.0162601470947
.98650405804316
1.0258536338806
1.0291056632996
1.0367479324341
1.0081300735474
1.0321950912476
.98146343231201
.96926828225454
1.0006504058838
1
1.0502438942591
1.0289430618286
1.0136585235596
1.0022764205933
1.0141463279724
1.003089427948
1.1029268503189
1.0487804412842
.97967479626338
.94780486822128
1.0156097412109
.98634147644043
1.0260162353516
1.0417885780334
1.0084552764893
1.0635772148768
1.0172357559204
.99983739852905
1.0014634132385
1.0073170661926
1.0178861618042
1.0448780059814
.99609756469727
1.0146341323853
.96032520135244
.97138212124507
.98081300656001
1.0310568809509
.98601627349854
1.0554471413294
.96715446313222
.98552846908569
1.0520324707031
1.0653658707937
.9704065322876
1.0037398338318
1.0013008117676
.98357725143433
1.0069918632507
1.0751219590505
1.0652032693227
.98439025878906
.95398374398549
1.0539836883545
.99040651321411
1.0728454987208
.99967479705811
.93951219320297
.97723577419917
1.0143089294434
1.0248780250549
.98032522201538
1.0491056442261
.95609754323959
1.0206503868103
1.0429267883301
.99089431762695
.96764226754506
.96682928005854
1.0177235603333
.99560976028442
.95918697118759
1.0063414573669
.95430892705917
.98471546173096
1.0056910514832
.993821144104
1.0265040397644
1.0024390220642
.98634147644043
1.0094308853149
.99642276763916
1.0131707191467
1.0573983987172
1.0079674720764
.95398372411728
1.0149593353271
.99463415145874
.95219510793686
1.0224390029907
.97235773007075
.99707317352295
.99138212203979
1.0195121765137
.98357725143433
.96796747048696
1.0141463279724
1.0204877853394
1.0800000429153
.98845529556274
1.0427641868591
1.0723577737808
1.0250406265259
1.006178855896
.96780488888423
1.0074796676636
.99544715881348
.98308942715327
.98878049850464
.99951219558716
.95593494176865
.9879674911499
1.0047154426575
.95252031087875
1.0014634132385
1.0032520294189
1.006178855896
.93447154760361
1.0206503868103
.96357723077138
1.0287804603577
.97365854183833
1.0136585235596
.94130080938339
1.0003252029419
.99056911468506
.97593496243159
.95479673147202
1.021625995636
.97349594036738
1.0523577133814
1.0120325088501
.98699188232422
1.0099186897278
.93804877996445
1.0204877853394
1.0032520294189
.96682926019033
1.0146341323853
.9941463470459
1.0068292617798
1.0035772323608
1.0178861618042
.99479675292969
.99008131027222
.98032522201538
.99886178970337
1.0105690956116
1.055609703064
.96341460943222
1.0081300735474
1.0868293046951
.98845529556274
.99463415145874
.9595121939977
.96292680501938
.99479675292969
.97512195507685
1.0204877853394
.99024391174316
1.0559349457423
1.0178861618042
1.0032520294189
1
1.0560975472132
1.0551219383876
1.0095934867859
1.0097560882568
.95203250646591
1.0557723442713
1.024715423584
1.0110569000244
.99138212203979
.93642276525497
.98666667938232
1.0175609588623
.94813007116318
.93333333730698
.96308942635854
1.0053658485413
1.0134959220886
.96715448300044
1.0538210868835
.98195123672485
1.0429267883301
.98650407791138
.99056911468506
1.0300812721252
1.0034146308899
.98975610733032
.99073171615601
.98780488967896
.99674797058105
.95967479546865
1.0100812911987
.97853658596675
1.0013008117676
1.021463394165
1.0240650177002
1.0526829163233
.98910570144653
1.024715423584
.96650403738022
.96813007195791
.9879674911499
1.0217885971069
1.0050406455994
.98292684555054
1.0091057022413
1.038211385409
1.0406503677368
1.0045528411865
.9653658469518
.98910570144653
.99626016616821
.93300813436508
1.003089427948
1.0377235412598
1.0435771942139
1.0313820838928
.98130081097285
1.0177235603333
1.0567479928335
1.0139837265015
1.0162601470947
1.0258536338806
1.0292682647705
1.0229268074036
1.0196747779846
.97788619995117
.98178863525391
.98373985290527
1.0082926750183
1.0416259765625
.97056911389033
1.0099186897278
1.030731678009
.97674796978633
.99219512939453
1.0037398338318
.99089431762695
.97105689843496
1.0437397956848
1.0268292427063
.95707317193349
.99056911468506
1.0159349441528
.97788619995117
.99333333969116
1.0679674943288
.99398374557495
.97089431683222
1.0017886161804
1.0063414573669
1.0227642059326
1.0035772323608
1.0372357368469
1.0229268074036
.93918699026108
.95349591970444
1.0016260147095
.98910570144653
.98861787716548
.98552846908569
1.1104065179825
1.0211381912231
1.0234146118164
1.0334959030151
.9622764190038
.94455283880234
1.0056910514832
.97512195507685
.96227639913559
.96878049770991
.98032522201538
.92682927846909
1.0134959220886
.99268293380737
.98422765731812
1.0128455162048
1.0099186897278
1.0169105529785
1.0108942985535
1.0321950912476
1.0367479324341
.97918699185053
1.0265040397644
.99918699264526
1.0886179208755
.99089429775874
1.0082926750183
1.0505690574646
1.0063414573669
.95138210058212
.98260164260864
1.0097560882568
1.0099186897278
.95642274618149
.97365854183833
1.0406503677368
.97609756390254
1.0549593369166
.99447154998779
.97772357861201
1.0279674530029
1.0232520103455
1.0398373603821
1.0323576927185
.96959348519643
1.0147967338562
.98195121685664
1.0208129882812
.96422763665517
1.0112195014954
.99365854263306
.96097558736801
.98666667938232
.93528455495834
.99886178970337
1.0398373603821
.97430894772212
.97642276684443
1.0126829147339
1.033983707428
1.0312194824219
1.0499186515808
1.0539837280909
.99756097793579
1.0128455162048
1.0016260147095
.97756097714106
.98747966686885
.9712194999059
.99804878234863
.93414634466171
.94195121526718
.98943090438843
.97495937347412
1.0204877853394
1.0079674720764
.95089429616928
.98813009262085
1.0078048706055
1.0086178779602
1
.95788617928823
1.0343089103699
1.0313820838928
.98162603378296
1.0045528411865
.91642276446025
1.0105690956116
1.0126829147339
1.0230894088745
.97853658596675
1.0313820838928
.94471544027328
.99886178970337
.93154472112656
.99626016616821
.99821138381958
1.0024390220642
1.0009756088257
.99349594116211
1.0117073059082
1.0336585044861
.99707317352295
1.0190243721008
1.052520275116
.97447156906128
.96536586682002
1.0621138016383
1.0219511985779
1.0118699073792
1.0320324897766
1.0182113647461
1.0134959220886
.94601625204086
1.0037398338318
.9684552748998
.95300813515981
1.0414633750916
.98325202862422
.95853658517202
1.0352845191956
.93495935201645
.95414632558823
1.030731678009
1.0079674720764
.98471546173096
1.0250406265259
.95967477560043
.97869920730591
.96439023812612
.99154472351074
1.0104064941406
1.0034146308899
1.0250406265259
1.0003252029419
.95365852117538
.95121949911118
.96146339178085
1.0186991691589
.97934959332148
1.0118699073792
1.0419512192408
.98569107055664
1.0252032279968
.97447154919306
.94780486822128
1.0491056442261
.97170732418696
.94715446233749
.9852032661438
.98569107055664
1.0045528411865
.99577236175537
.96406503518422
.9653658469518
.98178863525391
1.0222764015198
.99837398529053
.99219512939453
.95008128881454
.98682928085327
.96715446313222
1.0043902397156
.9752845565478
.98341464996338
.97398374478022
1.0243902206421
.94764228661855
1.0107316970825
.9004878004392
.97170732418696
.95024389028549
.99951219558716
1.0016260147095
1.0570731560389
.95999999841054
.9793496131897
.98617887496948
.95723575353622
.9437398314476
.92406505346298
1.0347967147827
.99430894851685
.97121951977412
1.0065040588379
1.0052032470703
.99447154998779
.99284553527832
.95447154839834
.98422765731812
.96666665871938
.99707317352295
.97609756390254
.94617887338003
.99040651321411
1.0055284500122
.95691055059433
.93918699026108
.93902438879013
.99626016616821
.93853658437729
.98634147644043
.96601627270381
.9526829123497
.96617885430654
1.0107316970825
1.0291056632996
.97495935360591
.98048780361811
1.0165853500366
.94504064321518
.97772359848022
.98390245437622
1.0063414573669
.95479673147202
.97707319259644
.9632520476977
1.0147967338562
.92650407552719
.94260162115097
.99349594116211
.98813009262085
.94487804174423
1.047479669253
.9063414533933
.9821138381958
.95739837487539
1.012357711792
.98081300656001
.90845529238383
.92959350347519
.99008131027222
.95999999841054
.99073171615601
.97219510873159
.96065040429433
1.0269918441772
.89121949672699
.95300813515981
.94504064321518
1.0255284309387
.98455284039179
.96016259988149
1.0095934867859
.97317073742549
.97186992565791
1.0377235412598
.94195121526718
.99252033233643
.97333335876465
.95821138223012
1.0087804794312
.93821138143539
.89365853865941
.9694309035937
1.015284538269
.9169105887413
.92048782110214
.98601625363032
.98178863525391
.90926829973857
.97788619995117
.96081300576528
.98471546173096
.99577236175537
.97447154919306
.95073169469833
.96211381753286
.96796749035517
1.0173983573914
.97837400436401
1.0393495559692
.98959350585937
.97138212124507
.89951219161352
.97235773007075
.95138210058212
.99739837646484
1.0156097412109
.97577236096064
.94731706380844
.98032522201538
1.0014634132385
.97121951977412
.90162601073583
.99284553527832
.98829265435537
1.0487804810206
.95853658517202
.95642274618149
.94926830132802
.99008131027222
.94569104909897
.98357725143433
.99772357940674
.97105691830317
.95528453588486
.99268293380737
.95528455575307
.97008130947749
.98975610733032
.91495937108994
.94390243291855
.96520324548086
.9821138381958
.96536586682002
.9495934844017
.91691056887309
.92780488729477
.9351219534874
.95756095647812
.93235772848129
1.0079674720764
.95073169469833
.95544715722402
.94829267263412
.9972357749939
.93154472112656
.92829269170761
.99056911468506
.93707317113876
.96195121606191
.95804878075918
.98471544186274
.94081300497055
.93772357702255
.97739839553833
1.0951219797134
1.0193495750427
.90097558498383
.95121951897939
.98276424407959
1.0378861427307
.93398374319077
.96130081017812
.96699186166128
.93902438879013
.99008131027222
1.0032520294189
1.0008130073547
.96894307931264
1.0191869735718
.97723577419917
.95430892705917
1.0144715309143
.98536582787832
.91365853945414
.93739837408066
.94357722997665
.96975610653559
.90390243132909
.93739837408066
.94910567998886
.94211381673813
.91609758138657
.95398374398549
.95788615942001
.89268292983373
.93284553289413
.96520324548086
.92975610494614
1.0003252029419
.89203250408173
.94829267263412
.95349593957265
.94292682409286
.95170730352402
1.021625995636
.94260162115097
.96357723077138
.98764228820801
.92845529317856
.88585364818573
.92178863286972
.93967479467392
.96357723077138
.88715445995331
.97170732418696
.95056909322739
.91691056887309
.93560975790024
1.0182113647461
.92796748876572
.94292682409286
.98065042495728
.87951219081879
.95040649175644
.91024390856425
.9351219534874
.91138209899267
.88243901729584
.89495933055878
.87252032756805
.87495934963226
.90747968355815
.91089431444804
.92471545934677
.91203252474467
.96130079030991
.95951221386592
.89349591732025
.90113820632299
.86536586284637
.91626018285751
.87447154521942
.95999999841054
.87739837169647
.91073171297709
.88943088054657
.9351219534874
.88211381435394
.88341462612152
.95479675134023
.87837398052216
.85512195030848
.92113822698593
.89788615703583
.95398372411728
.90130080779394
.85577237606049
.89495933055878
.88617885112762
.89902438720067
.93626016378403
.89983739455541
.82585364580154
.88276422023773
.9045528570811
.90796746810277
.88666665554047
.85967481136322
.85268292824427
.83609755833944
.86325204372406
.90894309679667
.90308942397436
.84227641423543
.88601624965668
.86308944225311
.8640650510788
.89853658278783
.8730081319809
.88601624965668
.89902438720067
.91186992327372
.79707318544388
.90747966368993
.91739839315414
.89593493938446
.89479672908783
.81073170900345
.89008128643036
.86292684078217
.9011382261912
.91300813357035
.81495934724808
.81886178255081
.8315446972847
.90650407473246
.87983739376068
.91170732180278
.82162600755692
.83756095170975
.82878047227859
.84341462453206
.87333333492279
.84634145100911
.80585366487503
.8383739789327
.9073170820872
.85853658119837
.80634146928787
.84617886940638
.87674796581268
.82341462373734
.86536586284637
.86878049373627
.81772357225418
.93495935201645
.84764226277669
.8291056950887
.88764226436615
.81723576784134
.8133333325386
0
0
0
0
0
0
0
0
0
0
0
0
0
0
0
0
0
0
0
0
0
0
0
0
0
0
0
0
0
0
0
0
0
0
0
0
0
0
0
0
0
0
0
0
0
0
0
0
0
0
0
0
0
0
0
0
0
0
0
0
0
0
0
0
0
0
0
0
0
0
0
0
0
0
0
0
0
0
0
0
0
0
0
0
0
0
0
0
0
0
0
0
0
0
0
0
0
0
0
0
0
0
0
0
0
0
0
0
0
0
0
0
0
0
0
0
0
0
0
0
0
0
0
0
0
0
0
0
0
0
0
0
0
0
0
0
0
0
0
0
0
0
0
0
0
0
0
0
0
0
0
0
0
0
0
0
0
0
0
0
0
0
0
0
0
0
0
0
0
0
0
0
0
0
0
0
0
0
0
0
0
0
0
0
0
0
0
0
0
0
0
0
0
0
0
0
0
0
0
0
0
0
0
0
0
0
0
0
0
0
0
0
0
0
0
0
0
0
0
0
0
0
0
0
0
0
0
0
0
0
0
0
0
0
0
0
0
0
0
0
0
0
0
0
0
0
0
0
0
0
0
0
0
0
0
0
0
0
0
0
0
0
0
0
0
0
0
0
0
0
0
0
0
0
0
0
0
0
0
0
0
0
0
0
0
0
0
0
0
0
0
0
0
0
0
0
0
0
0
0
0
0
0
0
0
0
0
0
0
0
0
0
0
0
0
0
0
0
0
0
0
0
0
0
0
0
0
0
0
0
0
0
0
0
0
0
0
0
0
0
0
0
0
0
0
0
0
0
0
0
0
0
0
0
0
0
0
0
0
0
0
0
0
0
0
0
0
0
0
0
0
0
0
0
0
0
0
0
0
0
0
0
0
0
0
0
0
0
0
0
0
0
0
0
0
0
0
0
0
0
0
0
0
0
0
0
0
0
0
0
0
0
0
0
0
0
0
0
0
0
0
0
0
0
0
0
0
0
0
0
0
0
0
0
0
0
0
0
0
0
0
0
0
0
0
0
0
0
0
0
0
0
0
0
0
0
0
0
0
0
0
0
0
0
0
0
0
0
0
0
0
0
0
0
0
0
0
0
0
0
0
0
0
0
0
0
0
0
0
0
0
0
0
0
0
0
0
0
0
0
0
0
0
0
0
0
0
0
0
0
0
0
0
0
0
0
0
0
0
0
0
0
0
0
0
0
0
0
0
0
0
0
0
0
0
0
0
0
0
0
0
0
0
0
0
0
0
0
0
0
0
0
0
0
0
0
0
0
0
0
0
0
0
0
0
0
0
0
0
0
0
0
0
0
0
0
0
0
0
0
0
0
0
0
0
0
0
0
0
0
0
0
0
0
0
0
0
0
0
0
0
0
0
0
0
0
0
0
0
0
0
0
0
0
0
0
0
0
0
0
0
0
0
0
0
0
0
0
0
0
0
0
0
0
0
0
0
0
0
0
0
0
0
0
0
0
0
0
0
0
0
0
0
0
0
0
0
0
0
0
0
0
0
0
0
0
0
0
0
0
0
0
0
0
0
0
0
0
0
0
0
0
0
0
0
0
0
0
0
0
0
0
0
0
0
0
0
0
0
0
0
0
0
0
0
0
0
0
0
0
0
0
0
0
0
0
0
0
0
0
0
0
0
0
0
0
0
0
0
0
0
0
0
0
0
0
0
0
0
0
0
0
0
0
0
0
0
0
0
0
0
0
0
0
0
0
0
0
0
0
0
0
0
0
0
0
0
0
0
0
0
0
0
0
0
0
0
0
0
0
0
0
0
0
0
0
0
0
0
0
0
0
0
0
0
0
0
0
0
0
0
0
0
0
0
0
0
0
0
0
0
0
0
0
0
0
0
0
0
0
0
0
0
0
0
0
0
0
0
0
0
0
0
0
0
0
0
0
0
0
0
0
0
0
0
0
0
0
0
0
0
0
0
0
0
0
0
0
0
0
0
0
0
0
0
0
0
0
0
0
0
0
0
0
0
0
0
0
0
0
0
0
0
0
0
0
0
0
0
0
0
0
0
0
0
0
0
0
0
0
0
0
0
0
0
0
0
0
0
0
0
0
0
0
0
0
0
0
0
0
0
0
0
0
0
0
0
0
0
0
0
0
0
0
0
0
0
0
0
0
0
0
0
0
0
0
0
0
0
0
0
0
0
0
0
0
0
0
0
0
0
0
0
0
0
0
0
0
0
0
0
0
0
0
0
0
0
0
0
0
0
0
0
0
0
0
0
0
0
0
0
0
0
0
0
0
0
0
0
0
0
0
0
0
0
0
0
0
0
0
0
0
0
0
0
0
0
0
0
0
0
0
0
0
0
0
0
0
0
0
0
0
0
0
0
0
0
0
0
0
0
0
0
0
0
0
0
0
0
0
0
0
0
0
0
0
0
0
0
0
0
0
0
0
0
0
0
0
0
0
0
0
0
0
0
0
0
0
0
0
0
0
0
0
0
0
0
0
0
0
0
0
0
0
0
0
0
0
0
0
0
0
0
0
0
0
0
0
0
0
0
0
0
0
0
0
0
0
0
0
0
0
0
0
0
0
0
0
0
0
0
0
0
0
0
0
0
0
0
0
0
0
0
0
0
0
0
0
0
0
0
0
0
0
0
0
0
0
0
0
0
0
0
0
0
0
0
0
0
0
0
0
0
0
0
0
0
0
0
0
0
0
0
0
0
0
0
0
0
0
0
0
0
0
0
0
0
0
0
0
0
0
0
0
0
0
0
0
0
0
0
0
0
0
0
0
0
0
0
0
0
0
0
0
0
0
0
0
0
0
0
0
0
0
0
0
0
0
0
0
0
0
0
0
0
0
0
0
0
0
0
0
0
0
0
0
0
0
0
0
0
0
0
0
0
0
0
0
0
0
0
0
0
0
0
0
0
0
0
0
0
0
0
0
0
0
0
0
0
0
0
0
0
0
0
0
0
0
0
0
0
0
0
0
0
0
0
0
0
0
0
0
0
0
0
0
0
0
0
0
0
0
0
0
0
0
0
0
0
0
0
0
0
0
0
0
0
0
0
0
0
0
0
0
0
0
0
0
0
0
0
0
0
0
0
0
0
0
0
0
0
0
0
0
0
0
0
0
0
0
0
0
0
0
0
0
0
0
0
0
0
0
0
0
0
0
0
0
0
0
0
0
0
0
0
0
0
0
0
0
0
0
0
0
0
0
0
0
0
0
0
0
0
0
0
0
0
0
0
0
0
0
0
0
0
0
0
0
0
0
0
0
0
0
0
0
0
0
0
0
0
0
0
0
0
0
0
0
0
0
0
0
0
0
0
0
0
0
0
0
0
0
0
0
0
0
0
0
0
0
0
0
0
0
0
0
0
0
0
0
0
0
0
0
0
0
0
0
0
0
0
0
0
0
0
0
0
0
0
0
0
0
0
0
0
0
0
0
0
0
0
0
0
0
0
0
0
0
0
0
0
0
0
0
0
0
0
0
0
0
0
0
0
0
0
0
0
0
0
0
0
0
0
0
0
0
0
0
0
0
0
0
0
0
0
0
0
0
0
0
0
0
0
0
0
0
0
0
0
0
0
0
0
0
0
0
0
0
0
0
0
0
0
0
0
0
0
0
0
0
0
0
0
0
0
0
0
0
0
0
0
0
0
0
0
0
0
0
0
0
0
0
0
0
0
0
0
0
0
0
0
0
0
0
0
0
0
0
0
0
0
0
0
0
0
0
0
0
0
0
0
0
0
0
0
0
0
0
