.85365853706996
.88406505187353
.80487805604935
.83999999364217
.78959349791209
.91951219240824
.81772357225418
.89284553130468
.86569106578827
.86552846431732
.78504067659378
.87983739376068
.82487803697586
.8226016163826
.7920325199763
.88292682170868
.79398373762767
.87658536434174
.85040650765101
.90439023574193
.79121951262156
.89073169231415
.84682925542196
.96894309918086
.81008130311966
.888780494531
.83284550905228
.89447154601415
.81430894136429
.88666665554047
.81203252077103
.88536584377289
.8291056950887
.90276422103246
.83821137746175
.90178861220678
.8380487759908
.8983740011851
.82747966051102
.93235772848129
.80504065752029
.81447154283524
.79918700456619
.9320325255394
.81186991930008
.87105691432953
.81186991930008
.89105691512426
.8291056950887
.89479674895604
.79235772291819
.8977235754331
.75170731544495
.91674796740214
.85398374001185
.89463416735331
.83365851640701
.91398374239604
.83333333333333
.89528455336889
.79772357145945
.86813008785248
.83756097157796
.91382114092509
.78796748320262
.9347967505455
.81902440388997
.9001625974973
.83447154362996
.91967479387919
.82455283403397
.92227643728256
.80487805604935
.91105689605077
.79772359132767
.90032519896825
.83723576863607
.93430894613266
.80016259352366
.89170730113983
.8164227604866
.9248780409495
.82032519578934
.91512197256088
.78650406996409
.93105691671371
.76065039634705
.90162603060404
.80227643251419
.91479674975077
.8078048825264
.93040649096171
.80390244722366
.86243903636932
.84943091869354
.90178861220678
.79983741044998
.89170732100805
.78878049055735
.92227641741435
.82146340608597
.87902440627416
.80682927370071
.91463416814804
.81252032518387
.87609755992889
.78471543391546
.95105691750844
.80699187517166
.91837398211161
.79317073027293
.89317071437836
.80048781633377
.87414634227753
.84715447823207
.9279674688975
.83073170979818
.93138211965561
.77528454860051
.93902438879013
.80731707811356
.97008128960927
.82991868257523
.872682929039
.82504063844681
.88959348201752
.81463412443797
.9131707350413
.80455285310745
.88504066069921
.84032519658407
.88243901729584
.78796748320262
.89853658278783
.7947967449824
.88796746730804
.80861788988113
.89804877837499
.8572357694308
.86552846431732
.82211381196976
.86178863048553
.81804879506429
.97691055138906
.79008130232493
.93414634466171
.80390244722366
.90422763427099
.80439025163651
.8943089445432
.79024390379588
.8754471540451
.83105691274007
.86813006798426
.79707318544388
.94146341085434
.80276421705882
.89235772689184
.84455283482869
.91073171297709
.80845528841019
.88894307613373
.82211381196976
.96341462930044
.82146340608597
.881951212883
.78162602583567
.90991870562236
.83040650685628
.90731710195541
.79040650526683
.87967479228973
.82747968037923
.89756097396215
.76471545298894
.92699187994003
.83447154362996
.9310568968455
.80227643251419
.92959350347519
.81707316637039
.90032519896825
.79528454939524
.88617885112762
.7975609699885
.8606504201889
.78878049055735
.94146341085434
.82861787080765
.9091056783994
.78617884715398
.88682927687963
.84357724587123
.89121949672699
.84000001351039
.83642278114955
.78081301848094
.86390244960785
.80455285310745
.87918698787689
.86943089962006
.92455283800761
.8226016163826
.87674796581268
.80926829576492
.94325202703476
.8201626141866
.90585366884867
.79430894056956
.84959350029627
.8074796795845
.88455283641815
.85284552971522
.88065040111542
.80975610017776
.90227641661962
.8452032605807
.90894309679667
.82569106419881
.96032520135244
.8222764134407
.86048779884974
.80731707811356
.89934959014257
.8136585354805
.83999999364217
.83658536275228
.8874796628952
.81382115681966
.91170732180278
.79593497514725
.84390244881312
.76894307136536
.87593495845795
.81772357225418
.87869920333227
.81154471635818
.8640650510788
.81626015901566
.87186992168427
.81918698549271
.95983741680781
.82796748479207
.94243901968002
.82195121049881
.85512195030848
.79154471556346
.91024390856425
.84065041939418
.94162601232529
.8173983891805
.88829269011815
.82455283403397
.89089431365331
.76487803459167
.87105691432953
.80926829576492
.87170732021332
.77089430888494
.92504064242045
.7580487926801
.88178861141205
.8421138326327
.9172357916832
.83560975392659
.86634147167206
.79365855455399
.89967481295268
.85333335399628
.89138211806615
.78211383024851
.93967479467392
.82747966051102
.92845529317856
.81918700536092
.92699187994003
.77609755595525
.89691056807836
.74813008308411
.89691054821014
.81186993916829
.91186992327372
.82146340608597
.9320325255394
.79691058397293
.92487806081772
.78520325819651
.91024390856425
.83073168992996
.87853656212489
.80455283323924
.90894309679667
.80487803618113
.88552844524384
.76666667064031
.90552844603856
.7790243824323
.92601625124613
.77577235301336
1.0110569000244
.80601626634598
.87040648857752
.83723576863607
.86943087975184
.82699185609818
.8609756231308
.78634146849314
.91967477401098
.77642275889715
.92764228582382
.81902438402176
.9258536696434
.83008130391439
.86780488491058
.78504065672557
.86878049373627
.81073170900345
.92520326375961
.78162600596746
.91333335638046
.81804877519608
.87609755992889
.76666667064031
.91463414827983
.83967481056849
.93723577260971
.80617886781693
.90813006957372
.81430894136429
.85495934883753
.79430896043777
.88032519817352
.82032519578934
.87804877758026
.81756097078323
.96731706460317
.85837399959564
.91674796740214
.81560975313187
.9069918791453
.79544715086619
.89008128643036
.81886178255081
.90146340926488
.81918700536092
.9289430975914
.87886176506678
.90650407473246
.87170732021332
.90959350268046
.75723576545715
.88406503200531
.77674794197083
.87918698787689
.78211383024851
.87382113933563
.80991870164871
.84601626793544
.81300812959671
.92487806081772
.82439023256302
.94861787557602
.80845528841019
.92536586523056
.85170731941859
.84878049294154
.79918698469798
.90552844603856
.81008132298787
.89186990261078
.78390244642893
.93073171377182
.81853659947713
.88894309600194
.83105691274007
.91186994314194
.78569106260935
.91073169310888
.78536585966746
.87902438640594
.79056910673777
.87837398052216
.80861788988113
.88308942317963
.84341464440028
.90910569826762
.81512194871902
.89886178572973
.82926827669144
.88260161876678
.80650407075882
.89691054821014
.86146340767543
.88292682170868
.78747969865799
.9032520254453
.80406504869461
.90601627031962
.82130080461502
.90178861220678
.83252034584681
.88813006877899
.78065039714177
.90211381514867
.75056910514832
.90813006957372
.81788617372513
.9221138159434
.80504065752029
.88097560405731
.81658536195755
.85121951500575
.75609755516052
.88894309600194
.76910569270452
.87024390697479
.80861788988113
.86276423931122
.81934958696365
.95252033074697
.83365853627523
.86260163784027
.82195121049881
.88422763347626
.84585366646449
.90178861220678
.76292683680852
.88016259670258
.82617884874344
.87512195110321
.82813006639481
.89203252394994
.80682927370071
.91495935122172
.79105691115061
.90325204531352
.79739838838577
.86796748638153
.80764228105545
.87235772609711
.84959350029627
.89593493938446
.81040650606155
.86601624886195
.85902438561122
.89479672908783
.81577235460281
.90520324309667
.8019512295723
.83024388551712
.83642276128133
.88585364818573
.82195121049881
.86731706062953
.82504063844681
.85463414589564
.82926829655965
.89447154601415
.81609755754471
.89886178572973
.79902440309525
.90845527251561
.80081301927567
.88813006877899
.84471545616786
.85869920253754
.83691056569417
.93430894613266
.80487805604935
.9069918791453
.7920325199763
.91024390856425
.87105691432953
.85219514369965
.82861787080765
.89349593718847
.8006503979365
.89219510555267
.81918698549271
.90926829973857
.84065039952596
.91040649016698
.85300813118617
.8847154378891
.8452032605807
.90032519896825
.75804877281189
.85853660106659
.79658536116282
.90113820632299
.7947967449824
.91447154680888
.8294308980306
.88146340847015
.83317073186239
.87447154521942
.80146342515945
.90878047545751
.81024388472239
.9063414533933
.81073170900345
.90764226516088
.83658536275228
.89268292983373
.85577235619227
.87609755992889
.76585366328557
.91089429457982
.82617886861165
.89333333571752
.85528455177943
.89203252394994
.81105693181356
.89821137984594
.80991870164871
.87414634227753
.87918698787689
.92878047625224
.84991870323817
.86975610256195
.8167479634285
.88357722759247
.80910569429398
.93577235937119
.82146340608597
.84406503041585
.85707316795985
.84813008705775
.79804879426956
.91560975710551
.83902438481649
.9073170820872
.78682927290599
.87658536434174
.82146340608597
.85089431206385
.8105691075325
.93398374319077
.79317073027293
.90422763427099
.78666667143504
.89853656291962
.79869920015335
.92455285787582
.84146342674891
.93707317113876
.81821139653524
.89317073424657
.82373982667923
.86894309520721
.85463416576385
.88455283641815
.79317073027293
.89658536513646
.81024390459061
.89235770702362
.80422763029734
.91252032915751
.87512195110321
.87056910991669
.86520324150721
.90650405486425
.79414633909861
.92780488729477
.79544717073441
.88113820552826
.83951218922933
.85495934883753
.85837397972743
.89268292983373
.85089431206385
.90747966368993
.8411382039388
.8915447195371
.79349593321482
.91544715563456
.86731708049774
.85642276207606
.81284552812576
.90292682250341
.81284550825755
.87317073345184
.81967478990555
.89300813277562
.83300813039144
.86585366725922
.82813006639481
.87056910991669
.82975610097249
.91300813357035
.83577235539754
.84991872310638
.85365853706996
.88308942317963
.77902440230052
.89577235778173
.83691054582596
.90796746810277
.80813008546829
.86552846431732
.83284552892049
.92406505346298
.87365853786469
.83674796422323
.87008128563563
.90097560485204
.76504065593084
.91983739535014
.80829268693924
.9035772283872
.85626016060511
.87138209740321
.85707318782806
.91300813357035
.82504065831502
.89382112026215
.84910569588343
.89934959014257
.81073170900345
.8816260099411
.85756099224091
.8473170598348
.80504065752029
.86048781871796
.84243901570638
.87821137905121
.85073171059291
.88357722759247
.80699187517166
.86845527092616
.84601626793544
.87967479228973
.80682927370071
.91463414827983
.82926829655965
.90000001589457
.82699187596639
.89154469966888
.8359349767367
.882601638635
.86065040032069
.88650405406952
.80699185530345
.85560975472132
.79268292586009
.90878049532572
.80308943986893
.89268290996552
.81756097078323
.81105691194534
.81756097078323
.90569104750951
.83479672670364
.93024390935898
.84357722600301
.91186992327372
.83024388551712
.88357724746068
.83772355318069
.90308942397436
.81219512224197
.88552844524384
.83999999364217
.89723577102025
.86146340767543
.91430894533793
.81918698549271
.88276422023773
.83983739217122
.85430894295375
.81398373842239
.88308942317963
.83723576863607
.88341464598974
.82390244801839
.87382111946742
.81349595387777
.88455285628637
.80813008546829
.869593501091
.83999999364217
.88195123275121
.79463414351145
.88829269011815
.83821139732997
.88617887099584
.84308942159017
.9330081542333
.85593495766322
.82097562154134
.80943087736766
.8995121717453
.81073170900345
.88601624965668
.83138211568197
.90227641661962
.86000001430511
.86666667461395
.84048781792323
.8500812848409
.8469918568929
.87284553050995
.81869918107986
.88682925701141
.83186993996302
.94276422262192
.83821137746175
.88764226436615
.84406505028407
.87869918346405
.8538211385409
.84406503041585
.84373982747396
.84634145100911
.83560977379481
.93560975790024
.78471545378367
.87317073345184
.8133333325386
.87723577022552
.83853658040365
.85804879665375
.78130080302556
.86422763268153
.82796746492386
.92585364977519
.83121951421102
.89999999602636
.8383739789327
.89658536513646
.82065039873123
.86634145180384
.85853660106659
.89804877837499
.83772359291712
.86780488491058
.80682927370071
.93414634466171
.84845528999964
.87008130550385
.83918698628743
.87626016139984
.84390244881312
.90146340926488
.80991870164871
.88764228423437
.80211383104324
.88227641582489
.83658536275228
.88422763347626
.84536584218343
.91707319021225
.78682927290599
.87999999523163
.83691058556239
.92601627111435
.82373982667923
.88552844524384
.82601626714071
.88780488570531
.80569106340408
.8943089445432
.8256910443306
.85349595546722
.83609753847122
.85886178414027
.80926829576492
.86552846431732
.82211381196976
.87918698787689
.8047154545784
.87902438640594
.80991870164871
.87739837169647
.83382115761439
.94292682409286
.83528453111649
.84422765175502
.83186990022659
.8973983724912
.80991870164871
.90146340926488
.8133333325386
.8699187040329
.79999999205271
.87008130550385
.86715447902679
.90747966368993
.82552846272786
.84471545616786
.82178860902786
.90650407473246
.86471545696259
.90308942397435
.83073170979818
.95804878075918
.84276423851649
.8816260099411
.79886178175608
.87788617610931
.86585366725922
.84764228264491
.82422763109207
.89626016219457
.83073170979818
.89073169231415
.81967478990555
.86666667461395
.81268294652303
.91951219240824
.82292681932449
.8816260099411
.84260161717733
.88764226436615
.83463414510091
.86455285549164
.81821137666702
.87284555037816
.78715447584788
.85219510396322
.80699187517166
.86943089962006
.81414633989334
.89333333571752
.79333335161209
.83918698628743
.83756097157796
.92016261816025
.86829268932343
.87008130550385
.85073171059291
.84081300099691
.81804877519608
.88292682170868
.81170731782913
.87365853786469
.8253658413887
.92601627111435
.83024390538534
.93300813436508
.83479674657186
.85626016060511
.87951219081879
.8816260099411
.80991870164871
.89934959014257
.83203250169754
.87105693419774
.81040650606155
.86422763268153
.81577235460281
.86813008785248
.82065039873123
.91121951738993
.83642278114955
.91268295049667
.81837397813797
.91235774755478
.83333333333333
.84455285469691
.80260163545609
.86048779884974
.81707316637039
.88601624965668
.80585364500682
.85024388631185
.83073170979818
.8933333158493
.82422763109207
.85918700695038
.79626017808914
.84032519658407
.85300813118617
.91333333651225
.79544717073441
.88991868495941
.81512194871902
.88243903716405
.84504065910975
.89658536513646
.86731708049774
.86813008785248
.82861787080765
.94195121526718
.8411382039388
.88650407393773
.82601626714071
.87902438640594
.84991870323817
.87317073345184
.84747968117396
.85528455177943
.84829266866048
.93040651082993
.8164227604866
.91772357622782
.7975609699885
.82813008626302
.83495936791102
.88211383422216
.8668292760849
.87154471874237
.85495934883753
.86601626873016
.82065039873123
.89138211806615
.81040650606155
.87349593639374
.78991870085398
.84569104512533
.85463416576385
.89609756072362
.8167479634285
.88065040111542
.82715447743734
.85674798488617
.83073168992996
.86227643489838
.8198373913765
.85934960842133
.84634145100911
.89918698867162
.80764228105545
.87121949593226
.86113822460175
.9125203092893
.80211383104324
.88699185848236
.83170731862386
.89983739455541
.79821137587229
.87528455257416
.82699187596639
.81886178255081
.83349591493607
.90325204531352
.83268292744954
.94211381673813
.79626017808914
.87219512462616
.82650405168533
.85674796501795
.81024390459061
.86764228343964
.7861788670222
.8661788503329
.78520325819651
.86487803856532
.81349593400955
.89252030849457
.80357724428177
.88634145259857
.8198373913765
.91951221227646
.81040650606155
.84991870323817
.84552846352259
.80601626634598
.83333335320155
.876422782739
.85593497753143
.875772356987
.78861788908641
.90032519896825
.83479674657186
.88796748717626
.76520323753357
.86195121208827
.83983739217122
.86113820473353
.84845528999964
.90569104750951
.81479674577713
.89252032836278
.79967480897903
.9069918791453
.86162602901459
.85934958855311
.79235774278641
.89219512542089
.79138211409251
.85560975472132
.81024390459061
.89869920412699
.85593497753143
.89869918425878
.82894307374954
.85349595546722
.86455285549164
.86650407314301
.89073171218236
.875772356987
.79073170820872
.82487803697586
.81918698549271
.885691066583
.84731707970301
.87105691432953
.8232520421346
.8479674855868
.79674798250198
.90520326296488
.82943087816238
.8943089445432
.80959349870682
.85008132457733
.85918698708216
.89723577102025
.86487805843353
.87821137905121
.79609755674998
.84813006718953
.82471543550491
.86471545696259
.81512194871902
.84260161717733
.81138211488724
.87073171138763
.82813008626302
.84130080540975
.84065039952596
.88113818566004
.82130080461502
.88227641582489
.8510569135348
.8538211385409
.82243901491165
.84991868336995
.84178860982259
.89512193202972
.80650407075882
.84439025322596
.80829268693924
.85577235619227
.83040650685628
.85203252236048
.85056910912196
.85203252236048
.78341464201609
.89479676882426
.80373984575272
.85560975472132
.80211381117503
.84650405248006
.84097562233607
.87186992168427
.76975609858831
.865853647391
.82162600755692
.8668292760849
.7725203037262
.86796748638153
.82130080461502
.84552844365438
.84048779805501
.90910569826762
.81008130311966
.89626016219457
.81691056489944
.88552846511205
.79756098985672
.88276422023773
.83121953407923
.88032519817352
.77983738978704
.89674796660741
.85869918266932
.88504064083099
.8009756008784
.83284552892049
.81821137666702
.85056912899017
.82861789067586
.87804877758026
.82666665315628
.8266666730245
.82715445756912
.86747968196869
.83788617451986
.88308942317963
.79577235380808
.84341464440028
.80731707811356
.82943087816238
.85772357384364
.90861787398656
.82764228185018
.88341462612152
.81219512224197
.85349593559901
.82861787080765
.8473170598348
.82032519578934
.89235772689184
.8164227604866
.85349593559901
.80487803618113
.878861784935
.83626015981038
.86699187755585
.82926829655965
.89398372173309
.80861788988113
.87414634227753
.84894309441249
.81869918107986
.78780488173167
.84943087895711
.81219512224197
.85593497753143
.80032519499461
.89512193202972
.81967478990555
.8352845509847
.8380487759908
.90373982985814
.84292683998744
.85089433193207
.83138211568197
.87349591652552
.85170731941859
.89430892467499
.7889430920283
.83853658040365
.83951218922933
.86780488491058
.84894307454427
.82829268773397
.78682927290599
.86504064003627
.80130082368851
.90487804015478
.82227643330892
.88016259670258
.8411382039388
.85609755913417
.86585366725922
.8569105664889
.78975609938304
.86520324150721
.83300815025965
.86081302165985
.81495936711629
.90845527251562
.8266666730245
.88373982906342
.85609755913417
.86178863048553
.80747965971629
.85235772530238
.8164227604866
.87252032756805
.77398373683294
.82357722520828
.85040650765101
.86552846431732
.80341464281082
.888780494531
.81284552812576
.87983739376068
.80016259352366
.86813008785248
.80910569429398
.85772357384364
.82585364580154
.87723577022552
.81512194871902
.84910569588343
.83317071199417
.85252030690511
.82455285390218
.87821137905121
.79593497514725
.8921951452891
.83365853627523
.88373982906342
.79674796263377
.89756095409393
.82682927449544
.88227641582489
.82894309361776
.88373982906342
.77121951182683
.85821137825648
.83414632081985
.84162602821986
.84178860982259
.86032519737879
.85154471794764
.89642276366552
.81138213475545
.8686178723971
.81999999284744
.8754471540451
.85837397972743
.85430896282196
.79040648539861
.86634147167206
.81170731782913
.85821137825648
.82878047227859
.87154471874237
.80569106340408
.82845528920492
.82471543550491
.87040650844574
.77902440230052
.82894309361776
.80520325899124
.84130082527796
.80439023176829
.8730081319809
.83463414510091
.89024388790131
.84601626793544
.8538211385409
.79252032438914
.83999999364217
.82861787080765
.87008130550385
.79544715086619
.89203250408173
.80617886781693
.78991870085398
.81918698549271
.76081299781799
.88520326217016
.7741463581721
.79040650526683
.76991868019104
.81430894136429
.74016261100769
.82325202226639
.75414633750916
.82130080461502
.76861786842346
.8222764134407
.75317072868347
.8473170598348
.80032519499461
.83869918187459
.75300812721252
.81853659947713
.76520325740178
.84552844365438
.76357724269231
.82861789067586
.77821139494578
.83056910832723
.77642275889715
.8352845509847
.7861788670222
.79691058397293
.78747967878977
.83902438481649
.78243903319041
.81756097078323
.78910569349925
.84325202306112
.78552846113841
.84455283482869
.77772357066472
.80487805604935
.74747967720032
.80991870164871
.76959349711736
.83707316716512
.78536585966746
.85674796501795
.77479672431946
.81252032518387
.79837399721146
.8284552693367
.75528454780579
.84975610176722
.77268292506536
.78943089644114
.77658536036809
.78666667143504
.7443902293841
.8538211385409
.75252032279968
.82211383183797
.77252032359441
.80373984575272
.78016261259715
.82959349950155
.79008132219315
.8479674855868
.76585364341736
.80504063765208
.77544716993968
.82097560167313
.79804879426956
.82552846272786
.7772357861201
.79658536116282
.77170731623967
.82747966051102
.8019512295723
.84341462453206
.76195122798284
.86146340767543
.72552847862244
.81804877519608
.79967478911082
.82081300020218
.74211382865906
.82357722520828
.77349595228831
.84276423851649
.7827642361323
.8266666730245
.78552846113841
.84845528999964
.75268292427063
.84536586205165
.75642275810242
.80016261339188
.78325204054515
.81544715166092
.78048781553904
.83821137746175
.78243901332219
.80081301927567
.75609757502874
.82699185609818
.79544717073441
.81463414430618
.764552851518
.85073173046112
.76845528682073
.87252032756805
.79707316557566
.84504063924154
.77024390300115
.83674796422323
.79219514131546
.84796746571859
.78016259272893
.82195121049881
.76699185371399
.81707316637039
.74243903160095
.8343089222908
.80861788988113
.81121951341629
.73560974995295
.85788617531459
.75300812721252
.83008130391439
.75203251838684
.81479674577713
.79430894056956
.84471545616786
.77479674418767
.86422765254974
.7917073170344
.92601625124613
.81268292665482
.81219512224197
.78536585966746
.80813006560008
.7988618016243
.8325203259786
.77219512065252
.83447154362996
.75723578532537
.90390245119731
.81300814946492
.86227643489838
.79105691115061
.90243901809057
.82455283403397
.8315446972847
.78227641185125
.84780488411585
.77544715007146
.84910569588343
.76439023017883
.80357724428177
.74390244483948
.83252030611038
.75642275810242
.82845528920492
.75447154045105
.86146342754364
.7790243824323
.82699187596639
.78926827510198
.84715445836385
.73495934406916
.86504065990448
.79853657881419
.83365851640701
.74455285072327
.81691056489944
.73040650288264
.84439023335775
.76357724269231
.86178861061732
.83756097157796
.85658538341522
.77772357066472
.84097560246785
.75073170661926
.85593495766322
.77430893977483
.82699187596639
.79154471556346
.87008130550385
.78373984495799
.85121951500575
.82601626714071
.85658536354701
.78601626555125
.81934960683187
.81300812959671
.81121951341629
.77691056330999
.85398374001185
.7456910610199
.90276422103246
.78943087657293
.83040650685628
.76195122798284
.87414634227753
.7580487926801
.87398374080658
.78715447584788
.84536584218343
.76146340370178
.84650407234828
.74243903160095
.83382111787796
.75821137428284
.81788617372513
.79951218763987
.86308944225311
.7772357861201
.81008130311966
.77203253904978
.83560977379481
.76666667064031
.84845528999964
.7704065044721
.83739838997523
.80357724428177
.83642276128133
.82146340608597
.83544715245565
.77544715007146
.81691056489944
.80048781633377
.87951219081879
.82243901491165
.81707318623861
.75658537944158
.82195123036702
.78959349791209
.8383739789327
.7759349544843
.8977235754331
.78634146849314
.86308944225311
.80764226118724
.8541463414828
.84373982747396
.90504066149394
.80406504869461
.8699187040329
.74650406837463
.8637398481369
.79723578691483
.84552846352259
.79121951262156
.86243903636932
.78975607951482
.85512195030848
.75528454780579
.83658536275228
.78260161479314
.90455283721288
.76764227946599
.8609756231308
.76341462135315
.87073171138763
.76195120811462
.90617885192235
.76243901252747
.84455283482869
.80146342515945
.90048782030741
.77853657801946
.86975610256195
.78569106260935
.87512195110321
.80227643251419
.91869918505351
.82390244801839
.87138209740321
.79138211409251
.84504063924154
.80569104353587
.85918700695038
.82861789067586
.83024390538534
.78699185450872
.87739837169647
.78878049055735
.89918698867162
.82081300020218
.87528453270594
.80422765016556
.86699187755585
.78065039714177
.88634147246679
.79821137587229
.83626013994217
.81089433034261
.90959350268046
.81902438402176
.88943088054657
.80308943986893
.83626015981038
.77268290519714
.88260161876678
.84666667381922
.87008130550385
.77105691035589
.85268292824427
.77447154124578
.872682929039
.81495934724808
.88325202465057
.76569106181463
.87593497832616
.81073170900345
.90991870562236
.84861789147059
.87479674816132
.82959347963333
.86487803856532
.82471545537313
.9317073225975
.84747966130575
.90097560485204
.77853657801946
.94861789544423
.87658538420995
.9258536696434
.86162602901459
.91089431444804
.8686178723971
.89902438720067
.89382114013036
.96487806240718
.84146342674891
.97284553448359
.90796746810277
.97658536831538
.90682925780614
.95495933294296
.87723577022552
.96829269329707
.94487804174423
.95317071676254
.89154469966888
.97999999920527
.88016259670258
1.0095934669177
.92422765493393
.97008128960927
.93918699026108
1.0263414780299
.9320325255394
1.0489430824916
.98048780361811
1.0341463486354
.98601625363032
1.0343089501063
1.0365853508313
1.0495934883753
.99821136395137
1.090406537056
.99121950070063
1.0364227294922
1.0113821029663
1.1086179018021
1.0403252045314
1.0837398370107
1.0617886384328
1.1165853738785
1.1039024591446
1.0962601900101
1.0749593575795
1.1668292681376
1.0655284722646
1.1408129930496
1.0801626443863
1.1878048578898
1.0908943414688
1.1526829401652
1.1240650415421
1.1930081049601
1.118048787117
1.2258536815643
1.1312195460002
1.2279675006866
1.1121951341629
1.2778861522675
1.1658536593119
1.2118699153264
1.2167479594549
1.2463414669037
1.1843902269999
1.2790243625641
1.2003251711528
1.2822764317195
1.1760975519816
1.3014634052912
1.2728455066681
1.3040650685628
1.2586991786957
1.2999999920527
1.2543089389801
1.3284552892049
1.3274796406428
1.3962601423264
1.3507317304611
1.417073170344
1.3504065275192
1.4045528570811
1.3191870053609
1.4460162719091
1.3769105672836
1.4221138159434
1.4328455130259
1.4577235778173
1.4118698835373
1.5286178588867
1.3982113599777
1.4985365867615
1.4321951071421
1.5213007926941
1.4515447219213
1.5411381721497
1.5078048706055
1.5808130502701
1.461788614591
1.5734959046046
1.4718699455261
1.5175609985987
1.5326829353968
1.5613007942835
1.5400000015895
1.5700813134511
1.5273170471191
1.6115447282791
1.5167479515076
1.6191869974136
1.4842276573181
1.6227642297745
1.5094308853149
1.5746341943741
1.5803252061208
1.6281300783157
1.5315447251002
1.645853638649
1.556910554568
1.6000000238419
1.5279674530029
1.5933333237966
1.5333333412806
1.5949593385061
1.515284538269
1.5975609620412
1.5151219367981
1.6084553003311
1.5730081399282
1.592032512029
1.5186991691589
1.5941463311513
1.4996747970581
1.5624390045802
1.4947967529297
1.6003252267838
1.4957723220189
1.5809756120046
1.5411382118861
1.5990243752797
1.4747967322667
1.5248780250549
1.4539837439855
1.56130083402
1.4621138175329
1.4700812896093
1.438861767451
1.5269918441772
1.4317073424657
1.4782114028931
1.4403252204259
1.4336585601171
1.3577235937119
1.4065040747325
1.3660162289937
1.4091056982676
1.3362601995468
1.4198373953501
1.3160975774129
1.4356097777685
1.274308959643
1.2925203243891
1.2826016346614
1.3043902317683
1.2669918934504
1.3078048626582
1.2390244007111
1.2902439037959
1.206991871198
1.3045528332392
1.2525202830633
1.228617866834
1.1637398401896
1.2718699375788
1.1556097269058
1.2113821109136
1.1193495591482
1.2294309139252
1.1268292665482
1.2060162623723
1.128617922465
1.2097560962041
1.0900812943776
1.1658536990484
1.0497561295827
1.1349593400955
1.0826016664505
1.1692682902018
1.0806504090627
1.1582113901774
1.0603251854579
.97772355874379
1.0513821045558
1.1019512414932
.95837398370107
1.0465040802956
.98910570144653
1.0708943208059
.99252031246821
1.0234146118164
.91967479387919
.98601625363032
.97886178890864
.98682928085327
.91967477401098
.94780486822128
.90439023574193
.94195121526718
.94455281893412
.94016259908676
.89707316954931
.95317073663076
.88130080699921
.97024389108022
.8878048658371
.94926828145981
.90796746810277
.92439023653666
.83658536275228
.92796748876572
.83235772450765
.88975610335668
.79186991850535
.91788617769877
.84894309441249
.89073169231415
.8482926885287
.87398374080658
.83105691274007
.93983739614487
.81105691194534
.8853658636411
.79999999205271
.85577235619227
.85284552971522
.90373982985814
.76292681694031
.85268290837606
.76617884635925
.83382113774617
.8133333325386
.84130080540975
.80504065752029
.9094308813413
.80130080382029
.86943089962006
.77560975154241
.84699187676112
.78146340449651
.86910569667816
.8291056950887
.82276421785355
.77560975154241
.87756097316742
.76439025004705
.80341462294261
.75317072868347
.8606504201889
.74178862571716
.8730081319809
.77951218684514
.88634145259857
.77739836772283
.84585366646449
.8226016163826
.84162600835164
.79479676485062
.83642276128133
.76390242576599
.86016261577606
.76747967799505
.84081302086512
.77593497435252
.84195121129354
.76390244563421
.84634147087733
.79252034425735
.85008130470912
.84048781792323
.87382113933563
.79918698469798
.84048781792323
.80390242735545
.8105691075325
.76178860664368
.84016259511312
.78178860743841
.81837397813797
.76747965812683
.84471545616786
.79008130232493
.80764228105545
.79040650526683
.85008130470912
.75918698310852
.85983741283417
.77837399641673
.85138209660848
.77154469490051
.84357722600301
.76780488093694
.83219510316849
.748455286026
.85414632161458
.76341462135315
.85560975472132
.79333335161209
.88406503200531
.77691056330999
.85089431206385
.72341463963191
.8294308980306
.77658536036809
.8578861951828
.79008128245672
.86796746651332
.79186991850535
.86178861061732
.79333335161209
.84325202306112
.76308943827947
.85495932896932
.75918698310852
.87918698787689
.77723576625188
.80926829576492
.76260163386663
.83869918187459
.7752845287323
.8520325422287
.7456910610199
.89365855852763
.80699187517166
.8047154545784
.78406504789988
.83626015981038
.8078048825264
.80634146928787
.77284550666809
.83756097157796
.75008130073547
.85040650765101
.80032521486282
.82406502962112
.76975609858831
.82926827669144
.74390244483948
.85268292824427
.77284552653631
.84227641423543
.78845528761546
.86617887020111
.78910569349925
.83902438481649
.75528454780579
.84764228264491
.76991870005925
.83268294731776
.78845526774724
.81837397813797
.7951219479243
.87593497832616
.80243903398514
.81186991930008
.78195122877757
.8448780576388
.76081299781799
.88130080699921
.79951218763987
.81235772371292
.81528455018997
.86081302165985
.76894309123357
.84975610176722
.79349595308304
.8572357694308
.74829268455505
.83869918187459
.78373984495799
.84065039952596
.78682925303777
.8952845732371
.71918700138728
.83756097157796
.76504063606262
.83869916200638
.75252032279968
.84048779805501
.76878048976262
.82747966051102
.77739838759104
.82813006639481
.69300812482834
.78455285231272
.79056910673777
.81268292665482
.71170731385549
.84634147087733
.74439024925232
.82796746492386
.76813008387883
.81902440388997
.74504065513611
.86195121208827
.77154471476873
.80634146928787
.74715447425842
.86520324150721
.74650406837463
.77577235301336
.78113820155462
.80211383104324
.75853657722473
.85398374001185
.78536583979925
.8541463414828
.76292683680852
.82016259431839
.71609755357107
.82926827669144
.76373982429504
.83609755833944
.74357724189758
.80146342515945
.76065039634705
.80097562074661
.77463414271673
.83300813039144
.74813008308411
.84178860982259
.72341463963191
.82715447743734
.76276423533758
.83089431126912
.71186991532644
.79089428981145
.74731707572937
.79186989863714
.7512195110321
.85821137825648
.748455286026
.8078048825264
.77886178096135
.83463414510091
.75447154045105
.81512194871902
.75788617134094
.85804877678553
.74032521247864
.7975609699885
.81056908766429
.83999999364217
.75300812721252
.83967479070028
.76926829417547
.83349593480428
.77447156111399
.84406505028407
.72731707493464
.88666667540868
.79886178175608
.84390244881312
.73365853230158
.82552846272786
.75804877281189
.82455283403397
.73707316319148
.83414634068807
.7268292705218
.80569106340408
.76292683680852
.79918698469798
.75382113456726
.81430894136429
.76292681694031
.86016259590785
.748455286026
.80341464281082
.73658537864685
.85658536354701
.74000000953674
.83008128404617
.73544716835022
.84113822380702
.72731707493464
.86747966210047
.75040650367737
.83739837010701
.76000001033147
.8321951230367
.7330081264178
.87463412682215
.72162600358327
.85398374001185
.75040652354558
.83382113774617
.73560976982117
.85804875691732
.7543089389801
.87008130550385
.77658536036809
.84211381276449
.76487805445989
.82764228185018
.75203251838684
.80211381117503
.76455283164978
.84910569588343
.74195122718811
.82243901491165
.76780488093694
.81967480977376
.75544714927673
.87317071358363
.75252032279968
.86292684078217
.76601626475652
.81300812959671
.78032521406809
.82829266786575
.7456910610199
.8108943104744
.75983738899231
.85138211647669
.76471545298894
.8479674855868
.77317070960999
.8074796795845
.72991871833801
.79186991850535
.78097560008367
.81560975313187
.78504063685735
.83723576863607
.7395122051239
.86780488491058
.79918698469798
.84260161717733
.73772358894348
.86130082607269
.71804877122243
.86081302165985
.75398375590642
.82292681932449
.78065039714177
.80000001192093
.75073170661926
.84666667381922
.75837397575378
.84032519658407
.79154471556346
.85430894295375
.75268292427063
.81691056489944
.74764227867126
.82666665315628
.76130080223083
.85105689366659
.75479674339294
.81804877519608
.70081299543381
.80439025163651
.75593495368958
.79707316557566
.73105690876643
.81479674577713
.74065041542053
.83642276128133
.76211380958557
.83577233552933
.74276421467463
.83268292744954
.75723576545715
.78276421626409
.75853657722473
.83317071199417
.73398373524348
.78569106260935
.75170731544495
.79658536116282
.76195120811462
.81723576784134
.78439025084178
.8606504201889
.69593495130539
.83804879585902
.76926827430725
.82341464360555
.72699187199275
.81398373842239
.73658537864685
.85739837090174
.75495934486389
.8606504201889
.79024390379588
.83902438481649
.74308943748474
.86032519737879
.73902440071106
.85788617531459
.745365858078
.81105691194534
.77203249931335
.85170731941859
.74634144703547
.81463414430618
.75804877281189
.8352845509847
.73089428742727
.78699187437693
.78520325819651
.81235772371292
.75268292427063
.78016259272893
.73219511906306
.78747965892156
.76926829417547
.81495934724808
.76097559928894
.80878049135208
.74894307057063
.8346341252327
.74097561836243
.82162600755692
.75772356987
.89170732100805
.74422762791316
.83853658040365
.74276423454285
.84455285469691
.75495934486389
.81691056489944
.71869917710622
.81463414430618
.75040650367737
.83918698628743
.7512195110321
.81821137666702
.75723576545715
.8291056950887
.78975607951482
.82747968037923
.75528454780579
.81382113695145
.76699185371399
.83170731862386
.73886179924011
.84504063924154
.76016261180242
.80130082368851
.76439025004705
.80699185530345
.76991868019104
.83040648698807
.77788619200389
.81008130311966
.74926829338074
.80341464281082
.74390244483948
.86666667461395
.7326829234759
.81479672590892
.72292683521907
.85707316795985
.72991871833801
.84813008705775
.75073170661926
.86195121208827
.77934960524241
.83073168992996
.75853657722473
.87528455257416
.77317070960999
.80878049135208
.75333333015442
.8253658413887
.73609757423401
.8538211385409
.75333333015442
.84894307454427
.73707316319148
.82845528920492
.78829270601273
.82243901491165
.74195122718811
.82585366566976
.69869917631149
.79365855455399
.73317074775696
.84211381276449
.77544713020325
.83642276128133
.72422764698664
.85528453191121
.75252032279968
.82650407155355
.72211380799611
.84016259511312
.77300812800725
.82991870244344
.77756096919378
.85447154442469
.72991871833801
.82601626714071
.70894308884939
.79382113615672
.78813008467356
.81414633989334
.74130082130432
.79382115602493
.72569108009338
.87430894374847
.70000000794729
.7985365986824
.751544713974
.81772357225418
.75837397575378
.85528455177943
.75138211250305
.80894309282303
.71219511826833
.84065039952596
.75853657722473
.77967480818431
.78878051042557
.81837397813797
.73170733451843
.83008130391439
.75772356987
.8383739789327
.73609755436579
.85186992088954
.74276423454285
.81658536195755
.75772356987
.83479674657186
.71886179844538
.84325204292933
.79723578691483
.8754471540451
.73577237129211
.8380487759908
.71707316239675
.80975610017776
.70634144544601
.84439025322596
.73219513893127
.80130082368851
.71365853150686
.85772357384364
.74373984336853
.8201626141866
.74227643013
.7762601574262
.6863414645195
.8040650288264
.76796748240789
.80487803618113
.71772358814875
.81349593400955
.75642277797063
.79056910673777
.77300814787547
.80601626634598
.79642277956009
.80357724428177
.72894308964411
.83447154362996
.69365853071213
.84390244881312
.72959347565969
.85268290837606
.74991869926453
.8078048825264
.74178862571716
.81024390459061
.78878049055735
.79398375749588
.751544713974
.84845528999964
.74081301689148
.78747969865799
.74357722202937
.8510569135348
.73788619041443
.79707318544388
.73463416099548
.81560975313187
.70926829179128
.85219514369965
.77934956550598
.82032519578934
.7691056728363
.84715447823207
.71837399403254
.80227641264598
.71154471238454
.77821139494578
.73658537864685
.79577235380808
.73186991612116
.81577235460281
.74585366249084
.83707316716512
.75821137428284
.81658536195755
.75447154045105
.86243901650111
.73235772053401
.83739837010701
.73804879188538
.86796746651332
.73024392127991
.83382113774617
.74325203895569
.84016259511312
.73918698231379
.81739836931229
.73869919776917
.78910569349925
.74000000953674
.86113820473353
.71609757343928
.80666667222977
.75577235221863
.79821139574051
.70016258955002
.81593497594198
.7274796962738
.81707316637039
.72878048817317
.83512194951375
.72048781315486
.82439023256302
.76715445518494
.84081300099691
.77430893977483
.87040650844574
.70699187119802
.82325202226639
.7704065044721
.82146340608597
.76455283164978
.83691056569417
.75707316398621
.79739838838577
.75186991691589
.80357724428177
.79723576704661
.82780486345291
.71186993519465
.79105691115061
.72260163227717
.78373982508977
.70715447266897
.81658536195755
.72878050804138
.81593495607376
.74650406837463
.79983741044998
.76292681694031
.82666665315628
.71951220432917
.80617886781693
.71024390061696
.79642275969187
.73821137348811
.81560975313187
.76991870005925
.83349591493607
.7206504146258
.78341462214788
.75869917869568
.82065039873123
.74048781394958
.79008130232493
.75918698310852
.7882926662763
.7305691242218
.80016261339188
.74178862571716
.82650405168533
.75674798091253
.80926829576492
.71479672193527
.79918698469798
.71121950944265
.8136585354805
.72731709480286
.8037398258845
.7543089389801
.83707314729691
.74975609779358
.81999999284744
.73284554481506
.78747967878977
0
0
0
0
0
0
0
0
0
0
0
0
0
0
0
0
0
0
0
0
0
0
0
0
0
0
0
0
0
0
0
0
0
0
0
0
0
0
0
0
0
0
0
0
0
0
0
0
0
0
0
0
0
0
0
0
0
0
0
0
0
0
0
0
0
0
0
0
0
0
0
0
0
0
0
0
0
0
0
0
0
0
0
0
0
0
0
0
0
0
0
0
0
0
0
0
0
0
0
0
0
0
0
0
0
0
0
0
0
0
0
0
0
0
0
0
0
0
0
0
0
0
0
0
0
0
0
0
0
0
0
0
0
0
0
0
0
0
0
0
0
0
0
0
0
0
0
0
0
0
0
0
0
0
0
0
0
0
0
0
0
0
0
0
0
0
0
0
0
0
0
0
0
0
0
0
0
0
0
0
0
0
0
0
0
0
0
0
0
0
0
0
0
0
0
0
0
0
0
0
0
0
0
0
0
0
0
0
0
0
0
0
0
0
0
0
0
0
0
0
0
0
0
0
0
0
0
0
0
0
0
0
0
0
0
0
0
0
0
0
0
0
0
0
0
0
0
0
0
0
0
0
0
0
0
0
0
0
0
0
0
0
0
0
0
0
0
0
0
0
0
0
0
0
0
0
0
0
0
0
0
0
0
0
0
0
0
0
0
0
0
0
0
0
0
0
0
0
0
0
0
0
0
0
0
0
0
0
0
0
0
0
0
0
0
0
0
0
0
0
0
0
0
0
0
0
0
0
0
0
0
0
0
0
0
0
0
0
0
0
0
0
0
0
0
0
0
0
0
0
0
0
0
0
0
0
0
0
0
0
0
0
0
0
0
0
0
0
0
0
0
0
0
0
0
0
0
0
0
0
0
0
0
0
0
0
0
0
0
0
0
0
0
0
0
0
0
0
0
0
0
0
0
0
0
0
0
0
0
0
0
0
0
0
0
0
0
0
0
0
0
0
0
0
0
0
0
0
0
0
0
0
0
0
0
0
0
0
0
0
0
0
0
0
0
0
0
0
0
0
0
0
0
0
0
0
0
0
0
0
0
0
0
0
0
0
0
0
0
0
0
0
0
0
0
0
0
0
0
0
0
0
0
0
0
0
0
0
0
0
0
0
0
0
0
0
0
0
0
0
0
0
0
0
0
0
0
0
0
0
0
0
0
0
0
0
0
0
0
0
0
0
0
0
0
0
0
0
0
0
0
0
0
0
0
0
0
0
0
0
0
0
0
0
0
0
0
0
0
0
0
0
0
0
0
0
0
0
0
0
0
0
0
0
0
0
0
0
0
0
0
0
0
0
0
0
0
0
0
0
0
0
0
0
0
0
0
0
0
0
0
0
0
0
0
0
0
0
0
0
0
0
0
0
0
0
0
0
0
0
0
0
0
0
0
0
0
0
0
0
0
0
0
0
0
0
0
0
0
0
0
0
0
0
0
0
0
0
0
0
0
0
0
0
0
0
0
0
0
0
0
0
0
0
0
0
0
0
0
0
0
0
0
0
0
0
0
0
0
0
0
0
0
0
0
0
0
0
0
0
0
0
0
0
0
0
0
0
0
0
0
0
0
0
0
0
0
0
0
0
0
0
0
0
0
0
0
0
0
0
0
0
0
0
0
0
0
0
0
0
0
0
0
0
0
0
0
0
0
0
0
0
0
0
0
0
0
0
0
0
0
0
0
0
0
0
0
0
0
0
0
0
0
0
0
0
0
0
0
0
0
0
0
0
0
0
0
0
0
0
0
0
0
0
0
0
0
0
0
0
0
0
0
0
0
0
0
0
0
0
0
0
0
0
0
0
0
0
0
0
0
0
0
0
0
0
0
0
0
0
0
0
0
0
0
0
0
0
0
0
0
0
0
0
0
0
0
0
0
0
0
0
0
0
0
0
0
0
0
0
0
0
0
0
0
0
0
0
0
0
0
0
0
0
0
0
0
0
0
0
0
0
0
0
0
0
0
0
0
0
0
0
0
0
0
0
0
0
0
0
0
0
0
0
0
0
0
0
0
0
0
0
0
0
0
0
0
0
0
0
0
0
0
0
0
0
0
0
0
0
0
0
0
0
0
0
0
0
0
0
0
0
0
0
0
0
0
0
0
0
0
0
0
0
0
0
0
0
0
0
0
0
0
0
0
0
0
0
0
0
0
0
0
0
0
0
0
0
0
0
0
0
0
0
0
0
0
0
0
0
0
0
0
0
0
0
0
0
0
0
0
0
0
0
0
0
0
0
0
0
0
0
0
0
0
0
0
0
0
0
0
0
0
0
0
0
0
0
0
0
0
0
0
0
0
0
0
0
0
0
0
0
0
0
0
0
0
0
0
0
0
0
0
0
0
0
0
0
0
0
0
0
0
0
0
0
0
0
0
0
0
0
0
0
0
0
0
0
0
0
0
0
0
0
0
0
0
0
0
0
0
0
0
0
0
0
0
0
0
0
0
0
0
0
0
0
0
0
0
0
0
0
0
0
0
0
0
0
0
0
0
0
0
0
0
0
0
0
0
0
0
0
0
0
0
0
0
0
0
0
0
0
0
0
0
0
0
0
0
0
0
0
0
0
0
0
0
0
0
0
0
0
0
0
0
0
0
0
0
0
0
0
0
0
0
0
0
0
0
0
0
0
0
0
0
0
0
0
0
0
0
0
0
0
0
0
0
0
0
0
0
0
0
0
0
0
0
0
0
0
0
0
0
0
0
0
0
0
0
0
0
0
0
0
0
0
0
0
0
0
0
0
0
0
0
0
0
0
0
0
0
0
0
0
0
0
0
0
0
0
0
0
0
0
0
0
0
0
0
0
0
0
0
0
0
0
0
0
0
0
0
0
0
0
0
0
0
0
0
0
0
0
0
0
0
0
0
0
0
0
0
0
0
0
0
0
0
0
0
0
0
0
0
0
0
0
0
0
0
0
0
0
0
0
0
0
0
0
0
0
0
0
0
0
0
0
0
0
0
0
0
0
0
0
0
0
0
0
0
0
0
0
0
0
0
0
0
0
0
0
0
0
0
0
0
0
0
0
0
0
0
0
0
0
0
0
0
0
0
0
0
0
0
0
0
0
0
0
0
0
0
0
0
0
0
0
0
0
0
0
0
0
0
0
0
0
0
0
0
0
0
0
0
0
0
0
0
0
0
0
0
0
0
0
0
0
0
0
0
0
0
0
0
0
0
0
0
0
0
0
0
0
0
0
0
0
0
0
0
0
0
0
0
0
0
0
0
0
0
0
0
0
0
0
0
0
0
0
0
0
0
0
0
0
0
0
0
0
0
0
0
0
0
0
0
0
0
0
0
0
0
0
0
0
0
0
0
0
0
0
0
0
0
0
0
0
0
0
0
0
0
0
0
0
0
0
0
0
0
0
0
0
0
0
0
0
0
0
0
0
0
0
0
0
0
0
0
0
0
0
0
0
0
0
0
0
0
0
0
0
0
0
0
0
0
0
0
0
0
0
0
0
0
0
0
0
0
0
0
0
0
0
0
0
0
0
0
0
0
0
0
0
0
0
0
0
0
0
0
0
0
0
0
0
0
0
0
0
0
0
0
0
0
0
0
0
0
0
0
0
0
0
0
0
0
0
0
0
0
0
0
0
0
0
0
0
0
0
0
0
0
0
0
0
0
0
0
0
0
0
0
0
0
0
0
0
0
0
0
0
0
0
0
0
0
0
0
0
0
0
0
0
0
0
0
0
0
0
0
0
0
0
0
0
0
0
0
0
