.84227641423543
.8226016163826
.77365853389104
.83658536275228
.80536586046219
.81739836931229
.79642277956009
.82682925462723
.85398375988007
.82195121049881
.83333333333333
.78211383024851
.81235772371292
.83967479070028
.76146340370178
.84617884953817
.82422763109207
.78975609938304
.8572357694308
.869593501091
.85447156429291
.79756098985672
.93528455495834
.87495934963226
.89300811290741
.81463414430618
.81414633989334
.87560975551605
.80504065752029
.81853659947713
.85739839076996
.85902440547943
.85154473781586
.89479672908783
.878861784935
.86357724666595
.85219512383143
.8482926885287
.875772356987
.94829267263412
.82439023256302
.87658536434174
.84308944145838
.88325202465057
.86113822460175
.91983739535014
.93821138143539
.85219512383143
.90243901809057
.90959350268046
.81398373842239
.87333333492279
.84894309441249
.89934961001078
.88308942317963
.88601626952489
.8905690908432
.84178860982259
1.0182113647461
.84032517671585
.93235772848129
.88552844524384
.8754471540451
.89593495925268
.88731706142426
.88959350188573
.90406503280004
.90178861220678
.88390243053436
.9595121939977
.98504066467285
.93934959173203
.93138211965561
.888780494531
.88276422023773
.93869918584824
.93349593877792
.94146341085434
.92878049612045
.94861787557602
.98959350585937
.89691054821014
.8874796628952
.92666667699814
.90341462691625
.8973983724912
.91902440786362
.93902438879013
.88829267024994
.87024390697479
.95008128881454
.92243903875351
.8995121717453
.92243903875351
.89414634307226
.91772359609604
.89756097396215
.9227642416954
.86032521724701
1.0912195444107
1.0110569000244
.90569104750951
.94861787557602
.9712194999059
.9190243879954
.90130082766215
.89382114013036
.97008130947749
.9320325255394
.9409756064415
.9780487815539
.98617885510127
.96991868813833
.98650407791138
.95300813515981
.9320325255394
.9495934844017
.99203252792358
.90780486663183
.92373985052109
.9530081152916
1.168617884318
.91934961080551
.92699187994003
.99512195587158
.94699186086655
.96130079030991
.98715448379517
.95658536752065
.91918698946635
1.06926826636
.93365854024887
.90439025561015
.93577235937119
.99853658676147
.94243901968002
.99008131027222
1.0250406265259
1.0279674530029
.98991870880127
.98439023892085
1.0356097221375
1.0286178588867
1.0253658294678
1.0039024353027
1.0082926750183
.94829267263412
.95723575353622
.9746341307958
.9598373969396
.9687804778417
1.0190243721008
.98585365215937
.95967479546865
.98195121685664
.95447152853012
.94162601232529
.95999999841054
.94666665792465
1.0011382102966
.97772357861201
.91447154680888
.98504064480464
1.0045528411865
.94796746969223
.96894307931264
.98861789703369
.9873170653979
.95317071676254
.98617887496948
.93967479467392
.96097558736801
.96146341164907
.95186990499496
.99707317352295
.98439023892085
.92276422182719
.98325204849243
.98943090438843
.9100813070933
.95186992486318
.97089431683222
.94178861379623
.92959350347519
.99804878234863
1.0652032295863
.93219512701035
1.0861788988113
1.0237398147583
.99073171615601
.99804878234863
.96113820870717
.95008128881454
.94455283880234
.95382112264633
.95268293221792
.94227641820908
.94048780202866
1.0003252029419
.90373982985814
.97138210137685
.97788618008296
.94829267263412
.95756095647812
.92536584536235
1.0178861618042
.97430894772212
.95804878075918
.92146342992783
.9526829123497
.93999999761581
.97382114330928
1.0517073074977
.9069918791453
1.0484552383423
1.0045528411865
.91414634386698
.92504066228867
.94975608587265
.96845529476802
.99772357940674
.96081300576528
.94292682409286
.95235770940781
.94292682409286
.88292682170868
1.0372357368469
.97593496243159
1.0289430618286
.97739837567012
.90146340926488
1.0113821029663
.96227639913559
.99186992645264
.99967479705811
.99284553527832
.97886178890864
.96341462930044
.94796748956045
.93642276525497
1.0022764205933
.9554471373558
.98357725143433
.98065042495728
.99528455734253
.94520324468613
.97739837567012
.98634147644043
.98747968673706
1.0295934677124
.94780486822128
.97040651241938
.9258536696434
.95056909322739
1.0149593353271
.94422763586044
.95024389028549
.95869916677475
.92032519976298
.97723577419917
.98308942715327
.9725203315417
.96878049770991
.9557723402977
.93821138143539
.97056911389033
.93691056966782
1.0029268264771
.93934959173203
.91560975710551
.98113822937012
.98422765731812
.9882926940918
1.0113821029663
.9725203315417
1.0045528411865
.94943088293076
.986991862456
.96032520135244
.98536586761475
1.0317072868347
.91886178652445
1.0084552764893
.97203250726064
.93756097555161
1.0209755897522
.99528455734253
.98666667938232
.9972357749939
.94861787557602
.94910567998886
.9972357749939
.96487804253896
.95414632558823
.96113820870717
.95772355794907
.97430894772212
1.0169105529785
.9882926940918
.9437398314476
.92650407552719
.95788617928823
.99186992645264
.92910569906235
.94991870721181
1.0198373794556
.95853658517202
1.0100812911987
1.0104064941406
1.0427641868591
.97918701171875
1.0068292617798
.95756095647812
.98390243450801
.98146343231201
.90959350268046
.92097562551498
1.0013008117676
.9790244102478
.993821144104
.93008130788803
.96487806240718
.94585365056992
.95463413000107
1.0393495559692
.92910569906235
.9468292593956
1.0130081176758
.99333333969116
1.0011382102966
.9406504034996
.9258536696434
.99317073822021
.88829267024994
.96243902047475
1.0040650367737
.98341464996338
.99073171615601
1.0065040588379
.99186992645264
.9530081152916
.95398372411728
.97886180877686
.98325202862422
1.0284552574158
.95837398370107
.95430892705917
.91902440786362
.9104065100352
.96341462930044
.91967479387919
.9317073225975
1.0102438926697
.94357722997665
1.0035772323608
.98845529556274
.98650405804316
1.0151219367981
.96585365136464
.98048782348633
.97869918743769
1.0253658294678
.97886178890864
1.036910533905
1.0652032295863
1.0139837265015
1.0526829163233
.95154470205307
.95821138223012
.94666665792465
.94991870721181
.96682928005854
.97170730431875
.97577236096064
.91853660345078
.93804877996445
.97756097714106
.96650403738022
.95040649175644
.90764228502909
.92439025640488
.93739837408066
1.0328454971313
.97365856170654
1.003089427948
.91365855932236
.91642276446025
.98130083084106
.99170732498169
.95951217412949
.95642274618149
.92813009023666
.96146341164907
.90764226516088
.97268293301264
.98569105068843
.99821138381958
.94276422262192
.88861787319183
.96439023812612
.97284553448359
.92991870641708
.93723577260971
.98650407791138
.96211381753286
.97008128960927
.90146340926488
1.1408129930496
1.0162601470947
.98195123672485
.96796747048696
.9824390411377
.9783739844958
.99317073822021
.9756097594897
.96325202782949
.90861789385478
.8785365819931
.93382114171982
.95365852117538
.94243901968002
.97626016537348
.97642276684443
.91756099462509
.93934959173203
1.006178855896
.93414634466171
.95447154839834
.93756097555161
.95447152853012
.95235770940781
.96780486901601
.93235772848129
.97821138302485
.99430894851685
.93658536672592
.96731706460317
.98292684555054
.92065042257309
.91398374239604
.92878049612045
.97024389108022
.97512195507685
.93528455495834
.99040651321411
.96552844842275
.95463413000107
.98439023892085
.96406503518422
.97235773007075
.97008128960927
.99186992645264
.9941463470459
.94878047704697
1.0380487442017
.96081298589706
1.0089430809021
.96130083004634
.95967477560043
.94861787557602
.93073171377182
.98910570144653
.94747966527939
.98097560803095
.98601627349854
.94504064321518
.98666667938232
.94325202703476
.96861789623896
.94666665792465
.96016258001328
.94146341085434
.99203252792358
.96243900060654
1.0073170661926
.94357722997665
1.0104064941406
.96455283959707
.9261788725853
.95837398370107
.95512193441391
.97121951977412
.95121949911118
.93382114171982
.89658536513646
.92813009023666
.91772357622782
.9725203315417
.90471543868383
.94813007116318
.9536585410436
.94195121526718
1.0343089302381
.97349594036738
1.0243902206421
.92634145418803
.99886178970337
.97300815582275
.9684552748998
.96634145577749
.96861787637075
.92504064242045
.93886178731918
.95495933294296
.97138214111328
.96178861459096
.96130081017812
.98552844921748
.96731708447138
.96813007195791
.9045528570811
.98715446392695
.94747966527939
.95008128881454
.97886180877686
.91723577181498
.97756099700928
.97349594036738
.97804880142212
.95349591970444
.94552844762802
.94178861379623
.93528455495834
.95674794912338
.93951219320297
.92455283800761
.97284553448359
.95626014471054
.94796746969223
1.0139837265015
.96260160207748
.94260162115097
.96569106976191
.95089429616928
.91674794753393
.93284553289413
.93121951818466
.93691056966782
1
.88699185848236
.9227642416954
.93707317113876
.93626016378403
1.0291056632996
.97186990578969
.97658534844716
.99203250805537
.97382114330928
.94601625204086
.99544715881348
.92715448141098
.94292682409286
.94325202703476
1.0426015853882
.98536586761475
.96747968594233
.97430894772212
1.0089430809021
1.0016260147095
.90845529238383
.98569107055664
.97138212124507
.94178861379623
.9378861784935
.96341462930044
.93642276525497
.95219510793686
.87317073345184
.99252033233643
.89382114013036
.99154472351074
.96894309918086
.95626014471054
.9230894446373
.92666667699814
.96178861459096
.97577236096064
.94926828145981
.96845529476802
.9595121939977
.93560975790024
.9626016219457
.98032520214717
.98390245437622
.93349593877792
.93821138143539
.9014634291331
.94585367043813
.99186992645264
.89804877837499
.97349594036738
.99284553527832
.96617885430654
.95788617928823
.92715448141098
1.0354471206665
1.0146341323853
.95934957265854
.95495933294296
.95317073663076
.94081300497055
.98845529556274
.93658536672592
.98504066467285
.94731706380844
.95691057046254
.94016259908676
.96048780282338
.86569106578827
.98601627349854
.91983741521835
.9499186873436
.97479675213496
.95073169469833
.9734959602356
.92504066228867
.94569104909897
.96081300576528
.94146341085434
1.0013008117676
.92666667699814
.99479675292969
.96585363149643
.95544715722402
.91544717550278
.93528455495834
.990081290404
.99951219558716
.93414634466171
.91170734167099
.9526829123497
.99479675292969
.95040649175644
.97414634625117
.91902440786362
.96487804253896
.95138210058212
.93691056966782
.95528453588486
.94178861379623
.96195121606191
.88357722759247
.92829269170761
.89983739455541
.993821144104
.97609756390254
.89642276366552
.96113818883896
.96211381753286
.9557723402977
.97479675213496
.94894309838613
.92878049612045
.98731708526611
.91918700933456
.93495935201645
.99300813674927
.90292682250341
.93284553289413
.95788615942001
.95528455575307
.9499186873436
.92211383581161
.95739837487539
1.0102438926697
.98536586761475
.96081300576528
.96406501531601
.90569104750951
.97999999920527
.95512195428212
.92829269170761
.94634145498276
.9653658469518
.92975610494614
.9567479689916
.96520324548086
1.0097560882568
.94276424249013
.90000001589457
.95707317193349
1.033983707428
.89804877837499
.96764228741328
.9317073225975
.9588617682457
.98292684555054
.88048779964447
.97788618008296
.91430894533793
.97609756390254
.9588617682457
.91577237844467
.98585367202759
.95837398370107
.97268291314443
.96878049770991
.94341462850571
.96276422341665
.94178861379623
.92601627111435
.98747968673706
.97999999920527
1.0125203132629
.97317073742549
.97788618008296
.96390245358149
.87317073345184
.93869918584824
1.0146341323853
.92292684316635
.97040651241938
.97138212124507
.98455284039179
.94292682409286
.96097558736801
.90178861220678
1.0076422691345
.93219512701035
.86845529079437
.94292682409286
.91512195269267
.90926829973857
.91186992327372
.97333333889643
.94747966527939
.89756097396215
.93577235937119
.97008130947749
.96650405724843
.97268291314443
.97739837567012
.93414634466171
.93626016378403
.96195121606191
.99512195587158
1.0118699073792
.95853658517202
.96926830212275
.96032520135244
.9317073225975
.9793496131897
.9656910498937
.97642276684443
.93560975790024
.90780488650004
.95609754323959
.94634145498276
.98097562789917
.96601627270381
1.0056910514832
.94861787557602
.99463415145874
.91073171297709
.93739837408066
.96406503518422
1.0294308662415
.94016259908676
.91300813357035
.94666665792465
.92878049612045
.95349591970444
.91723577181498
.92373985052109
.99983739852905
.9001625974973
.94975610574086
.97235773007075
.95479673147202
.98439025878906
.92829269170761
.95056909322739
.97642278671265
.90032519896825
.98699188232422
.93008130788803
.90195119380951
.93869918584824
.89804875850677
.9138211607933
.98878049850464
.88959348201752
.91788617769877
.90373984972636
.96634145577749
.96585367123286
.91430896520615
.96650405724843
.94731706380844
.98699188232422
.97349594036738
.99089431762695
1.0377235412598
.90211381514867
.94227641820908
.94341462850571
.88747968276342
.91447154680888
.89121949672699
.89902438720067
.91804877916972
.93739837408066
.9131707350413
.9440650343895
.9656910498937
.94796746969223
.91967481374741
.86000001430511
.94552844762802
.93235772848129
.96373983224233
.89398374160131
.98162603378296
1.033821105957
.9409756064415
.90178861220678
1.0048780441284
.93008130788803
.94276422262192
.95512195428212
.91138211886088
.90341462691625
.94845527410507
.9069918791453
.89691056807836
.89398372173309
.9011382261912
.96747968594233
.93691056966782
.96162601312002
.96878049770991
.89528453350067
.93723577260971
.92260162035624
.92910569906235
.94975608587265
.9261788725853
.90146340926488
.96097560723623
.94634147485097
.94325202703476
.91804879903793
.9465040564537
.94780486822128
.89235772689184
.93804877996445
.93089431524277
.94439023733139
.96390241384506
.91544715563456
.92878049612045
.89544715483983
.94016259908676
.96178861459096
.93317073583603
.93382114171982
.92878049612045
.87382113933563
1.0440649986267
.93430894613266
.9347967505455
.90325200557709
.99495935440063
.91512195269267
.95837396383286
.93707317113876
.97138212124507
.97300813595454
.89512193202972
.95967477560043
.95170730352402
.87723577022552
.97593494256337
.92422765493393
.9409756064415
.98943090438843
.96178861459096
.93349593877792
.95609754323959
.94536584615707
.93593496084213
.95365852117538
.96130081017812
.9320325255394
.93495935201645
.90894309679667
.94260162115097
.90292682250341
.94487804174423
.88959348201752
.93268293142319
.91268293062846
.93463414907455
.98861789703369
.9499186873436
.94081300497055
.91349595785141
1.0217886368434
1.0248780647914
1.01918699344
.9042276541392
.90943092107773
.87999999523163
.93951219320297
.93186992406845
.90617887179057
.96666665871938
.87528455257416
.90097560485204
.96357723077138
.95691055059433
.8977235754331
.91317075490952
.96617887417475
.94861787557602
.88065040111542
.91593497991562
.93235772848129
.8609756231308
.94341462850571
.91788617769877
.90569104750951
.91024390856425
.97658536831538
.94764226675034
.95430892705917
.95089429616928
.91089431444804
.92439025640488
.90943090120951
.93674796819687
.87560975551605
.93869918584824
.89138209819794
.91886180639267
.9508943160375
.90439023574193
.99186992645264
.87934958934784
.89707314968109
.86341464519501
.8421138326327
.85577237606049
.91756097475688
.96764226754506
.94243901968002
.92682927846909
.9203252196312
.96991870800654
.94617885351181
.90032519896825
.89300811290741
.9200000166893
.8668292760849
.9508943160375
.92097560564677
.97235773007075
.86292684078217
.89837398131688
.91414634386698
.90585366884867
.87186992168427
.85853660106659
.9159349600474
.91902440786362
.9526829123497
.89333333571752
.91788617769877
.91853660345078
.88764228423437
.96601625283559
.91447154680888
.90162603060404
.90699185927709
.9261788725853
.92406505346298
.87967479228973
.91804879903793
.95934957265854
.92943088213603
.94552844762802
.92926830053329
.91772357622782
.90585364898046
.96130079030991
.97333333889643
.96650407711665
.85626018047333
.96926830212275
.93300813436508
.96162601312002
.91951219240824
.90504066149394
.91853660345078
.95024391015371
.91642278432846
.96617885430654
.94325202703476
.9026015996933
.91691056887309
.89642276366552
.89024390776952
.90634147326152
.91918700933456
.90959350268046
.88764226436615
.95999999841054
.93560975790024
.93382114171982
.93300813436508
.92146342992783
.88634145259857
.90308942397436
.93024390935898
.91447154680888
.90130082766215
.87170732021332
.95479673147202
.87284553050995
.92943090200424
.9585365653038
.91447156667709
.88422763347626
.90699185927709
.92975610494614
.9440650343895
.91154470046361
.97837400436401
.96991870800654
.91528455416362
.89707316954931
.95560973882675
.91951221227646
.92813009023666
.88959348201752
.88130080699921
.90910569826762
.92878049612045
.91886180639267
.94113822778066
.9465040564537
.89821137984594
.91365853945414
.9004878004392
.90975610415141
.89658536513646
.85853660106659
.95463414986928
.85349595546722
.88390243053436
.89219510555267
.9104065100352
.8946341474851
.90487804015478
.90113820632299
.91398376226425
.92650407552719
.9172357916832
.91463412841161
.95333331823349
.96943088372548
.85268294811249
.99512195587158
.87024390697479
.93317073583603
.90130080779394
.88813006877899
.90341462691625
.91739839315414
.84146342674891
.84634147087733
.88991868495941
.93902438879013
.93186992406845
.91886180639267
.90715448061625
.97674796978633
.8520325422287
.9042276541392
.94243901968002
.87105691432953
.91056911150614
.90276422103246
.88829269011815
.89756095409393
.95447152853012
.9440650343895
.86861789226532
.90650405486425
.85333335399628
.86276423931122
.93739837408066
.9032520254453
.97121951977412
.95154470205307
.93886178731918
.95170730352402
.92373985052109
.90650405486425
.89853658278783
.88796746730804
.89024390776952
.88552846511205
.95008128881454
.91983741521835
.84943089882533
.84439025322596
.8640650510788
.89999999602636
.92113822698593
.87642276287079
.97317071755727
.88861787319183
.9004878004392
.90682925780614
.92764228582382
.88227641582489
.93040651082993
.92146342992783
.90178861220678
.87121951580048
.95918697118759
.92552846670151
.88861787319183
.92097562551498
.95495933294296
.92227643728256
.91902440786362
.88227641582489
.92325204610825
.91674796740214
.92829269170761
.90715448061625
.85951220989227
.94146341085434
.89707314968109
.93918699026108
.9169105887413
.84260163704554
.93365854024887
.91479676961899
.92699187994003
.85382115840912
.94357722997665
.90211381514867
.95040649175644
.91918700933456
.8816260099411
.87691056728363
.87203252315521
.89170730113983
.89349591732025
.88504064083099
.89999999602636
.87951219081879
.90569106737773
.92650407552719
.8609756231308
.91382114092509
.92390245199203
.90894309679667
.89398374160131
.87902438640594
.82878047227859
.94016259908676
.92178863286972
.91918700933456
.87203252315521
.92048780123393
.88341462612152
.92975610494614
.91593497991562
.87008130550385
.85544717311859
.9635772506396
.94146341085434
1.0326828956604
.96959348519643
.9066666563352
.85138211647669
.85284554958344
.92081302404404
.90764228502909
.87414634227753
.90975610415141
.83560975392659
.9026015996933
.88487803936005
.9066666563352
.89902438720067
.91707317034403
.88341462612152
.93349593877792
.85626018047333
.90991870562236
.90341462691625
.89983739455541
.94731706380844
.86861789226532
.90390243132909
.8964227437973
.83626013994217
.87008130550385
.89463412761688
.87707316875458
.90081300338109
.87056910991669
.89138209819794
.88552844524384
.8785365819931
.83999999364217
.93772357702255
.90504066149394
.95235772927602
.98910570144653
.89219510555267
.86471545696259
.85821137825648
.869593501091
.89235770702362
.91024390856425
.90487806002299
.89219510555267
.95999997854233
.9622764190038
.99495935440063
1.0993496179581
.94894307851791
.9131707350413
.95333331823349
1.0014634132385
.94699186086655
.97739837567012
.99642276763916
.98065042495728
1.0115447044373
.96813009182612
.97902439037959
1.0533333222071
.99398374557495
.97300813595454
.92731708288193
.98910570144653
.9879674911499
.99333333969116
.96601625283559
1.0336585044861
.97853660583496
.95479673147202
1.0478048324585
.97414634625117
1.021463394165
.95934957265854
.98715448379517
1.0175609588623
1.0022764205933
1.0162601470947
.99886178970337
.97268293301264
1.0107316970825
.97804880142212
.9598373969396
1.0017886161804
.99089431762695
.95902436971664
1.0356097618739
1.073658545812
1.0465040206909
.96065040429433
1.0047154426575
.96097560723623
1.0130081176758
.97658534844716
1.0547967354457
1.018536567688
.96471546093623
.97349594036738
.98715448379517
1.0141463279724
1.0375609397888
1.0229268074036
.99560976028442
.99056911468506
.96276422341665
.96829269329707
1.0341463088989
.99349594116211
.97999999920527
1.0097560882568
1.009105682373
1.0203251838684
1.0086178779602
.97495935360591
1.0235772132874
.91658538579941
1.0208129882812
1.0312194824219
1.0105690956116
.99170732498169
.9526829123497
1.0326828956604
1.0048780441284
1.0143089294434
.99869918823242
1.0009756088257
1.0616259972254
1.030731678009
1.0074796676636
1.0071544647217
1.0265040397644
.98195123672485
.98373985290527
1.0199999809265
.95918699105581
1.0266666412354
1.0720325311025
.99203252792358
.99284553527832
1.0107316970825
1.0518699089686
1.0333333015442
1.0240650177002
1.059837381045
.99577234188716
.96926830212275
1.0360975265503
1.0284552574158
1.0791870355606
.98113822937012
1.0043902397156
1.0026016235352
1.0035772323608
1.1473170518875
1.0702439149221
1.0382113456726
1.0165853500366
.97609758377075
1.0305690765381
1.018536567688
1.047642270724
1.0008130073547
1.0115447044373
1.0112195014954
.98894309997559
1.0508943001429
1.0876423120499
1.021625995636
1.0069918632507
1.0318698883057
1.0383739471436
1.0860162973404
1.061138232549
1.044552842776
1.0565853516261
1.084065079689
1.030731678009
1.0788617928823
1.0741463502248
1.0934959252675
1.1032520135244
1.0239024162292
1.0868292649587
1.1087804635366
1.0681300957998
1.0718699296316
1.0800000031789
1.047479669253
1.0531707604726
1.0923577149709
1.1570731798808
1.0910569032033
1.0573983987172
1.1520325342814
1.1120324929555
1.1443902254105
1.1204877694448
1.1414633989334
1.136585354805
1.0969105561574
1.1154471238454
1.1011381944021
1.1281300385793
1.1378861665726
1.0634146531423
1.1349593003591
1.1235771973928
1.1541463534037
1.116585334142
1.1786992152532
1.1169105370839
1.1671544710795
1.1250406106313
1.1541463534037
1.1465040445328
1.173170765241
1.1534959475199
1.1739837725957
1.1642276843389
1.2273170550664
1.145853638649
1.1891056696574
1.1904065211614
1.2141463756561
1.2063414653142
1.1593495607376
1.1801625887553
1.1782113711039
1.1786991755168
1.2653658390045
1.2401626110077
1.2276422977448
1.2037398815155
1.2234146595001
1.2878048419952
1.2227642536163
1.2461788654327
1.2401626110077
1.3006503979365
1.2281301021576
1.2652032375336
1.3372358083725
1.2796747684479
1.3318699200948
1.3066666523616
1.2478048801422
1.3069918553034
1.3469918568929
1.2839024464289
1.2879674832026
1.314634124438
1.3365853230158
1.2676422993342
1.3011382023493
1.3413008054097
1.3172357479731
1.420162598292
1.3468292951584
1.2645528316498
1.3401625951131
1.3455284436544
1.3601626157761
1.3471544981003
1.3534959157308
1.4351219336192
1.3048780361811
1.3439023892085
1.3842276732127
1.3830894629161
1.4068292776744
1.3772357702255
1.3502438863118
1.4313820997874
1.3401625553767
1.292845527331
1.3531707127889
1.3814634482066
1.3286178509394
1.3099186817805
1.3186991612116
1.3198373715083
1.3242276112239
1.3112194935481
1.3508942921956
1.3138211568197
1.3551219304403
1.2827642361323
1.3551219304403
1.3107316891352
1.2723577419917
1.2634146610896
1.2613008419673
1.2600000301997
1.2817886273066
1.2640650669734
1.2458536624908
1.2891056934992
1.2112194697062
1.2177235682805
1.1817886034648
1.2087804873784
1.1863414446513
1.1734959284465
1.159512201945
1.1960975329081
1.1526829401652
1.1491057078044
1.1217886209488
1.0821138223012
1.1860162417094
1.0773983796438
1.1372357606888
1.0874797105789
1.1923577388128
1.0819512605667
1.0224390029907
1.0159349441528
1.0977236032486
1.0936585664749
1.0385365486145
1.0772358179092
1.0733333826065
1.0349593162537
1.018536567688
1.0741463502248
1.0401626030604
1.0396747589111
.99674797058105
.96699186166128
1.0165853500366
1.0352845191956
1.0645528634389
1.0391869544983
1.0100812911987
1.0013008117676
1.0819512605667
1.006178855896
1.0029268264771
1.0531706809998
1.0133333206177
1.0165853500366
1.0806504487991
1.0094308853149
.996910572052
.96715448300044
1.0256910324097
.95642274618149
1.0560975074768
1.0720325708389
.99853658676147
1.0146341323853
1.0343089103699
.97089433670044
1.1486178636551
.99772357940674
1.046178817749
.97918701171875
1.0372357368469
.9972357749939
1.018536567688
1.0282926559448
1.0097560882568
1.0803252458572
1.0419511795044
1.0252032279968
.98747968673706
1.0487804412842
1.04634141922
1.0196747779846
.99479675292969
1.0463414589564
1.0373983383179
1.0195121765137
1.0634146531423
1.0082926750183
.99447154998779
1.0645528237025
1.0001626014709
.94878047704697
1.0424390236537
1.0173983573914
1.0419511795044
1.0273170471191
1.021463394165
1.0533332824707
.99512195587158
1.0424389839172
.97723577419917
1.0263414382935
1.0078048706055
1.0139837265015
1.0554471413294
1.0295934677124
1.0448780059814
1.0299186706543
1.0151219367981
1.012195110321
1.0482926368713
.99609756469727
1.0564227898916
.98048780361811
1.0310568809509
1.027642250061
1.0284552574158
1.0164227485657
1.0634146134059
1.0408129692078
1.0552845398585
1.0008130073547
.996910572052
1.0014634132385
1.0196747779846
1.0560975472132
1.0357723236084
1.0250406265259
1.0221138000488
.95430892705917
1.0169105529785
.99821138381958
1.0661788781484
1.0261788368225
.98731708526611
1.0279674530029
.95691055059433
.95528455575307
.99886178970337
.95463414986928
1.0078048706055
1.0134959220886
1.0217885971069
1.0211381912231
1.0398373603821
.98943090438843
1.0175609588623
1.0014634132385
1.0224390029907
1.0045528411865
1.021463394165
1.0390243530273
1.0256910324097
.98130083084106
.99788618087769
.99219512939453
.99837398529053
1.0362601280212
1.0138211250305
1.0814634561539
.98292684555054
1.0491056442261
.98227643966675
1.0250406265259
1.0253658294678
1.1200000047684
.98422765731812
1.0177235603333
.9691057006518
1
.99252033233643
1.0352845191956
.98682928085327
1.0134959220886
1.0255284309387
1.0141463279724
.99365854263306
1.0107316970825
1.0104064941406
1.0013008117676
1.0143089294434
1.006016254425
1.0126829147339
1.0084552764893
1.033821105957
1.03089427948
1.015284538269
.99577236175537
1.0645528634389
.96178859472275
.96699186166128
.99886178970337
1.0271544456482
1.0435772339503
.99869918823242
.98276424407959
1.0047154426575
.99577236175537
1.0689431031545
.9437398314476
.97203252712886
1.0156097412109
1.0170731544495
.98617887496948
.97447156906128
1.0253658294678
1.0045528411865
1.0001626014709
1.050569097201
1.027642250061
.99186992645264
.95869918664296
.96666665871938
1.0484552780787
1.0733333428701
.94162601232529
.94715446233749
1.0346341133118
1.0102438926697
.99918699264526
1.0149593353271
.94276422262192
1.0050406455994
1.0226016044617
1.0334959030151
1.0120325088501
1.0317072868347
1.0147967338562
1.0198373794556
.98959350585937
.9663414756457
1.0204877853394
1.0299186706543
.97886178890864
1.0089430809021
1.0157723426819
1.018373966217
1.0076422691345
1.0164227485657
.98455286026001
.96780486901601
.99658536911011
.99252033233643
1.1188617944717
1.0209755897522
.9972357749939
.9824390411377
1.0115447044373
1.0042276382446
1.1066666841507
1.0486178398132
.97349592049917
.94536584615707
1.0211381912231
.96975610653559
1.0302438735962
1.0404877662659
1.0053658485413
1.0569105148315
1.0160975456238
.99853658676147
1.0078048706055
1.0076422691345
1.0227642059326
1.0419511795044
.98536586761475
1.0133333206177
.97138212124507
.97463417053223
.96634145577749
1.024552822113
.97024389108022
1.0611381928126
.97821140289307
.98455286026001
1.0440649986267
1.0512195030848
.98715448379517
1.0011382102966
.99902439117432
.993821144104
1.0032520294189
1.0640650192897
1.0715447664261
.96113818883896
.9526829123497
1.0634146134059
.98747968673706
1.0450406074524
.98325202862422
.95577236016591
.97398374478022
1.0141463279724
1.0180487632751
.97414634625117
1.049430847168
.94617885351181
1.0297560691833
1.0300812721252
1.0131707191467
.9962601463
.97739837567012
1.0117073059082
1.012195110321
.95626014471054
.99430894851685
.94601625204086
.98227643966675
.99544715881348
.99365854263306
1.0263414382935
.99577236175537
.97186992565791
1.0112195014954
1.0081300735474
1.0058536529541
1.0603252251943
1.0037398338318
.95463413000107
1.0065040588379
.98780488967896
.96341462930044
1.033821105957
.95804878075918
.99479675292969
.9882926940918
1.0081300735474
.98422765731812
.9783739844958
.99333333969116
1.0050406455994
1.0733333428701
.98130081097285
1.033821105957
1.0647154649099
1.0424389839172
.996910572052
.98048782348633
1.0039024353027
.97447154919306
.98211381832759
.98650407791138
.99495935440063
.95479673147202
.9848780632019
1.0117073059082
.94617885351181
.98975610733032
.98634147644043
1.0034146308899
.94113820791245
1.0134959220886
.97317073742549
1.027642250061
.97300813595454
1.0058536529541
.93430894613266
.99121952056885
1.0034146308899
.97723579406738
.93414634466171
1.0274796485901
.96471546093623
1.0378861427307
1.0074796676636
.98731708526611
1.0160975456238
.93967479467392
1.0235772132874
1.0035772323608
.96585365136464
1.0095934867859
.98341464996338
.99398374557495
1.0009756088257
1.0162601470947
1.0055284500122
.98943090438843
.97609754403432
.98926830291748
1.0040650367737
1.0414633750916
.96682926019033
1.0130081176758
1.0572357575099
.98406505584717
1.0026016235352
.95593494176865
.96146339178085
.97739839553833
.98552844921748
1.0177235603333
.98617887496948
1.0507316589355
1.0167479515076
1.0143089294434
1.0108942985535
1.0429268280665
1.0619512001673
1.0069918632507
1.0170731544495
.9465040564537
1.0609755913417
1.0404877662659
1.027642250061
.99138212203979
.95544715722402
.97739837567012
1.018536567688
.95609754323959
.94146341085434
.96032518148422
.98634147644043
1.0113821029663
.96097560723623
1.0569105148315
.97121951977412
1.0495934883753
.96796749035517
.9910569190979
1.0252032279968
1.0045528411865
.99398374557495
.9762601852417
.98747968673706
.9941463470459
.94878047704697
.99756097793579
.9752845565478
.9852032661438
1.0250406265259
1.0265040397644
1.0582113663356
.97300811608632
1.0201625823975
.9653658469518
.97105691830317
.99626016616821
1.0273170471191
1.003089427948
.98195123672485
1.0099186897278
1.0136585235596
1.0354471206665
.99544715881348
.95105691750844
.97658538818359
1.0022764205933
.93430894613266
.98764228820801
1.0365853309631
1.0416259765625
1.0419511795044
.98601627349854
1.0115447044373
1
1.0173983573914
1.0250406265259
1.015284538269
1.0273170471191
1.015284538269
1.0139837265015
.97056911389033
.97853658596675
.99804878234863
.98016260067622
1.0230894088745
.96243902047475
1.0095934867859
1.03089427948
.96373981237411
1.0047154426575
1.006178855896
.99707317352295
.97821138302485
1.0517073074977
1.0221138000488
.9530081152916
.9793496131897
1.0157723426819
.97918699185053
1.0017886161804
1.065691113472
.99089431762695
.97626016537348
1.0004878044128
1.0130081176758
1.0204877853394
.99658536911011
1.0500812530518
1.015284538269
.93333333730698
.96406503518422
1.0180487632751
.96959350506465
1.0081300735474
.9821138381958
1.1047154664993
1.0182113647461
1.0294308662415
1.0347967147827
.95219510793686
.95528453588486
1.0094308853149
.96617885430654
.96861787637075
.95902436971664
.99430894851685
.93739837408066
1.0118699073792
.99268293380737
1.0003252029419
1.018373966217
1.0045528411865
1.0128455162048
.99528455734253
1.0195121765137
1.0421137809753
.98731708526611
1.0347967147827
.98016260067622
1.059837381045
.99268293380737
.9972357749939
1.0546341339747
1.0110569000244
.95040649175644
.96943088372548
1.0128455162048
1.0199999809265
.95186990499496
.97707319259644
1.0281300544739
.98601627349854
1.0536584854126
1.0016260147095
.97284553448359
1.0126829147339
1.0076422691345
1.0359349250793
1.0274796485901
.95853658517202
1.0004878044128
.97967481613159
1.0138211250305
.97186992565791
1.018536567688
.98000001907349
.96504066387812
.98406505584717
.93626016378403
1.0003252029419
1.0476422309875
.98585365215937
.96926830212275
1.0117073059082
1.0528454780579
1.0198373794556
1.0364227294922
1.0478048324585
1.0053658485413
1.0170731544495
.99934959411621
.99577236175537
.99284553527832
.96813007195791
.98032522201538
.93983739614487
.95170730352402
.99642276763916
.99300813674927
1.0226016044617
1.0063414573669
.94666665792465
.9852032661438
.99349594116211
1.0084552764893
.98260164260864
.95983737707138
1.0328454971313
1.0234146118164
.99203252792358
.99951219558716
.9113821387291
1.0177235603333
1.0128455162048
1.0273170471191
.97886178890864
1.0265040397644
.94764226675034
1.0027642250061
.94292682409286
.98943090438843
.99512195587158
.99349594116211
1.0182113647461
.99479675292969
1.0118699073792
1.0375609397888
.97577238082886
1.0141463279724
1.0422764221827
.97138212124507
.95089429616928
1.0286178588867
1.0097560882568
1.0043902397156
1.0224390029907
1.0269918441772
1.0110569000244
.95918697118759
1.0032520294189
.97983739773432
.96308940649033
1.0603251854579
.99886178970337
.95008128881454
1.0380487442017
.93837398290634
.96341462930044
1.0266666809718
1.018536567688
.9852032661438
1.0328454971313
.96390243371328
.98780488967896
.96390241384506
.98682928085327
1.0128455162048
.99089431762695
1.0232520103455
.99869918823242
.97349592049917
.95707315206528
.95902436971664
1.0208129882812
.98146343231201
1.0172357559204
1.0468292236328
.95999997854233
1.0097560882568
.98682928085327
.94048780202866
1.0469918648402
.95739835500717
.94357722997665
.98991870880127
.97463415066401
1.0173983573914
.99609756469727
.97154472271601
.96292682488759
.97951221466064
1.0331707000732
.9910569190979
.99902439117432
.95398374398549
.99609756469727
.96243902047475
.99772357940674
.9752845565478
.9848780632019
.9752845565478
1.0203251838684
.93658536672592
1.0068292617798
.92292684316635
.95626014471054
.95609754323959
1.0066666603088
1.012357711792
1.0613007942835
.96471546093623
.98731708526611
.97495935360591
.96357723077138
.9406504034996
.92178861300151
1.021463394165
1.0056910514832
.95821136236191
1.0055284500122
.98943090438843
.99479675292969
.98032520214717
.94211381673813
.98617887496948
.96585365136464
.99967479705811
.98536586761475
.95105689764023
.98406503597895
1.0071544647217
.96487804253896
.94162601232529
.94081300497055
.98585367202759
.93707317113876
.98682928085327
.97024391094844
.95089429616928
.96991870800654
.99853658676147
1.0211381912231
.97056911389033
.99235773086548
1.0086178779602
.93642276525497
.98910570144653
.99219512939453
1.0076422691345
.94390243291855
.97463415066401
.97056911389033
1.0066666603088
.93495935201645
.93837398290634
.99560976028442
.97886180877686
.95593494176865
1.0578861633937
.91593497991562
.97463415066401
.96439023812612
1.006016254425
.98991870880127
.90276424090068
.93447154760361
.99902439117432
.9653658469518
.99008131027222
.97268293301264
.95626014471054
1.0032520294189
.90617887179057
.96097558736801
.93626016378403
1.0226016044617
.98357723156611
.95707317193349
.99756097793579
.97821140289307
.97024391094844
1.0252032279968
.93902438879013
.99707317352295
.98065040508906
.95934957265854
.99983739852905
.93918699026108
.89593493938446
.9687804778417
1.0203251838684
.91772357622782
.91886180639267
.98780486981074
.98682926098506
.91073171297709
.98260164260864
.96520322561264
.97642278671265
.99642276763916
.97040651241938
.96097560723623
.96731708447138
.97479675213496
1.0035772323608
.98308944702148
1.0450406074524
.94878047704697
.96162601312002
.88991868495941
.96894307931264
.93837398290634
.98536586761475
1.0221138000488
.96796749035517
.94845527410507
.97642276684443
.98943090438843
.96422763665517
.90747966368993
.97707317272822
.95918697118759
1.0034146308899
.94764228661855
.97999999920527
.95577236016591
.99495935440063
.94341462850571
.97479675213496
.99186992645264
.9756097594897
.95512193441391
.98000001907349
.95333331823349
.97951221466064
.9824390411377
.93089431524277
.93804877996445
.95105691750844
.98000001907349
.9879674911499
.95105689764023
.92048782110214
.93902438879013
.95284551382065
.95154470205307
.94325202703476
1.006178855896
.95837398370107
.95024389028549
.95300813515981
.99707317352295
.91658536593119
.92455283800761
.99349594116211
.93300813436508
.97414634625117
.95398374398549
.97983739773432
.91365855932236
.95105689764023
.98260162274043
1.0917073488235
1.0097560882568
.89626016219457
.94764226675034
.98032520214717
1.040162563324
.93739837408066
.95609756310781
.95317071676254
.94162601232529
.97951219479243
.99934959411621
1.0079674720764
.97040651241938
1.0084552764893
.97723579406738
.97707317272822
1.0055284500122
.95073169469833
.92162603139877
.94325202703476
.94634145498276
.96715446313222
.91300813357035
.94081300497055
.9406504034996
.94764226675034
.9437398314476
.96357723077138
.94943088293076
.8943089445432
.92699187994003
.95447154839834
.92113822698593
.99528455734253
.8905690908432
.9378861784935
.94975608587265
.94536586602529
.96243902047475
1.0213007926941
.93593496084213
.96682926019033
.97040651241938
.93398374319077
.881951212883
.92227643728256
.93918699026108
.96422765652339
.90536586443583
.96731706460317
.95967477560043
.91723577181498
.9230894446373
1.0079674720764
.9162601629893
.92910569906235
.97967479626338
.88341462612152
.96146339178085
.90065040191015
.93626016378403
.91528455416362
.88341462612152
.89869918425878
.86504065990448
.8668292760849
.92390245199203
.91333335638046
.93902438879013
.91593497991562
.89788617690404
.95772357781728
.90975608428319
.89886180559794
.87382113933563
.92130080858866
.88813006877899
.96487802267075
.88406505187353
.91642276446025
.89317071437836
.93707317113876
.87739837169647
.89186990261078
.9564227660497
.87235772609711
.8510569135348
.91853658358256
.9035772283872
.9468292593956
.92439025640488
.8520325422287
.89414634307226
.88585364818573
.90146340926488
.94227641820908
.89821135997772
.81967478990555
.89821137984594
.88991868495941
.92341464757919
.8816260099411
.84227643410365
.85593497753143
.84032521645228
.85008130470912
.91463414827983
.90081300338109
.86796748638153
.89317071437836
.85772357384364
.85934960842133
.88731706142426
.86910569667816
.88894307613373
.89626018206278
.9261788725853
.80650407075882
.89349591732025
.90894309679667
.89512193202972
.89674796660741
.82113820314407
.88617885112762
.85268292824427
.89317071437836
.92162603139877
.82081302007039
.85934958855311
.83658534288406
.90829269091288
.88113820552826
.91869918505351
.8380487759908
.83577235539754
.83203250169754
.85853660106659
.86861789226532
.85024390618006
.7988618016243
.83902438481649
.86113822460175
.87073171138763
.80813008546829
.85056910912196
.86422765254974
.83170729875565
.85739837090174
.87821137905121
.83252030611038
.89284553130468
.86439025402069
.82634145021439
.90715448061625
.81560975313187
.80910569429398
0
0
0
0
0
0
0
0
0
0
0
0
0
0
0
0
0
0
0
0
0
0
0
0
0
0
0
0
0
0
0
0
0
0
0
0
0
0
0
0
0
0
0
0
0
0
0
0
0
0
0
0
0
0
0
0
0
0
0
0
0
0
0
0
0
0
0
0
0
0
0
0
0
0
0
0
0
0
0
0
0
0
0
0
0
0
0
0
0
0
0
0
0
0
0
0
0
0
0
0
0
0
0
0
0
0
0
0
0
0
0
0
0
0
0
0
0
0
0
0
0
0
0
0
0
0
0
0
0
0
0
0
0
0
0
0
0
0
0
0
0
0
0
0
0
0
0
0
0
0
0
0
0
0
0
0
0
0
0
0
0
0
0
0
0
0
0
0
0
0
0
0
0
0
0
0
0
0
0
0
0
0
0
0
0
0
0
0
0
0
0
0
0
0
0
0
0
0
0
0
0
0
0
0
0
0
0
0
0
0
0
0
0
0
0
0
0
0
0
0
0
0
0
0
0
0
0
0
0
0
0
0
0
0
0
0
0
0
0
0
0
0
0
0
0
0
0
0
0
0
0
0
0
0
0
0
0
0
0
0
0
0
0
0
0
0
0
0
0
0
0
0
0
0
0
0
0
0
0
0
0
0
0
0
0
0
0
0
0
0
0
0
0
0
0
0
0
0
0
0
0
0
0
0
0
0
0
0
0
0
0
0
0
0
0
0
0
0
0
0
0
0
0
0
0
0
0
0
0
0
0
0
0
0
0
0
0
0
0
0
0
0
0
0
0
0
0
0
0
0
0
0
0
0
0
0
0
0
0
0
0
0
0
0
0
0
0
0
0
0
0
0
0
0
0
0
0
0
0
0
0
0
0
0
0
0
0
0
0
0
0
0
0
0
0
0
0
0
0
0
0
0
0
0
0
0
0
0
0
0
0
0
0
0
0
0
0
0
0
0
0
0
0
0
0
0
0
0
0
0
0
0
0
0
0
0
0
0
0
0
0
0
0
0
0
0
0
0
0
0
0
0
0
0
0
0
0
0
0
0
0
0
0
0
0
0
0
0
0
0
0
0
0
0
0
0
0
0
0
0
0
0
0
0
0
0
0
0
0
0
0
0
0
0
0
0
0
0
0
0
0
0
0
0
0
0
0
0
0
0
0
0
0
0
0
0
0
0
0
0
0
0
0
0
0
0
0
0
0
0
0
0
0
0
0
0
0
0
0
0
0
0
0
0
0
0
0
0
0
0
0
0
0
0
0
0
0
0
0
0
0
0
0
0
0
0
0
0
0
0
0
0
0
0
0
0
0
0
0
0
0
0
0
0
0
0
0
0
0
0
0
0
0
0
0
0
0
0
0
0
0
0
0
0
0
0
0
0
0
0
0
0
0
0
0
0
0
0
0
0
0
0
0
0
0
0
0
0
0
0
0
0
0
0
0
0
0
0
0
0
0
0
0
0
0
0
0
0
0
0
0
0
0
0
0
0
0
0
0
0
0
0
0
0
0
0
0
0
0
0
0
0
0
0
0
0
0
0
0
0
0
0
0
0
0
0
0
0
0
0
0
0
0
0
0
0
0
0
0
0
0
0
0
0
0
0
0
0
0
0
0
0
0
0
0
0
0
0
0
0
0
0
0
0
0
0
0
0
0
0
0
0
0
0
0
0
0
0
0
0
0
0
0
0
0
0
0
0
0
0
0
0
0
0
0
0
0
0
0
0
0
0
0
0
0
0
0
0
0
0
0
0
0
0
0
0
0
0
0
0
0
0
0
0
0
0
0
0
0
0
0
0
0
0
0
0
0
0
0
0
0
0
0
0
0
0
0
0
0
0
0
0
0
0
0
0
0
0
0
0
0
0
0
0
0
0
0
0
0
0
0
0
0
0
0
0
0
0
0
0
0
0
0
0
0
0
0
0
0
0
0
0
0
0
0
0
0
0
0
0
0
0
0
0
0
0
0
0
0
0
0
0
0
0
0
0
0
0
0
0
0
0
0
0
0
0
0
0
0
0
0
0
0
0
0
0
0
0
0
0
0
0
0
0
0
0
0
0
0
0
0
0
0
0
0
0
0
0
0
0
0
0
0
0
0
0
0
0
0
0
0
0
0
0
0
0
0
0
0
0
0
0
0
0
0
0
0
0
0
0
0
0
0
0
0
0
0
0
0
0
0
0
0
0
0
0
0
0
0
0
0
0
0
0
0
0
0
0
0
0
0
0
0
0
0
0
0
0
0
0
0
0
0
0
0
0
0
0
0
0
0
0
0
0
0
0
0
0
0
0
0
0
0
0
0
0
0
0
0
0
0
0
0
0
0
0
0
0
0
0
0
0
0
0
0
0
0
0
0
0
0
0
0
0
0
0
0
0
0
0
0
0
0
0
0
0
0
0
0
0
0
0
0
0
0
0
0
0
0
0
0
0
0
0
0
0
0
0
0
0
0
0
0
0
0
0
0
0
0
0
0
0
0
0
0
0
0
0
0
0
0
0
0
0
0
0
0
0
0
0
0
0
0
0
0
0
0
0
0
0
0
0
0
0
0
0
0
0
0
0
0
0
0
0
0
0
0
0
0
0
0
0
0
0
0
0
0
0
0
0
0
0
0
0
0
0
0
0
0
0
0
0
0
0
0
0
0
0
0
0
0
0
0
0
0
0
0
0
0
0
0
0
0
0
0
0
0
0
0
0
0
0
0
0
0
0
0
0
0
0
0
0
0
0
0
0
0
0
0
0
0
0
0
0
0
0
0
0
0
0
0
0
0
0
0
0
0
0
0
0
0
0
0
0
0
0
0
0
0
0
0
0
0
0
0
0
0
0
0
0
0
0
0
0
0
0
0
0
0
0
0
0
0
0
0
0
0
0
0
0
0
0
0
0
0
0
0
0
0
0
0
0
0
0
0
0
0
0
0
0
0
0
0
0
0
0
0
0
0
0
0
0
0
0
0
0
0
0
0
0
0
0
0
0
0
0
0
0
0
0
0
0
0
0
0
0
0
0
0
0
0
0
0
0
0
0
0
0
0
0
0
0
0
0
0
0
0
0
0
0
0
0
0
0
0
0
0
0
0
0
0
0
0
0
0
0
0
0
0
0
0
0
0
0
0
0
0
0
0
0
0
0
0
0
0
0
0
0
0
0
0
0
0
0
0
0
0
0
0
0
0
0
0
0
0
0
0
0
0
0
0
0
0
0
0
0
0
0
0
0
0
0
0
0
0
0
0
0
0
0
0
0
0
0
0
0
0
0
0
0
0
0
0
0
0
0
0
0
0
0
0
0
0
0
0
0
0
0
0
0
0
0
0
0
0
0
0
0
0
0
0
0
0
0
0
0
0
0
0
0
0
0
0
0
0
0
0
0
0
0
0
0
0
0
0
0
0
0
0
0
0
0
0
0
0
0
0
0
0
0
0
0
0
0
0
0
0
0
0
0
0
0
0
0
0
0
0
0
0
0
0
0
0
0
0
0
0
0
0
0
0
0
0
0
0
0
0
0
0
0
0
0
0
0
0
0
0
0
0
0
0
0
0
0
0
0
0
0
0
0
0
0
0
0
0
0
0
0
0
0
0
0
0
0
0
0
0
0
0
0
0
0
0
0
0
0
0
0
0
0
0
0
0
0
0
0
0
0
0
0
0
0
0
0
0
0
0
0
0
0
0
0
0
0
0
0
0
0
0
0
0
0
0
0
0
0
0
0
0
0
0
0
0
0
0
0
0
0
