.81072984139125
.79275598128637
.7924836675326
.80269608894984
.79629629850388
.79765794674555
.80678105354309
.79738561312358
.79779410362244
.79956426223119
.79684094587962
.80283222595851
.80936819314957
.78812634944916
.80228755871455
.80623638629913
.79330064853032
.79357296228409
.80855119228363
.79398149251938
.79003268480301
.79833877086639
.78717319170634
.8007897734642
.80555556217829
.80119826396306
.80255991220474
.80378540356954
.79820261398951
.79697712262472
.80868736902873
.79861110448837
.79915577173233
.79765796661377
.81318082412084
.79466231664022
.80555556217829
.80201524496078
.79520696401596
.80078975359599
.80351306994756
.78758170207342
.79697712262472
.79833879073461
.80487471818924
.80324073632558
.81740196545919
.78758170207342
.80106208721797
.81522329648336
.79711329936981
.79438996315002
.80610022942225
.80119826396306
.79765794674555
.79833879073461
.7947984735171
.79752178986867
.80759803454081
.79724945624669
.80010892947515
.79643245538076
.78744554519653
.80378540356954
.80405773719152
.80215140183767
.79779412349065
.80787036816279
.79942810535431
.81100217501322
.80664487679799
.80310455958048
.8041938940684
.80855119228363
.79547931750615
.80378540356954
.80024508635203
.79765794674555
.82026143868764
.80051741997401
.79752177000046
.8054193854332
.81222766637802
.80800654490789
.80514705181122
.80991284052531
.79643247524897
.80528322855632
.81004899740219
.78853485981623
.81072984139125
.80909585952759
.80078975359599
.80460240443548
.80201524496078
.8123638232549
.80473854144414
.79207517703374
.80405773719152
.80283224582672
.79575163125992
.81617647409439
.80855119228363
.81072984139125
.81413398186366
.80228759845098
.80773419141769
.81549564997355
.80841503540675
.81032133102417
.81821894645691
.8054193854332
.8007897734642
.81086599826813
.80119824409485
.80065359671911
.81467864910762
.80378538370132
.81100217501322
.81495096286138
.80705338716507
.80895968278249
.80446622769038
.80964054663976
.80855119228363
.81631263097127
.80106206734975
.80868734916051
.80814270178477
.79983661572138
.8018790880839
.80324073632558
.79357300202052
.80923203627268
.80923203627268
.80705336729685
.79901961485545
.80827887852987
.80160675446192
.80364922682444
.79724945624669
.79915575186412
.79656863212585
.80228755871455
.80255991220474
.79221133391062
.80528322855632
.7937091588974
.8031045794487
.80895968278249
.79520696401596
.80133442083995
.80596407254537
.79874728123347
.79847494761149
.80569171905518
.81413398186366
.79629629850388
.80119826396306
.81835512320201
.79793030023575
.80215140183767
.81059366464615
.80732572078705
.80364922682444
.81181917587916
.80705338716507
.8123638232549
.81290851036708
.81045750776927
.80882352590561
.81740196545919
.81100219488144
.80092593034108
.80787036816279
.7935729821523
.79983661572138
.80133444070816
.7864923675855
.80092593034109
.80378538370132
.80051743984222
.80691721041997
.79997277259827
.79452613989512
.8032407561938
.81059368451436
.80024508635203
.80732572078705
.80664487679799
.80337689320246
.80024510622025
.80936819314957
.80119824409485
.80160675446192
.81277231375376
.80010894934336
.80174293120702
.81740196545919
.79507080713908
.80732570091883
.81168299913406
.80228757858276
.80487473805745
.8043300708135
.8041938940684
.80160677433014
.8112745086352
.79547929763794
.79534316062927
.80582787593206
.79847494761149
.80991286039352
.80160675446192
.80528322855632
.80514707167943
.80759803454081
.82952070236206
.79711329936981
.80405773719152
.81181917587916
.79915577173233
.80324073632558
.80351306994756
.80555556217829
.80392158031464
.81563180685043
.80283224582672
.8041938940684
.80964052677155
.79466231664022
.80814270178477
.8125
.80269606908162
.82121459643046
.81685729821523
.80610022942225
.79888343811035
.81072984139125
.80678105354309
.79547931750615
.8054193854332
.79956426223119
.82094226280848
.82380175590515
.80637254317602
.8148148059845
.80882352590561
.81100219488144
.80460240443548
.81427013874054
.80133442083995
.80582787593206
.79479849338531
.78962417443593
.79901961485545
.80759803454081
.80160673459371
.79724947611491
.80242375532786
.79697712262472
.79942812522252
.80827885866165
.8054193854332
.80092593034109
.81032135089238
.79724945624669
.80065357685089
.80024510622025
.79901961485545
.80351306994756
.80664487679799
.8009259502093
.80446624755859
.8101851940155
.79956428209941
.80555554231008
.81658496459325
.80664489666621
.80718954404195
.80895968278249
.80868736902873
.79983659585317
.81236384312312
.81631263097127
.80718954404195
.8041938940684
.82039759556452
.80678105354309
.81563182671865
.81862745682398
.80269606908162
.80882352590561
.81644880771637
.80868734916051
.81154684225718
.80814270178477
.80405773719152
.79874728123347
.80814270178477
.80255989233653
.80718954404195
.81495098272959
.79847494761149
.8054193854332
.81522329648336
.8054193854332
.80691719055176
.80759803454081
.80800652503967
.81331700086594
.81617645422618
.79724945624669
.80296842257182
.80787036816279
.79983659585317
.81604031721751
.81168299913406
.80759803454081
.80936819314957
.81549563010534
.80255991220474
.80664487679799
.81290849049886
.79833879073461
.80787036816279
.80664489666621
.80364922682444
.81141066551208
.80991286039352
.80133442083995
.79697714249293
.8041938940684
.80446622769038
.81045750776927
.81631265083949
.80119824409485
.80501087506612
.80732572078705
.81100217501322
.80759803454081
.81222766637802
.81672114133835
.80895968278249
.81794661283493
.8135893146197
.80882352590561
.81821894645691
.81699347496033
.80269606908162
.8126361767451
.81168299913406
.79343680540721
.80664485692978
.81386164824168
.80650871992111
.81304464737574
.81072984139125
.80255991220474
.80215140183767
.81467864910762
.80514705181122
.80909585952759
.81726580858231
.79684096574783
.80718952417374
.81454249223073
.79806645711263
.79915575186412
.80923201640447
.81072984139125
.8112745086352
.81086601813634
.79983659585317
.79656861225764
.80678103367488
.80582787593206
.80610020955404
.81059368451436
.80324073632558
.81168299913406
.81045750776927
.80473856131236
.81127452850342
.81930828094482
.8103213707606
.80065361658732
.81563180685043
.80787038803101
.80610020955404
.81059366464615
.80814268191655
.81835512320201
.81100217501322
.80514705181122
.80923203627268
.82039759556452
.79438998301824
.8043300708135
.80732570091883
.81590414047241
.7947984735171
.80868734916051
.81604031721751
.81086601813634
.830337703228
.82448256015778
.80909585952759
.81113835175832
.81290849049886
.79874728123347
.79983661572138
.80964052677155
.80378538370132
.79711329936981
.80977668364843
.80650871992111
.81236384312312
.80610022942225
.80814268191655
.81399780511856
.80528322855632
.79507080713908
.79874726136525
.79997275273005
.79411764939626
.79915579160055
.81467864910762
.80228757858276
.80664487679799
.81100217501322
.80419391393661
.80964052677155
.80814272165298
.80473856131236
.80991286039352
.80337689320246
.81399782498678
.80650871992111
.81604031721751
.80174291133881
.80378540356954
.81889979044596
.80038124322891
.80392156044642
.8184912999471
.80923203627268
.80705336729685
.83169935146968
.80814270178477
.79793028036753
.80868736902873
.80160673459371
.81195533275604
.81100217501322
.80514705181122
.8018790880839
.81059368451436
.79629629850388
.80582787593206
.80623638629913
.82012528181076
.82175926367442
.80936821301778
.8146786292394
.80664487679799
.8043300708135
.81930830081304
.8041938940684
.80705338716507
.82121459643046
.8123638232549
.81222768624624
.82284857829412
.80691721041997
.80351306994756
.80855121215185
.81495098272959
.80555556217829
.8137254913648
.80596403280894
.81059366464615
.81113835175832
.79929192860921
.81100217501322
.81576798359553
.80133440097173
.80119824409485
.79806645711263
.8043300708135
.82162310679754
.84368191162745
.82557189464569
.80010892947515
.81440631548564
.79901961485545
.82529956102371
.81181917587916
.80405773719152
.80691721041997
.80201524496078
.7958877881368
.80337691307068
.80487471818924
.80746187766393
.80460240443548
.80106210708618
.81154684225718
.8041938940684
.81072982152303
.81522329648336
.81086599826813
.81113833189011
.8075980146726
.81059368451436
.80773421128591
.80964052677155
.80269608894984
.80514707167943
.8007897734642
.81032135089238
.80882352590561
.79779412349065
.79493463039398
.80051743984222
.80827887852987
.80092593034108
.8114106853803
.80827887852987
.80187910795212
.80718954404195
.81563180685043
.80610020955404
.8040577173233
.81386166810989
.80718954404195
.8125
.80718954404195
.80065359671911
.80882352590561
.81304466724396
.80242373545965
.80446622769038
.8112745086352
.80582789580027
.80487473805745
.81672112147013
.80269608894984
.80473856131236
.80650871992111
.79970043897629
.81440633535385
.8101851940155
.80106208721797
.8112745086352
.80855119228363
.80187910795212
.81413398186366
.8195806145668
.80746187766393
.80228757858276
.81290851036708
.80868736902873
.80337691307068
.80827885866165
.79670478900274
.80460238456726
.80487473805745
.79970043897629
.80623638629913
.80759803454081
.79057733217875
.80269606908162
.81331700086594
.79330064853032
.79684096574783
.80337691307068
.80092593034108
.79779410362244
.80977668364843
.80378538370132
.79752178986867
.80133444070816
.81535949309667
.80855121215185
.80106206734975
.81250001986821
.79724947611491
.80746187766393
.80446620782216
.80051741997401
.79711329936981
.80868736902873
.79398149251938
.80269608894984
.79670480887095
.8018790880839
.80092591047287
.80664487679799
.80746187766393
.83428647120794
.80582789580027
.8041938940684
.7949346502622
.80364924669266
.80092593034109
.80637256304423
.80787036816279
.79765794674555
.80405775705973
.80514705181122
.80378540356954
.80596405267715
.80351306994756
.80460238456726
.79398149251938
.80705336729685
.80773421128591
.80950436989466
.81781045595805
.80119826396306
.80610022942225
.80487471818924
.79316447178523
.80038126309713
.80255993207296
.79125817616781
.79588780800501
.80528322855632
.79738561312358
.80106208721797
.83632898330688
.80065359671911
.79207515716553
.80718954404195
.79847494761149
.79370913902919
.79711329936981
.78267973661423
.79112199942271
.78880719343821
.78867103656133
.78308822711309
.78485838572184
.78880719343821
.7877178589503
.77464596430461
.78676470120748
.77410131692886
.78022875388463
.78145426511765
.77233115832011
.76348038514455
.77519063154856
.76279956102371
.74959150950114
.75068082412084
.76729301611582
.80732570091883
.81590414047241
.79970041910807
.80936819314957
.82135077317556
.80569169918696
.8054193854332
.84272877375285
.84259257713954
.80269608894984
.80637254317602
.80555554231008
.8052832086881
.81358933448792
.80773421128591
.80800654490789
.8126361767451
.80814270178477
.81535947322845
.82039759556452
.82380173603694
.81072986125946
.82094226280848
.81767429908117
.8112745086352
.81467864910762
.79983659585317
.81100217501322
.81590416034063
.81100217501322
.80827885866165
.81154684225718
.8041938940684
.81413400173187
.82393791278203
.80228757858276
.8054193854332
.83442266782125
.80936821301778
.81467864910762
.81209148963292
.80964052677155
.80351306994756
.8125
.8184912999471
.80596405267715
.80841501553853
.81998910506566
.81113835175832
.81889979044596
.82244008779526
.80759803454081
.81072982152303
.82284857829412
.81086599826813
.82012528181076
.80868734916051
.79915577173233
.81113835175832
.82148693005244
.84381806850433
.80528322855632
.82529956102371
.80174291133881
.81508713960648
.82026141881943
.81658496459325
.81699345509211
.82135075330734
.80964050690333
.81072984139125
.81440631548564
.80991284052531
.81413400173187
.81876361370087
.80351306994756
.80487471818924
.81726578871409
.80582789580027
.81263615687688
.80746185779572
.81290849049886
.81141066551208
.82080608606338
.81318082412084
.8135893146197
.81549564997355
.79793028036753
.81604029734929
.8206699291865
.80501089493434
.80895970265071
.81195533275604
.80855119228363
.80732570091883
.84000545740128
.8208061059316
.83210786183675
.83278866608938
.82883987824122
.82706971963247
.8491285443306
.82625271876653
.83918845653534
.83020150661469
.83687365055084
.83809912204742
.84191177288691
.8549836675326
.83864378929138
.8502178589503
.86737473805745
.85879629850388
.84885621070862
.85934096574783
.85757080713908
.85893245538076
.86805556217829
.85471133391062
.86397057771683
.86928105354309
.86029412349065
.87758713960648
.87990194559097
.87595315774282
.87990196545919
.87745096286138
.88303377230962
.87881263097127
.88766340414683
.88371461629868
.88888887564341
.89964596430461
.88521242141724
.88956973950068
.89379086097081
.88521242141724
.89311003684998
.89106754461924
.88534857829412
.89365468422572
.9080882469813
.88820807139079
.8937908411026
.90509257713954
.90373092889786
.90985836585363
.91666664679845
.90740742286046
.92075163125992
.91925380627314
.90958605209986
.92946622769038
.93028322855632
.91271787881851
.92510892947515
.94948256015778
.9187091588974
.92647057771683
.93001089493434
.92252177000046
.93232572078705
.94090414047241
.92892156044642
.94267429908117
.94294663270315
.93559368451436
.94049564997355
.93913400173187
.94975489377975
.94131263097127
.95329519112905
.94008713960648
.94362745682398
.95193356275558
.95492919286092
.94403594732285
.9550653497378
.95846949021022
.9468954205513
.94526143868764
.95261438687642
.94498910506566
.94621459643046
.9502995411555
.9468954205513
.94784857829412
.96623094876607
.95057189464569
.94648691018422
.9622821410497
.95234205325445
.95588235060374
.96446079015732
.93886164824168
.95166122913361
.95492919286092
.94662308692932
.95479303598404
.96173745393753
.94049563010534
.95152505238851
.95383985837301
.94675926367442
.95561003684998
.9647331237793
.94471677144368
.95125271876653
.96037580569585
.95043571790059
.95438454548518
.95125271876653
.95057189464569
.95152505238851
.95506536960602
.94253812233607
.94975489377975
.96296296517054
.94934642314911
.94893791278203
.95656319459279
.94321896632512
.94267429908117
.95329523086548
.94117647409439
.95220589637756
.95343136787415
.94934640328089
.93954249223073
.94675926367442
.95465685923894
.9387254913648
.94376363356908
.97712417443593
.95275054375331
.95561003684998
.9564270178477
.94607841968536
.94131263097127
.95806099971135
.94839324553808
.94852942228317
.94689544041951
.94376361370087
.94389977057775
.95138889551163
.94512526194255
.93709148963292
.94689544041951
.94063180685043
.93913400173187
.95343138774236
.94417210419973
.94866557916005
.95669935146968
.9456699291865
.95492919286092
.94172112147013
.93872547149658
.93858933448792
.94948256015778
.93722766637802
.95166120926539
.9470315972964
.93409585952759
.93600217501322
.94553375244141
.93491286039352
.94267427921295
.95710784196854
.93858933448792
.9467592438062
.94607843955358
.9362745086352
.93750001986822
.94104029734929
.93355119228363
.94975489377975
.94512528181076
.94321894645691
.93300652503967
.93831698099772
.92510892947515
.93450435002645
.93695533275604
.94049563010534
.93436817328135
.94090414047241
.92333879073461
.92837691307068
.93845315774282
.93886166810989
.92224945624669
.91952613989512
.93205336729685
.93069171905518
.91884531577428
.9268790880839
.92047931750615
.92497277259827
.92497277259827
.9197984735171
.91789215803146
.92783224582672
.90727126598358
.91176472107569
.91285403569539
.90590959787369
.91476035118103
.91503268480301
.90509259700775
.91244552532832
.90944987535477
.90795207023621
.91244552532832
.91094772020976
.90876905123393
.91067538658778
.90590959787369
.90740740299225
.90727124611537
.89882896343867
.89351852734884
.89814815918605
.89460782210032
.89093136787415
.89338235060374
.89882896343867
.88861656188965
.89215685923894
.90223310391108
.87976580858231
.88725491364797
.88602942228317
.8831699291865
.88194443782171
.87976580858231
.88139977057775
.88548475503922
.89025056362152
.87677015860875
.8751361767451
.88357843955358
.87540851036708
.87472766637802
.88289759556452
.87568082412084
.86383442083995
.88248910506566
.85266884167989
.86737471818924
.86383442083995
.86505991220474
.85511982440948
.86233657598495
.87418299913406
.85974945624669
.86451524496078
.86247277259827
.85811547438304
.86111108462016
.85866014162699
.84749456246694
.85294117530187
.86056645711263
.85511982440948
.85811547438304
.86165577173233
.8585239648819
.8551198442777
.86206426223119
.8397331237793
.84640522797902
.85348586241404
.84027779102325
.84109477202098
.8502178589503
.84218410650889
.8468137383461
.85103487968445
.84245642026265
.84027777115504
.84912852446238
.83319717645645
.83891612291336
.84409042199453
.82257624467214
.83374182383219
.83687363068263
.83169937133789
.83210786183675
.84368191162745
.84000545740128
.84177559614182
.8383714556694
.83619280656179
.82489109039307
.83224401871363
.82216775417328
.82666120926539
.83578431606293
.81726578871409
.83306101957957
.82625273863475
.81781045595805
.82924836874008
.83047386010488
.83142699797948
.82992919286092
.83605664968491
.83278866608938
.84232026338577
.8468137383461
.83292484283447
.82189544041951
.82407406965892
.82843136787415
.82992917299271
.82325708866119
.83238017559052
.82557189464569
.83224399884542
.84272877375285
.83006536960602
.87350219488144
.83796296517054
.82230393091838
.81672114133835
.82516340414683
.80610022942225
.82652505238851
.82162310679754
.82393791278203
.82625273863475
.82148691018422
.82407406965892
.82380173603694
.82829519112905
.81685729821523
.82352942228317
.82652507225672
.81889979044596
.81958063443502
.81889977057775
.81753812233607
.82366557916005
.82448256015778
.81454249223073
.82216775417328
.82883987824122
.81495098272959
.83033768335978
.82339324553808
.82557189464569
.8312908411026
.83823529879252
.81930830081304
.82298475503922
.8289760351181
.81971677144368
.81631263097127
.83197168509165
.81004901727041
.81604031721751
.81944443782171
.82080608606338
.81399782498678
.82870372136434
.81699347496033
.81290851036708
.83115468422572
.82979303598404
.81672114133835
.82257624467214
.82761436700821
.8218954205513
.83333333333333
.82625271876653
.81372547149658
.80950436989466
.82216775417328
.80364924669266
.82611656188965
.83224401871363
.82257626454035
.82162308692932
.82829521099726
.81631265083949
.82693356275558
.81781047582626
.80787036816279
.81631263097127
.81985294818878
.80909585952759
.81495096286138
.82434638341268
.81631263097127
.81971677144368
.82148693005244
.80650871992111
.82298475503922
.82638889551163
.79997275273005
.82107841968536
.85661766926448
.81304466724396
.8137254913648
.83115470409393
.80855121215185
.80964052677155
.80337691307068
.80936819314957
.80364924669266
.81413400173187
.80324073632558
.81563180685043
.81508715947469
.81168299913406
.81930828094482
.8242102265358
.80923203627268
.81903594732285
.83401415745417
.8480392297109
.80460238456726
.81944443782171
.80787036816279
.81127452850342
.81903594732285
.81658496459325
.80555554231008
.82039761543274
.81753812233607
.81985292832057
.81549563010534
.82502724726995
.80024510622025
.81658496459325
.81985294818878
.80773421128591
.81318084398905
.82693354288737
.80460240443548
.81903594732285
.81917212406794
.81672112147013
.82965685923894
.8218954205513
.82039761543274
.81209150950114
.82053377230962
.83319715658824
.83074619372686
.82148691018422
.81413398186366
.81835512320201
.82380173603694
.84872003396352
.8112745086352
.82284857829412
.81018517414729
.81985294818878
.82271240154902
.82203157742818
.81821894645691
.82965685923894
.81154684225718
.81549563010534
.81467866897583
.8054193854332
.8112745086352
.82203157742818
.81236384312312
.82135075330734
.81794663270315
.81004903713862
.81821894645691
.81699345509211
.81454249223073
.81876361370087
.81644880771637
.81277233362198
.82611656188965
.81386164824168
.81154682238897
.82162310679754
.80909585952759
.80242375532786
.81304464737574
.80528322855632
.80650871992111
.81998912493388
.82312093178431
.80868736902873
.81113835175832
.81263615687688
.82257624467214
.81753812233607
.81467864910762
.8220315972964
.81399782498678
.81985294818878
.8220315972964
.81903594732285
.81331700086594
.82135077317556
.80501089493434
.81467864910762
.82230391105016
.80392156044642
.81304466724396
.82175926367442
.82026143868764
.81753812233607
.82720587650935
.82298475503922
.81576796372732
.82339324553808
.82407406965892
.81590414047241
.85743463039398
.82271242141724
.80718956391017
.82557191451391
.81004901727041
.81726578871409
.81849128007889
.8148148059845
.81631263097127
.82162310679754
.80977668364843
.80895968278249
.82012528181076
.81032135089238
.81318082412084
.81195533275604
.81045750776927
.8065087000529
.82121459643046
.81535947322845
.80678103367488
.82434640328089
.80827885866165
.81740196545919
.81604029734929
.80119824409485
.80991286039352
.8206699291865
.80610022942225
.81781045595805
.82135075330734
.81154684225718
.81549564997355
.82312093178431
.80868736902873
.81127452850342
.81767427921295
.82284859816233
.81086601813634
.81849128007889
.81876361370087
.81576796372732
.81045752763748
.80991286039352
.80827885866165
.81508713960648
.80623638629913
.81209150950114
.81113835175832
.81808278958003
.80364922682444
.81386166810989
.81181915601095
.80555554231008
.81685729821523
.81849128007889
.80174291133881
.8101851940155
.80596405267715
.80228759845098
.79425380627314
.80201524496078
.80718954404195
.79629629850388
.81631263097127
.81141066551208
.80378540356954
.81318084398905
.80773421128591
.80174291133881
.80923203627268
.83823529879252
.80787036816279
.80324071645737
.79847492774328
.79643245538076
.80718954404195
.79629627863566
.80460240443548
.80814270178477
.80242373545965
.8041938940684
.81045750776927
.80569171905518
.81454247236252
.82121459643046
.80718954404195
.80991286039352
.81004901727041
.81059366464615
.81535947322845
.80895970265071
.80337691307068
.8032407561938
.80759805440903
.79752178986867
.80814270178477
.81372551123301
.81508713960648
.80718954404195
.83360566695531
.82652507225672
.84272877375285
.84654138485591
.82339324553808
.8218954205513
.80392158031464
.81508713960648
.81072986125946
.80964052677155
.82802287737528
.81113835175832
.80964050690333
.81277233362198
.80596405267715
.81032135089238
.81998910506566
.81195533275604
.81209148963292
.82230391105016
.8052832086881
.80746187766393
.81563182671865
.79915577173233
.81753814220428
.82094226280848
.81113835175832
.79084966580073
.81399784485499
.80514705181122
.80964052677155
.8126361767451
.80269608894984
.79547929763794
.81753812233607
.79970043897629
.8101851940155
.81794661283493
.80964052677155
.80746185779572
.81345317761103
.81154684225718
.80950435002645
.81604029734929
.80487471818924
.80759803454081
.81644880771637
.80555556217829
.80392158031464
.8043300708135
.79112199942271
.79956426223119
.79956428209941
.80147059758504
.80174291133881
.80787036816279
.79193898042043
.80514705181122
.80623640616735
.80242375532786
.80501089493434
.81277233362198
.81672112147013
.79724947611491
.81413398186366
.81563180685043
.81290849049886
.79493463039398
.8065087000529
.79929192860921
.80446622769038
.80678103367488
.80582789580027
.8029684027036
.8148148059845
.79956426223119
.8063725233078
.81604029734929
.80160675446192
.8125
.81876361370087
.79411764939626
.81535949309667
.8112745086352
.80827885866165
.81576796372732
.81318084398905
.80133440097173
.80255993207296
.82257626454035
.81304466724396
.81345315774282
.81590414047241
.81209150950114
.80487473805745
.81345317761103
.80119826396306
.81072984139125
.81086601813634
.79793028036753
.79970041910807
.79765794674555
.80528322855632
.81808276971181
.81917210419973
.79629627863566
.80827885866165
.8103213707606
.80283224582672
.82325708866119
.81018517414729
.83346949021022
.81045752763748
.81290849049886
.81318084398905
.79847494761149
.81604031721751
.80855119228363
.80228757858276
.8018790880839
.79970043897629
.79711329936981
.81399780511856
.81644880771637
.80092593034108
.80773421128591
.79956426223119
.79684094587962
.81699347496033
.80895970265071
.84259259700775
.81168301900228
.80964050690333
.79793028036753
.80637256304423
.8125
.79316447178523
.79547931750615
.80228755871455
.79684094587962
.79752178986867
.81413400173187
.79970041910807
.80501089493434
.80827887852987
.80269606908162
.80351306994756
.80936819314957
.79411766926448
.79330064853032
.80732570091883
.79684096574783
.79847494761149
.80051743984222
.79874726136525
.80283224582672
.8112745086352
.80147059758504
.80923203627268
.80691721041997
.80351306994756
.80882354577382
.80147059758504
.80923201640447
.79561545451482
.80133444070816
.79507080713908
.80855121215185
.80078975359599
.79425380627314
.80596405267715
.8137254913648
.80133442083995
.79697714249293
.7971132795016
.79030499855677
.79752178986867
.80637254317602
.79153048992157
.79044117530187
.79098584254583
.79656861225764
.79520696401596
.79384529590607
.79793030023575
.79888345797857
.80147057771683
.80255991220474
.79221133391062
.7958877881368
.80446624755859
.78785403569539
.79030501842499
.80324073632558
.78376905123393
.79289215803146
.7960239648819
.79016884167989
.78404138485591
.80065357685089
.79003268480301
.79139433304469
.79275600115458
.78281589349111
.77546296517054
.79125815629959
.77886710564295
.78227124611537
.77342047293981
.77573529879252
.76838235060374
.77410129706065
.76429738601049
.78090957800547
.76511438687642
.76511436700821
.76633985837301
.76756536960602
.79289215803146
.79942808548609
.79643245538076
.79343682527542
.80051743984222
.80501089493434
.79602394501368
.79493463039398
.80501089493434
.78703705469767
.80324073632558
.8101851940155
.79738561312358
.80228755871455
.79901961485545
.79874728123347
.80065359671911
.80106208721797
.79670478900274
.78880717357
.80038128296534
.79656863212585
.78935186068217
.79629627863566
.8032407561938
.79003268480301
.79629629850388
.8041938940684
.78921570380529
.80160675446192
.79724943637848
.8007897734642
.80024510622025
.79915577173233
.79901961485545
.80038128296534
.80596405267715
.80106208721797
.80678105354309
.80923203627268
.80555554231008
.79670478900274
.80242373545965
.79629629850388
.80678105354309
.80991284052531
.80909585952759
.80228757858276
.80841503540675
.79275600115458
.79153048992157
.80024508635203
.80501089493434
.79765792687734
.80909583965937
.80351308981578
.80106208721797
.81767429908117
.80337691307068
.79970043897629
.80773421128591
.81059368451436
.81318082412084
.81413398186366
.80378538370132
.80950436989466
.80800652503967
.79384531577428
.80092593034108
.8032407561938
.7935729821523
.80582787593206
.80228757858276
.80242373545965
.79997277259827
.81032135089238
.79942808548609
.8112745086352
.82843134800593
.80964052677155
.80991284052531
.8112745086352
.79861112435659
.80215142170588
.81209148963292
.80160673459371
.80814270178477
.81181917587916
.81141066551208
.80827887852987
.81004901727041
.81658498446147
.79684094587962
.80977668364843
.80718954404195
.79711329936981
.81032135089238
.80242375532786
.80392158031464
.80255991220474
.81086599826813
.79901961485545
.80337689320246
.8114106853803
.80569171905518
.80582789580027
.81508715947469
.79997277259827
.80705336729685
.81209150950114
.79384531577428
.80800654490789
.80964052677155
.81045750776927
.79970043897629
.81100217501322
.79874728123347
.79711329936981
.80977670351664
.80991284052531
.80283224582672
.80841503540675
.80610020955404
.80024510622025
.80895968278249
.81100217501322
.80160675446192
.81413398186366
.7969771027565
.7971132795016
.81032135089238
.79847492774328
.79874728123347
.80637256304423
.8031045794487
.8101851940155
.80787036816279
.80201524496078
.80364924669266
.80991286039352
.81181917587916
.80718954404195
.81631263097127
.80637256304423
.80201524496078
.81781045595805
.8195806145668
.81181915601095
.81481482585271
.82135077317556
.8126361767451
.81127448876699
.81399780511856
.79793030023575
.79684094587962
.80664487679799
.80174293120702
.80065359671911
.80324073632558
.79561547438304
.79452613989512
.81209148963292
.79302833477656
.8032407561938
.8021514415741
.80160677433014
.80936819314957
.81168299913406
.8007897734642
.7982025941213
.81644878784815
.80337689320246
.80528322855632
.8041938940684
.79915577173233
.80868734916051
.81508713960648
.80392156044642
.80337691307068
.81263615687688
.80119824409485
.81045750776927
.80133444070816
.79752178986867
.80228757858276
.81740196545919
.80051743984222
.80637254317602
.80487471818924
.79901961485545
.80065359671911
.79833879073461
.80024508635203
.7949346502622
.81753812233607
.79861108462016
.79956426223119
.80446622769038
.7960239648819
.80010890960693
.79779412349065
.78812634944916
.79207515716553
.80283224582672
.7947984735171
.79547931750615
.80868734916051
.81045752763748
.80147057771683
.79970043897629
.7971132795016
.79507078727086
.79656861225764
.80732572078705
.80078975359599
.79820263385773
.80855121215185
.79629629850388
.81154684225718
.80038126309713
.79452613989512
.80038124322891
.8126361767451
.80160675446192
.81072982152303
.81563180685043
.81576796372732
.81331698099772
.81808278958003
.81154682238897
.81250001986821
.81427015860875
.80582787593206
.81604029734929
.80718954404195
.79861110448837
.80555554231008
.81154684225718
.80882352590561
.80133440097173
.81454249223073
.80691721041997
.81304466724396
.80664487679799
.79997277259827
.81127448876699
.81467864910762
.80610022942225
.80664489666621
.8101851940155
.79438998301824
.80582787593206
.80514707167943
.80324073632558
.80106208721797
.81113835175832
.79752178986867
.79534314076106
.80160673459371
.79370913902918
.79929192860921
.80664487679799
.79765794674555
.79970043897629
.80827885866165
.8041938940684
.80433005094528
.80174293120702
.80814270178477
.80119826396306
.79983659585317
.82230391105016
.80133442083995
.80569171905518
.80923201640447
.79956426223119
.80909583965937
.80855119228363
.80882352590561
.80473856131236
.80446622769038
.78785403569539
.79915577173233
.81413398186366
.81277231375376
.81086599826813
.81263615687688
.79738561312358
.80065359671911
.81004899740219
.80419387420018
.80337691307068
.8040577173233
.79207517703374
.80487471818924
.80092591047287
.79888343811035
.79261982440948
.80010892947515
.80201524496078
.80051741997401
.8054193854332
.79847492774328
.79847494761149
.80133442083995
.7913943529129
.80215142170588
.80569171905518
.7960239648819
.82679738601049
.81195533275604
.80092591047287
.8018790880839
.79929194847743
.79071348905563
.79411764939626
.80392154057821
.79044117530187
.79643247524897
.7949346502622
.78159040212631
.80078975359599
.80419391393661
.80024510622025
.79425380627314
.79901961485545
.78867101669312
.78785403569539
.79057733217875
.80255991220474
.79221131404241
.80378538370132
.79942810535431
.7937091588974
.81358933448792
.81440631548564
.78458605209986
.80051743984222
.80446622769038
.80405773719152
.80364924669266
.80555556217829
.79193900028865
.8040577173233
.80787038803101
.7935729821523
.80759803454081
.8054193854332
.79275600115458
.79711329936981
.80637256304423
.80378540356954
.8007897734642
.80324071645737
.79207515716553
.80678103367488
.81113833189011
.79289215803146
.79384531577428
.80051741997401
.80637254317602
.80324073632558
.802015264829
.79901959498723
.80269606908162
.81644880771637
.79820261398951
.80610022942225
.80582787593206
.79997277259827
.81032135089238
.8101851940155
.79779412349065
.80501089493434
.84163943926493
.79575163125992
.8126361767451
.79588780800502
.79221131404241
.80460238456726
.80964052677155
.79901959498723
.8054193854332
.80119824409485
.79561547438304
.80827885866165
.8029684027036
.80010892947515
.80487473805745
.79874728123347
.79901961485545
.80501089493434
.80092593034108
.79820261398951
.79384529590607
.79765794674555
.80351306994756
.79275598128637
.79479849338531
.80065359671911
.79207515716553
.79016884167989
.80255991220474
.78717321157455
.79643245538076
.80092591047287
.7830882469813
.78622003396352
.78989650805791
.77818628152212
.78472222884496
.79507078727086
.77900328238805
.78799019257228
.79833877086639
.79575163125992
.77056099971135
.78608389695485
.77573529879252
.78295205036799
.78186275561651
.77600761254628
.77001635233561
.77056099971135
.75966775417328
.77151417732239
.76402505238851
.75748910506566
.75490194559097
.76416122913361
.7510893146197
.75136166810989
.74632352590561
.73815357685089
.73992375532786
.73651959498723
.7230392297109
.71269063154856
.72508170207342
.69961873690287
.69989105065664
.70479303598404
.68763615687688
.67824073632558
.67524510622025
.66612201929092
.65808822711309
.6508714556694
.62881265083949
.63480393091838
.61192810535431
.57162308692932
.65046296517054
0
0
0
0
0
0
0
0
0
0
0
0
0
0
0
0
0
0
0
0
0
0
0
0
0
0
0
0
0
0
0
0
0
0
0
0
0
0
0
0
0
0
0
0
0
0
0
0
0
0
0
0
0
0
0
0
0
0
0
0
0
0
0
0
0
0
0
0
0
0
0
0
0
0
0
0
0
0
0
0
0
0
0
0
0
0
0
0
0
0
0
0
0
0
0
0
0
0
0
0
0
0
0
0
0
0
0
0
0
0
0
0
0
0
0
0
0
0
0
0
0
0
0
0
0
0
0
0
0
0
0
0
0
0
0
0
0
0
0
0
0
0
0
0
0
0
0
0
0
0
0
0
0
0
0
0
0
0
0
0
0
0
0
0
0
0
0
0
0
0
0
0
0
0
0
0
0
0
0
0
0
0
0
0
0
0
0
0
0
0
0
0
0
0
0
0
0
0
0
0
0
0
0
0
0
0
0
0
0
0
0
0
0
0
0
0
0
0
0
0
0
0
0
0
0
0
0
0
0
0
0
0
0
0
0
0
0
0
0
0
0
0
0
0
0
0
0
0
0
0
0
0
0
0
0
0
0
0
0
0
0
0
0
0
0
0
0
0
0
0
0
0
0
0
0
0
0
0
0
0
0
0
0
0
0
0
0
0
0
0
0
0
0
0
0
0
0
0
0
0
0
0
0
0
0
0
0
0
0
0
0
0
0
0
0
0
0
0
0
0
0
0
0
0
0
0
0
0
0
0
0
0
0
0
0
0
0
0
0
0
0
0
0
0
0
0
0
0
0
0
0
0
0
0
0
0
0
0
0
0
0
0
0
0
0
0
0
0
0
0
0
0
0
0
0
0
0
0
0
0
0
0
0
0
0
0
0
0
0
0
0
0
0
0
0
0
0
0
0
0
0
0
0
0
0
0
0
0
0
0
0
0
0
0
0
0
0
0
0
0
0
0
0
0
0
0
0
0
0
0
0
0
0
0
0
0
0
0
0
0
0
0
0
0
0
0
0
0
0
0
0
0
0
0
0
0
0
0
0
0
0
0
0
0
0
0
0
0
0
0
0
0
0
0
0
0
0
0
0
0
0
0
0
0
0
0
0
0
0
0
0
0
0
0
0
0
0
0
0
0
0
0
0
0
0
0
0
0
0
0
0
0
0
0
0
0
0
0
0
0
0
0
0
0
0
0
0
0
0
0
0
0
0
0
0
0
0
0
0
0
0
0
0
0
0
0
0
0
0
0
0
0
0
0
0
0
0
0
0
0
0
0
0
0
0
0
0
0
0
0
0
0
0
0
0
0
0
0
0
0
0
0
0
0
0
0
0
0
0
0
0
0
0
0
0
0
0
0
0
0
0
0
0
0
0
0
0
0
0
0
0
0
0
0
0
0
0
0
0
0
0
0
0
0
0
0
0
0
0
0
0
0
0
0
0
0
0
0
0
0
0
0
0
0
0
0
0
0
0
0
0
0
0
0
0
0
0
0
0
0
0
0
0
0
0
0
0
0
0
0
0
0
0
0
0
0
0
0
0
0
0
0
0
0
0
0
0
0
0
0
0
0
0
0
0
0
0
0
0
0
0
0
0
0
0
0
0
0
0
0
0
0
0
0
0
0
0
0
0
0
0
0
0
0
0
0
0
0
0
0
0
0
0
0
0
0
0
0
0
0
0
0
0
0
0
0
0
0
0
0
0
0
0
0
0
0
0
0
0
0
0
0
0
0
0
0
0
0
0
0
0
0
0
0
0
0
0
0
0
0
0
0
0
0
0
0
0
0
0
0
0
0
0
0
0
0
0
0
0
0
0
0
0
0
0
0
0
0
0
0
0
0
0
0
0
0
0
0
0
0
0
0
0
0
0
0
0
0
0
0
0
0
0
0
0
0
0
0
0
0
0
0
0
0
0
0
0
0
0
0
0
0
0
0
0
0
0
0
0
0
0
0
0
0
0
0
0
0
0
0
0
0
0
0
0
0
0
0
0
0
0
0
0
0
0
0
0
0
0
0
0
0
0
0
0
0
0
0
0
0
0
0
0
0
0
0
0
0
0
0
0
0
0
0
0
0
0
0
0
0
0
0
0
0
0
0
0
0
0
0
0
0
0
0
0
0
0
0
0
0
0
0
0
0
0
0
0
0
0
0
0
0
0
0
0
0
0
0
0
0
0
0
0
0
0
0
0
0
0
0
0
0
0
0
0
0
0
0
0
0
0
0
0
0
0
0
0
0
0
0
0
0
0
0
0
0
0
0
0
0
0
0
0
0
0
0
0
0
0
0
0
0
0
0
0
0
0
0
0
0
0
0
0
0
0
0
0
0
0
0
0
0
0
0
0
0
0
0
0
0
0
0
0
0
0
0
0
0
0
0
0
0
0
0
0
0
0
0
0
0
0
0
0
0
0
0
0
0
0
0
0
0
0
0
0
0
0
0
0
0
0
0
0
0
0
0
0
0
0
0
0
0
0
0
0
0
0
0
0
0
0
0
0
0
0
0
0
0
0
0
0
0
0
0
0
0
0
0
0
0
0
0
0
0
0
0
0
0
0
0
0
0
0
0
0
0
0
0
0
0
0
0
0
0
0
0
0
0
0
0
0
0
0
0
0
0
0
0
0
0
0
0
0
0
0
0
0
0
0
0
0
0
0
0
0
0
0
0
0
0
0
0
0
0
0
0
0
0
0
0
0
0
0
0
0
0
0
0
0
0
0
0
0
0
0
0
0
0
0
0
0
0
0
0
0
0
0
0
0
0
0
0
0
0
0
0
0
0
0
0
0
0
0
0
0
0
0
0
0
0
0
0
0
0
0
0
0
0
0
0
0
0
0
0
0
0
0
0
0
0
0
0
0
0
0
0
0
0
0
0
0
0
0
0
0
0
0
0
0
0
0
0
0
0
0
0
0
0
0
0
0
0
0
0
0
0
0
0
0
0
0
0
0
0
0
0
0
0
0
0
0
0
0
0
0
0
0
0
0
0
0
0
0
0
0
0
0
0
0
0
0
0
0
0
0
0
0
0
0
0
0
0
0
0
0
0
0
0
0
0
0
0
0
0
0
0
0
0
0
0
0
0
0
0
0
0
0
0
0
0
0
0
0
0
0
0
0
0
0
0
0
0
0
0
0
0
0
0
0
0
0
0
0
0
0
0
0
0
0
0
0
0
0
0
0
0
0
0
0
0
0
0
0
0
0
0
0
0
0
0
0
0
0
0
0
0
0
0
0
0
0
0
0
0
0
0
0
0
0
0
0
0
0
0
0
0
0
0
0
0
0
0
0
0
0
0
0
0
0
0
0
0
0
0
0
0
0
0
0
0
0
0
0
0
0
0
0
0
0
0
0
0
0
0
0
0
0
0
0
0
0
0
0
0
0
0
0
0
0
0
0
0
0
0
0
0
0
0
0
0
0
0
0
0
0
0
0
0
0
0
0
0
0
0
0
0
0
0
0
0
0
0
0
0
0
0
0
0
0
0
0
0
0
0
0
0
0
0
0
0
0
0
0
0
0
0
0
0
0
0
0
0
0
0
0
0
0
0
0
0
0
0
0
0
0
0
0
0
0
0
0
0
0
0
0
0
0
0
0
0
0
0
0
0
0
0
0
0
0
0
0
0
0
0
0
0
0
0
0
0
0
0
0
0
0
0
0
0
0
0
0
0
0
0
0
0
0
0
0
0
0
0
0
0
0
0
0
0
0
0
0
0
0
0
0
0
0
0
0
0
0
0
0
0
0
0
0
0
0
0
0
0
0
0
0
0
0
0
0
0
0
0
0
0
0
0
0
0
0
0
0
0
0
0
0
0
0
0
0
0
0
0
0
0
0
0
0
0
0
0
0
0
0
0
0
0
0
0
0
0
0
0
0
0
0
0
0
0
0
0
0
0
0
0
0
0
0
0
0
0
0
0
0
0
0
0
0
0
0
0
0
0
0
0
0
0
0
0
0
0
0
0
0
0
0
0
0
0
0
0
0
0
0
0
0
0
0
0
0
0
0
0
0
0
0
0
0
0
0
0
0
0
0
0
0
0
0
0
0
0
0
0
0
0
0
0
0
0
0
0
0
0
0
0
0
0
0
0
0
0
0
0
0
0
0
0
0
0
0
0
0
0
0
0
0
0
0
0
0
0
0
0
0
0
0
0
0
0
0
0
0
0
0
0
0
0
0
0
0
0
0
0
0
0
0
0
0
0
0
0
0
0
0
0
0
0
0
0
0
0
0
0
0
0
0
0
0
0
0
0
0
0
0
0
0
0
0
0
0
0
0
0
0
0
0
0
0
0
0
0
0
0
0
0
0
0
0
0
0
0
0
0
0
0
0
0
0
0
0
0
0
0
0
0
0
0
0
0
0
0
0
0
0
0
0
0
0
0
0
0
0
0
0
0
0
0
0
0
0
0
0
0
0
0
0
0
0
0
0
0
0
0
0
0
0
0
0
0
0
0
0
0
0
0
0
0
0
0
0
0
0
0
0
0
0
0
0
0
0
0
0
0
0
0
0
0
0
0
0
0
0
0
0
0
0
0
0
0
0
0
0
0
0
0
0
0
0
0
0
0
0
0
0
0
0
0
0
0
0
0
0
0
0
0
0
0
0
0
0
0
0
0
0
0
0
0
