.79793028036753
.79684094587962
.80555556217829
.81100217501322
.79942808548609
.80718954404195
.80147057771683
.79970041910807
.8101851940155
.81345315774282
.8031045794487
.80814270178477
.80637254317602
.79670478900274
.80868736902873
.80392158031464
.80147057771683
.80555556217829
.80324073632558
.79793028036753
.79275600115458
.80773421128591
.80718952417374
.79997277259827
.80691721041997
.80024510622025
.79983659585317
.81222768624624
.80106208721797
.8031045794487
.81522329648336
.80092591047287
.80787036816279
.81576798359553
.81100219488144
.80882354577382
.81004901727041
.8125
.79643245538076
.80977670351664
.81222766637802
.79697714249293
.81100219488144
.81331700086594
.79153050978978
.80855119228363
.81236384312312
.80787034829458
.80310455958048
.79929192860921
.78853485981623
.79861112435659
.8018790880839
.78703703482946
.79901961485545
.79983659585317
.80378540356954
.79833877086639
.81100217501322
.79806643724442
.80065357685089
.80215142170588
.79724945624669
.79084966580073
.80296842257182
.80092593034108
.80405775705973
.80215142170588
.79670478900274
.8112745086352
.80364924669266
.79180282354355
.79752177000046
.80065359671911
.80106208721797
.79452613989512
.80242373545965
.78622005383174
.80242373545965
.80691721041997
.79656863212585
.79330064853032
.79983659585317
.79384531577428
.80337691307068
.80596405267715
.80010892947515
.80174293120702
.80855121215185
.80746187766393
.81004901727041
.81045750776927
.80882354577382
.80582787593206
.79520696401596
.81508713960648
.81740194559097
.81263615687688
.8174019853274
.80664487679799
.81100217501322
.82312093178431
.80882352590561
.81454247236252
.81195533275604
.79520698388418
.81045752763748
.81876361370087
.80364924669266
.80800652503967
.80623638629913
.79752178986867
.80732570091883
.80950435002645
.82148693005244
.81086601813634
.80596405267715
.80324073632558
.80010892947515
.80147059758504
.80855119228363
.80255991220474
.80569173892339
.80242375532786
.80392156044642
.81222766637802
.80038128296534
.79452615976334
.80637254317602
.79534314076106
.79779412349065
.8148148059845
.79575163125992
.7982025941213
.79847494761149
.80351306994756
.8007897734642
.80800652503967
.79330064853032
.79942810535431
.81304466724396
.7854030529658
.79820263385773
.80623636643092
.79643245538076
.79874728123347
.80977668364843
.80078975359599
.80610020955404
.80324073632558
.79724945624669
.79629629850388
.80759805440903
.78676470120748
.79656863212585
.79942810535431
.81753810246785
.79139433304469
.79616014162699
.81835512320201
.79330064853032
.79493463039398
.80678105354309
.80283224582672
.79874728123347
.80964050690333
.79656863212585
.79452613989512
.79942810535431
.7949346502622
.79180284341176
.80800652503967
.78703703482946
.80092591047287
.80882352590561
.79343680540721
.79425380627314
.7937091588974
.7935729821523
.80024510622025
.80024510622025
.79806643724442
.79765794674555
.80855121215185
.79139433304469
.79330064853032
.79888343811035
.7958877881368
.80637256304423
.80950435002645
.79738561312358
.80582787593206
.80501089493434
.79520698388418
.80650871992111
.80269608894984
.80201524496078
.8041938940684
.80337691307068
.81304466724396
.80160675446192
.80691721041997
.79629629850388
.79411764939626
.80487471818924
.79779410362244
.80460240443548
.79956426223119
.79861108462016
.80283224582672
.81753814220428
.80351308981578
.80759803454081
.81168301900228
.8112745086352
.80746189753215
.81331700086594
.81100217501322
.80855119228363
.82053377230962
.8148148059845
.80051741997401
.80991284052531
.80718952417374
.80133442083995
.81086603800456
.8217592438062
.82761438687642
.82135077317556
.81290849049886
.79779412349065
.80351306994756
.80610020955404
.80814270178477
.81004903713862
.82475489377975
.81712963183721
.80827885866165
.81631265083949
.80827885866165
.81440631548564
.80705336729685
.80678103367488
.81045752763748
.8075980146726
.79575163125992
.8031045794487
.81794663270315
.80024510622025
.80528322855632
.81100217501322
.80800652503967
.80392156044642
.81712963183721
.80882354577382
.80991288026174
.82080608606338
.8112745086352
.80514707167943
.80909585952759
.79820261398951
.80746187766393
.8125
.79316449165344
.80133440097173
.81440633535385
.79997275273005
.81290849049886
.81917212406794
.80855119228363
.80078975359599
.8126361767451
.81304466724396
.8065087000529
.80868736902873
.79180284341176
.80078975359599
.80637254317602
.80133442083995
.80283224582672
.80147059758504
.80732572078705
.80950435002645
.80555554231008
.81495098272959
.80378540356954
.81345317761103
.80759803454081
.80024510622025
.80691721041997
.80691721041997
.79302831490835
.80555556217829
.83292482296626
.79997277259827
.80351306994756
.80814270178477
.80582789580027
.80569171905518
.81522329648336
.80473856131236
.80855121215185
.81590414047241
.79738561312358
.80555554231008
.80705336729685
.7913943529129
.80405773719152
.81141066551208
.80664487679799
.80569173892339
.80623636643092
.80078975359599
.80473856131236
.81563180685043
.79874728123347
.80324071645737
.80405773719152
.79847494761149
.79575163125992
.8125
.80473858118057
.81726578871409
.81304466724396
.79983657598495
.80392158031464
.80800654490789
.81181915601095
.80555556217829
.80528322855632
.80895970265071
.79275598128637
.80991286039352
.80065361658732
.80038126309713
.80378540356954
.78907952706019
.79289215803146
.79656863212585
.79670478900274
.79942812522252
.80147057771683
.80378538370132
.802015264829
.79983661572138
.80569169918696
.7971132795016
.81399784485499
.80569171905518
.79970043897629
.81045752763748
.81331700086594
.80569171905518
.80977668364843
.81440631548564
.8043300708135
.80923201640447
.80106208721797
.79752178986867
.80106208721797
.81195533275604
.79997275273005
.80201524496078
.81549563010534
.80228757858276
.80528322855632
.80596405267715
.79997277259827
.80269606908162
.80718954404195
.79180282354355
.80732572078705
.80596405267715
.79888343811035
.80092593034108
.81072984139125
.79833877086639
.8031045794487
.81277233362198
.8031045794487
.80814270178477
.82121459643046
.80759803454081
.80678103367488
.80201524496078
.80160675446192
.80051741997401
.80582787593206
.81549563010534
.80678105354309
.8123638232549
.80024510622025
.80024508635203
.82407406965892
.79670476913452
.81236384312312
.83415033419927
.82284859816233
.80501087506612
.81113835175832
.81889977057775
.80787036816279
.80501089493434
.80160673459371
.79261980454127
.81413400173187
.82284859816233
.79970043897629
.80242375532786
.81604029734929
.79861110448837
.81318084398905
.80936819314957
.79942812522252
.8040577173233
.81849128007889
.80637254317602
.79493463039398
.8148148059845
.80419391393661
.8054193854332
.81590414047241
.81495096286138
.80637256304423
.80732570091883
.79901959498723
.80569171905518
.81563180685043
.79221133391062
.8043300708135
.81168299913406
.80446620782216
.80364924669266
.81427013874054
.79752178986867
.79724945624669
.80269608894984
.80174293120702
.79997277259827
.81290849049886
.79684096574783
.80446622769038
.80814268191655
.79956426223119
.79724945624669
.80528322855632
.81495098272959
.80174291133881
.80773421128591
.79057733217875
.79765796661377
.81113833189011
.80337691307068
.80610020955404
.80868736902873
.8029684027036
.80623636643092
.82148693005244
.8032407561938
.80392156044642
.80351308981578
.80964052677155
.80283222595851
.81045750776927
.81304466724396
.81086599826813
.80501089493434
.8112745086352
.79929194847743
.81222766637802
.81195533275604
.79765794674555
.81086601813634
.81250001986821
.80051741997401
.80787036816279
.81726578871409
.80623640616735
.81004901727041
.80487473805745
.80038124322891
.8112745086352
.81685729821523
.7971132795016
.81290849049886
.8159041206042
.79765794674555
.8043300708135
.80283224582672
.80909585952759
.81100215514501
.81821896632512
.81181917587916
.80991286039352
.81508713960648
.81209150950114
.80787036816279
.81672112147013
.80637254317602
.8041938940684
.80678105354309
.8018790880839
.81249998013179
.80678105354309
.79997277259827
.80514707167943
.79942810535431
.79616014162699
.80133440097173
.8065087000529
.79343680540721
.83306099971135
.80337691307068
.80895970265071
.79888345797857
.80351305007935
.80187906821569
.80024508635203
.80800654490789
.8065087000529
.81004901727041
.81318082412084
.81740194559097
.79738561312358
.80623638629913
.80936819314957
.79942808548609
.80977666378021
.82135077317556
.80827885866165
.80255991220474
.80841501553853
.80378540356954
.81072986125946
.81018517414729
.81045750776927
.80923201640447
.80242373545965
.80283224582672
.80337689320246
.82965685923894
.79193900028865
.79561547438304
.81427015860875
.79956426223119
.80160675446192
.80623638629913
.80691721041997
.80255991220474
.82734205325445
.80051741997401
.80010892947515
.81318082412084
.79847492774328
.80446620782216
.80909583965937
.79942810535431
.80610020955404
.80882354577382
.79602394501368
.80773421128591
.80678105354309
.80065359671911
.80133442083995
.80855119228363
.79724945624669
.80705336729685
.80038126309713
.79125815629959
.79929194847743
.8031045794487
.80555556217829
.79616012175878
.80133442083995
.80092593034108
.80255991220474
.80923201640447
.80514705181122
.80378540356954
.81998910506566
.8029684027036
.8043300708135
.80514705181122
.81331698099772
.80691721041997
.8052832086881
.80991284052531
.7958877881368
.80010892947515
.79942812522252
.80174291133881
.80051741997401
.81508713960648
.79793028036753
.80964050690333
.80868734916051
.80555554231008
.81209150950114
.81304466724396
.81413398186366
.80705336729685
.81644880771637
.80895968278249
.80147057771683
.80868734916051
.79643247524897
.79724943637848
.80228759845098
.79711329936981
.80160675446192
.8125
.8018790880839
.81535947322845
.81658496459325
.79684096574783
.79888343811035
.81658496459325
.79847492774328
.8029684027036
.80174293120702
.79806643724442
.80678105354309
.80160675446192
.80038128296534
.79697712262472
.80501087506612
.81386164824168
.80487471818924
.80582787593206
.79901961485545
.79656861225764
.81290849049886
.79289215803146
.79084968566895
.80855121215185
.7937091588974
.79915579160055
.79616014162699
.79711329936981
.79629629850388
.80187906821569
.7960239648819
.79861110448837
.80446620782216
.80800654490789
.79738563299179
.80555554231008
.80637254317602
.80746187766393
.79997277259827
.81195535262426
.79861110448837
.80405773719152
.81318082412084
.79016884167989
.79806643724442
.80419391393661
.78989650805791
.79983659585317
.80759805440903
.79316449165344
.8041938940684
.81113833189011
.80610022942225
.81209148963292
.80787036816279
.8018790880839
.80610020955404
.80977670351664
.80664487679799
.81072986125946
.81345315774282
.80487471818924
.81045750776927
.81141066551208
.80010892947515
.80841503540675
.8054193854332
.80078975359599
.79942810535431
.80446622769038
.79820261398951
.80010894934336
.80691719055176
.79629629850388
.79983659585317
.8114106853803
.80746187766393
.80487473805745
.81236384312312
.80678105354309
.80051741997401
.8101851940155
.80119824409485
.7971132795016
.8018790880839
.80950435002645
.80610020955404
.81767429908117
.80065359671911
.81045752763748
.80746187766393
.80228757858276
.81100219488144
.80337691307068
.81849128007889
.80337689320246
.80610020955404
.81386164824168
.79112201929092
.81181915601095
.81508711973826
.8052832086881
.80514705181122
.80800654490789
.8031045794487
.81590414047241
.82802285750707
.80773419141769
.8041938940684
.83469498157501
.846677561601
.81522329648336
.81168299913406
.80923203627268
.80882352590561
.81290851036708
.80364922682444
.80242375532786
.80787038803101
.80623636643092
.79942810535431
.80787036816279
.80787036816279
.8031045794487
.80691721041997
.80378540356954
.80895968278249
.81821896632512
.80841501553853
.81604029734929
.81277233362198
.79956426223119
.80446622769038
.81617647409439
.81154684225718
.81181917587916
.80787036816279
.80392156044642
.81304466724396
.82094226280848
.81181917587916
.81318082412084
.81617645422618
.81072984139125
.80773421128591
.81059368451436
.80160675446192
.81658496459325
.81644880771637
.80732570091883
.80473856131236
.81495098272959
.81154682238897
.80868736902873
.80065359671911
.8218954205513
.81195535262426
.82012528181076
.822984735171
.80773421128591
.82012528181076
.82257626454035
.81318082412084
.80691721041997
.8184912999471
.80841503540675
.82107843955358
.81399782498678
.80923203627268
.81835512320201
.8302015264829
.81249998013179
.81209150950114
.81712963183721
.81045752763748
.80909583965937
.81304464737574
.80514705181122
.80691721041997
.81004901727041
.80024508635203
.80909585952759
.81685729821523
.8052832086881
.80923203627268
.82175928354263
.80242375532786
.81181917587916
.81168299913406
.80732572078705
.8114106853803
.81835510333379
.79861112435659
.80732572078705
.80433005094528
.79643247524897
.81004903713862
.80964052677155
.81059368451436
.80351305007935
.82039759556452
.8018790880839
.81876361370087
.81644880771637
.81495098272959
.80283224582672
.80051741997401
.80242373545965
.80555556217829
.80868736902873
.80569171905518
.80855119228363
.8135893146197
.81794663270315
.81590414047241
.82039759556452
.81889977057775
.8114106853803
.81821894645691
.81781045595805
.81576798359553
.82693354288737
.82162310679754
.81712963183721
.81113835175832
.81386166810989
.81685729821523
.81740196545919
.82107843955358
.81604029734929
.82366557916005
.82162310679754
.81604031721751
.82393791278203
.82380175590515
.83592047293981
.8218954205513
.82461873690287
.8278867204984
.81658496459325
.83278868595759
.8280228972435
.82720587650935
.83333333333333
.83088235060374
.83115468422572
.83101852734884
.83156317472458
.84068628152211
.85403048992157
.85307733217875
.86138343811035
.88671024640401
.89828431606293
.90985838572184
.9459422826767
.96500543753306
.99509803454081
1.0389433304469
1.0994008779526
1.1654411554337
1.266339858373
1.4061819314957
1.5920479695002
1.8664215803146
2.2041121323903
2.7106481393178
3.3119554519653
3.7317538261414
3.7830882072449
3.5198801358541
3.196350812912
2.8560729821523
2.5442537466685
2.2408769130707
1.9729030132294
1.7352941036224
1.5284586350123
1.381399790446
1.2675653298696
1.1873638629913
1.1056645313899
1.0736655791601
1.0354030927022
.98869826396306
.96132898330688
.94172114133835
.92388343811035
.91367103656133
.91299019257228
.88017429908117
.87772331635157
.86710240443548
.85471133391062
.85866014162699
.86029412349065
.84286491076152
.84150326251984
.84218410650889
.83891612291336
.84041394790014
.82652507225672
.82380173603694
.82529958089193
.83197168509165
.82121459643046
.82257626454035
.82815905412038
.81794663270315
.82570807139079
.83047384023666
.82502724726995
.81917210419973
.82080608606338
.81740196545919
.82244006792704
.81522329648336
.81059366464615
.81590414047241
.81032135089238
.81331700086594
.81113833189011
.81495098272959
.80964052677155
.80473856131236
.81821894645691
.81290851036708
.81032135089238
.81345315774282
.81141066551208
.79861112435659
.82053377230962
.80814270178477
.81045750776927
.81753812233607
.80664487679799
.80283224582672
.81004901727041
.81944443782171
.80855119228363
.81100217501322
.80119826396306
.80433005094528
.79656863212585
.81277233362198
.80065359671911
.8054193854332
.81113835175832
.80215140183767
.80051741997401
.80964052677155
.79711329936981
.80106210708618
.80964052677155
.79983659585317
.81685729821523
.82066994905472
.80106208721797
.80923203627268
.81685729821523
.81631265083949
.81576796372732
.81522329648336
.80610020955404
.8043300708135
.81522331635157
.80147057771683
.81004901727041
.82012526194255
.80977670351664
.80950435002645
.82039759556452
.80882352590561
.80814270178477
.81590414047241
.81386164824168
.80147059758504
.80977668364843
.80446622769038
.80160673459371
.80868736902873
.80038126309713
.81318082412084
.80950435002645
.81427015860875
.81753812233607
.81794663270315
.81345315774282
.81386166810989
.81372551123301
.8125
.81685727834702
.81808276971181
.81222766637802
.80950436989466
.81495098272959
.81059370438258
.80882354577382
.80800652503967
.81685729821523
.80378542343775
.80705336729685
.81549564997355
.81004901727041
.81004901727041
.80705336729685
.80582787593206
.80596405267715
.80501089493434
.79193900028865
.80814270178477
.80732570091883
.80473858118057
.80255991220474
.80378540356954
.80555556217829
.81508713960648
.81399782498678
.79275598128637
.80514705181122
.81100217501322
.81726580858231
.80964052677155
.81889979044596
.80051743984222
.80637254317602
.8112745086352
.79221133391062
.80773421128591
.8123638232549
.80964052677155
.80596405267715
.80882352590561
.79888345797857
.81168299913406
.8137254913648
.80283224582672
.80691721041997
.81985294818878
.79752178986867
.80800652503967
.81454249223073
.79616012175878
.7969771027565
.81862745682398
.80392158031464
.81985294818878
.81059368451436
.81917212406794
.81386166810989
.81889979044596
.81100217501322
.80405773719152
.81181919574738
.8041938940684
.79452613989512
.81222766637802
.80215142170588
.81222768624624
.79765794674555
.80637256304423
.80065359671911
.80732572078705
.80977670351664
.8029684027036
.8018790880839
.81086599826813
.80283224582672
.81413400173187
.80664489666621
.79616014162699
.80024510622025
.81644880771637
.80337691307068
.80678105354309
.80501089493434
.78567536671956
.8018790880839
.81250001986821
.80092591047287
.80528322855632
.80678103367488
.81086601813634
.81427013874054
.80759803454081
.79193900028865
.8041938940684
.81331700086594
.80351306994756
.80650873978933
.81753812233607
.81018517414729
.80664487679799
.80705338716507
.80215140183767
.80160675446192
.80623638629913
.85008170207342
.81345317761103
.82012528181076
.79942808548609
.80133442083995
.80664489666621
.80351306994756
.80718956391017
.8103213707606
.80201524496078
.80759805440903
.80038128296534
.80038124322891
.81549564997355
.80460238456726
.79861110448837
.80147057771683
.81318082412084
.80255991220474
.80242375532786
.80487473805745
.79997275273005
.80024508635203
.80501089493434
.81944443782171
.80800654490789
.81045750776927
.84340959787369
.7935729821523
.80555556217829
.81413400173187
.80106208721797
.80283224582672
.80977670351664
.79888343811035
.80814270178477
.80895968278249
.80855119228363
.8041938940684
.80106208721797
.80364924669266
.80868734916051
.81549564997355
.79275600115458
.81168299913406
.81004901727041
.79384531577428
.80364924669266
.81195535262426
.79684096574783
.80582787593206
.81290849049886
.80283224582672
.79697712262472
.80868736902873
.80555556217829
.81045752763748
.81862743695577
.79915579160055
.81059370438258
.80977668364843
.79806645711263
.81726578871409
.81876361370087
.80705338716507
.80718954404195
.79874726136525
.79098584254583
.80800652503967
.80814270178477
.79302833477656
.80160675446192
.81181915601095
.80078975359599
.80283224582672
.80882350603739
.80814270178477
.81454249223073
.81617647409439
.80078975359599
.80038126309713
.81467864910762
.80215142170588
.79629629850388
.79207515716553
.79561547438304
.79084966580073
.79547931750615
.79847496747971
.80078975359599
.8032407561938
.80691721041997
.80133444070816
.80460240443548
.79942810535431
.80392156044642
.79888345797857
.80378540356954
.78785403569539
.80732572078705
.80705336729685
.79316447178523
.80296842257182
.80147057771683
.78690087795258
.79915577173233
.80283224582672
.79153050978978
.8054193854332
.80283224582672
.79833879073461
.8041938940684
.8065087000529
.79779410362244
.79316449165344
.79425380627314
.79139433304469
.80215142170588
.79833879073461
.79561545451482
.80392156044642
.80691721041997
.80528322855632
.80201524496078
.80324073632558
.80555554231008
.79779412349065
.80882352590561
.80024508635203
.80555556217829
.81345317761103
.80610020955404
.80147059758504
.81059368451436
.80746187766393
.8065087000529
.81072984139125
.80637254317602
.79534314076106
.80364922682444
.81004901727041
.80078975359599
.80582787593206
.79479845364889
.79588780800502
.79901959498723
.81386166810989
.79793028036753
.79929194847743
.81563182671865
.80038124322891
.80337691307068
.80718956391017
.80446622769038
.80950436989466
.80977670351664
.80664485692978
.81127452850342
.80392158031464
.79289215803146
.80160675446192
.81113835175832
.8043300708135
.80010892947515
.80855119228363
.79738561312358
.79997277259827
.80337691307068
.80269606908162
.80528322855632
.81767427921295
.80351308981578
.79847494761149
.81985294818878
.81209148963292
.81154684225718
.80868736902873
.80419391393661
.79670478900274
.80936819314957
.80337691307068
.79997277259827
.81032135089238
.81045750776927
.80800654490789
.81563182671865
.80174293120702
.81059368451436
.82339324553808
.80678103367488
.80950436989466
.81331698099772
.81821896632512
.79929192860921
.81876361370087
.80623640616735
.80610022942225
.8208061059316
.8052832086881
.8159041206042
.81985294818878
.81617647409439
.80392156044642
.81712961196899
.7971132795016
.79670478900274
.80487473805745
.81345315774282
.79084966580073
.80705338716507
.8054193854332
.8125
.80569171905518
.81467864910762
.8063725233078
.81195535262426
.81032135089238
.80746185779572
.80174291133881
.80228757858276
.80446622769038
.80487471818924
.81345315774282
.79888343811035
.80555554231008
.80773419141769
.79629627863566
.79588780800502
.81263615687688
.81154684225718
.80909585952759
.80215142170588
.79752178986867
.7958877881368
.80882352590561
.79411764939626
.8041938940684
.81236384312312
.8041938940684
.80895970265071
.81508715947469
.80296838283539
.8065087000529
.80991284052531
.80637254317602
.80691721041997
.80678103367488
.80174293120702
.80555556217829
.80596405267715
.79847494761149
.80364922682444
.80187906821569
.80133442083995
.79547929763794
.79847492774328
.79057733217875
.8101851940155
.81481482585271
.80610020955404
.80242375532786
.80950435002645
.80827885866165
.79956428209941
.81658496459325
.79316449165344
.80746189753215
.79643245538076
.79929194847743
.80487471818924
.80147057771683
.80950436989466
.81059368451436
.79684096574783
.80596405267715
.80664487679799
.80392156044642
.81998910506566
.80596403280894
.81644880771637
.81072984139125
.81631265083949
.8054193854332
.80855119228363
.79901961485545
.80501089493434
.80841501553853
.79970041910807
.80664489666621
.80759805440903
.8032407561938
.8103213707606
.80841503540675
.79738561312358
.80841505527496
.81563182671865
.79956428209941
.79616012175878
.80800652503967
.80841501553853
.80092593034108
.81345317761103
.80078975359599
.80446622769038
.80800654490789
.79915577173233
.81168301900228
.80678103367488
.80610020955404
.80392158031464
.80991286039352
.80310455958049
.79629629850388
.81440631548564
.80078975359599
.79915577173233
.80514705181122
.80296842257182
.80446624755859
.80582787593206
.79534314076106
.80746187766393
.80895968278249
.79724945624669
.80351308981578
.81209150950114
.79588780800502
.80732570091883
.80814270178477
.81386164824168
.80909585952759
.81413400173187
.79888345797857
.80923203627268
.80569169918696
.81290849049886
.80895968278249
.8148148059845
.81563182671865
.81195533275604
.81495098272959
.81154684225718
.81018517414729
.81113835175832
.81685729821523
.80746187766393
.80991286039352
.80528324842453
.80337691307068
.80351306994756
.80147059758504
.7949346502622
.80324073632558
.80528322855632
.7938453356425
.83061003684998
.81508713960648
.79888343811035
.79970043897629
.81535947322845
.79670476913452
.7949346502622
.80147059758504
.79561545451482
.80078975359599
.79507078727086
.80228757858276
.80623638629913
.81168299913406
.80433005094528
.80746185779572
.8123638232549
.79629629850388
.80038126309713
.81086599826813
.80555554231008
.80746185779572
.81699347496033
.79779412349065
.80501089493434
.80623638629913
.80024510622025
.80718952417374
.81209148963292
.79003268480301
.80596403280894
.80637254317602
.80351308981578
.80787036816279
.80610022942225
.80569173892339
.80242373545965
.80487473805745
.81018517414729
.79670480887095
.79261982440948
.8029684027036
.80269608894984
.80255991220474
.81794663270315
.80460240443548
.8112745086352
.80582787593206
.8148148059845
.80991284052531
.81985294818878
.79779412349065
.81059368451436
.81467864910762
.79942810535431
.79616012175878
.81930828094482
.80147057771683
.8043300708135
.80909585952759
.79534312089284
.80405773719152
.80623638629913
.80364924669266
.80392158031464
.80691721041997
.79793028036753
.80868736902873
.80759803454081
.79724945624669
.79929192860921
.80814268191655
.8007897734642
.79411764939626
.80827885866165
.80092593034108
.81195535262426
.81617647409439
.8043300708135
.7958877881368
.80691721041997
.79697712262472
.80051743984222
.80324073632558
.80024508635203
.80705338716507
.80773421128591
.79901961485545
.79983659585317
.80827885866165
.80106208721797
.80501089493434
.81563178698222
.80637254317602
.81712963183721
.80364924669266
.81495098272959
.80228759845098
.80106208721797
.80991284052531
.79983661572138
.80582787593206
.80610020955404
.79833877086639
.80106210708618
.81222766637802
.80392156044642
.81072984139125
.81195535262426
.79793028036753
.80868734916051
.81399782498678
.80787036816279
.81113835175832
.8125
.80419391393661
.80964052677155
.80773421128591
.79793028036753
.79479849338531
.80187906821569
.79112199942271
.80364922682444
.80487473805745
.80160675446192
.80255993207296
.81072986125946
.80337691307068
.80378540356954
.81794661283493
.81072984139125
.80215142170588
.80010892947515
.79139433304469
.79847494761149
.79970041910807
.80065359671911
.80378540356954
.81168299913406
.79330062866211
.79806645711263
.80569173892339
.79820261398951
.79970043897629
.80746187766393
.80732570091883
.79997275273005
.80787036816279
.79793030023575
.80010892947515
.80814270178477
.79438996315002
.80010892947515
.80364922682444
.79520696401596
.80705338716507
.80827885866165
.81181917587916
.80024510622025
.80596405267715
.8101851940155
.79670478900274
.7924836675326
.8031045794487
.80460238456726
.79861110448837
.81032135089238
.79670476913452
.79180282354355
.80800652503967
.7958877881368
.79684096574783
.80582789580027
.80119824409485
.79861110448837
.80610020955404
.78485838572184
.79534314076106
.79942810535431
.78744552532832
.78948803742727
.8052832086881
.79234749078751
.80242373545965
.80555556217829
.80010892947515
.80038126309713
.80528322855632
.78812636931737
.79929194847743
.80923201640447
.79656863212585
.79084968566895
.80255991220474
.79643247524897
.79942810535431
.80964052677155
.79847494761149
.79806643724442
.79561547438304
.79616012175878
.81222766637802
.80868736902873
.79384531577428
.79806645711263
.80038128296534
.79616012175878
.80051741997401
.80541940530141
.79425382614136
.79398149251938
.81222766637802
.80664489666621
.80255991220474
.80678105354309
.80691721041997
.81290851036708
.79779412349065
.8065087000529
.80024508635203
.79970043897629
.80664485692978
.79112201929092
.80718954404195
.81413400173187
.80174291133881
.80215140183767
.81590414047241
.78894337018331
.79438998301824
.8031045794487
.79983659585317
.79833877086639
.81440633535385
.78853485981623
.80255991220474
.79942810535431
.79044117530187
.79616012175878
.78839870293935
.78077342112859
.79942810535431
.79997277259827
.78867101669312
.79125815629959
.79425380627314
.78213506937027
.7794117530187
.7864923675855
.79629627863566
.78444987535477
.79084966580073
.77587147553762
.77219498157501
.78363287448883
.7843137383461
.7877178589503
.7924836675326
.7960239648819
.79139433304469
.79942812522252
.79874728123347
.79098582267761
.79629627863566
.79289215803146
.79793030023575
.8018790880839
.79588780800502
.80950436989466
.80555556217829
.78336056073507
.80501087506612
.78717319170634
.78676472107569
.78839870293935
.79929194847743
.7935729821523
.78567538658778
.78513073921204
.79166668653488
.78758170207342
.78540303309759
.78594770034154
.77777777115504
.79411764939626
.8052832086881
.77995644013087
.79098582267761
.80269608894984
.79684094587962
.79520696401596
.80160675446192
.7947984735171
.79670478900274
.80759803454081
.7958877881368
.80106208721797
.81454249223073
.8018790880839
.80119824409485
.81318082412084
.79507080713908
.79370913902919
.80610022942225
.80051743984222
.79275600115458
.80269608894984
.7877178589503
.79820261398951
.80473856131236
.78118191162745
.79711329936981
.79738563299179
.78744552532832
.79221131404241
.80065357685089
.79234749078751
.79820261398951
.8031045794487
.79057733217875
.79793028036753
.81004901727041
.80378540356954
.80283224582672
.80855119228363
.79806645711263
.80977670351664
.8125
.79820261398951
.80215142170588
.80855119228363
.80446622769038
.79112197955449
.80378540356954
.79193900028865
.79575163125992
.80269606908162
.8054193854332
.80378540356954
.81290849049886
.81440631548564
.80242373545965
.80882352590561
.81781045595805
.80855121215185
.8125
.80678105354309
.7947984735171
.8148148059845
.80732570091883
.80051741997401
.79779412349065
.81154684225718
.79452615976334
.80460240443548
.79847494761149
.78880719343821
.80705338716507
.80637254317602
.79752177000046
.79970041910807
.80637254317602
.79384531577428
.79915579160055
.80705338716507
.79629629850388
.79970043897629
.79139433304469
.79425382614136
.80106208721797
.81604029734929
.80650871992111
.80691721041997
.81413398186366
.80119826396306
.82489107052485
.81209150950114
.80678105354309
.80501089493434
.81563180685043
.8101851940155
.80936819314957
.80678103367488
.81018517414729
.81100219488144
.81549564997355
.80841505527496
.80501089493434
.81304466724396
.80514705181122
.80283224582672
.80501089493434
.80977668364843
.80324071645737
.81481482585271
.80065357685089
.80337691307068
.81631263097127
.80364922682444
.80923201640447
.81045752763748
.80773421128591
.79997275273005
.80364922682444
.82066990931829
.80228759845098
.80242373545965
.80787036816279
.79820261398951
.80501089493434
.80746185779572
.7947984735171
.8040577173233
.80827885866165
.80759803454081
.80746187766393
.81331698099772
.80065359671911
.80637254317602
.80732572078705
.79684096574783
.79656863212585
.80501089493434
.79398149251938
.79874726136525
.80555556217829
.80215142170588
.81195533275604
.80895970265071
.80691721041997
.80405773719152
.81331698099772
.80215142170588
.78662856419881
.80964052677155
.79616012175878
.80283224582672
.80351308981578
.78826252619425
.80201524496078
.81209150950114
.79302831490835
.79820263385773
.80242373545965
.79888343811035
.79833877086639
.81045750776927
.80746187766393
.79901961485545
.80582789580027
.80201524496078
.79016884167989
.79588780800502
.79793026049932
.80787036816279
.80487471818924
.79302831490835
.79561547438304
.80991286039352
.79452613989512
.79125817616781
.80691721041997
.80991286039352
.80010892947515
.80827887852987
.80296842257182
.80133442083995
.79724945624669
.81549564997355
.80732570091883
.81304464737574
.81195533275604
.81740196545919
.80827887852987
.81971675157547
.81072984139125
.80800654490789
.82448258002599
.80718954404195
.81944441795349
.81032135089238
.81222766637802
.81113835175832
.81222766637802
.80582789580027
.80800654490789
.81876363356908
.80446622769038
.80078975359599
.80678105354309
.79153048992157
.80678103367488
.80991286039352
.80555556217829
.80283224582672
.81072984139125
.80106210708618
.79670480887095
.80868736902873
.79793028036753
.80582787593206
.80596405267715
.8041938940684
.79929192860921
.80569173892339
.79793028036753
.80215142170588
.81168301900228
.80160673459371
.80555556217829
.80501089493434
.79466231664022
.81059368451436
.80487471818924
.80038126309713
.80460240443548
.80950435002645
.8031045794487
.80215142170588
.81004901727041
.79983659585317
.81209150950114
.80705338716507
.8123638232549
.79915577173233
.80569169918696
.80923203627268
.79861110448837
.80582787593206
.80324073632558
.79929192860921
.80446622769038
.80283222595851
.79193900028865
.78267973661423
.80255991220474
.78785403569539
.78227124611537
.79861110448837
.79016882181168
.80255991220474
.80909585952759
.80051743984222
.79534314076106
.80106208721797
.79207517703374
.77913943926493
.79983659585317
.78948801755905
.8043300708135
.78703703482946
.78567538658778
.77559912204742
.7854030529658
.76688454548518
.7687908411026
.78390522797902
.7677015264829
.77546296517054
.76348038514455
.75844226280848
.75558278958003
.75408496459325
.74700436989466
.74904684225718
.75163398186366
.73597496747971
.72644335031509
.73611110448837
.7169117530187
.70874182383219
.72099673748016
.70302287737528
.69798475503922
.69716777404149
.67783224582672
.6768790880839
.67197712262472
.66176470120748
.64229301611582
.6427015264829
.62758715947469
.62404684225718
.61696622769038
.58156317472458
.64651415745417
0
0
0
0
0
0
0
0
0
0
0
0
0
0
0
0
0
0
0
0
0
0
0
0
0
0
0
0
0
0
0
0
0
0
0
0
0
0
0
0
0
0
0
0
0
0
0
0
0
0
0
0
0
0
0
0
0
0
0
0
0
0
0
0
0
0
0
0
0
0
0
0
0
0
0
0
0
0
0
0
0
0
0
0
0
0
0
0
0
0
0
0
0
0
0
0
0
0
0
0
0
0
0
0
0
0
0
0
0
0
0
0
0
0
0
0
0
0
0
0
0
0
0
0
0
0
0
0
0
0
0
0
0
0
0
0
0
0
0
0
0
0
0
0
0
0
0
0
0
0
0
0
0
0
0
0
0
0
0
0
0
0
0
0
0
0
0
0
0
0
0
0
0
0
0
0
0
0
0
0
0
0
0
0
0
0
0
0
0
0
0
0
0
0
0
0
0
0
0
0
0
0
0
0
0
0
0
0
0
0
0
0
0
0
0
0
0
0
0
0
0
0
0
0
0
0
0
0
0
0
0
0
0
0
0
0
0
0
0
0
0
0
0
0
0
0
0
0
0
0
0
0
0
0
0
0
0
0
0
0
0
0
0
0
0
0
0
0
0
0
0
0
0
0
0
0
0
0
0
0
0
0
0
0
0
0
0
0
0
0
0
0
0
0
0
0
0
0
0
0
0
0
0
0
0
0
0
0
0
0
0
0
0
0
0
0
0
0
0
0
0
0
0
0
0
0
0
0
0
0
0
0
0
0
0
0
0
0
0
0
0
0
0
0
0
0
0
0
0
0
0
0
0
0
0
0
0
0
0
0
0
0
0
0
0
0
0
0
0
0
0
0
0
0
0
0
0
0
0
0
0
0
0
0
0
0
0
0
0
0
0
0
0
0
0
0
0
0
0
0
0
0
0
0
0
0
0
0
0
0
0
0
0
0
0
0
0
0
0
0
0
0
0
0
0
0
0
0
0
0
0
0
0
0
0
0
0
0
0
0
0
0
0
0
0
0
0
0
0
0
0
0
0
0
0
0
0
0
0
0
0
0
0
0
0
0
0
0
0
0
0
0
0
0
0
0
0
0
0
0
0
0
0
0
0
0
0
0
0
0
0
0
0
0
0
0
0
0
0
0
0
0
0
0
0
0
0
0
0
0
0
0
0
0
0
0
0
0
0
0
0
0
0
0
0
0
0
0
0
0
0
0
0
0
0
0
0
0
0
0
0
0
0
0
0
0
0
0
0
0
0
0
0
0
0
0
0
0
0
0
0
0
0
0
0
0
0
0
0
0
0
0
0
0
0
0
0
0
0
0
0
0
0
0
0
0
0
0
0
0
0
0
0
0
0
0
0
0
0
0
0
0
0
0
0
0
0
0
0
0
0
0
0
0
0
0
0
0
0
0
0
0
0
0
0
0
0
0
0
0
0
0
0
0
0
0
0
0
0
0
0
0
0
0
0
0
0
0
0
0
0
0
0
0
0
0
0
0
0
0
0
0
0
0
0
0
0
0
0
0
0
0
0
0
0
0
0
0
0
0
0
0
0
0
0
0
0
0
0
0
0
0
0
0
0
0
0
0
0
0
0
0
0
0
0
0
0
0
0
0
0
0
0
0
0
0
0
0
0
0
0
0
0
0
0
0
0
0
0
0
0
0
0
0
0
0
0
0
0
0
0
0
0
0
0
0
0
0
0
0
0
0
0
0
0
0
0
0
0
0
0
0
0
0
0
0
0
0
0
0
0
0
0
0
0
0
0
0
0
0
0
0
0
0
0
0
0
0
0
0
0
0
0
0
0
0
0
0
0
0
0
0
0
0
0
0
0
0
0
0
0
0
0
0
0
0
0
0
0
0
0
0
0
0
0
0
0
0
0
0
0
0
0
0
0
0
0
0
0
0
0
0
0
0
0
0
0
0
0
0
0
0
0
0
0
0
0
0
0
0
0
0
0
0
0
0
0
0
0
0
0
0
0
0
0
0
0
0
0
0
0
0
0
0
0
0
0
0
0
0
0
0
0
0
0
0
0
0
0
0
0
0
0
0
0
0
0
0
0
0
0
0
0
0
0
0
0
0
0
0
0
0
0
0
0
0
0
0
0
0
0
0
0
0
0
0
0
0
0
0
0
0
0
0
0
0
0
0
0
0
0
0
0
0
0
0
0
0
0
0
0
0
0
0
0
0
0
0
0
0
0
0
0
0
0
0
0
0
0
0
0
0
0
0
0
0
0
0
0
0
0
0
0
0
0
0
0
0
0
0
0
0
0
0
0
0
0
0
0
0
0
0
0
0
0
0
0
0
0
0
0
0
0
0
0
0
0
0
0
0
0
0
0
0
0
0
0
0
0
0
0
0
0
0
0
0
0
0
0
0
0
0
0
0
0
0
0
0
0
0
0
0
0
0
0
0
0
0
0
0
0
0
0
0
0
0
0
0
0
0
0
0
0
0
0
0
0
0
0
0
0
0
0
0
0
0
0
0
0
0
0
0
0
0
0
0
0
0
0
0
0
0
0
0
0
0
0
0
0
0
0
0
0
0
0
0
0
0
0
0
0
0
0
0
0
0
0
0
0
0
0
0
0
0
0
0
0
0
0
0
0
0
0
0
0
0
0
0
0
0
0
0
0
0
0
0
0
0
0
0
0
0
0
0
0
0
0
0
0
0
0
0
0
0
0
0
0
0
0
0
0
0
0
0
0
0
0
0
0
0
0
0
0
0
0
0
0
0
0
0
0
0
0
0
0
0
0
0
0
0
0
0
0
0
0
0
0
0
0
0
0
0
0
0
0
0
0
0
0
0
0
0
0
0
0
0
0
0
0
0
0
0
0
0
0
0
0
0
0
0
0
0
0
0
0
0
0
0
0
0
0
0
0
0
0
0
0
0
0
0
0
0
0
0
0
0
0
0
0
0
0
0
0
0
0
0
0
0
0
0
0
0
0
0
0
0
0
0
0
0
0
0
0
0
0
0
0
0
0
0
0
0
0
0
0
0
0
0
0
0
0
0
0
0
0
0
0
0
0
0
0
0
0
0
0
0
0
0
0
0
0
0
0
0
0
0
0
0
0
0
0
0
0
0
0
0
0
0
0
0
0
0
0
0
0
0
0
0
0
0
0
0
0
0
0
0
0
0
0
0
0
0
0
0
0
0
0
0
0
0
0
0
0
0
0
0
0
0
0
0
0
0
0
0
0
0
0
0
0
0
0
0
0
0
0
0
0
0
0
0
0
0
0
0
0
0
0
0
0
0
0
0
0
0
0
0
0
0
0
0
0
0
0
0
0
0
0
0
0
0
0
0
0
0
0
0
0
0
0
0
0
0
0
0
0
0
0
0
0
0
0
0
0
0
0
0
0
0
0
0
0
0
0
0
0
0
0
0
0
0
0
0
0
0
0
0
0
0
0
0
0
0
0
0
0
0
0
0
0
0
0
0
0
0
0
0
0
0
0
0
0
0
0
0
0
0
0
0
0
0
0
0
0
0
0
0
0
0
0
0
0
0
0
0
0
0
0
0
0
0
0
0
0
0
0
0
0
0
0
0
0
0
0
0
0
0
0
0
0
0
0
0
0
0
0
0
0
0
0
0
0
0
0
0
0
0
0
0
0
0
0
0
0
0
0
0
0
0
0
0
0
0
0
0
0
0
0
0
0
0
0
0
0
0
0
0
0
0
0
0
0
0
0
0
0
0
0
0
0
0
0
0
0
0
0
0
0
0
0
0
0
0
0
0
0
0
0
0
0
0
0
0
0
0
0
0
0
0
0
0
0
0
0
0
0
0
0
0
0
0
0
0
0
0
0
0
0
0
0
0
0
0
0
0
0
0
0
0
0
0
0
0
0
0
0
0
0
0
0
0
0
0
0
0
0
0
0
0
0
0
0
0
0
0
0
0
0
0
0
0
0
0
0
0
0
0
0
0
0
0
0
0
0
0
0
0
0
0
0
0
0
0
0
0
0
0
0
0
0
0
0
0
0
0
0
0
0
0
0
0
0
0
0
0
0
0
0
0
0
0
0
0
0
0
0
0
0
0
0
0
0
0
0
0
0
0
0
0
0
0
0
0
0
0
0
0
0
0
0
0
0
0
0
0
0
0
0
0
0
0
0
0
0
0
0
0
0
0
0
0
0
0
0
0
0
0
0
0
0
0
0
0
0
0
0
0
0
0
0
0
0
0
0
0
0
0
0
0
0
0
0
0
0
0
0
0
0
0
0
0
0
0
0
0
0
0
0
0
0
0
0
0
0
0
0
0
0
0
0
0
0
0
0
0
0
0
0
0
0
0
0
0
0
0
0
0
0
0
0
0
0
0
0
0
0
0
0
0
0
0
0
0
0
0
0
0
0
0
0
0
0
0
0
0
0
0
0
0
0
0
0
0
0
0
0
0
0
0
0
0
0
0
0
0
0
0
0
0
0
0
0
0
0
0
0
0
0
0
0
0
0
0
0
0
0
0
0
0
0
0
0
0
0
0
0
0
0
0
0
0
0
0
0
0
0
0
0
0
0
0
0
0
0
0
0
0
0
0
0
0
0
0
0
0
0
0
0
0
0
0
0
0
0
0
0
0
0
0
0
0
0
0
0
0
0
0
0
0
0
0
0
0
0
0
0
0
