.81318082412084
.80718952417374
.79697712262472
.81168299913406
.80637256304423
.80637254317602
.81168299913406
.80718952417374
.79888345797857
.80991284052531
.81222768624624
.80473858118057
.80950435002645
.80841503540675
.80991284052531
.80405773719152
.80433005094528
.79656863212585
.80337691307068
.80283224582672
.80787036816279
.79738563299179
.80392156044642
.80718954404195
.80010892947515
.8029684027036
.79997277259827
.81127452850342
.80092591047287
.79752178986867
.80324073632558
.80133442083995
.80582787593206
.80010894934336
.8101851940155
.8041938940684
.80446622769038
.81563180685043
.80936819314957
.80501087506612
.81454249223073
.80242375532786
.80269606908162
.80977670351664
.79643245538076
.80255991220474
.80228759845098
.80201524496078
.79997275273005
.80501087506612
.7935729821523
.80746187766393
.81195533275604
.80582787593206
.79806645711263
.80964050690333
.80827885866165
.81440631548564
.81018517414729
.8654684027036
.80596405267715
.80923201640447
.79820261398951
.81427015860875
.80909583965937
.80092593034108
.8018790880839
.80569173892339
.80174293120702
.80623638629913
.80827885866165
.80746185779572
.8018790880839
.81631263097127
.80119826396306
.80051741997401
.82625271876653
.79670478900274
.80610022942225
.82325706879298
.8065087000529
.80555556217829
.81399782498678
.80977670351664
.81753812233607
.81222766637802
.80092593034108
.80024508635203
.82135075330734
.80405773719152
.79684096574783
.80242373545965
.79888343811035
.79806643724442
.80324073632558
.80991284052531
.80337689320246
.80895970265071
.81604029734929
.80936819314957
.80010892947515
.81277231375376
.79915577173233
.80405773719152
.80051741997401
.79547929763794
.80637254317602
.79153050978978
.78703703482946
.79738561312358
.79779412349065
.79888343811035
.79724945624669
.80800654490789
.79493463039398
.79929192860921
.80555556217829
.80051741997401
.80147059758504
.80841503540675
.80106208721797
.79942808548609
.79806645711263
.79670478900274
.79656865199407
.79833877086639
.79983661572138
.8029684027036
.81508713960648
.79289215803146
.80882354577382
.81086601813634
.80882352590561
.80610020955404
.81413398186366
.8018790880839
.80827885866165
.81889977057775
.79806643724442
.80746189753215
.80473856131236
.80147059758504
.81427013874054
.80787036816279
.80147057771683
.80038126309713
.81535947322845
.80255989233653
.80038126309713
.80446624755859
.79411764939626
.79302831490835
.81154684225718
.80623636643092
.80569171905518
.805147031943
.81685727834702
.78799019257228
.80133442083995
.81277233362198
.80555556217829
.81168301900228
.81794663270315
.81277235349019
.81658496459325
.82257624467214
.81100217501322
.81821896632512
.81277233362198
.8126361767451
.81168301900228
.81576798359553
.79942810535431
.81318082412084
.81018517414729
.80242375532786
.80582789580027
.80814270178477
.79534314076106
.80596407254537
.80882352590561
.79643247524897
.83401415745417
.83619280656179
.80623638629913
.80092593034109
.80827885866165
.79452613989512
.80841503540675
.80827887852987
.7924836675326
.80623640616735
.80841503540675
.80446622769038
.80936819314957
.80569171905518
.80732570091883
.80732570091883
.80637254317602
.78894337018331
.79929192860921
.80596405267715
.784177561601
.79656863212585
.81086601813634
.80051743984222
.80378538370132
.80133440097173
.80501089493434
.80215140183767
.80351306994756
.79670480887095
.80991284052531
.81059368451436
.80255991220474
.80242373545965
.81181917587916
.81781045595805
.80351306994756
.80732572078705
.80827885866165
.78935186068217
.80827887852987
.80759803454081
.80446624755859
.81331698099772
.81290849049886
.80895968278249
.79970041910807
.81985294818878
.80051743984222
.80296842257182
.81399782498678
.80228757858276
.80147057771683
.8040577173233
.80868736902873
.81113835175832
.81072986125946
.8103213707606
.80895970265071
.81576798359553
.80283224582672
.80392156044642
.80895970265071
.79084966580073
.8031045794487
.81876361370087
.80174293120702
.80855119228363
.81399780511856
.8054193854332
.80351306994756
.81998908519745
.81263615687688
.81358933448792
.82216775417328
.81808278958003
.82230391105016
.82461871703466
.82393791278203
.80610022942225
.80487471818924
.79411762952805
.79684094587962
.8041938940684
.80405773719152
.80868734916051
.81100217501322
.80746187766393
.81141066551208
.8112745086352
.81345317761103
.80964050690333
.80392156044642
.80038128296534
.80324073632558
.80746185779572
.82216775417328
.80691721041997
.80351305007935
.81413398186366
.80351306994756
.80555556217829
.80337689320246
.79970043897629
.81740196545919
.81985294818878
.81318082412084
.81413398186366
.81059368451436
.80269606908162
.80623636643092
.81576798359553
.80106206734975
.80228759845098
.80855119228363
.79616014162699
.79806645711263
.80909585952759
.80596403280894
.80773419141769
.80827887852987
.80433005094528
.80324073632558
.81427015860875
.80664487679799
.80024510622025
.80841503540675
.802015264829
.80283224582672
.81181917587916
.79330066839854
.80814270178477
.80855119228363
.80215142170588
.80215142170588
.81100219488144
.79370913902919
.80746187766393
.8018790880839
.81318082412084
.80487471818924
.79983661572138
.7960239648819
.80405773719152
.80555554231008
.80460238456726
.80215142170588
.80446622769038
.79697714249293
.80174291133881
.81399782498678
.8054193854332
.80106210708618
.80555554231008
.80487471818924
.80351306994756
.8018790880839
.80964052677155
.79697712262472
.8041938940684
.81549563010534
.7947984735171
.80392158031464
.80936819314957
.79724945624669
.81072984139125
.81440633535385
.80732572078705
.80977668364843
.81004901727041
.80092593034108
.79847492774328
.80174291133881
.79547929763794
.79738561312358
.80215142170588
.8031045794487
.79221133391062
.81781045595805
.79956426223119
.80705338716507
.82026143868764
.80555556217829
.79901959498723
.80378542343775
.79833879073461
.81113833189011
.81100217501322
.80010892947515
.8032407561938
.80324073632558
.81440631548564
.79534314076106
.81236384312312
.79616012175878
.80814270178477
.80664487679799
.81277233362198
.81672114133835
.8159041206042
.80228757858276
.80923203627268
.80637256304423
.7971132795016
.80392156044642
.80964052677155
.7947984735171
.79861110448837
.80841503540675
.80610020955404
.80174291133881
.8206699291865
.79697712262472
.80038126309713
.80855119228363
.80351306994756
.80637254317602
.80964050690333
.81277233362198
.80569171905518
.80787036816279
.82312093178431
.80269606908162
.81222766637802
.81631263097127
.80773421128591
.80991286039352
.81958059469859
.81617647409439
.80977668364843
.81604029734929
.8031045794487
.81032135089239
.82325708866119
.80596405267715
.80473856131236
.81222768624624
.80106208721797
.80895970265071
.81113833189011
.80092591047287
.80773419141769
.81821896632512
.80460240443548
.8114106853803
.8101851940155
.80841503540675
.80324073632558
.80746189753215
.80296842257182
.80787036816279
.8101851940155
.78894333044688
.80133442083995
.81304466724396
.79752178986867
.79983659585317
.80732570091883
.79193900028865
.79874726136525
.80514705181122
.80160675446192
.79534314076106
.81345315774282
.7935729821523
.79044117530187
.80882352590561
.7913943529129
.80078975359599
.79806643724442
.79806643724442
.79970043897629
.80283224582672
.80269608894984
.81195533275604
.81195533275604
.80569171905518
.81168299913406
.80215140183767
.81086601813634
.80555554231008
.79724943637848
.81331700086594
.8018790880839
.80378540356954
.81004901727041
.80038126309713
.80787036816279
.80392156044642
.79438998301824
.80773419141769
.80841503540675
.80473856131236
.81100217501322
.80936819314957
.80650871992111
.80147059758504
.81358933448792
.80024510622025
.80215140183767
.81685729821523
.80814268191655
.80868736902873
.81535947322845
.81168299913406
.81263615687688
.81508715947469
.8125
.80800654490789
.80936819314957
.8041938940684
.80691721041997
.81958059469859
.80882352590561
.80650871992111
.81454247236252
.80460238456726
.81672114133835
.81930830081304
.81222766637802
.81427015860875
.81590414047241
.81604029734929
.82039761543274
.81100217501322
.80664489666621
.81181917587916
.80078975359599
.80705336729685
.82352942228317
.80936819314957
.8065087000529
.79997277259827
.81672114133835
.80746187766393
.80678105354309
.8114106853803
.79861110448837
.80800652503967
.8126361767451
.81876361370087
.80610020955404
.81726580858231
.81222766637802
.80582789580027
.80882352590561
.8242102265358
.79861112435659
.81100217501322
.81549563010534
.81862743695577
.80623638629913
.82121459643046
.80841503540675
.80923201640447
.81522331635157
.81209150950114
.81386164824168
.8231209119161
.80038126309713
.81944443782171
.81535947322845
.80310459931691
.8148148059845
.81549564997355
.80936817328135
.81086601813634
.81331700086594
.80773421128591
.81209150950114
.81998910506566
.80977668364843
.81236384312312
.8114106853803
.81726580858231
.80405773719152
.80623636643092
.80759803454081
.81563182671865
.80800654490789
.81086601813634
.79779412349065
.82244008779526
.81059368451436
.81086599826813
.80895970265071
.80187906821569
.80582789580027
.81808276971181
.80582789580027
.81154684225718
.80541940530141
.79983659585317
.81318082412084
.80024510622025
.80010890960693
.84313726425171
.82352940241496
.81549563010534
.80596403280894
.80623638629913
.81944443782171
.80487473805745
.81045752763748
.80351308981578
.80582789580027
.80174293120702
.81522331635157
.80991284052531
.81250001986822
.8123638232549
.80650871992111
.79752178986867
.81522331635157
.79520698388418
.80487471818924
.8146786292394
.79738561312358
.80501089493434
.80419391393661
.79452613989512
.80882352590561
.81209150950114
.80773421128591
.80936819314957
.83169933160146
.81413400173187
.80909585952759
.81032135089238
.80610020955404
.80950435002645
.80705338716507
.79411764939626
.80977668364843
.80596405267715
.79316449165344
.80473854144414
.79697712262472
.80269606908162
.7960239648819
.81427015860875
.80296842257182
.80378540356954
.8029684027036
.79806643724442
.80827887852987
.80392158031464
.79806643724442
.80038126309713
.80909585952759
.79929192860921
.79098584254583
.80038126309713
.794662296772
.79779412349065
.80759803454081
.80283224582672
.7937091588974
.80133442083995
.80337691307068
.79629629850388
.79139433304469
.80364924669266
.81399782498678
.81100217501322
.81467864910762
.80923203627268
.81045750776927
.82175926367442
.83864378929138
.80868736902873
.82557189464569
.81699347496033
.81753814220428
.82135077317556
.81876361370087
.81304464737574
.81835510333379
.8126361767451
.81590414047241
.8231209119161
.8159041206042
.81726578871409
.82230391105016
.80296838283539
.80337691307068
.81195533275604
.80610020955404
.81903594732285
.81467864910762
.7958877881368
.80174291133881
.81617647409439
.80868734916051
.81508713960648
.82366557916005
.81168301900228
.81113835175832
.81930826107661
.80678103367488
.81549564997355
.81467864910762
.81862745682398
.81590414047241
.81944445768992
.81181917587916
.80364922682444
.82257624467214
.81168299913406
.8043300708135
.82679738601049
.80637256304423
.81794663270315
.82543571790059
.81399782498678
.84300108750661
.85593682527542
.81726580858231
.81835512320201
.82271240154902
.82107843955358
.81358933448792
.82053377230962
.82448258002599
.82584420839945
.82584422826767
.82734205325445
.81672112147013
.8135893146197
.82257624467214
.80868736902873
.8137254913648
.81808280944824
.81467864910762
.82148693005244
.82679738601049
.81181915601095
.81604031721751
.81277233362198
.81100217501322
.81440631548564
.82230393091838
.83183550834656
.81726578871409
.83523964881897
.81386164824168
.81985294818878
.83578431606293
.81740196545919
.82271242141724
.81331700086594
.81467864910762
.82271242141724
.82679738601049
.82421026627223
.82557189464569
.84872003396352
.82121459643046
.83374182383219
.8302015264829
.82352940241496
.81821894645691
.83088235060374
.81821896632512
.83564813931783
.82625271876653
.83061003684998
.83088233073552
.83415031433105
.81781045595805
.82843136787415
.8394607702891
.83061001698176
.82706971963247
.83973310391108
.83741829792658
.82747821013133
.83387800057729
.83210784196854
.82938452561696
.82802287737528
.83074619372686
.84980934858322
.83428651094437
.84694987535477
.8300653497378
.8395969470342
.84654138485591
.83932461341222
.83428649107615
.84953703482946
.83564813931783
.84136712551117
.83946079015732
.83197168509165
.84123094876607
.85035401582718
.84436273574829
.85117103656133
.86124728123347
.84245642026265
.86369826396306
.85620913902919
.846677561601
.85797929763794
.85634531577428
.86342591047287
.85157952706019
.85566449165344
.85008170207341
.84817538658778
.85416666666667
.85076252619425
.86288128296534
.86056645711263
.85375817616781
.85825165112813
.86029412349065
.85866012175878
.85743463039398
.87636164824168
.86301741997401
.86805554231008
.87173201640447
.86124728123347
.87186819314957
.87322986125946
.86465142170588
.87418301900228
.87962963183721
.87486384312312
.87731482585271
.89311001698176
.87649782498678
.87854029734929
.8997821410497
.89338237047195
.89011438687642
.91081154346466
.89814815918605
.90904140472412
.91557733217875
.91884531577428
.9210239648819
.93355119228363
.94526145855586
.94185729821523
.94675926367442
.96827342112859
.9718137383461
.98488561312358
.98815359671911
.99523419141769
1.0024509827296
1.0167483488719
1.0103485782941
1.0212418635686
1.0482026338577
1.0434368054072
1.0511982440948
1.1008987426758
1.0698529481888
1.0872821013133
1.0962690512339
1.0825163125992
1.1021241744359
1.1146514018377
1.113970597585
1.1215958595276
1.1345315774282
1.1158769130707
1.130310455958
1.1368463834127
1.1399782101313
1.1467864910762
1.1579520702362
1.1552287737528
1.1674836476644
1.1678921778997
1.1670751571655
1.1696623166402
1.1727941036224
1.1749727725983
1.1708877881368
1.1838235457738
1.1670751571655
1.1796023845673
1.1839596827825
1.1918572982152
1.1763343811035
1.1857298612595
1.177015264829
1.1952614784241
1.1971677541733
1.1849128405253
1.1968954404195
1.2071078221003
1.1894063154856
1.1948529481888
1.1973039706548
1.1906318267186
1.1938997507095
1.1973039309184
1.1900871594747
1.1842319965363
1.1869553724925
1.1903594732285
1.1827342510223
1.1941721041997
1.1979847749074
1.1806917190552
1.1864107052485
1.1884531974792
1.1771514018377
1.1689814726512
1.1702069838842
1.1646242141724
1.1661219994227
1.1602669159571
1.1417483488719
1.1307189861933
1.1353485981623
1.1143790880839
1.1083877881368
1.1072984933853
1.0860566298167
1.0804738601049
1.0750272274017
1.0586873690287
1.0472494761149
1.0364923874537
1.017837703228
1.0035402973493
.99863837162654
.98434094587962
.96677559614182
.96514161427816
.95411219199498
.94417212406794
.93164489666621
.95138887564341
.91244554519653
.91026689608892
.89433550834656
.88875271876653
.8809912999471
.86151961485545
.8562091588974
.85906861225764
.8500816822052
.84572440385818
.84463508923848
.83905229965846
.8386438091596
.84150326251984
.83755447467168
.83619282643
.84286493062973
.82598040501277
.82366557916005
.82747821013133
.8184912999471
.81454247236252
.82107841968536
.81018517414729
.82107841968536
.81781045595805
.83142699797948
.81345315774282
.81100217501322
.82298475503922
.80514705181122
.81889977057775
.84858385721842
.81304468711217
.81413400173187
.82012528181076
.81086601813634
.81386164824168
.82175926367442
.81209150950114
.81712963183721
.81522329648336
.80038126309713
.81154684225718
.81590414047241
.81631263097127
.81699347496033
.82502722740173
.80555556217829
.82148694992065
.82271242141724
.81032135089238
.80787036816279
.81481482585271
.8032407561938
.80964052677155
.82039761543274
.81127452850342
.82529956102371
.82856754461924
.8148148059845
.82856754461924
.82706971963247
.82039761543274
.80841503540675
.81563180685043
.80065359671911
.79983661572138
.81440631548564
.81059366464615
.81059368451436
.81290849049886
.80691719055176
.80964052677155
.81331698099772
.81345317761103
.81481482585271
.81889979044596
.81181915601095
.81331700086594
.81958059469859
.80283224582672
.80841503540675
.81522331635157
.80814272165298
.81427015860875
.81372547149658
.82107843955358
.81590414047241
.82325708866119
.81794661283493
.81930826107661
.82107843955358
.82598040501277
.81535947322845
.80977670351664
.82135077317556
.81100217501322
.81427015860875
.81985294818878
.81209150950114
.81277233362198
.8242102265358
.81113835175832
.80855119228363
.83333331346512
.81454247236252
.81672114133835
.82407406965892
.81712963183721
.81209150950114
.82475491364797
.81740196545919
.81209150950114
.81998910506566
.8090958793958
.8029684027036
.8206699291865
.80746185779572
.80596405267715
.81345317761103
.80119824409485
.81181917587916
.81672114133835
.80827885866165
.79874726136525
.80895968278249
.80678103367488
.81386166810989
.80787038803101
.79643245538076
.80364922682444
.81399782498678
.80487473805745
.8031045794487
.81985292832057
.80964052677155
.81427015860875
.82516340414683
.81236384312312
.8148148059845
.82393791278203
.80977668364843
.82107841968536
.81617645422618
.80950435002645
.79983659585317
.80487473805745
.81903594732285
.81100217501322
.81712963183721
.81549564997355
.8206699291865
.8312908411026
.8325163324674
.81740196545919
.82543573776881
.81345317761103
.81386164824168
.81917210419973
.81781045595805
.80351306994756
.80664489666621
.81004901727041
.81154682238897
.80473856131236
.81862743695577
.80923201640447
.82121459643046
.8206699291865
.80773421128591
.80650871992111
.80936819314957
.80909585952759
.80337691307068
.81427015860875
.79765794674555
.80637254317602
.81277233362198
.80051743984222
.80705334742864
.81454247236252
.8043300708135
.81059368451436
.81427015860875
.80909585952759
.80759805440903
.80691721041997
.80855119228363
.81399780511856
.80664487679799
.7947984735171
.80147057771683
.80923201640447
.8029684027036
.80678105354309
.81753812233607
.80582787593206
.80691721041997
.81930830081304
.79616012175878
.80800654490789
.81032135089238
.80255989233653
.80487471818924
.8135893146197
.80419391393661
.80473856131236
.80705338716507
.80964052677155
.8031045794487
.81154684225718
.81604029734929
.8065087000529
.80664487679799
.8112745086352
.80473856131236
.8101851940155
.81331700086594
.80092593034108
.8040577173233
.80623638629913
.79629629850388
.80650871992111
.80800652503967
.79643245538076
.8123638232549
.80678105354309
.79847492774328
.80119824409485
.81454249223073
.80405773719152
.8101851940155
.81004901727041
.80024508635203
.80119824409485
.81522331635157
.80582789580027
.8065087000529
.80977668364843
.80215142170588
.80596403280894
.81440631548564
.80024510622025
.80024508635203
.81427015860875
.80841503540675
.80923201640447
.81740196545919
.80814268191655
.80364924669266
.80841501553853
.80174291133881
.81563180685043
.80255991220474
.79561545451482
.81004901727041
.80923203627268
.81290851036708
.8032407561938
.80378538370132
.79820261398951
.80923201640447
.8125
.80732570091883
.79779412349065
.80555554231008
.79901959498723
.80433005094528
.79956426223119
.8195806145668
.79234751065572
.80106208721797
.80092593034108
.79684096574783
.80051741997401
.80895970265071
.79901961485545
.80473856131236
.80964054663976
.80705338716507
.80487471818924
.80678105354309
.79670478900274
.80610020955404
.81318082412084
.80514707167943
.7949346502622
.80882352590561
.80623638629913
.80324073632558
.81195535262426
.79534312089284
.80718954404195
.81590414047241
.7960239648819
.80569171905518
.81004899740219
.80010892947515
.80024510622025
.80242375532786
.7960239648819
.79452613989512
.80038128296534
.78839868307114
.80610020955404
.80473856131236
.79289215803146
.81059368451436
.80201524496078
.79970041910807
.79752178986867
.79929192860921
.79833877086639
.79806643724442
.79793028036753
.78771783908208
.79520698388418
.79888343811035
.79779412349065
.79697712262472
.80364924669266
.80487473805745
.79493463039398
.80691721041997
.80746187766393
.8159041206042
.8126361767451
.80909585952759
.80623640616735
.80460240443548
.81454247236252
.80718954404195
.80718954404195
.81113835175832
.80759805440903
.81318082412084
.81808278958003
.80487471818924
.81440633535385
.81004901727041
.80147059758504
.80732570091883
.80501089493434
.79670478900274
.80460240443548
.80909585952759
.78826252619425
.8052832086881
.80623636643092
.81944445768992
.83142699797948
.81495096286138
.80337691307068
.80147059758504
.8195806145668
.80078975359599
.81209152936935
.81045752763748
.79779412349065
.80051741997401
.80637254317602
.80010892947515
.80378540356954
.80746187766393
.80392156044642
.80405773719152
.80487471818924
.80106208721797
.80650871992111
.81032135089238
.79044117530187
.79670478900274
.81032135089238
.80106208721797
.80569171905518
.80501089493434
.79547929763794
.80106208721797
.81168299913406
.81495098272959
.81045750776927
.80514705181122
.80038124322891
.79779410362244
.81917212406794
.80283222595851
.80269606908162
.81004903713862
.79901961485545
.79779412349065
.81467864910762
.80814270178477
.8041938940684
.79752177000046
.81045750776927
.79956426223119
.80528322855632
.81604029734929
.79997277259827
.8125
.81617645422618
.80092593034108
.79425380627314
.80964052677155
.80106210708618
.80977670351664
.80664487679799
.80092593034108
.79915577173233
.80310455958049
.79997277259827
.79956426223119
.8125
.79643245538076
.81658498446147
.80977668364843
.80950435002645
.80133442083995
.81454247236252
.80487473805745
.8112745086352
.80610020955404
.80991284052531
.8018790880839
.80392158031464
.7937091588974
.80637256304423
.80337689320246
.7935729821523
.79779412349065
.80909583965937
.79139431317647
.80487471818924
.80473856131236
.79956428209941
.80800652503967
.80255989233653
.79343682527542
.79888343811035
.79520698388418
.78308822711309
.79289215803146
.80569171905518
.79438998301824
.79833877086639
.8018790880839
.79888343811035
.82448258002599
.81481482585271
.79684096574783
.79534314076106
.794662296772
.81113833189011
.8018790880839
.79438998301824
.80678103367488
.80160675446192
.79956428209941
.81712963183721
.80501089493434
.79793030023575
.80582789580027
.7960239648819
.80433005094528
.80514705181122
.80228757858276
.80296842257182
.81399782498678
.79806645711263
.80433005094528
.81168301900228
.79888343811035
.80569171905518
.80800654490789
.80596405267715
.8101851940155
.81535947322845
.80610022942225
.80705338716507
.80855121215185
.80392156044642
.8043300708135
.81821896632512
.81168301900228
.81236384312312
.80923203627268
.8052832086881
.80446620782216
.81168301900228
.79888343811035
.80964052677155
.81004901727041
.79901961485545
.81072986125946
.81399782498678
.80065359671911
.80773419141769
.80936819314957
.80310455958049
.80909585952759
.81032135089238
.80759803454081
.80174293120702
.81495098272959
.80051741997401
.80718954404195
.81141066551208
.79874728123347
.81413400173187
.81004901727041
.81386164824168
.80923203627268
.81209148963292
.81563180685043
.80718954404195
.81644878784815
.8065087000529
.80460240443548
.81195533275604
.81277233362198
.81644880771637
.80936817328135
.81849128007889
.80964052677155
.81835512320201
.82175926367442
.81086601813634
.80855119228363
.82066994905472
.81100217501322
.80364922682444
.80364922682444
.79207515716553
.8029684027036
.81672112147013
.8043300708135
.80174291133881
.8114106853803
.80501087506612
.81821896632512
.81985292832057
.80364924669266
.81508715947469
.82393791278203
.80364924669266
.80909585952759
.81100217501322
.79752177000046
.80827887852987
.80746187766393
.79534314076106
.80324073632558
.8146786292394
.79738561312358
.80446624755859
.81413398186366
.8126361767451
.80691721041997
.80759803454081
.794662296772
.79071350892385
.8054193854332
.79398147265116
.79847492774328
.802015264829
.79724943637848
.80678105354309
.80895968278249
.8031045794487
.80242375532786
.81413398186366
.8114106853803
.79616012175878
.80242373545965
.80487471818924
.81222766637802
.80528322855632
.81672112147013
.79643245538076
.80255991220474
.80923201640447
.7949346502622
.80351306994756
.80174291133881
.79888343811035
.79983659585317
.80514707167943
.80133440097173
.80255991220474
.8029684027036
.79724943637848
.79275598128637
.80650871992111
.78962417443593
.79289215803146
.8043300708135
.79684094587962
.79684096574783
.80759803454081
.81781047582626
.81032135089238
.80936819314957
.79466231664022
.80296842257182
.79384531577428
.79289215803146
.79602394501368
.80092591047287
.78785403569539
.79616012175878
.8031045794487
.79629629850388
.79343682527542
.8029684027036
.79970041910807
.80351308981578
.81100217501322
.80977670351664
.80092593034109
.802015264829
.79806645711263
.79697714249293
.80759803454081
.79752178986867
.79915577173233
.80133442083995
.79656863212585
.80787036816279
.80732570091883
.81181917587916
.81100219488144
.80160675446192
.79997277259827
.79561545451482
.80746185779572
.81617649396261
.80569173892339
.80759803454081
.81699347496033
.80038126309713
.79507080713908
.84300108750661
.79629627863566
.7969771027565
.79629627863566
.78785403569539
.79221131404241
.80528322855632
.79493463039398
.8007897734642
.79588780800501
.78213506937027
.79752178986867
.80555556217829
.79670480887095
.78894337018331
.80501089493434
.79616012175878
.79575163125992
.79874726136525
.79847492774328
.79915577173233
.80255991220474
.78894335031509
.79425380627314
.80119826396306
.79261982440948
.7958877881368
.81100219488144
.79466231664022
.7947984735171
.80650871992111
.79724945624669
.78608389695485
.81304464737574
.80010894934336
.79398149251938
.8041938940684
.8018790880839
.80351305007935
.80378540356954
.80092593034108
.80841503540675
.79970043897629
.79997277259827
.79956426223119
.79084966580073
.78785403569539
.79153050978978
.79534312089284
.78322440385818
.78717319170634
.80051743984222
.7855392297109
.7866285443306
.79425382614136
.79030501842499
.78839868307114
.79221133391062
.79847494761149
.78839868307114
.78458605209986
.78540303309759
.78036493062973
.77301198244095
.7843137383461
.76674836874008
.77328431606293
.78322440385818
.77954790989558
.81004899740219
.81508713960648
.80051743984222
.80678103367488
.81808278958003
.80569171905518
.8031045794487
.81726578871409
.80827887852987
.79901961485545
.81958059469859
.79888343811035
.80024510622025
.81781047582626
.80174291133881
.80637254317602
.8112745086352
.80201524496078
.8043300708135
.81781047582626
.80868736902873
.80528322855632
.81045752763748
.80174291133881
.79874728123347
.79833877086639
.79616014162699
.80582789580027
.80909585952759
.79765794674555
.80746187766393
.80950435002645
.79575165112813
.79738563299179
.81127452850342
.79874728123347
.80773421128591
.81141066551208
.80582789580027
.80732572078705
.80419391393661
.79261982440948
.79861110448837
.80269608894984
.80337691307068
.80596407254537
.81154684225718
.81113835175832
.80337691307068
.7960239648819
.80392158031464
.7947984735171
.80800652503967
.81903594732285
.78894335031509
.79942808548609
.8101851940155
.79398149251938
.78404138485591
.79575163125992
.79806643724442
.79071350892385
.79629627863566
.79970043897629
.80024508635203
.80569173892339
.79534314076106
.82121459643046
.81045750776927
.80051741997401
.79534316062927
.80923203627268
.82284857829412
.79670480887095
.79411764939626
.79779412349065
.81032135089238
.81481482585271
.80705336729685
.80691721041997
.81454247236252
.79275598128637
.79398147265116
.80936817328135
.79302831490835
.79452615976334
.79738561312358
.7947984735171
.80909585952759
.79779410362244
.79561545451482
.80174291133881
.80705338716507
.79901959498723
.7958877881368
.81072984139125
.79861110448837
.80147057771683
.8184912999471
.80351306994756
.80106208721797
.79997277259827
.79275600115458
.7960239648819
.80773421128591
.80065357685089
.80065359671911
.80814268191655
.8065087000529
.80242375532786
.80038126309713
.80351306994756
.7924836675326
.80255991220474
.8031045794487
.79343680540721
.79697712262472
.79302833477656
.79044117530187
.80269606908162
.79956426223119
.79180282354355
.80228757858276
.80215142170588
.79684094587962
.80160675446192
.80773421128591
.79330064853032
.79833877086639
.80610022942225
.81086601813634
.79643245538076
.80746187766393
.78907950719198
.79452613989512
.79275598128637
.79302833477656
.80065359671911
.79997277259827
.80106208721797
.79847494761149
.81222766637802
.80868734916051
.80705338716507
.81712963183721
.81821894645691
.79670480887095
.80092593034109
.79820261398951
.80215140183767
.79493463039398
.79752178986867
.80746187766393
.81209148963292
.80732570091883
.79411764939626
.81753812233607
.80324073632558
.80827885866165
.81032133102417
.80010892947515
.80010894934336
.81263615687688
.79724945624669
.80923203627268
.80936817328135
.79997275273005
.79752180973689
.80378540356954
.80623638629913
.79466231664022
.80773421128591
.81168299913406
.81209150950114
.81045750776927
.82039759556452
.80759803454081
.81331698099772
.81399782498678
.81181917587916
.81045750776927
.81481482585271
.80147057771683
.81617647409439
.81903594732285
.81290849049886
.82284857829412
.83360566695531
.81522331635157
.80732572078705
.80405773719152
.80024508635203
.80991286039352
.80691721041997
.79997275273005
.7947984735171
.8043300708135
.79874726136525
.81059366464615
.80405773719152
.80228757858276
.80650871992111
.82148694992065
.80787038803101
.80147057771683
.8126361767451
.79997277259827
.8018790880839
.80773419141769
.79765794674555
.79942810535431
.80541940530141
.79724945624669
.79861110448837
.8114106853803
.80378540356954
.81318082412084
.81604031721751
.80242373545965
.80378540356954
.80746187766393
.79670478900274
.80119826396306
.80501089493434
.78894337018331
.7924836675326
.80582787593206
.79806643724442
.79861112435659
.80283224582672
.81331700086594
.80446622769038
.80324073632558
.81685727834702
.80664489666621
.8114106853803
.82135075330734
.7971132795016
.80514705181122
.80950436989466
.80038126309713
.79765794674555
.80283224582672
.80364922682444
.79466231664022
.81181915601095
.80215142170588
.79915577173233
.81222764650981
.80501089493434
.80936819314957
.81576798359553
.79534312089284
.80800654490789
.81304464737574
.79956426223119
.80078973372777
.81004901727041
.79833877086639
.79970041910807
.80596405267715
.79956428209941
.80119826396306
.80038126309713
.80596407254537
.80664487679799
.8218954205513
.81072984139125
.81331700086594
.80800654490789
.8040577173233
.80364924669266
.80296842257182
.79411764939626
.79942808548609
.81699347496033
.79588780800501
.79684096574783
.80392158031464
.80119826396306
.79942810535431
.80147057771683
.79289213816325
.80569171905518
.80569171905518
.80378542343775
.80419391393661
.79983659585317
.79656863212585
.79330066839854
.79629629850388
.81998910506566
.80255991220474
.80923203627268
.81617645422618
.80800652503967
.8052832086881
.81045752763748
.79970043897629
.80501089493434
.81522331635157
.81168299913406
.80678105354309
.81154684225718
.80596405267715
.80582787593206
.81699345509211
.81181919574738
.79997275273005
.80378540356954
.80623638629913
.80868736902873
.8218954205513
.82216775417328
.80582789580027
.81767427921295
.80705338716507
.82284857829412
.81168299913406
.80814268191655
.8018790880839
.81604029734929
.80051741997401
.80351306994756
.81100217501322
.79942808548609
.8007897734642
.80909585952759
.80569171905518
.8029684027036
.8134531378746
.80255989233653
.79779412349065
.81032135089239
.79466231664022
.80201524496078
.80950436989466
.8114106853803
.80759803454081
.80528322855632
.80528322855632
.81168301900228
.80718952417374
.8041938940684
.80882354577382
.79779410362244
.78921570380529
.79534314076106
.81413398186366
.80106208721797
.8029684027036
.79466231664022
.80460240443548
.79861110448837
.79956428209941
.79861112435659
.79016886154811
.79289213816325
.7937091588974
.79166666666667
.79153048992157
.80283224582672
.78622005383174
.78267973661423
.80119824409485
.77995642026265
.78254355986913
.78553920984268
.77328429619471
.78853487968445
.78608387708664
.79098582267761
.78485838572184
.78431371847788
.79207515716553
.78635621070862
.78295209010442
.77723310391108
.77668845653534
.78649238745371
.76388889551163
.76906317472458
.77205882469813
.75980393091838
.76416122913361
.77396514018377
.75245096286138
.75408496459325
.76048475503921
.75040849049886
.75326798359553
.76102940241496
.74727668364843
.75340414047241
.74373638629913
.72943900028865
.71936275561651
.72399238745371
.71827342112859
.71895424524943
.72317538658778
.70846949021022
.70070807139079
.71023964881897
.69308278958003
.6887254913648
.68287036816279
.67007078727086
.65577342112859
.65386710564295
.62241286039352
.63235294818878
.62908496459325
.57829521099726
.66421568393707
0
0
0
0
0
0
0
0
0
0
0
0
0
0
0
0
0
0
0
0
0
0
0
0
0
0
0
0
0
0
0
0
0
0
0
0
0
0
0
0
0
0
0
0
0
0
0
0
0
0
0
0
0
0
0
0
0
0
0
0
0
0
0
0
0
0
0
0
0
0
0
0
0
0
0
0
0
0
0
0
0
0
0
0
0
0
0
0
0
0
0
0
0
0
0
0
0
0
0
0
0
0
0
0
0
0
0
0
0
0
0
0
0
0
0
0
0
0
0
0
0
0
0
0
0
0
0
0
0
0
0
0
0
0
0
0
0
0
0
0
0
0
0
0
0
0
0
0
0
0
0
0
0
0
0
0
0
0
0
0
0
0
0
0
0
0
0
0
0
0
0
0
0
0
0
0
0
0
0
0
0
0
0
0
0
0
0
0
0
0
0
0
0
0
0
0
0
0
0
0
0
0
0
0
0
0
0
0
0
0
0
0
0
0
0
0
0
0
0
0
0
0
0
0
0
0
0
0
0
0
0
0
0
0
0
0
0
0
0
0
0
0
0
0
0
0
0
0
0
0
0
0
0
0
0
0
0
0
0
0
0
0
0
0
0
0
0
0
0
0
0
0
0
0
0
0
0
0
0
0
0
0
0
0
0
0
0
0
0
0
0
0
0
0
0
0
0
0
0
0
0
0
0
0
0
0
0
0
0
0
0
0
0
0
0
0
0
0
0
0
0
0
0
0
0
0
0
0
0
0
0
0
0
0
0
0
0
0
0
0
0
0
0
0
0
0
0
0
0
0
0
0
0
0
0
0
0
0
0
0
0
0
0
0
0
0
0
0
0
0
0
0
0
0
0
0
0
0
0
0
0
0
0
0
0
0
0
0
0
0
0
0
0
0
0
0
0
0
0
0
0
0
0
0
0
0
0
0
0
0
0
0
0
0
0
0
0
0
0
0
0
0
0
0
0
0
0
0
0
0
0
0
0
0
0
0
0
0
0
0
0
0
0
0
0
0
0
0
0
0
0
0
0
0
0
0
0
0
0
0
0
0
0
0
0
0
0
0
0
0
0
0
0
0
0
0
0
0
0
0
0
0
0
0
0
0
0
0
0
0
0
0
0
0
0
0
0
0
0
0
0
0
0
0
0
0
0
0
0
0
0
0
0
0
0
0
0
0
0
0
0
0
0
0
0
0
0
0
0
0
0
0
0
0
0
0
0
0
0
0
0
0
0
0
0
0
0
0
0
0
0
0
0
0
0
0
0
0
0
0
0
0
0
0
0
0
0
0
0
0
0
0
0
0
0
0
0
0
0
0
0
0
0
0
0
0
0
0
0
0
0
0
0
0
0
0
0
0
0
0
0
0
0
0
0
0
0
0
0
0
0
0
0
0
0
0
0
0
0
0
0
0
0
0
0
0
0
0
0
0
0
0
0
0
0
0
0
0
0
0
0
0
0
0
0
0
0
0
0
0
0
0
0
0
0
0
0
0
0
0
0
0
0
0
0
0
0
0
0
0
0
0
0
0
0
0
0
0
0
0
0
0
0
0
0
0
0
0
0
0
0
0
0
0
0
0
0
0
0
0
0
0
0
0
0
0
0
0
0
0
0
0
0
0
0
0
0
0
0
0
0
0
0
0
0
0
0
0
0
0
0
0
0
0
0
0
0
0
0
0
0
0
0
0
0
0
0
0
0
0
0
0
0
0
0
0
0
0
0
0
0
0
0
0
0
0
0
0
0
0
0
0
0
0
0
0
0
0
0
0
0
0
0
0
0
0
0
0
0
0
0
0
0
0
0
0
0
0
0
0
0
0
0
0
0
0
0
0
0
0
0
0
0
0
0
0
0
0
0
0
0
0
0
0
0
0
0
0
0
0
0
0
0
0
0
0
0
0
0
0
0
0
0
0
0
0
0
0
0
0
0
0
0
0
0
0
0
0
0
0
0
0
0
0
0
0
0
0
0
0
0
0
0
0
0
0
0
0
0
0
0
0
0
0
0
0
0
0
0
0
0
0
0
0
0
0
0
0
0
0
0
0
0
0
0
0
0
0
0
0
0
0
0
0
0
0
0
0
0
0
0
0
0
0
0
0
0
0
0
0
0
0
0
0
0
0
0
0
0
0
0
0
0
0
0
0
0
0
0
0
0
0
0
0
0
0
0
0
0
0
0
0
0
0
0
0
0
0
0
0
0
0
0
0
0
0
0
0
0
0
0
0
0
0
0
0
0
0
0
0
0
0
0
0
0
0
0
0
0
0
0
0
0
0
0
0
0
0
0
0
0
0
0
0
0
0
0
0
0
0
0
0
0
0
0
0
0
0
0
0
0
0
0
0
0
0
0
0
0
0
0
0
0
0
0
0
0
0
0
0
0
0
0
0
0
0
0
0
0
0
0
0
0
0
0
0
0
0
0
0
0
0
0
0
0
0
0
0
0
0
0
0
0
0
0
0
0
0
0
0
0
0
0
0
0
0
0
0
0
0
0
0
0
0
0
0
0
0
0
0
0
0
0
0
0
0
0
0
0
0
0
0
0
0
0
0
0
0
0
0
0
0
0
0
0
0
0
0
0
0
0
0
0
0
0
0
0
0
0
0
0
0
0
0
0
0
0
0
0
0
0
0
0
0
0
0
0
0
0
0
0
0
0
0
0
0
0
0
0
0
0
0
0
0
0
0
0
0
0
0
0
0
0
0
0
0
0
0
0
0
0
0
0
0
0
0
0
0
0
0
0
0
0
0
0
0
0
0
0
0
0
0
0
0
0
0
0
0
0
0
0
0
0
0
0
0
0
0
0
0
0
0
0
0
0
0
0
0
0
0
0
0
0
0
0
0
0
0
0
0
0
0
0
0
0
0
0
0
0
0
0
0
0
0
0
0
0
0
0
0
0
0
0
0
0
0
0
0
0
0
0
0
0
0
0
0
0
0
0
0
0
0
0
0
0
0
0
0
0
0
0
0
0
0
0
0
0
0
0
0
0
0
0
0
0
0
0
0
0
0
0
0
0
0
0
0
0
0
0
0
0
0
0
0
0
0
0
0
0
0
0
0
0
0
0
0
0
0
0
0
0
0
0
0
0
0
0
0
0
0
0
0
0
0
0
0
0
0
0
0
0
0
0
0
0
0
0
0
0
0
0
0
0
0
0
0
0
0
0
0
0
0
0
0
0
0
0
0
0
0
0
0
0
0
0
0
0
0
0
0
0
0
0
0
0
0
0
0
0
0
0
0
0
0
0
0
0
0
0
0
0
0
0
0
0
0
0
0
0
0
0
0
0
0
0
0
0
0
0
0
0
0
0
0
0
0
0
0
0
0
0
0
0
0
0
0
0
0
0
0
0
0
0
0
0
0
0
0
0
0
0
0
0
0
0
0
0
0
0
0
0
0
0
0
0
0
0
0
0
0
0
0
0
0
0
0
0
0
0
0
0
0
0
0
0
0
0
0
0
0
0
0
0
0
0
0
0
0
0
0
0
0
0
0
0
0
0
0
0
0
0
0
0
0
0
0
0
0
0
0
0
0
0
0
0
0
0
0
0
0
0
0
0
0
0
0
0
0
0
0
0
0
0
0
0
0
0
0
0
0
0
0
0
0
0
0
0
0
0
0
0
0
0
0
0
0
0
0
0
0
0
0
0
0
0
0
0
0
0
0
0
0
0
0
0
0
0
0
0
0
0
0
0
0
0
0
0
0
0
0
0
0
0
0
0
0
0
0
0
0
0
0
0
0
0
0
0
0
0
0
0
0
0
0
0
0
0
0
0
0
0
0
0
0
0
0
0
0
0
0
0
0
0
0
0
0
0
0
0
0
0
0
0
0
0
0
0
0
0
0
0
0
0
0
0
0
0
0
0
0
0
0
0
0
0
0
0
0
0
0
0
0
0
0
0
0
0
0
0
0
0
0
0
0
0
0
0
0
0
0
0
0
0
0
0
0
0
0
0
0
0
0
0
0
0
0
0
0
0
0
0
0
0
0
0
0
0
0
0
0
0
0
0
0
0
0
0
0
0
0
0
0
0
0
0
0
0
0
0
0
0
0
0
0
0
0
0
0
0
0
0
0
0
0
0
0
0
0
0
0
0
0
0
0
0
0
0
0
0
0
0
0
0
0
0
0
0
0
0
0
0
0
0
0
0
0
0
0
0
0
0
0
0
0
0
0
0
0
0
0
0
0
0
0
0
0
0
0
0
0
0
0
0
0
0
0
0
0
0
0
0
0
0
0
0
0
0
0
0
0
0
0
0
0
0
0
0
0
0
0
0
0
0
0
0
0
0
0
0
0
0
0
0
0
0
0
0
0
0
0
0
0
0
0
0
0
0
0
0
0
0
0
0
0
0
0
0
0
0
0
0
0
0
0
0
0
0
0
0
0
0
0
0
0
0
0
0
0
0
0
0
0
0
0
0
0
0
0
0
0
0
0
0
0
0
0
0
0
0
0
0
0
0
0
0
0
0
0
0
0
0
0
0
0
0
0
0
0
0
0
0
0
0
0
0
0
0
0
0
0
0
0
0
0
0
0
0
0
0
0
0
0
0
0
0
0
0
0
0
0
0
0
0
0
0
0
0
0
0
0
0
0
0
0
0
0
0
0
0
0
0
0
0
0
0
0
