.84975610176722
.80617884794871
.79430896043777
.87300811211268
.81837397813797
.80113822221756
.79528456926346
.82796746492386
.85723578929901
.81024390459061
.84569106499354
.78178862730662
.81788617372513
.81902438402176
.76601624488831
.84097560246785
.82146340608597
.79723578691483
.85658536354701
.86536586284637
.86455283562342
.8136585354805
.93430894613266
.85756097237269
.8936585187912
.7951219479243
.81934958696365
.87674796581268
.80227643251419
.8198373913765
.84471545616786
.86390244960785
.86601626873016
.88097560405731
.87609755992889
.86000001430511
.85756099224091
.82796746492386
.89414634307226
.93252032995224
.83252030611038
.87560975551605
.84471545616786
.87186992168427
.87365853786469
.92292684316635
.93365854024887
.84195121129354
.9035772283872
.9032520254453
.80764228105545
.87024390697479
.84910569588343
.89317071437836
.89138211806615
.86617887020111
.89317073424657
.8294308980306
1.0243902206421
.8383739789327
.90845527251562
.88682925701141
.88032519817352
.87821137905121
.90130078792572
.88243901729584
.91333333651225
.88634145259857
.88682925701141
.95040649175644
.97577238082886
.91853660345078
.9530081152916
.87902438640594
.89934959014257
.92422765493393
.93804877996445
.93219512701035
.92650407552719
.94634145498276
.9910569190979
.92552844683329
.90373982985814
.9200000166893
.89869918425878
.88943088054657
.93219512701035
.92796748876572
.86731708049774
.86439025402069
.94455283880234
.92552846670151
.90845529238383
.91674798727036
.89560975631078
.91739839315414
.88959348201752
.91772359609604
.86926829814911
1.0998374223709
1.0110569000244
.89902438720067
.96260160207748
.96943088372548
.92081302404404
.90845529238383
.8973983724912
.95853658517202
.9635772506396
.9347967505455
.97056911389033
.97723577419917
.99024389187495
.98130081097285
.94894307851791
.9227642416954
.99382116397222
.98357723156611
.91333333651225
.9100813070933
.95788617928823
1.1536585092545
.92081302404404
.92390245199203
.99121952056885
.9440650343895
.96650407711665
.98260164260864
.96097560723623
.92520326375961
1.0702439546585
.92325204610825
.92211383581161
.92829269170761
.99593496322632
.94211381673813
1.0048780441284
1.0287804603577
1.0326828956604
.99349594116211
.99593496322632
1.0304064750671
1.0359349250793
1.0125203132629
.99300813674927
1.0024390220642
.94796748956045
.95186992486318
.9762601852417
.95528453588486
.9721951285998
1.009268283844
.97577238082886
.94715446233749
.98552846908569
.94455283880234
.95479673147202
.96699186166128
.95333331823349
.9972357749939
.98569107055664
.9221138159434
.9941463470459
1.0138211250305
.9440650343895
.97495935360591
.96715448300044
.97902439037959
.94536584615707
.97512195507685
.9557723402977
.94569106896718
.95788615942001
.9320325255394
1.0042276382446
.95154472192128
.91869920492172
.97853660583496
.98780488967896
.90747968355815
.94032520055771
.96569106976191
.97154472271601
.92195123434067
.99934959411621
1.0601625839869
.94146341085434
1.0673170487086
1.0266666412354
.96682928005854
.99821138381958
.95430892705917
.94943088293076
.91756099462509
.94975608587265
.93463414907455
.9557723402977
.94504064321518
1.0050406455994
.90910569826762
.96504066387812
.97186992565791
.95463413000107
.96097558736801
.94471544027328
1.0045528411865
.98195123672485
.95560973882675
.92845529317856
.9595121939977
.95138210058212
.95902438958486
1.0500812927882
.91121951738993
1.0429267883301
1.0043902397156
.91707319021225
.92016261816025
.97398374478022
.96178861459096
1.0011382102966
.98227643966675
.94845527410507
.95073169469833
.95528455575307
.88097560405731
1.0396747589111
.95333331823349
1.0263414382935
.97008130947749
.92178863286972
1
.96975610653559
.9756097594897
.9910569190979
.98178861538569
.97756099700928
.95121949911118
.96471544106801
.92065040270487
.98975608746211
.94292682409286
.99788618087769
.97186992565791
1.0082926750183
.9258536696434
.97008130947749
.98406503597895
.99479675292969
1.018536567688
.95398372411728
.95512195428212
.93804877996445
.96292682488759
1.0182113647461
.93121951818466
.95837398370107
.95073169469833
.9261788725853
.98390243450801
.98016260067622
.97691057125727
.97577238082886
.93691056966782
.93707317113876
.96991868813833
.94178861379623
.98536586761475
.9530081152916
.9042276541392
.9848780632019
.97723579406738
.98308944702148
.99707317352295
.97886178890864
.98455286026001
1.0136585235596
.97626014550527
.96861789623896
.98325204849243
1.0318698883057
.90780488650004
1.0222764015198
.96422763665517
.95495933294296
1.0079674720764
.98601627349854
.97772355874379
.99967479705811
.97073169549306
.95853658517202
.99479675292969
.96715446313222
.9495934844017
.96308942635854
.95512195428212
.95967479546865
1.0004878044128
.98926830291748
.93235772848129
.92113820711772
.95089429616928
1.0035772323608
.91967481374741
.95105689764023
1.0317072868347
.96390245358149
1.0082926750183
1.0139837265015
1.0224390029907
.9780487815539
1.009268283844
.96959350506465
.97333333889643
.98764228820801
.90975610415141
.91398374239604
.98422765731812
.98731708526611
.98536584774653
.92130082845688
.93837398290634
.94780486822128
.95284551382065
1.0572357575099
.94292682409286
.95024389028549
.9811382095019
.99560976028442
.99821138381958
.95528455575307
.92666667699814
.98650407791138
.86471545696259
.95837398370107
1.0112195014954
.99658536911011
.97821138302485
1.0068292617798
.97707317272822
.96585365136464
.95495933294296
.990081290404
.96487804253896
1.0360975265503
.9626016219457
.95479675134023
.91560975710551
.9134959379832
.95707315206528
.92325204610825
.93300813436508
1.0190243721008
.94341462850571
.9972357749939
.9852032661438
.98162601391474
1.0069918632507
.9687804778417
.96065040429433
.98813009262085
1.0130081176758
.97642276684443
1.0095934867859
1.0489430427551
1.0147967338562
1.0427642265956
.9351219534874
.95999997854233
.95512193441391
.96406503518422
.96747966607412
.96243900060654
.9743089278539
.91560977697372
.94178861379623
.97235773007075
.95934957265854
.93593496084213
.89008128643036
.92504066228867
.92991870641708
1.044552842776
.9756097594897
1.0029268264771
.9159349600474
.92130082845688
.9694309035937
.98634145657221
.95902438958486
.96341460943222
.94081300497055
.97544715801875
.91300811370214
.97317073742549
.97479677200317
1.0011382102966
.93691056966782
.91089431444804
.95300813515981
.97105691830317
.93056911230087
.93869918584824
.97886178890864
.97008128960927
.96113820870717
.89349593718847
1.133495926857
1.0263414382935
.97691057125727
.96552844842275
.96650405724843
.97739839553833
.98048780361811
.97333333889643
.95479673147202
.92796748876572
.88975608348846
.94845527410507
.94390243291855
.93414634466171
.97495935360591
.9756097594897
.92243903875351
.92861789464951
.99040651321411
.93772357702255
.9499186873436
.93869918584824
.93934959173203
.96975610653559
.96325202782949
.9320325255394
.97691057125727
.9882926940918
.93853658437729
.97804880142212
.97967479626338
.92829269170761
.88926827907562
.91821138064067
.96601627270381
.96813009182612
.92910567919413
.98406505584717
.97447154919306
.9626016219457
.98975610733032
.95869918664296
.97999999920527
.97528457641602
.98308944702148
.99170732498169
.94764226675034
1.0523577133814
.95528453588486
1.0128455162048
.95154470205307
.95560973882675
.93967479467392
.93186992406845
.99869918823242
.94601625204086
.96195121606191
.99609756469727
.94243901968002
.97772357861201
.93463414907455
.97203250726064
.9440650343895
.95642274618149
.94211381673813
.99073171615601
.95447152853012
1.0206503868103
.92796748876572
1.0068292617798
.95999997854233
.92747968435287
.94211381673813
.96097558736801
.97821138302485
.95463413000107
.93853658437729
.88601626952489
.92747968435287
.90439023574193
.96894309918086
.90878049532572
.9712194999059
.95040649175644
.92731708288193
.97447154919306
.95739837487539
1.0191869735718
.91008128722509
1.0017886161804
.96390243371328
.96130081017812
.94162601232529
.98747968673706
.92796748876572
.92861789464951
.95642274618149
.96552844842275
.96276422341665
.96390243371328
.96780486901601
.96292682488759
.96894309918086
.91121953725815
.98455284039179
.96861787637075
.94146341085434
.99235773086548
.90130080779394
.98943090438843
.9811382095019
.98211381832759
.94829269250234
.94292682409286
.93349593877792
.94552844762802
.9526829123497
.93560975790024
.91186994314194
.98178863525391
.93040651082993
.97414634625117
.99869918823242
.95756097634633
.92536584536235
.97154472271601
.95837396383286
.90764228502909
.89902438720067
.94666665792465
.92357722918193
.99869918823242
.89593495925268
.92016257842382
.93186992406845
.92406503359477
1.0131707191467
.93999999761581
.96666665871938
.9824390411377
.96243900060654
.93837398290634
.99495935440063
.93983739614487
.94130080938339
.93707317113876
1.0549593369166
.98682928085327
.96195121606191
.97544715801875
.97495937347412
.993821144104
.89902438720067
.98569107055664
.96845529476802
.93365854024887
.93723577260971
.98146343231201
.93983739614487
.95382112264633
.85934958855311
.99463415145874
.86455285549164
1.0013008117676
.97674798965454
.96471544106801
.91869918505351
.93544715642929
.93902438879013
.97203252712886
.94292682409286
.9557723402977
.94926828145981
.93528455495834
.95707317193349
.98747968673706
.98617887496948
.94439023733139
.90276422103246
.90292682250341
.9567479689916
.99170732498169
.90357724825541
.96048778295517
.98634147644043
.96373983224233
.95626014471054
.92552846670151
1.0139837265015
1.0164227485657
.94910567998886
.94699188073476
.9465040564537
.94081300497055
.98439023892085
.92764228582382
.98081300656001
.95317071676254
.94276422262192
.94325202703476
.95203250646591
.87626016139984
.98552846908569
.94130080938339
.94227641820908
.9656910498937
.94260162115097
.98455286026001
.92292684316635
.94699186086655
.95414632558823
.93821138143539
.9848780632019
.92943090200424
1.0082926750183
.96439023812612
.94780486822128
.91268293062846
.93430894613266
1.0006504058838
.99967479705811
.94081300497055
.91642276446025
.97008128960927
1.0330081383387
.95869918664296
.97382114330928
.92325204610825
.93252032995224
.95788615942001
.91837398211161
.95073169469833
.93821138143539
.95772355794907
.85886180400848
.93626016378403
.89170732100805
.99772357940674
.97626016537348
.9261788725853
.96585365136464
.97008128960927
.95317071676254
.98162603378296
.92861789464951
.91284553209941
.97723577419917
.92227643728256
.93739837408066
.9972357749939
.89398372173309
.93544715642929
.93967479467392
.97333335876465
.9437398314476
.93983739614487
.94178861379623
1.0146341323853
.97447156906128
.96439023812612
.95398372411728
.91333333651225
.9715447028478
.94731706380844
.90373982985814
.95024391015371
.96487804253896
.9317073225975
.95674794912338
.9554471373558
1.0048780441284
.94878047704697
.90861787398656
.96455283959707
1.0128455162048
.9004878004392
.97317073742549
.93382114171982
.94926828145981
.95723577340444
.88048779964447
.96601625283559
.90032517910004
.9879674911499
.95333331823349
.91837400197983
.98536586761475
.9848780632019
.98211381832759
.9725203315417
.94829267263412
.96048778295517
.93495935201645
.93268293142319
.98715448379517
1.0004878044128
1.0011382102966
.95658534765244
.97739839553833
.97382116317749
.8599999944369
.94552844762802
1.0022764205933
.91609756151835
.97479673226674
.96747968594233
.98390245437622
.95040649175644
.95626014471054
.91056909163793
1.0034146308899
.91902440786362
.87040650844574
.96195121606191
.91138211886088
.8977235754331
.90878049532572
.9666666785876
.92910569906235
.90227641661962
.92227643728256
.9821138381958
.95999999841054
.95235770940781
1.0175609787305
.9673171043396
.92178863286972
.95528453588486
.98081302642822
1.0003252029419
.95430892705917
.9793496131897
.94731708367666
.93024390935898
.97788618008296
.96520324548086
.94796746969223
.95252031087875
.9121951063474
.96617883443832
.94845527410507
.98260164260864
.95772355794907
.99902439117432
.92292684316635
.99902439117432
.91528457403183
.94178861379623
.95723575353622
1.0287804603577
.94455283880234
.91121951738993
.94211381673813
.94243901968002
.94666665792465
.9230894446373
.91837400197983
1.0065040588379
.88861787319183
.97073169549306
.96747968594233
.94227641820908
.97886178890864
.93300813436508
.95154470205307
.98471546173096
.87040650844574
.99349594116211
.92536586523056
.90487806002299
.92520326375961
.89772355556488
.90813008944194
.98081302642822
.88520324230194
.92699187994003
.89008128643036
.96894309918086
.94796748956045
.92536586523056
.96422763665517
.95365852117538
.99138212203979
.97121951977412
.98065042495728
1.0279674530029
.90585364898046
.9499186873436
.92146342992783
.87983739376068
.91203252474467
.88504064083099
.89138209819794
.90991870562236
.94341462850571
.91138211886088
.94390243291855
.96373983224233
.92878049612045
.90373982985814
.85121951500575
.95349591970444
.92975610494614
.95869916677475
.88422763347626
.99528455734253
1.0312194824219
.9406504034996
.90959350268046
1.0139837265015
.91886180639267
.94845527410507
.94634145498276
.90845529238383
.90699185927709
.9499186873436
.9035772283872
.90455283721288
.89008128643036
.88666665554047
.96081300576528
.94634145498276
.95756095647812
.98422765731812
.88910567760468
.92959350347519
.9066666563352
.92292684316635
.94829267263412
.92764228582382
.93349593877792
.94162601232529
.91658538579941
.92910569906235
.91252032915751
.94439023733139
.95089429616928
.8967479467392
.92731708288193
.91284553209941
.93967479467392
.97821138302485
.9159349600474
.92878049612045
.88341462612152
.94081300497055
.9526829123497
.9378861784935
.9203252196312
.93544715642929
.8609756231308
1.0427641868591
.9258536696434
.93365854024887
.91512197256088
.9882926940918
.91528455416362
.96016259988149
.91609756151835
.95983737707138
.96357723077138
.90666667620341
.95479673147202
.9437398314476
.86504065990448
.97317073742549
.92308942476908
.94910569985708
.96747966607412
.95804876089096
.92975610494614
.97170732418696
.92455285787582
.94845527410507
.93658536672592
.94585365056992
.93154472112656
.92455285787582
.89999997615814
.95186990499496
.90487806002299
.93934959173203
.88341462612152
.92747968435287
.90243901809057
.92341464757919
.98731708526611
.94829267263412
.93853658437729
.92682927846909
.98634147644043
.98341463009516
.94764226675034
.88341462612152
.91300813357035
.87138211727142
.94113820791245
.94243903954824
.91951217254003
.97008130947749
.87756097316742
.90341464678446
.96113820870717
.9616259932518
.88585364818573
.92601627111435
.95089429616928
.94504064321518
.87691056728363
.91300813357035
.92406503359477
.86975610256195
.93138211965561
.90926827987035
.89707314968109
.89723575115204
.97821136315664
.98471546173096
.95089429616928
.94341462850571
.8967479467392
.92536586523056
.89284553130468
.94439023733139
.86601626873016
.93300813436508
.86747968196869
.92162603139877
.93837398290634
.91512197256088
.97869918743769
.87674796581268
.89837398131688
.86000001430511
.84569106499354
.86487805843353
.9221138159434
.9656910498937
.94048780202866
.91967481374741
.92097562551498
.95788617928823
.94682927926381
.9042276541392
.88975608348846
.93089431524277
.87430894374847
.95284553368886
.92764228582382
.98569107055664
.85284554958344
.90195121367772
.90520324309667
.92487806081772
.86699187755585
.8630894223849
.9131707350413
.93414634466171
.93560975790024
.90308942397436
.92146342992783
.92260164022446
.87365853786469
.95837396383286
.92699187994003
.89235770702362
.91073173284531
.93626016378403
.90943090120951
.88146340847015
.9104065100352
.96243904034297
.92943090200424
.95788615942001
.92357724905014
.92731708288193
.90130080779394
.96422761678696
.98764228820801
.98195123672485
.85414636135101
.98650407791138
.93252032995224
.96634145577749
.91544715563456
.91430894533793
.90227641661962
.96601623296738
.9200000166893
.96390245358149
.94357722997665
.90813008944194
.90130080779394
.90260161956151
.90373984972636
.91821138064067
.91739839315414
.90520324309667
.87089431285858
.95317071676254
.93626016378403
.93365854024887
.93252032995224
.91170730193456
.87674796581268
.9063414533933
.92390245199203
.92455285787582
.89869918425878
.88341462612152
.9221138159434
.88260161876678
.90764226516088
.95219510793686
.90617885192235
.881951212883
.9001625974973
.92552846670151
.91902440786362
.90032519896825
.97138212124507
.95560975869497
.9141463637352
.90048778057098
.9495934844017
.90796748797099
.92422765493393
.90715448061625
.88276422023773
.89544715483983
.93365854024887
.91121951738993
.90764228502909
.95317071676254
.8977235754331
.92764228582382
.88650405406952
.90829267104467
.89658536513646
.86308944225311
.94227641820908
.85934960842133
.87138211727142
.8936585187912
.91658538579941
.90552846590678
.90162599086761
.90016261736552
.90390243132909
.93577235937119
.90780486663183
.9035772283872
.95837396383286
.94552844762802
.85495934883753
.9941463470459
.87707318862279
.93544715642929
.89577233791351
.89105689525604
.89560975631078
.92520326375961
.84536586205165
.87382115920385
.88373982906342
.95073169469833
.93008130788803
.91756097475688
.89268290996552
.98634147644043
.85349595546722
.8908942937851
.92666667699814
.87560975551605
.91056911150614
.89788617690404
.87821137905121
.89577233791351
.93121951818466
.94780486822128
.86764228343964
.90406503280004
.8479674855868
.86829268932343
.92666667699814
.89284551143646
.97707319259644
.94617885351181
.93284553289413
.97170732418696
.93073171377182
.90764228502909
.88130080699921
.87983739376068
.92016257842382
.87203252315521
.94325202703476
.91268293062846
.85349593559901
.85528457164764
.86081302165985
.88926827907562
.93089433511098
.87056910991669
.95121949911118
.875772356987
.89934959014257
.92569104830424
.9261788725853
.88991868495941
.9162601629893
.9172357916832
.88926829894384
.88308942317963
.94747966527939
.92747968435287
.87186992168427
.90878047545751
.9530081152916
.92162601153056
.90032517910004
.89154469966888
.9172357916832
.91300811370214
.91333333651225
.91772355635961
.88243901729584
.94455283880234
.8905690908432
.94422763586044
.92260164022446
.83284552892049
.93463414907455
.91284553209941
.91463416814804
.84211381276449
.92569106817245
.89105689525604
.94601625204086
.89853656291962
.87788617610931
.87495934963226
.86243903636932
.89170730113983
.89105689525604
.8785365819931
.8973983724912
.8730081319809
.88975610335668
.91886180639267
.86780488491058
.92780488729477
.91739839315414
.90341462691625
.88373982906342
.88276422023773
.81024390459061
.93105691671371
.92081302404404
.92650407552719
.85447154442469
.91674798727036
.88308942317963
.9193495909373
.91024392843246
.87365853786469
.87040650844574
.95219510793686
.91609758138657
1.0302438735962
.95040649175644
.91674798727036
.82975608110428
.85268294811249
.91772357622782
.88178861141205
.86552846431732
.90715446074804
.82780486345291
.90747968355815
.86715447902679
.90959350268046
.87658536434174
.89902438720067
.86861789226532
.93691056966782
.85235772530238
.89853658278783
.87772357463837
.90780488650004
.93154472112656
.85886180400848
.89788617690404
.89365853865941
.82048779726028
.87707316875458
.88943088054657
.89821137984594
.90227641661962
.88048779964447
.88113820552826
.88569104671478
.87219512462616
.85089431206385
.93430894613266
.91056911150614
.95349591970444
.99349594116211
.88211381435394
.86292684078217
.85560977458954
.875772356987
.86780488491058
.91430894533793
.91414632399877
.9042276541392
.96796745061874
.96504064400991
1.0208129882812
1.0982114076614
.94878047704697
.93284553289413
.96048778295517
.99609756469727
.98471544186274
.98081302642822
1.0032520294189
.97918701171875
1.0253658294678
.97723577419917
.9879674911499
1.0354471206665
.9852032661438
.96178861459096
.95219512780507
.98747968673706
.99772357940674
.99333333969116
.96390245358149
1.040162563324
.97658536831538
.95333331823349
1.0590243736903
.94845527410507
1.0240650177002
.96097560723623
.98878049850464
1.018536567688
.98878049850464
1.0086178779602
.99902439117432
.96113820870717
1.0105690956116
.97186992565791
.95723575353622
1.0016260147095
.98829267422358
.9564227660497
1.0143089294434
1.0395121971766
1.0445528030396
.94341462850571
.98975610733032
.95691055059433
1.021463394165
.97008128960927
1.0352845191956
1.0159349441528
.97317073742549
.95040649175644
.98455286026001
1.0234146118164
1.0334959030151
1.0213007926941
.993821144104
.97105689843496
.96357723077138
.95918699105581
1.0227642059326
.99837398529053
.98422765731812
.99154472351074
1.0107316970825
1.018536567688
.99154472351074
.9687804778417
1.0188617706299
.89723577102025
1.0034146308899
1.0063414573669
1.0058536529541
.96065040429433
.93804877996445
1.0065040588379
1.0017886161804
.97512195507685
.98097562789917
.97853660583496
1.0393495559692
.99512195587158
.99886178970337
.97430894772212
1.0255284309387
.96113818883896
.9759349822998
1.0144715309143
.94439023733139
1.0069918632507
1.0458536148071
.97577236096064
.96861787637075
.99252033233643
1.0164227485657
1.0087804794312
.99463415145874
1.0269918441772
.99430894851685
.95382112264633
1.021463394165
1.0021138191223
1.0634146134059
.95772357781728
.98536586761475
.95967477560043
.96943088372548
1.1321951150894
1.0442276000977
1.0042276382446
.99203252792358
.94601625204086
1.0107316970825
.98731708526611
1.0321950912476
.94764226675034
.97528457641602
.97284553448359
.94617885351181
1.0071544647217
1.0515446662903
.99089431762695
.9687804778417
.99349594116211
1.0199999809265
1.0427641868591
1.0159349441528
1.0006504058838
1.0035772323608
1.0292682647705
.98162601391474
1.0211381912231
1.024552822113
1.012195110321
1.0427641868591
.94016259908676
1.0165853500366
1.0398373603821
1.0110569000244
.98991870880127
1.0107316970825
.95869918664296
.96569103002548
.98975608746211
1.0773984193802
.98341463009516
.97382116317749
1.0489430427551
1.0055284500122
1.0294308662415
1.0022764205933
1.024715423584
1.0304064750671
.96308940649033
1.0039024353027
.98390245437622
1.0164227485657
1.0039024353027
.93853658437729
1.0104064941406
1.0027642250061
1.0071544647217
.99252033233643
1.0300812721252
.9721951285998
1.0104064941406
.9622764190038
.99495935440063
.9852032661438
1.0099186897278
.9972357749939
.98975608746211
.98373985290527
1.0349593162537
.98325204849243
.99300813674927
.99821138381958
1.0084552764893
.99398374557495
.93252032995224
.96325202782949
.94926828145981
.97544715801875
1.0377235412598
1.0136585235596
.98260164260864
.97495935360591
.98032522201538
1.0354471206665
.96747968594233
.96926828225454
.98162601391474
1.033821105957
.95609754323959
1.0066666603088
1.0552845398585
.99853658676147
1.0533333222071
1.0357723236084
.95967477560043
1.0213007926941
1.05382112662
1.0133333206177
1.0013008117676
1.0226016044617
1.0354471206665
.96146341164907
1.0100812911987
1.0495934486389
1.0076422691345
1.1112195253372
1.0331707000732
.97772357861201
1.0149593353271
1.0385365486145
1.0526828765869
1.0404877662659
1.0260162353516
1.1263414621353
1.0016260147095
1.0235772132874
1.0713821252187
1.0816260576248
1.1022764444351
1.0832520723343
1.0456910530726
1.1526829004288
1.0557723442713
1.0160975456238
1.0785366296768
1.1243902444839
1.0578862031301
1.0653658707937
1.087317109108
1.1082926988602
1.1276422739029
1.1344715356827
1.1839024225871
1.2055284976959
1.2734959125519
1.2240650653839
1.3442276716232
1.3502438863118
1.3934959173203
1.4874796470006
1.5819512208303
1.7125203212102
1.8861788511276
2.0663414796193
2.2634146213531
2.564390261968
2.7847154140472
3.104065100352
3.303902387619
3.5143089294434
3.5056910514832
3.4032521247864
3.2164227962494
3.0263414382935
2.7216260433197
2.5019512176514
2.2026016712189
1.9998373985291
1.9334959189097
1.6905691226323
1.6284552812576
1.5071544647217
1.53837398688
1.381788611412
1.2751219272614
1.2549593448639
1.2705690860748
1.2502439022064
1.1708943049113
1.2011382182439
1.1757723490397
1.1188617944717
1.1013008356094
1.1461788415909
1.1011382341385
1.1074796915054
1.0533332824707
1.0160975456238
1.0588618119558
1.0915447473526
1.0959349870682
1.0900813341141
1.0417885780334
1.0299186706543
1.1009756326675
1.0265040397644
1.0442276000977
1.0813008546829
1.0172357559204
1.0347967147827
1.1030894517899
1.0287804603577
.99772357940674
.99138212203979
1.0344715118408
.97479675213496
1.0671544869741
1.0861788988113
1.0003252029419
1.0032520294189
1.0312194824219
.98634147644043
1.1481300592422
.99089431762695
1.0547966957092
.96682928005854
1.0403251647949
1.0190243721008
1.0131707191467
1.039999961853
.98276422421137
1.1013008356094
1.0378861427307
1.0323576927185
.98617887496948
1.0471544265747
1.0305690765381
1.0213007926941
.97853660583496
1.0356097221375
1.0252032279968
1.0186991691589
1.0717073281606
.98861789703369
.98861789703369
1.0759350061417
.99300813674927
.95349593957265
1.0213007926941
.99544715881348
1.0281300544739
1.0203251838684
1.0226016044617
1.0526829163233
.98536586761475
1.0331707000732
.96357721090317
1.0281300544739
.99951219558716
1.0146341323853
1.0411381721497
1.030731678009
1.0396747589111
1.0286178588867
1.0086178779602
1.0082926750183
1.0390243530273
.99853658676147
1.0413007736206
.96406503518422
1.0039024353027
1.0357723236084
1.0069918632507
1.0099186897278
1.039999961853
1.0367479324341
1.0362601280212
.98390245437622
.98227643966675
1.0081300735474
.99642276763916
1.0466666221619
1.0866666237513
1.0213007926941
1.0130081176758
.95658536752065
1.0022764205933
.98699188232422
1.0596747795741
1.0237398147583
.97934959332148
1.0078048706055
.95902438958486
.97073171536128
.99268293380737
.9437398314476
.98373985290527
.99837398529053
1.0110569000244
1.0191869735718
1.0227642059326
.98731708526611
.99317073822021
.99138212203979
1.0009756088257
1.012195110321
1.0461788574855
1.027804851532
1.0162601470947
.97398374478022
1.0029268264771
1
.97430894772212
1.0365853309631
1.0087804794312
1.0956097443899
.98520322640737
1.0456910530726
.9824390411377
1.0266666412354
1.0065040588379
1.1050406694412
.97739839553833
1.009268283844
.97626016537348
.99707317352295
.98406505584717
1.0292682647705
.97398374478022
1.0076422691345
1.0159349441528
1.0082926750183
.98357725143433
1.003089427948
1.0250406662623
1.0199999809265
.98406505584717
.99804878234863
1
1.0159349441528
1.0141463279724
1.0380487442017
.99886178970337
.98715448379517
1.0536584854126
.95333331823349
.95235770940781
.98943090438843
1.0364227294922
1.0621138413747
.993821144104
.97609756390254
.99804878234863
1.0029268264771
1.056910554568
.94308942556381
.9687804778417
1.0143089294434
1.0047154426575
.97398374478022
.97398374478022
1.0234146118164
.98097562789917
.99544715881348
1.0421137809753
1.0243902206421
.97821138302485
.96731706460317
.96796749035517
1.0520325104396
1.0663414398829
.95008128881454
.94780486822128
1.0373983383179
1.0032520294189
1.0043902397156
.99642276763916
.96504066387812
1.0108942985535
1.0320324897766
1.0199999809265
1.0102438926697
1.0289430618286
1.0252032279968
1.0006504058838
.99349594116211
.97268293301264
1.0330080986023
1.0295934677124
.97674798965454
1.0146341323853
1.024552822113
1.0105690956116
1.0043902397156
1.0196747779846
.98943090438843
.95934959252675
.99170730511347
.98276424407959
1.1344715356827
1.0157723426819
1.0177235603333
.97300813595454
1.0013008117676
.99642276763916
1.1047154664993
1.0318698883057
.96276420354843
.94926828145981
1.0334959030151
.97626016537348
1.0165853500366
1.0440650383631
1.0006504058838
1.0424389839172
1.0328454971313
.98276424407959
1.0107316970825
1.0032520294189
1.0217885971069
1.027642250061
1.0050406455994
1.0172357559204
.96959348519643
.97089431683222
.97739837567012
1.0315446853638
.97886178890864
1.0359349250793
.95902436971664
.97040651241938
1.0586991707484
1.0663414796193
.99008131027222
1.0003252029419
1.012195110321
.98699188232422
1.0055284500122
1.0621138016383
1.0692683060964
.96390243371328
.97040651241938
1.0926829179128
.99788618087769
1.0382113456726
.99821138381958
.93186992406845
.98552844921748
1.0069918632507
1.024552822113
.99300811688105
1.0730081796646
.95365852117538
1.0268292427063
1.0139837265015
1.0112195014954
.96991868813833
.96617887417475
1.0125203132629
1.0045528411865
.95186990499496
1.0084552764893
.94845527410507
.9824390411377
.98780488967896
.99430894851685
1.0253658294678
1.0177235603333
.97593496243159
1.0226016044617
1.0089430809021
1.0146341323853
1.0697561502457
1.0237398147583
.95707315206528
1.0159349441528
.98682928085327
.95951217412949
1.0258536338806
.97821140289307
.98325204849243
.98455286026001
1.009105682373
.98569107055664
.96878049770991
1.024715423584
1.0211381912231
1.0730081399282
.97235773007075
1.0473170280457
1.070406516393
1.0440650383631
.99967479705811
.99121952056885
1.0084552764893
.98715448379517
.97869918743769
.98975608746211
1.0050406455994
.95235770940781
.9793496131897
.99024391174316
.93414634466171
.99707317352295
.98504066467285
1.0019512176514
.93073171377182
1.0198373794556
.9694309035937
1.0291056632996
1.0237398346265
1.0341463486354
.94504064321518
1.0021138191223
.99577236175537
.98097562789917
.95056909322739
1.0326828956604
.96634145577749
1.0497560898463
.99853658676147
.98991870880127
1.0167479515076
.9378861784935
1.0230894088745
1.0097560882568
.95837398370107
1.0178861618042
.99186992645264
1.0139837265015
.99300813674927
1.0282926559448
1.0026016235352
.9941463470459
.97772357861201
.99528455734253
1.0089430809021
1.052357673645
.96357723077138
1.0147967338562
1.073658545812
1.0027642250061
.98715448379517
.96390243371328
.96601625283559
.99317073822021
.96162601312002
1.0196747779846
.97853658596675
1.0669918855031
1.0170731544495
1.0074796676636
.99447154998779
1.0567479133606
1.0523577133814
1.0177235603333
1.0027642250061
.95593494176865
1.0534959236781
1.021625995636
1.0112195014954
.99154472351074
.95008128881454
1.0004878044128
1.0076422691345
.95235770940781
.9378861784935
.9725203315417
.99626016616821
1.0134959220886
.96682926019033
1.0687805016836
.97902439037959
1.0403251647949
.96471544106801
.99707317352295
1.009268283844
1.0094308853149
.98975610733032
.99317073822021
.98943090438843
.99040651321411
.95788617928823
1.0165853500366
.97707317272822
1.0078048706055
1.0204877853394
1.0268292427063
1.052520275116
.99772357940674
1.0256910324097
.97544717788696
.95430892705917
.99983739852905
1.0237398147583
1.0191869735718
.97495935360591
1.0037398338318
1.0180487632751
1.0500812530518
.99967479705811
.95967479546865
.98016262054443
1.009105682373
.92975610494614
1.0001626014709
1.0341463088989
1.0453658103943
1.0330080986023
.99756097793579
1.0056910514832
1.0052032470703
1.0165853500366
1.0317072868347
1.0284552574158
1.0373983383179
1.021463394165
1.0421137809753
.96390243371328
.96829269329707
.99902439117432
1.009268283844
1.0320324897766
.96975608666738
1.0063414573669
1.0281300544739
.9653658469518
1.0087804794312
.99333333969116
1.0079674720764
.99447154998779
1.0570731560389
1.0165853500366
.95560973882675
.98195123672485
1.0151219367981
.97349592049917
1.0081300735474
1.0482926368713
1.0034146308899
.96682928005854
1.0297560691833
1.0086178779602
1.0351219177246
.98666667938232
1.0510568618774
1.0089430809021
.95772355794907
.96861789623896
1.0326828956604
.98113822937012
1.0048780441284
.97642278671265
1.112032532692
1.0190243721008
1.033821105957
1.0453658103943
.9588617682457
.94634147485097
1.0107316970825
.96130081017812
.97463415066401
.9588617682457
.99886178970337
.93723577260971
1.030731678009
1.0017886161804
1.0076422691345
1.0164227485657
1.0209755897522
1.0164227485657
1.0147967338562
1.0130081176758
1.0471544663111
.98195123672485
1.0282926559448
.96341462930044
1.0658536752065
.98081300656001
1.0014634132385
1.053658525149
1.0120325088501
.9554471373558
.98227643966675
1.0050406455994
1.0299186706543
.95382112264633
.98715448379517
1.0273170471191
.98439025878906
1.0491056839625
1.0056910514832
.96650405724843
1.0252032279968
1.0014634132385
1.0395121574402
1.0191869735718
.97642278671265
.99463415145874
.98390245437622
1.0076422691345
.97544713815053
1.0162601470947
.99203252792358
.95837396383286
.99967479705811
.93837398290634
.99756097793579
1.0408129692078
.97886178890864
.97317071755727
1.0209755897522
1.0318698883057
1.0328454971313
1.0269918441772
1.0426015853882
1.0014634132385
1.0108942985535
.98878049850464
.97951219479243
.98601627349854
.96894307931264
.97918699185053
.94813007116318
.94585365056992
1.0014634132385
.98016262054443
1.024552822113
.99121952056885
.93739837408066
.98081300656001
1.0001626014709
1.0026016235352
1.0014634132385
.95528453588486
1.0248780250549
1.0269918441772
.99463415145874
.98764228820801
.93463414907455
1.0079674720764
1.0196747779846
1.0104064941406
.99479675292969
1.0395121574402
.93739837408066
.99365854263306
.93967479467392
.99333333969116
.99544715881348
1.0024390220642
1.0201625823975
.9879674911499
1.0198373794556
1.0268292427063
.98325204849243
1.0032520294189
1.052357673645
.97414634625117
.9666666785876
1.0261788368225
1.0113821029663
1.0019512176514
1.0271544456482
1.0149593353271
1.0178861618042
.95642274618149
1.0172357559204
.97186992565791
.96829269329707
1.0591869751612
.99463415145874
.95447152853012
1.0547967354457
.93528455495834
.95967477560043
1.0318698883057
1.0375609795252
.99056909481684
1.024715423584
.94569104909897
.98926830291748
.97723577419917
.98780488967896
1.0175609588623
1.0076422691345
1.0120325088501
1.0013008117676
.9468292593956
.96455283959707
.9595121939977
1.0310568809509
.96764228741328
1.0219511985779
1.033821105957
.97886180877686
1.0078048706055
.98065042495728
.95089429616928
1.0601625839869
.95479675134023
.95040649175644
.9882926940918
.99902439117432
1.0102438926697
1.0069918632507
.96292682488759
.96585365136464
.98455286026001
1.0365853309631
.98975610733032
1.006178855896
.95658536752065
.99707317352295
.96959350506465
1.0050406455994
.96325202782949
.99528455734253
.9821138381958
1.0354471206665
.95284551382065
1.018373966217
.91268293062846
.97447154919306
.94585365056992
1.0160975456238
1.018536567688
1.0639024575551
.97349592049917
1.0029268264771
.98032522201538
.9666666785876
.94260162115097
.93008130788803
1.0242276191711
.99902439117432
.95447154839834
1.0108942985535
.98926830291748
.98552846908569
.97235771020253
.94861787557602
.97853656609853
.98195121685664
1.0009756088257
.98439025878906
.94016259908676
.98341463009516
1.0089430809021
.95235770940781
.93284553289413
.9653658469518
.99626016616821
.94536584615707
.9811382095019
.96617885430654
.9468292593956
.97365854183833
1.0105690956116
1.0347967147827
.96081298589706
1.0026016235352
1.0112195014954
.95739835500717
.98292682568232
1.0008130073547
1.0117073059082
.93609756231308
.96178861459096
.98959348599116
1.0034146308899
.93235772848129
.93430894613266
.99089431762695
.97105689843496
.97024389108022
1.0530081192652
.91918698946635
.97577236096064
.97788619995117
1.0045528411865
.98243902126948
.89658536513646
.94178861379623
.98780488967896
.97821138302485
1.0004878044128
.99154472351074
.95154470205307
1.0226016044617
.91658536593119
.95414634545644
.9378861784935
1.0239024162292
.98260162274043
.96390245358149
.99804878234863
.97821138302485
.96487804253896
1.0365853309631
.93934959173203
.99317073822021
.9622764190038
.96991870800654
1.0039024353027
.94861787557602
.89788615703583
1.0043902595838
1.006016254425
.92422765493393
.92146342992783
.99365854263306
.99056911468506
.90569104750951
.99268293380737
.98308944702148
.97056909402211
1.0034146308899
.98455286026001
.94796746969223
.95902436971664
.97317071755727
1.0001626014709
.97544717788696
1.0406503677368
.95317071676254
.95577236016591
.88617885112762
.96747966607412
.9351219534874
.98536584774653
1.0429267883301
.9622764190038
.95739837487539
.97626014550527
1.0008130073547
.95121949911118
.91463416814804
.97040651241938
.95203250646591
1.0001626014709
.94780486822128
.95024389028549
.94422763586044
.99203252792358
.9684552748998
.98552846908569
1.0144715309143
.97398372491201
.97008130947749
.98130083084106
.96211383740107
.97902439037959
.98943090438843
.92097560564677
.95040649175644
.94764226675034
.99593496322632
.96878049770991
.95349591970444
.89691054821014
.94260162115097
.94504064321518
.94747966527939
.94113820791245
1.0024390220642
.93902438879013
.95837396383286
.96455285946528
1.0108942985535
.91528455416362
.93934959173203
.98926830291748
.93674796819687
.96178861459096
.98227641979853
.98959350585937
.93252032995224
.94325202703476
.99821138381958
1.0800000031789
1.0206503868103
.91089431444804
.95902436971664
.97739839553833
1.0458536148071
.94715448220571
.96747966607412
.95837398370107
.96195121606191
.9910569190979
1.0076422691345
.99430894851685
.97577236096064
1.0084552764893
.99284553527832
.95528453588486
1.006016254425
.94162601232529
.91869920492172
.94325202703476
.95528455575307
.97479673226674
.92146341005961
.93138211965561
1.0452032486598
.94243901968002
.94504064321518
.9419512351354
.94975608587265
.89398374160131
.94536586602529
.9554471373558
.93333333730698
.98341464996338
.8936585187912
.93560975790024
.95739835500717
.93821138143539
.97512195507685
1.0237398147583
.95317071676254
.96617885430654
.99138212203979
.9347967505455
.90195123354594
.89658534526825
.9406504034996
.96016258001328
.90162601073583
.96243902047475
.96065038442612
.90487804015478
.92276422182719
1.0217885971069
.9317073225975
.93691056966782
.993170718352
.8754471540451
.95300813515981
.90032519896825
.94016259908676
.91089431444804
.89983739455541
.89008128643036
.87772357463837
.87414634227753
.92910569906235
.91788617769877
.95398372411728
.91365851958593
.90926829973857
.95056909322739
.92178861300151
.90276424090068
.86747968196869
.91560977697372
.89707314968109
.95902436971664
.89674796660741
.9141463637352
.88796746730804
.92991870641708
.89674796660741
.8785365819931
.9626016219457
.878861784935
.86260163784027
.91577237844467
.9134959379832
.93983739614487
.92829269170761
.84715445836385
.90666665633519
.88585364818573
.89609756072362
.93951219320297
.91609758138657
.81723576784134
.89121949672699
.89593495925268
.91300813357035
.88666665554047
.86487805843353
.85317075252533
.84390242894491
.85154473781586
.92422765493393
.90357724825541
.8578861951828
.87837398052216
.85219514369965
.86097560326258
.89691056807836
.85951220989227
.89382114013036
.89674796660741
.93593496084213
.81284552812576
.90861789385478
.89951219161352
.90195121367772
.89382112026215
.81495934724808
.8878048658371
.86504065990448
.89804877837499
.90113820632299
.81463414430618
.83886178334554
.82422763109207
.9193495909373
.87235774596532
.91089431444804
.82195121049881
.85365855693817
.83577235539754
.85821139812469
.86113822460175
.85121953487396
.80520325899124
.84373982747396
.86536586284637
.86357724666595
.79967480897903
.84682927529017
.85983741283417
.83577235539754
.86032521724701
.88536584377289
.82731705904007
.90406505266825
.85772359371185
.83934958775838
.89902438720067
.81479674577713
.81593495607376
0
0
0
0
0
0
0
0
0
0
0
0
0
0
0
0
0
0
0
0
0
0
0
0
0
0
0
0
0
0
0
0
0
0
0
0
0
0
0
0
0
0
0
0
0
0
0
0
0
0
0
0
0
0
0
0
0
0
0
0
0
0
0
0
0
0
0
0
0
0
0
0
0
0
0
0
0
0
0
0
0
0
0
0
0
0
0
0
0
0
0
0
0
0
0
0
0
0
0
0
0
0
0
0
0
0
0
0
0
0
0
0
0
0
0
0
0
0
0
0
0
0
0
0
0
0
0
0
0
0
0
0
0
0
0
0
0
0
0
0
0
0
0
0
0
0
0
0
0
0
0
0
0
0
0
0
0
0
0
0
0
0
0
0
0
0
0
0
0
0
0
0
0
0
0
0
0
0
0
0
0
0
0
0
0
0
0
0
0
0
0
0
0
0
0
0
0
0
0
0
0
0
0
0
0
0
0
0
0
0
0
0
0
0
0
0
0
0
0
0
0
0
0
0
0
0
0
0
0
0
0
0
0
0
0
0
0
0
0
0
0
0
0
0
0
0
0
0
0
0
0
0
0
0
0
0
0
0
0
0
0
0
0
0
0
0
0
0
0
0
0
0
0
0
0
0
0
0
0
0
0
0
0
0
0
0
0
0
0
0
0
0
0
0
0
0
0
0
0
0
0
0
0
0
0
0
0
0
0
0
0
0
0
0
0
0
0
0
0
0
0
0
0
0
0
0
0
0
0
0
0
0
0
0
0
0
0
0
0
0
0
0
0
0
0
0
0
0
0
0
0
0
0
0
0
0
0
0
0
0
0
0
0
0
0
0
0
0
0
0
0
0
0
0
0
0
0
0
0
0
0
0
0
0
0
0
0
0
0
0
0
0
0
0
0
0
0
0
0
0
0
0
0
0
0
0
0
0
0
0
0
0
0
0
0
0
0
0
0
0
0
0
0
0
0
0
0
0
0
0
0
0
0
0
0
0
0
0
0
0
0
0
0
0
0
0
0
0
0
0
0
0
0
0
0
0
0
0
0
0
0
0
0
0
0
0
0
0
0
0
0
0
0
0
0
0
0
0
0
0
0
0
0
0
0
0
0
0
0
0
0
0
0
0
0
0
0
0
0
0
0
0
0
0
0
0
0
0
0
0
0
0
0
0
0
0
0
0
0
0
0
0
0
0
0
0
0
0
0
0
0
0
0
0
0
0
0
0
0
0
0
0
0
0
0
0
0
0
0
0
0
0
0
0
0
0
0
0
0
0
0
0
0
0
0
0
0
0
0
0
0
0
0
0
0
0
0
0
0
0
0
0
0
0
0
0
0
0
0
0
0
0
0
0
0
0
0
0
0
0
0
0
0
0
0
0
0
0
0
0
0
0
0
0
0
0
0
0
0
0
0
0
0
0
0
0
0
0
0
0
0
0
0
0
0
0
0
0
0
0
0
0
0
0
0
0
0
0
0
0
0
0
0
0
0
0
0
0
0
0
0
0
0
0
0
0
0
0
0
0
0
0
0
0
0
0
0
0
0
0
0
0
0
0
0
0
0
0
0
0
0
0
0
0
0
0
0
0
0
0
0
0
0
0
0
0
0
0
0
0
0
0
0
0
0
0
0
0
0
0
0
0
0
0
0
0
0
0
0
0
0
0
0
0
0
0
0
0
0
0
0
0
0
0
0
0
0
0
0
0
0
0
0
0
0
0
0
0
0
0
0
0
0
0
0
0
0
0
0
0
0
0
0
0
0
0
0
0
0
0
0
0
0
0
0
0
0
0
0
0
0
0
0
0
0
0
0
0
0
0
0
0
0
0
0
0
0
0
0
0
0
0
0
0
0
0
0
0
0
0
0
0
0
0
0
0
0
0
0
0
0
0
0
0
0
0
0
0
0
0
0
0
0
0
0
0
0
0
0
0
0
0
0
0
0
0
0
0
0
0
0
0
0
0
0
0
0
0
0
0
0
0
0
0
0
0
0
0
0
0
0
0
0
0
0
0
0
0
0
0
0
0
0
0
0
0
0
0
0
0
0
0
0
0
0
0
0
0
0
0
0
0
0
0
0
0
0
0
0
0
0
0
0
0
0
0
0
0
0
0
0
0
0
0
0
0
0
0
0
0
0
0
0
0
0
0
0
0
0
0
0
0
0
0
0
0
0
0
0
0
0
0
0
0
0
0
0
0
0
0
0
0
0
0
0
0
0
0
0
0
0
0
0
0
0
0
0
0
0
0
0
0
0
0
0
0
0
0
0
0
0
0
0
0
0
0
0
0
0
0
0
0
0
0
0
0
0
0
0
0
0
0
0
0
0
0
0
0
0
0
0
0
0
0
0
0
0
0
0
0
0
0
0
0
0
0
0
0
0
0
0
0
0
0
0
0
0
0
0
0
0
0
0
0
0
0
0
0
0
0
0
0
0
0
0
0
0
0
0
0
0
0
0
0
0
0
0
0
0
0
0
0
0
0
0
0
0
0
0
0
0
0
0
0
0
0
0
0
0
0
0
0
0
0
0
0
0
0
0
0
0
0
0
0
0
0
0
0
0
0
0
0
0
0
0
0
0
0
0
0
0
0
0
0
0
0
0
0
0
0
0
0
0
0
0
0
0
0
0
0
0
0
0
0
0
0
0
0
0
0
0
0
0
0
0
0
0
0
0
0
0
0
0
0
0
0
0
0
0
0
0
0
0
0
0
0
0
0
0
0
0
0
0
0
0
0
0
0
0
0
0
0
0
0
0
0
0
0
0
0
0
0
0
0
0
0
0
0
0
0
0
0
0
0
0
0
0
0
0
0
0
0
0
0
0
0
0
0
0
0
0
0
0
0
0
0
0
0
0
0
0
0
0
0
0
0
0
0
0
0
0
0
0
0
0
0
0
0
0
0
0
0
0
0
0
0
0
0
0
0
0
0
0
0
0
0
0
0
0
0
0
0
0
0
0
0
0
0
0
0
0
0
0
0
0
0
0
0
0
0
0
0
0
0
0
0
0
0
0
0
0
0
0
0
0
0
0
0
0
0
0
0
0
0
0
0
0
0
0
0
0
0
0
0
0
0
0
0
0
0
0
0
0
0
0
0
0
0
0
0
0
0
0
0
0
0
0
0
0
0
0
0
0
0
0
0
0
0
0
0
0
0
0
0
0
0
0
0
0
0
0
0
0
0
0
0
0
0
0
0
0
0
0
0
0
0
0
0
0
0
0
0
0
0
0
0
0
0
0
0
0
0
0
0
0
0
0
0
0
0
0
0
0
0
0
0
0
0
0
0
0
0
0
0
0
0
0
0
0
0
0
0
0
0
0
0
0
0
0
0
0
0
0
0
0
0
0
0
0
0
0
0
0
0
0
0
0
0
0
0
0
0
0
0
0
0
0
0
0
0
0
0
0
0
0
0
0
0
0
0
0
0
0
0
0
0
0
0
0
0
0
0
0
0
0
0
0
0
0
0
0
0
0
0
0
0
0
0
0
0
0
0
0
0
0
0
0
0
0
0
0
0
0
0
0
0
0
0
0
0
0
0
0
0
0
0
0
0
0
0
0
0
0
0
0
0
0
0
0
0
0
0
0
0
0
0
0
0
0
0
0
0
0
0
0
0
0
0
0
0
0
0
0
0
0
0
0
0
0
0
0
0
0
0
0
0
0
0
0
0
0
0
0
0
0
0
0
0
0
0
0
0
0
0
0
0
0
0
0
0
0
0
0
0
0
0
0
0
