.80705338716507
.80201524496078
.80378540356954
.80569171905518
.80065359671911
.79588780800502
.82039759556452
.80119826396306
.79997277259827
.81290849049886
.79207517703374
.80977668364843
.79479845364889
.79793028036753
.80405773719152
.80718954404195
.80269606908162
.80242375532786
.81590414047241
.8043300708135
.80337691307068
.80800652503967
.80147059758504
.80242373545965
.79915577173233
.79833879073461
.79752178986867
.81154684225718
.7971132795016
.8007897734642
.8029684027036
.80133442083995
.80038126309713
.79793028036753
.80269608894984
.8018790880839
.80964052677155
.79643245538076
.8041938940684
.80160675446192
.81154684225718
.79248364766439
.80065359671911
.79752180973689
.79765794674555
.79561547438304
.80228757858276
.80501089493434
.80977668364843
.80991286039352
.7960239648819
.80215142170588
.81576798359553
.80718954404195
.79929194847743
.80392156044642
.80187906821569
.8031045794487
.79983659585317
.80596403280894
.80283222595851
.8052832086881
.80759803454081
.80882352590561
.80473856131236
.80378538370132
.80610022942225
.81236384312312
.79098584254583
.80433005094528
.80895970265071
.80868736902873
.79970043897629
.79888341824214
.80038128296534
.8029684027036
.80337689320246
.80501089493434
.80950435002645
.81100219488144
.8031045794487
.80868736902873
.80228757858276
.79779412349065
.80691721041997
.81345315774282
.81086601813634
.80255991220474
.81209150950114
.80405775705973
.80909585952759
.80950435002645
.81154684225718
.80473856131236
.80691721041997
.80936819314957
.80010892947515
.79847494761149
.80650871992111
.80923201640447
.80419391393661
.8208061059316
.79779412349065
.81467864910762
.81481482585271
.80351306994756
.80895968278249
.80855119228363
.80964052677155
.79942810535431
.80841503540675
.79616012175878
.80201524496078
.83238017559052
.80800652503967
.81631263097127
.80895970265071
.79915577173233
.80991286039352
.81794661283493
.80691721041997
.79901961485545
.81726580858231
.80310455958049
.80623638629913
.81209150950114
.80473856131236
.80759803454081
.81358933448792
.80187910795212
.80691721041997
.81100217501322
.7971132795016
.80065359671911
.80051741997401
.80678103367488
.79779412349065
.80610020955404
.80133442083995
.79588780800502
.81141066551208
.7969771027565
.79520696401596
.80868734916051
.80705336729685
.80187906821569
.80882352590561
.80160675446192
.80065359671911
.8135893146197
.8043300708135
.7971132795016
.80787036816279
.80555554231008
.81263615687688
.80460240443548
.82666122913361
.80623636643092
.8134531378746
.80732570091883
.80201524496078
.79983659585317
.80596405267715
.79861110448837
.8029684027036
.80991286039352
.80106206734975
.80787036816279
.80855121215185
.79724945624669
.80460240443548
.81236384312312
.80868736902873
.80460240443548
.80800652503967
.80065359671911
.80283224582672
.80065359671911
.79547931750615
.79616014162699
.80446624755859
.80092593034108
.79411764939626
.81086599826813
.79547929763794
.80746185779572
.79956426223119
.79970043897629
.80691721041997
.80718954404195
.79384529590607
.79793028036753
.8043300708135
.79098584254583
.79221131404241
.79997277259827
.79983659585317
.80678103367488
.80501089493434
.79874728123347
.79942810535431
.80868736902873
.80119826396306
.8125
.81862743695577
.79983659585317
.80065359671911
.81590414047241
.81059368451436
.80814270178477
.81535949309667
.80324073632558
.81672112147013
.81604031721751
.81481482585271
.81535947322845
.81631263097127
.80800654490789
.81209148963292
.80514705181122
.82393791278203
.80950435002645
.81168301900228
.81794663270315
.80473858118057
.81917212406794
.80351306994756
.79915575186412
.81345317761103
.81808278958003
.80310455958049
.80705336729685
.81495098272959
.80827885866165
.80895970265071
.80147057771683
.79302831490835
.79847494761149
.80691721041997
.80065357685089
.79833877086639
.80664489666621
.80514705181122
.80909585952759
.80446622769038
.79561547438304
.8040577173233
.80106208721797
.79997277259827
.81467864910762
.80787036816279
.80991284052531
.80119824409485
.80814270178477
.78812636931737
.81427015860875
.80555556217829
.79643245538076
.80133442083995
.80718954404195
.79330064853032
.80255989233653
.79793028036753
.79411764939626
.80283224582672
.80255989233653
.79452612002691
.79616012175878
.80555554231008
.80255991220474
.80514705181122
.8040577173233
.80364924669266
.79670480887095
.80487473805745
.79561545451482
.80514705181122
.79970043897629
.81195533275604
.79888343811035
.79452613989512
.81181917587916
.80473856131236
.80800652503967
.81059368451436
.802015264829
.79806643724442
.81399782498678
.79452612002691
.79888343811035
.80759803454081
.7957516113917
.79983659585317
.80664487679799
.79874728123347
.80800654490789
.80569173892339
.79806643724442
.80337693293889
.80351308981578
.79221131404241
.80650871992111
.79003268480301
.78690087795258
.79044117530187
.79302831490835
.78036493062973
.78567538658778
.80446622769038
.78608389695485
.80119824409485
.81672112147013
.80106210708618
.802015264829
.8206699291865
.79874728123347
.80855119228363
.81168299913406
.80024510622025
.80678105354309
.81876363356908
.80147059758504
.80433005094528
.80528322855632
.80065359671911
.79915577173233
.81495098272959
.80814270178477
.80201524496078
.8125
.80460238456726
.8115468621254
.81372551123301
.80147057771683
.80119826396306
.81168301900228
.8040577173233
.82883987824122
.80841503540675
.81563180685043
.80814270178477
.80964052677155
.81059368451436
.80895968278249
.81427015860875
.81726578871409
.79929194847743
.79833877086639
.81018517414729
.78458605209986
.81168299913406
.81535947322845
.79384529590607
.7947984735171
.80610020955404
.80392158031464
.79479845364889
.80637254317602
.79234749078751
.79779412349065
.81304464737574
.80010892947515
.79888341824214
.80868736902873
.79289213816325
.80255989233653
.79411764939626
.79616012175878
.79384531577428
.80623638629913
.79888341824214
.79411764939626
.79438996315002
.80909585952759
.80092591047287
.80160675446192
.79942812522252
.79738563299179
.80637254317602
.80106208721797
.80228755871455
.79983661572138
.79044117530187
.79806645711263
.80065359671911
.79779412349065
.7935729821523
.80610022942225
.79398149251938
.79438998301824
.80174291133881
.78758170207342
.79547929763794
.80065357685089
.78676470120748
.79697712262472
.7937091588974
.79861110448837
.79071350892385
.80160675446192
.80242373545965
.7960239648819
.79738561312358
.82734205325445
.79874728123347
.81617649396261
.82230393091838
.80501089493434
.80446624755859
.80147059758504
.82720587650935
.79357300202052
.79942810535431
.79493463039398
.80106210708618
.80909585952759
.78758170207342
.79384531577428
.81399782498678
.79153048992157
.80514707167943
.79847494761149
.794662296772
.79221131404241
.80855119228363
.80010892947515
.80106208721797
.79697712262472
.79166666666667
.79915577173233
.80841503540675
.79534314076106
.80582789580027
.80569171905518
.82012526194255
.80487473805745
.80433005094528
.80759803454081
.79833877086639
.80841503540675
.7958877881368
.79575163125992
.79724945624669
.79765794674555
.79071348905563
.80936819314957
.80024508635203
.79983659585317
.80501089493434
.79139433304469
.79779410362244
.81100219488144
.79398147265116
.79507080713908
.79806645711263
.7947984735171
.80596405267715
.79847494761149
.79670478900274
.79520696401596
.80215140183767
.82148691018422
.80310455958049
.79752178986867
.80977670351664
.79234749078751
.81100217501322
.80732570091883
.79929192860921
.79234749078751
.80827885866165
.79234749078751
.80147057771683
.80010892947515
.80078975359599
.80010892947515
.80446624755859
.79765792687734
.8041938940684
.80528322855632
.79765794674555
.79820261398951
.80868736902873
.79643247524897
.80065359671911
.81004901727041
.79588780800502
.80378538370132
.81617649396261
.8065087000529
.8137254913648
.80827887852987
.79248364766439
.80759803454081
.81781047582626
.80596405267715
.79738561312358
.81971677144368
.80269608894984
.80501087506612
.82380175590515
.80051743984222
.81821894645691
.81604031721751
.80964052677155
.81672112147013
.81113833189011
.80909585952759
.81086601813634
.80923201640447
.80133442083995
.80364922682444
.81032135089238
.80514707167943
.80691721041997
.8135893146197
.80746187766393
.79956426223119
.81440631548564
.80664489666621
.80732570091883
.82843138774236
.82094226280848
.80882352590561
.80773421128591
.81753814220428
.8126361767451
.80106210708618
.81985294818878
.80460240443548
.82053377230962
.80405773719152
.80964052677155
.81563182671865
.82339326540629
.8031045794487
.81100217501322
.8043300708135
.80215140183767
.80310455958048
.81045752763748
.8018790880839
.80814270178477
.81195533275604
.80392156044642
.79820261398951
.80555554231008
.80242375532786
.80351306994756
.80732570091883
.80787036816279
.80977668364843
.80787036816279
.79398147265116
.80827887852987
.80895970265071
.79507080713908
.8029684027036
.84504357973735
.8041938940684
.80501089493434
.80718954404195
.80392158031464
.80895970265071
.8029684027036
.79629629850388
.80705336729685
.80038126309713
.79752177000046
.81004901727041
.8029684027036
.79180284341176
.80283222595851
.80909585952759
.79153050978978
.80705338716507
.79575163125992
.79901959498723
.79997277259827
.80174291133881
.79452613989512
.80324073632558
.8043300708135
.81522331635157
.80569171905518
.80746187766393
.81658498446147
.80255989233653
.80882354577382
.81903596719106
.8054193854332
.81495098272959
.81100217501322
.80038126309713
.81100217501322
.80773419141769
.80895970265071
.80596405267715
.81794661283493
.81086601813634
.80800654490789
.80964052677155
.80147059758504
.80773419141769
.81808280944824
.81481482585271
.81004901727041
.81086601813634
.80732570091883
.80038124322891
.80895968278249
.79983659585317
.80473856131236
.802015264829
.79970043897629
.7924836675326
.80678103367488
.80473854144414
.80078975359599
.80787036816279
.79779410362244
.8018790880839
.79874728123347
.79411764939626
.79656863212585
.81059366464615
.79193900028865
.79847492774328
.80732572078705
.80092593034108
.8018790880839
.80133444070816
.80324073632558
.80024510622025
.8054193854332
.79697712262472
.79411762952805
.79820261398951
.80215140183767
.80473858118057
.80923203627268
.79956426223119
.79670478900274
.80814268191655
.80405773719152
.79411764939626
.80215142170588
.80787038803101
.79806643724442
.80664487679799
.81318084398905
.79575163125992
.81236384312312
.80582789580027
.81685729821523
.79847492774328
.8041938940684
.79302831490835
.79983659585317
.81685729821523
.80092593034108
.79874728123347
.79738561312358
.7947984735171
.80582787593206
.8018790880839
.80351306994756
.80473856131236
.81290851036708
.81209148963292
.81508715947469
.81672114133835
.80732572078705
.80255993207296
.80882352590561
.80446624755859
.80283222595851
.80705336729685
.80501089493434
.80773421128591
.81100219488144
.80051741997401
.80732570091883
.81808276971181
.79888343811035
.81535947322845
.79520696401596
.79139433304469
.78935186068217
.80133442083995
.7969771027565
.78676470120748
.79030501842499
.78676470120748
.78036491076152
.79057733217875
.77954792976379
.78567538658778
.79384531577428
.78894337018331
.79534312089284
.80637256304423
.78907952706019
.80923203627268
.80392156044642
.80964052677155
.80160675446192
.80610022942225
.80718956391017
.79997275273005
.79983659585317
.80582789580027
.80010892947515
.79738561312358
.80555556217829
.8007897734642
.7947984735171
.80678103367488
.79343682527542
.8018790880839
.80324073632558
.78295207023621
.79656863212585
.79983661572138
.79765796661377
.80487471818924
.81290849049886
.80446624755859
.80923201640447
.80705338716507
.80392156044642
.80950435002645
.81427015860875
.80895970265071
.80691721041997
.80800654490789
.80746187766393
.80773421128591
.81072984139125
.8031045794487
.80814270178477
.8137254913648
.79738561312358
.79398149251938
.80895972251892
.79684094587962
.80119824409485
.79888343811035
.79302831490835
.80705336729685
.81331700086594
.80868736902873
.80160675446192
.81386166810989
.80351306994756
.80977668364843
.80705338716507
.80392156044642
.81386164824168
.8209422826767
.80242375532786
.81658496459325
.80882352590561
.8018790880839
.81018517414729
.81794661283493
.82298477490743
.80569171905518
.80596405267715
.81331700086594
.79997277259827
.80718954404195
.80991286039352
.80773421128591
.81685729821523
.81263615687688
.80882352590561
.82339324553808
.82284859816233
.81386164824168
.8208061059316
.82271242141724
.8125
.81141066551208
.82284859816233
.81590416034063
.82366559902827
.81372547149658
.81032135089238
.81181917587916
.81794661283493
.81767427921295
.80501087506612
.81032135089238
.80501091480255
.80528322855632
.82148693005244
.80119826396306
.81045750776927
.81726578871409
.80923201640447
.8112745086352
.80637256304423
.79929194847743
.80487471818924
.80678105354309
.81345315774282
.81386164824168
.81345315774282
.80324073632558
.80528322855632
.82339324553808
.81127452850342
.80895968278249
.81495098272959
.80010892947515
.80773419141769
.8103213707606
.80106208721797
.80283224582672
.81658496459325
.8114106853803
.81304466724396
.81862743695577
.80487473805745
.82039759556452
.80950435002645
.81971677144368
.81576798359553
.82611656188965
.83088235060374
.82734205325445
.83687363068263
.83115468422572
.82475489377975
.83169935146968
.84449891249339
.82570805152257
.82843136787415
.83905227979024
.82094226280848
.82829521099726
.85307735204697
.83809912204742
.84272875388463
.84967319170634
.85484749078751
.85825163125992
.87568082412084
.88861656188965
.88031047582626
.88671024640401
.875
.89624184370041
.90699891249339
.8939270178477
.92320261398951
.93654684225718
.94444443782171
.97017973661423
1.0036764939626
1.0205610195796
1.0919117530187
1.0961329142253
1.1399782101313
1.183415055275
1.2578975756963
1.32761434714
1.4157135089238
1.5258714755376
1.6358932654063
1.7569444179535
1.8839869101842
1.9903322458267
2.0906863212585
2.182870388031
2.2602124214172
2.3416394392649
2.4061818917592
2.4347766240438
2.4566993713379
2.4418572584788
2.3903866608938
2.3494008382161
2.273828903834
2.153050104777
2.0281863212585
1.8838507731756
1.7648420333862
1.6101579666138
1.4779411554337
1.3698256810506
1.2794117927551
1.186274488767
1.1119280656179
1.049019575119
1.0270969470342
.9955065647761
.96568628152212
.93899782498678
.92946624755859
.90482026338577
.90373092889786
.89106752475103
.88208059469859
.89311003684998
.86968954404195
.86165577173233
.88820807139079
.87023421128591
.84490740299225
.85185184081395
.85144335031509
.84041396776835
.84817538658778
.840822438399
.84150326251984
.84286491076152
.84218408664068
.84218410650889
.83346951007843
.84041392803192
.82693354288737
.82938452561696
.82924836874008
.83374182383219
.82434640328089
.82734203338623
.82924836874008
.82761436700821
.82666120926539
.81631263097127
.83061001698176
.81876361370087
.82598038514455
.81399782498678
.83197168509165
.81195533275604
.82979301611582
.82747821013133
.80895970265071
.83101850748062
.81808278958003
.8195806145668
.81821896632512
.82761438687642
.81563180685043
.82230391105016
.83074619372686
.82815903425217
.81522331635157
.82938452561696
.82162308692932
.81998910506566
.82244008779526
.82829521099726
.81508713960648
.82216775417328
.81985294818878
.81712963183721
.82026141881943
.81467864910762
.80051741997401
.81631263097127
.81004901727041
.80419391393661
.81072984139125
.80650871992111
.80950435002645
.81181915601095
.81767427921295
.79765794674555
.81917212406794
.81563182671865
.80310455958049
.81209150950114
.81576796372732
.79234751065572
.80514707167943
.82026145855586
.8054193854332
.81413400173187
.81004901727041
.81508715947469
.81004901727041
.82638889551163
.80501087506612
.80337691307068
.80582787593206
.8148148059845
.80936817328135
.81236384312312
.80691721041997
.79997275273005
.81903592745463
.79983659585317
.80582787593206
.81454249223073
.80773419141769
.80364922682444
.81549564997355
.79684096574783
.80950435002645
.80174291133881
.802015264829
.80787036816279
.8114106853803
.80215140183767
.8052832086881
.80868736902873
.80855121215185
.80746185779572
.79983657598495
.81508713960648
.80923203627268
.80596405267715
.8195806145668
.79983659585317
.81318082412084
.81998912493388
.81576796372732
.8125
.8220315972964
.80460240443548
.81100217501322
.80473856131236
.80283224582672
.81672112147013
.80678103367488
.80759803454081
.81427013874054
.81440633535385
.79970041910807
.8148148059845
.8184912999471
.80038126309713
.80092593034109
.80827885866165
.79983659585317
.81059368451436
.80814270178477
.80215140183767
.80119824409485
.81794663270315
.79629629850388
.80991284052531
.80855121215185
.81304466724396
.81168301900228
.83728212118149
.79656861225764
.81059368451436
.80528322855632
.80392156044642
.79643245538076
.80827885866165
.80201524496078
.79547929763794
.80133444070816
.79806643724442
.81440633535385
.80732570091883
.80610022942225
.80092593034109
.81467864910762
.80160675446192
.78839868307114
.79697712262472
.79983659585317
.80501087506612
.80106208721797
.81535949309667
.80841501553853
.81903592745463
.8218954205513
.8052832086881
.81304466724396
.8218954205513
.80501089493434
.80623636643092
.8112745086352
.80487473805745
.80473856131236
.81072986125946
.79616014162699
.8112745086352
.80092593034108
.80855119228363
.81427015860875
.8197167913119
.80691721041997
.80201524496078
.8197167913119
.79098582267761
.79929194847743
.80610022942225
.80051743984222
.79915577173233
.81508713960648
.79847494761149
.81059368451436
.80746185779572
.80473856131236
.79724943637848
.80160675446192
.80923203627268
.81113833189011
.79874728123347
.79874726136525
.80324073632558
.81195533275604
.79221133391062
.79670478900274
.80664489666621
.79874728123347
.80201524496078
.80950435002645
.79983657598495
.79507080713908
.8112745086352
.80078975359599
.79888343811035
.81495096286138
.80065359671911
.80460240443548
.81141066551208
.80378540356954
.79901961485545
.8054193854332
.80174293120702
.80882352590561
.8054193854332
.81440631548564
.80596403280894
.81318084398905
.81699347496033
.81712963183721
.87772331635157
.82244008779526
.80800654490789
.81004901727041
.80324073632558
.79643245538076
.80555554231008
.80705338716507
.79547929763794
.8018790880839
.80827885866165
.80623638629913
.81141066551208
.8228485584259
.81168301900228
.80637254317602
.81467864910762
.8031045794487
.79534314076106
.81072986125946
.79098584254583
.80201524496078
.80460240443548
.79738561312358
.80160675446192
.80582789580027
.80065359671911
.80364922682444
.8018790880839
.7947984735171
.78717319170634
.80596405267715
.79684094587962
.79656865199407
.81549563010534
.79915579160055
.8029684027036
.81290851036708
.80106208721797
.8137254913648
.80773419141769
.80664487679799
.80787038803101
.81413398186366
.79997275273005
.8032407561938
.80351306994756
.80337689320246
.80283222595851
.8135893146197
.80718954404195
.81835512320201
.81590414047241
.79520696401596
.80160675446192
.8031045794487
.81045752763748
.81072986125946
.82012526194255
.80787036816279
.81113835175832
.81386164824168
.81018517414729
.81576798359553
.80759803454081
.81386164824168
.80895970265071
.81045750776927
.8197167913119
.81998910506566
.81304466724396
.81141066551208
.80691721041997
.81767429908117
.81277233362198
.80732570091883
.81495098272959
.82053377230962
.80460240443548
.81753812233607
.82652505238851
.81549564997355
.8126361767451
.80882352590561
.80664487679799
.81345315774282
.82039761543274
.80160675446192
.80610020955404
.81576798359553
.7947984735171
.79752178986867
.80501089493434
.79793028036753
.79724947611491
.80759803454081
.80882352590561
.79561547438304
.81345317761103
.80501089493434
.80691721041997
.80936821301778
.80882354577382
.8135893146197
.81318082412084
.79616012175878
.80364922682444
.8135893146197
.7947984735171
.79888343811035
.81181917587916
.80773419141769
.80637256304423
.80882352590561
.79684096574783
.79084968566895
.78853485981623
.80964052677155
.79942810535431
.80473856131236
.81413400173187
.80855121215185
.80351305007935
.80528322855632
.79330064853032
.7982025941213
.80814270178477
.79193900028865
.79153048992157
.80065359671911
.79616012175878
.79970043897629
.80868736902873
.80133442083995
.80446622769038
.79779412349065
.80269606908162
.80718954404195
.79738561312358
.80283224582672
.80841501553853
.80514705181122
.80160675446192
.8065087000529
.82026143868764
.85838780800502
.8148148059845
.81495100259781
.80446622769038
.81290851036708
.80977668364843
.80909585952759
.80378538370132
.81304464737574
.80746187766393
.81563180685043
.81590414047241
.81141066551208
.81209150950114
.82135077317556
.80868736902873
.80228757858276
.80678103367488
.80392158031464
.79479845364889
.81413400173187
.79793028036753
.80773421128591
.81304464737574
.81100217501322
.81113835175832
.81331700086594
.81944445768992
.81154682238897
.82216775417328
.80582787593206
.80610022942225
.81644878784815
.82066994905472
.81100217501322
.8125
.81903594732285
.8052832086881
.80827885866165
.8278867204984
.81604031721751
.81304466724396
.81386164824168
.81018517414729
.81658496459325
.81304466724396
.81454249223073
.81195533275604
.81399782498678
.80705338716507
.81590414047241
.82366557916005
.81086601813634
.80473854144414
.81427015860875
.80868736902873
.81372547149658
.82325706879298
.81195535262426
.81549564997355
.81889977057775
.80242375532786
.81209150950114
.82284859816233
.82366555929184
.82843136787415
.81113835175832
.81454247236252
.81032135089238
.8112745086352
.80228755871455
.82693356275558
.81631265083949
.80977668364843
.80678103367488
.81372551123301
.8031045794487
.81168297926585
.80977670351664
.80718954404195
.80092593034108
.80991284052531
.80378540356954
.8123638232549
.81563180685043
.81181917587916
.80909583965937
.80827885866165
.81195533275604
.80501089493434
.81876363356908
.81113833189011
.80718956391017
.81440631548564
.82788670063019
.8115468621254
.81086601813634
.81685727834702
.81032135089238
.81794661283493
.81399782498678
.8043300708135
.81086599826813
.81563180685043
.80038126309713
.79983659585317
.82026145855586
.80800654490789
.82053377230962
.81549564997355
.80569171905518
.81086601813634
.8126361767451
.81086601813634
.81576798359553
.82012528181076
.80337691307068
.81549564997355
.81045752763748
.80269606908162
.80718954404195
.81535947322845
.81154684225718
.82012528181076
.81100219488144
.8007897734642
.81236384312312
.8184912999471
.80936819314957
.8218954205513
.80487471818924
.81195533275604
.81209148963292
.81549564997355
.81154684225718
.81467866897583
.81386164824168
.80119826396306
.83265248934428
.84517975648244
.79820261398951
.81154684225718
.81917212406794
.80051743984222
.8041938940684
.80814270178477
.80569171905518
.80555556217829
.82679738601049
.80909585952759
.81740196545919
.80691721041997
.80773421128591
.80106208721797
.83469500144323
.81998908519745
.80378540356954
.81917210419973
.82856754461924
.8043300708135
.81181917587916
.81685729821523
.81617647409439
.81631265083949
.81740196545919
.8075980146726
.8007897734642
.83700980742772
.83374182383219
.80378540356954
.80991286039352
.80392156044642
.79915577173233
.81985294818878
.80895970265071
.80759803454081
.81100217501322
.80228757858276
.79534312089284
.80882352590561
.80283224582672
.81549564997355
.80514705181122
.80065359671911
.81454247236252
.80923203627268
.80201524496078
.79901959498723
.81604031721751
.80337689320246
.80106208721797
.80936817328135
.79738561312358
.79983659585317
.80705336729685
.80160677433014
.80392156044642
.80732570091883
.80310455958048
.80678103367488
.8123638232549
.79493463039398
.79752178986867
.79970041910807
.8054193854332
.80895970265071
.80133444070816
.80473856131236
.79942810535431
.80051741997401
.79547929763794
.80991284052531
.81100219488144
.80460240443548
.80255991220474
.80255991220474
.80868734916051
.79752178986867
.80392156044642
.79752178986867
.80160675446192
.80392156044642
.81672114133835
.79466231664022
.80392158031464
.81263615687688
.79915577173233
.82148693005244
.81004901727041
.79833879073461
.80923203627268
.81236384312312
.79180284341176
.81072984139125
.81427013874054
.80324073632558
.80228757858276
.80759803454081
.80147057771683
.80596403280894
.81495098272959
.80215142170588
.80596405267715
.81127452850342
.80582789580027
.80460240443548
.81004901727041
.80324073632558
.80078975359599
.8065087000529
.8043300708135
.79248364766439
.79888345797857
.78744554519653
.80051741997401
.80759805440903
.79534314076106
.79384531577428
.81467866897583
.81549563010534
.8040577173233
.81290849049886
.79207515716553
.79684096574783
.80133442083995
.80773421128591
.79411764939626
.79888341824214
.78880719343821
.80364924669266
.8054193854332
.79833879073461
.79479849338531
.80841501553853
.80473856131236
.79670478900274
.80160675446192
.80473856131236
.79901961485545
.80991286039352
.80787036816279
.79915577173233
.80201524496078
.79438996315002
.7960239648819
.79507080713908
.79738561312358
.79643245538076
.79330064853032
.80160675446192
.79316449165344
.80065361658732
.80936819314957
.8040577173233
.79820261398951
.80732570091883
.79084966580073
.80501087506612
.80637254317602
.79901959498723
.8041938940684
.80746187766393
.80324073632558
.8029684027036
.81808280944824
.80092591047287
.79997277259827
.81685731808345
.80514705181122
.80269606908162
.8184912999471
.80337691307068
.80501089493434
.81617647409439
.8018790880839
.7935729821523
.80637256304423
.79125817616781
.80487473805745
.81712963183721
.80473856131236
.80242373545965
.80392156044642
.80868734916051
.81440633535385
.80637256304423
.80378540356954
.80269606908162
.80623638629913
.79765794674555
.80868736902873
.82679738601049
.80051741997401
.80364922682444
.80691721041997
.79997277259827
.79643245538076
.79793028036753
.80473856131236
.80514705181122
.79084968566895
.81032135089239
.79997277259827
.79915577173233
.80460238456726
.79793028036753
.79738561312358
.81699347496033
.81209148963292
.80078975359599
.8231209119161
.80133442083995
.80909585952759
.80814270178477
.79833877086639
.80324073632558
.80269608894984
.79398147265116
.79684096574783
.8114106853803
.80010894934336
.80024508635203
.81127452850342
.79929194847743
.79997277259827
.80269608894984
.79970043897629
.79534314076106
.79847494761149
.80215140183767
.81072986125946
.80269606908162
.79507080713908
.80133442083995
.80773421128591
.79997277259827
.80160675446192
.80923201640447
.80038124322891
.79833877086639
.80405773719152
.80555554231008
.80351306994756
.81631261110306
.81045750776927
.80283224582672
.81427013874054
.80337691307068
.80827887852987
.83101852734884
.81154684225718
.79997277259827
.80759803454081
.79670478900274
.79983659585317
.81358933448792
.80160675446192
.80732570091883
.80787036816279
.80746187766393
.80705336729685
.8043300708135
.8007897734642
.80446622769038
.80201524496078
.80882354577382
.80623638629913
.80732572078705
.80650871992111
.8040577173233
.80364922682444
.81590414047241
.80501087506612
.80133440097173
.80964050690333
.80242375532786
.80882352590561
.80950435002645
.80228759845098
.81100215514501
.80773419141769
.80092593034109
.8032407561938
.81086601813634
.79193902015686
.80337691307068
.81277233362198
.80691721041997
.79534314076106
.81154684225718
.80991284052531
.79888343811035
.82393791278203
.79507080713908
.8043300708135
.80255993207296
.80010892947515
.7958877881368
.79847494761149
.80010894934336
.80596405267715
.80405773719152
.80092593034108
.79765794674555
.80541936556498
.78935186068217
.79997277259827
.80596405267715
.79629629850388
.79057735204697
.80201524496078
.79302831490835
.80814270178477
.80051741997401
.8031045794487
.79697712262472
.80610022942225
.80691721041997
.79370913902919
.80637254317602
.81072984139125
.81127452850342
.83796294530233
.80718954404195
.80051741997401
.81141066551208
.81004901727041
.80065359671911
.81168301900228
.80664487679799
.79942812522252
.80092591047287
.80364924669266
.79861110448837
.80065357685089
.80364924669266
.78962417443593
.80119824409485
.80174291133881
.79847494761149
.80215142170588
.79983659585317
.80351305007935
.79275598128637
.80909585952759
.79071348905563
.79547929763794
.80215142170588
.79507078727086
.7971132795016
.79547931750615
.80038126309713
.79942810535431
.80827887852987
.80433005094528
.80283222595851
.80610022942225
.80473856131236
.8043300708135
.81100217501322
.80051741997401
.79929192860921
.81168299913406
.79793028036753
.80773421128591
.81222766637802
.80746185779572
.80119826396306
.80800654490789
.80296842257182
.82325708866119
.80283224582672
.79629629850388
.7960239648819
.80691719055176
.79493463039398
.79507080713908
.80582789580027
.80024508635203
.79956426223119
.79861110448837
.81222768624624
.79738561312358
.8029684027036
.80950436989466
.79629629850388
.79888343811035
.79793028036753
.78976035118103
.80147059758504
.81127452850342
.79016884167989
.79193898042043
.79765796661377
.79656861225764
.78962419430415
.80038126309713
.79044119517008
.80392158031464
.80814270178477
.80106208721797
.79575163125992
.81563180685043
.80133442083995
.83387798070908
.81985294818878
.79847494761149
.8052832086881
.80691721041997
.8031045794487
.79847492774328
.80337691307068
.79193900028865
.8031045794487
.80460240443548
.7949346502622
.80555556217829
.80936819314957
.80010892947515
.79425380627314
.81086601813634
.79003266493479
.79942810535431
.80433005094528
.79616014162699
.79983659585317
.81086599826813
.78948801755905
.80364922682444
.80773421128591
.79561547438304
.80446624755859
.81236384312312
.79915575186412
.80650871992111
.80528322855632
.80024508635203
.80228757858276
.80800652503967
.80378540356954
.7958877881368
.8406862616539
.81318082412084
.80364924669266
.81672112147013
.80664489666621
.79670478900274
.79779412349065
.80623636643092
.80228757858276
.79261980454127
.79956428209941
.79616012175878
.79752178986867
.80555556217829
.79793030023575
.80827885866165
.80732572078705
.80242373545965
.80038126309713
.80746187766393
.79997275273005
.80610020955404
.80174293120702
.80446624755859
.80841503540675
.80732568105062
.79643245538076
.80950435002645
.80610020955404
.79942810535431
.80718956391017
.80555556217829
.8041938940684
.80133442083995
.8123638232549
.80255991220474
.80610020955404
.80855119228363
.79779412349065
.79153050978978
.794662296772
.79520698388418
.80119826396306
.80555556217829
.80160675446192
.79656863212585
.79847492774328
.79901961485545
.78962417443593
.8112745086352
.79466231664022
.79861110448837
.79616014162699
.79221131404241
.80106208721797
.80215140183767
.79793028036753
.80405773719152
.80814270178477
.79084966580073
.7958877881368
.80024508635203
.80814270178477
.79656861225764
.80773421128591
.8114106853803
.80147059758504
.80364924669266
.81644880771637
.80160675446192
.80038126309713
.80078975359599
.79901961485545
.79929192860921
.80787036816279
.7982025941213
.79316449165344
.81168301900228
.79248364766439
.79752177000046
.80787036816279
.78444989522298
.79411762952805
.80773421128591
.79343680540721
.79752178986867
.80324073632558
.7877178589503
.79561545451482
.80392156044642
.79874728123347
.79684096574783
.80460238456726
.78676472107569
.80528322855632
.80569169918696
.79411764939626
.7949346502622
.79820261398951
.7852668762207
.79112197955449
.79343682527542
.79302831490835
.78935184081395
.80242373545965
.78989652792613
.80187906821569
.80065359671911
.78880719343821
.78976035118103
.80051743984222
.79302833477656
.80010892947515
.80364924669266
.79561547438304
.79779412349065
.79738561312358
.78404138485591
.79466231664022
.78553920984268
.78390522797902
.78036491076152
.78581154346466
.79248364766439
.77083333333333
.79207515716553
.80038126309713
.78622003396352
.78744552532832
.81644880771637
.77505447467168
.77260349194209
.78104577461878
.77682461341222
.77464596430461
.77287580569585
.76484205325445
.75735294818878
.76184640328089
.74945535262426
.75449345509211
.77696079015732
.77696079015732
.77573527892431
.78499454259872
.77546294530233
.77886710564295
.784177561601
.77900326251984
.77818628152212
.78186275561651
.77423745393753
.77219498157501
.77873092889786
.76811001698176
.76266338427862
.77423749367396
.76402505238851
.76048475503922
.76974399884542
.75735292832057
.75435729821523
.75490194559097
.74346405267715
.74005991220474
.74319171905518
.73311547438304
.72113289435705
.73093680540721
.72004357973735
.71486928065618
.71078431606293
.70615468422572
.69008715947469
.69430828094482
.6862745086352
.67946624755859
.67388341824214
.64610566695531
.64011436700821
.64025052388509
.625
.63276145855586
.60757080713908
.57666122913361
.6425653497378
0
0
0
0
0
0
0
0
0
0
0
0
0
0
0
0
0
0
0
0
0
0
0
0
0
0
0
0
0
0
0
0
0
0
0
0
0
0
0
0
0
0
0
0
0
0
0
0
0
0
0
0
0
0
0
0
0
0
0
0
0
0
0
0
0
0
0
0
0
0
0
0
0
0
0
0
0
0
0
0
0
0
0
0
0
0
0
0
0
0
0
0
0
0
0
0
0
0
0
0
0
0
0
0
0
0
0
0
0
0
0
0
0
0
0
0
0
0
0
0
0
0
0
0
0
0
0
0
0
0
0
0
0
0
0
0
0
0
0
0
0
0
0
0
0
0
0
0
0
0
0
0
0
0
0
0
0
0
0
0
0
0
0
0
0
0
0
0
0
0
0
0
0
0
0
0
0
0
0
0
0
0
0
0
0
0
0
0
0
0
0
0
0
0
0
0
0
0
0
0
0
0
0
0
0
0
0
0
0
0
0
0
0
0
0
0
0
0
0
0
0
0
0
0
0
0
0
0
0
0
0
0
0
0
0
0
0
0
0
0
0
0
0
0
0
0
0
0
0
0
0
0
0
0
0
0
0
0
0
0
0
0
0
0
0
0
0
0
0
0
0
0
0
0
0
0
0
0
0
0
0
0
0
0
0
0
0
0
0
0
0
0
0
0
0
0
0
0
0
0
0
0
0
0
0
0
0
0
0
0
0
0
0
0
0
0
0
0
0
0
0
0
0
0
0
0
0
0
0
0
0
0
0
0
0
0
0
0
0
0
0
0
0
0
0
0
0
0
0
0
0
0
0
0
0
0
0
0
0
0
0
0
0
0
0
0
0
0
0
0
0
0
0
0
0
0
0
0
0
0
0
0
0
0
0
0
0
0
0
0
0
0
0
0
0
0
0
0
0
0
0
0
0
0
0
0
0
0
0
0
0
0
0
0
0
0
0
0
0
0
0
0
0
0
0
0
0
0
0
0
0
0
0
0
0
0
0
0
0
0
0
0
0
0
0
0
0
0
0
0
0
0
0
0
0
0
0
0
0
0
0
0
0
0
0
0
0
0
0
0
0
0
0
0
0
0
0
0
0
0
0
0
0
0
0
0
0
0
0
0
0
0
0
0
0
0
0
0
0
0
0
0
0
0
0
0
0
0
0
0
0
0
0
0
0
0
0
0
0
0
0
0
0
0
0
0
0
0
0
0
0
0
0
0
0
0
0
0
0
0
0
0
0
0
0
0
0
0
0
0
0
0
0
0
0
0
0
0
0
0
0
0
0
0
0
0
0
0
0
0
0
0
0
0
0
0
0
0
0
0
0
0
0
0
0
0
0
0
0
0
0
0
0
0
0
0
0
0
0
0
0
0
0
0
0
0
0
0
0
0
0
0
0
0
0
0
0
0
0
0
0
0
0
0
0
0
0
0
0
0
0
0
0
0
0
0
0
0
0
0
0
0
0
0
0
0
0
0
0
0
0
0
0
0
0
0
0
0
0
0
0
0
0
0
0
0
0
0
0
0
0
0
0
0
0
0
0
0
0
0
0
0
0
0
0
0
0
0
0
0
0
0
0
0
0
0
0
0
0
0
0
0
0
0
0
0
0
0
0
0
0
0
0
0
0
0
0
0
0
0
0
0
0
0
0
0
0
0
0
0
0
0
0
0
0
0
0
0
0
0
0
0
0
0
0
0
0
0
0
0
0
0
0
0
0
0
0
0
0
0
0
0
0
0
0
0
0
0
0
0
0
0
0
0
0
0
0
0
0
0
0
0
0
0
0
0
0
0
0
0
0
0
0
0
0
0
0
0
0
0
0
0
0
0
0
0
0
0
0
0
0
0
0
0
0
0
0
0
0
0
0
0
0
0
0
0
0
0
0
0
0
0
0
0
0
0
0
0
0
0
0
0
0
0
0
0
0
0
0
0
0
0
0
0
0
0
0
0
0
0
0
0
0
0
0
0
0
0
0
0
0
0
0
0
0
0
0
0
0
0
0
0
0
0
0
0
0
0
0
0
0
0
0
0
0
0
0
0
0
0
0
0
0
0
0
0
0
0
0
0
0
0
0
0
0
0
0
0
0
0
0
0
0
0
0
0
0
0
0
0
0
0
0
0
0
0
0
0
0
0
0
0
0
0
0
0
0
0
0
0
0
0
0
0
0
0
0
0
0
0
0
0
0
0
0
0
0
0
0
0
0
0
0
0
0
0
0
0
0
0
0
0
0
0
0
0
0
0
0
0
0
0
0
0
0
0
0
0
0
0
0
0
0
0
0
0
0
0
0
0
0
0
0
0
0
0
0
0
0
0
0
0
0
0
0
0
0
0
0
0
0
0
0
0
0
0
0
0
0
0
0
0
0
0
0
0
0
0
0
0
0
0
0
0
0
0
0
0
0
0
0
0
0
0
0
0
0
0
0
0
0
0
0
0
0
0
0
0
0
0
0
0
0
0
0
0
0
0
0
0
0
0
0
0
0
0
0
0
0
0
0
0
0
0
0
0
0
0
0
0
0
0
0
0
0
0
0
0
0
0
0
0
0
0
0
0
0
0
0
0
0
0
0
0
0
0
0
0
0
0
0
0
0
0
0
0
0
0
0
0
0
0
0
0
0
0
0
0
0
0
0
0
0
0
0
0
0
0
0
0
0
0
0
0
0
0
0
0
0
0
0
0
0
0
0
0
0
0
0
0
0
0
0
0
0
0
0
0
0
0
0
0
0
0
0
0
0
0
0
0
0
0
0
0
0
0
0
0
0
0
0
0
0
0
0
0
0
0
0
0
0
0
0
0
0
0
0
0
0
0
0
0
0
0
0
0
0
0
0
0
0
0
0
0
0
0
0
0
0
0
0
0
0
0
0
0
0
0
0
0
0
0
0
0
0
0
0
0
0
0
0
0
0
0
0
0
0
0
0
0
0
0
0
0
0
0
0
0
0
0
0
0
0
0
0
0
0
0
0
0
0
0
0
0
0
0
0
0
0
0
0
0
0
0
0
0
0
0
0
0
0
0
0
0
0
0
0
0
0
0
0
0
0
0
0
0
0
0
0
0
0
0
0
0
0
0
0
0
0
0
0
0
0
0
0
0
0
0
0
0
0
0
0
0
0
0
0
0
0
0
0
0
0
0
0
0
0
0
0
0
0
0
0
0
0
0
0
0
0
0
0
0
0
0
0
0
0
0
0
0
0
0
0
0
0
0
0
0
0
0
0
0
0
0
0
0
0
0
0
0
0
0
0
0
0
0
0
0
0
0
0
0
0
0
0
0
0
0
0
0
0
0
0
0
0
0
0
0
0
0
0
0
0
0
0
0
0
0
0
0
0
0
0
0
0
0
0
0
0
0
0
0
0
0
0
0
0
0
0
0
0
0
0
0
0
0
0
0
0
0
0
0
0
0
0
0
0
0
0
0
0
0
0
0
0
0
0
0
0
0
0
0
0
0
0
0
0
0
0
0
0
0
0
0
0
0
0
0
0
0
0
0
0
0
0
0
0
0
0
0
0
0
0
0
0
0
0
0
0
0
0
0
0
0
0
0
0
0
0
0
0
0
0
0
0
0
0
0
0
0
0
0
0
0
0
0
0
0
0
0
0
0
0
0
0
0
0
0
0
0
0
0
0
0
0
0
0
0
0
0
0
0
0
0
0
0
0
0
0
0
0
0
0
0
0
0
0
0
0
0
0
0
0
0
0
0
0
0
0
0
0
0
0
0
0
0
0
0
0
0
0
0
0
0
0
0
0
0
0
0
0
0
0
0
0
0
0
0
0
0
0
0
0
0
0
0
0
0
0
0
0
0
0
0
0
0
0
0
0
0
0
0
0
0
0
0
0
0
0
0
0
0
0
0
0
0
0
0
0
0
0
0
0
0
0
0
0
0
0
0
0
0
0
0
0
0
0
0
0
0
0
0
0
0
0
0
0
0
0
0
0
0
0
0
0
0
0
0
0
0
0
0
0
0
0
0
0
0
0
0
0
0
0
0
0
0
0
0
0
0
0
0
0
0
0
0
0
0
0
0
0
0
0
0
0
0
0
0
0
0
0
0
0
0
0
0
0
0
0
0
0
0
0
0
0
0
0
0
0
0
0
0
0
0
0
0
0
0
0
0
0
0
0
0
0
0
0
0
0
0
0
0
0
0
0
0
0
0
0
0
0
0
0
0
0
0
0
0
0
0
0
0
0
0
0
0
0
0
0
0
0
0
0
0
0
0
0
0
0
0
0
0
0
0
0
0
0
0
0
0
0
0
0
0
0
0
0
0
0
0
0
0
0
0
0
0
0
0
0
0
0
0
0
0
0
0
0
0
0
0
0
0
0
0
0
0
0
0
0
0
0
0
0
0
0
0
0
0
0
0
0
0
0
0
0
0
0
0
0
0
0
0
0
0
0
0
0
0
0
0
0
0
0
0
0
0
0
0
0
0
0
0
0
0
0
0
0
0
0
0
0
0
0
0
0
0
0
0
0
0
0
0
0
0
0
0
0
0
0
0
0
0
0
0
0
0
0
0
0
0
0
0
0
0
0
0
0
0
0
0
0
0
0
0
0
0
0
0
0
0
0
0
0
0
0
0
0
0
0
0
0
0
0
0
0
0
0
0
0
0
0
0
0
0
0
0
