.84601624806722
.80894309282303
.79495934645335
.82829268773397
.8226016163826
.81203252077103
.79593497514725
.83317071199417
.85170731941859
.81040650606155
.83739837010701
.79951220750809
.81902438402176
.81967478990555
.76357724269231
.83365853627523
.82162600755692
.78422764937083
.85609757900238
.872682929039
.86390244960785
.81560975313187
.92471545934677
.85317075252533
.89008128643036
.81398373842239
.81788617372513
.87024390697479
.81495934724808
.81560975313187
.85658538341522
.86211383342743
.86747968196869
.89983739455541
.86975610256195
.85252032677333
.86390244960785
.84617886940638
.8874796628952
.94617887338003
.83853658040365
.88813008864721
.85300815105438
.88926827907562
.87479674816132
.90471543868383
.93105691671371
.83951220909754
.91772357622782
.90699185927709
.80422765016556
.86292682091395
.87252032756805
.90260161956151
.89658536513646
.8637398481369
.89918698867162
.83560975392659
1.0291056632996
.8442276318868
.92439025640488
.8943089445432
.88422765334447
.88097560405731
.91609756151835
.882601638635
.92146342992783
.8977235754331
.88487803936005
.9721951285998
.99317073822021
.91869918505351
.95447152853012
.88813006877899
.88650405406952
.94032520055771
.92601627111435
.93642276525497
.93219512701035
.94747966527939
.98552846908569
.88569104671478
.88048779964447
.94081300497055
.91073171297709
.89593495925268
.92471545934677
.93284553289413
.87918698787689
.87317073345184
.9588617682457
.94601625204086
.91105691591899
.91560975710551
.89609756072362
.91983739535014
.88796748717626
.92178863286972
.87284553050995
1.0908943414688
1.0165853500366
.89040648937225
.95252031087875
.96471546093623
.92504064242045
.91040649016698
.89593493938446
.95560973882675
.95788617928823
.93349593877792
.98601627349854
.97707315286001
.97300811608632
.97674796978633
.95268293221792
.92390245199203
.96585367123286
.996910572052
.91495935122172
.93869920571645
.96552844842275
1.1617885828018
.93284553289413
.92487806081772
.98666665951411
.93463414907455
.96455283959707
.98178863525391
.95024389028549
.91365855932236
1.0695935487747
.92390245199203
.91691056887309
.95235772927602
1.003089427948
.9317073225975
.99788618087769
1.0182113647461
1.033983707428
.98959350585937
1.0040650367737
1.035121957461
1.0299186706543
1.0300812721252
1.0052032470703
1.0047154426575
.96211379766464
.96959350506465
.99674797058105
.9666666785876
.9821138381958
1.0191869735718
.97951219479243
.93089431524277
.99268293380737
.94520324468613
.95788615942001
.95918699105581
.94585365056992
.98373985290527
.98894309997559
.93186992406845
1.0016260147095
1.0079674720764
.94845527410507
.95739837487539
.98682928085327
.97024389108022
.95186990499496
.97073169549306
.95967477560043
.9468292593956
.96585367123286
.94292682409286
1.006016254425
.96682928005854
.93983739614487
.9756097594897
.99869918823242
.91577235857646
.94243901968002
.96796747048696
.95821138223012
.93235772848129
1.0040650367737
1.062926808993
.95121951897939
1.0863415002823
1.0232520103455
.97430894772212
1.0034146308899
.95918699105581
.94471544027328
.92991870641708
.9598373969396
.95186992486318
.94731706380844
.9437398314476
1.0159349441528
.90991870562236
.98048780361811
.97479675213496
.95560973882675
.95593496163686
.93902438879013
1.0164227485657
.97463417053223
.95837396383286
.93837398290634
.95934959252675
.9347967505455
.96308942635854
1.0543089310328
.91138211886088
1.0491056442261
1.0039024353027
.92260164022446
.91365853945414
.9567479689916
.9725203315417
1.0035772323608
.97658538818359
.95414632558823
.95365852117538
.95967477560043
.87609757979711
1.0396747589111
.97073171536128
1.03089427948
.98065040508906
.91853660345078
.98959350585937
.95691057046254
.98000001907349
.99138212203979
.9852032661438
.97577234109243
.95024391015371
.9554471373558
.93056911230087
1.0143089294434
.94569104909897
.99365854263306
.97674796978633
1.0234146118164
.93886178731918
.97349594036738
.98243902126948
.98861789703369
1.0160975456238
.95349591970444
.95447152853012
.92910569906235
.95447152853012
1.0162601470947
.92780488729477
.97268293301264
.96341462930044
.92991870641708
.9790244102478
.97430894772212
.97463415066401
.98308944702148
.93853658437729
.93073171377182
.96715446313222
.94487804174423
.9848780632019
.96829269329707
.91284555196762
.993821144104
.98178863525391
.98699188232422
1.0151219367981
.97609758377075
.99138212203979
.9409756064415
.97154474258423
.97626016537348
.98650407791138
1.0404877662659
.91447154680888
1.0136585235596
.97349594036738
.95300813515981
1.0100812911987
.99658536911011
.98178863525391
1.0102438926697
.94894307851791
.96487806240718
.99886178970337
.98276424407959
.94178861379623
.9656910498937
.94813007116318
.96097560723623
1.0066666603088
.99154472351074
.93609756231308
.92357724905014
.95414632558823
.98601625363032
.92910569906235
.96130083004634
1.0331707000732
.95772355794907
1.0160975456238
1.0066666603088
1.0704064766566
.97804880142212
1.0082926750183
.96715448300044
.98390245437622
.99544715881348
.91203252474467
.92178863286972
.98666667938232
.98943090438843
.97593496243159
.92569106817245
.95853658517202
.94585365056992
.96081300576528
1.033983707428
.92975610494614
.96601625283559
1.0011382102966
1.0105690956116
.99284553527832
.96162601312002
.92699187994003
.98406505584717
.87674796581268
.96373983224233
.99528455734253
.99577236175537
.98081302642822
1.015284538269
.98081302642822
.9567479689916
.95008128881454
.99300813674927
.97544713815053
1.0344715118408
.96504066387812
.96081300576528
.91365853945414
.92569106817245
.93853658437729
.92747968435287
.93934959173203
1.0115447044373
.95186992486318
1.0043902397156
.99138212203979
.99463413159053
1.0182113647461
.97089431683222
.97821136315664
.99056911468506
1.0279674530029
.98081302642822
1.018373966217
1.0647154649099
1.0118699073792
1.0546341339747
.94081300497055
.9635772506396
.9557723402977
.95430894692739
.9626016219457
.96585365136464
.9752845565478
.92227643728256
.9712194999059
.99073169628779
.99219510952632
.93934959173203
.89512195189794
.92650407552719
.91951219240824
1.0427641868591
.98065042495728
1.0026016235352
.92373985052109
.92292682329814
.97284553448359
.98926830291748
.9663414756457
.96585365136464
.92829269170761
.97853658596675
.91268293062846
.97398374478022
.9783739844958
.98943090438843
.98146343231201
.89284551143646
.95967477560043
.98113822937012
.92455285787582
.94666665792465
.9821138381958
.95999997854233
.96861787637075
.90796746810277
1.130243897438
1.0326828956604
.98569107055664
.96032520135244
.97138212124507
.9821138381958
.97707317272822
.98178861538569
.96081300576528
.93528455495834
.88715445995331
.95008128881454
.94878047704697
.93577235937119
.9821138381958
.97739837567012
.92097562551498
.94162601232529
.98308944702148
.94422765572866
.95235770940781
.96048780282338
.95235770940781
.96081300576528
.95479675134023
.94178861379623
.9725203315417
.98780488967896
.93739837408066
.98373985290527
.97024391094844
.93983739614487
.90471543868383
.93869918584824
.97235771020253
.97902439037959
.94032520055771
.99203252792358
.97430894772212
.95512195428212
.96715448300044
.96341464916865
.98048782348633
.9780487815539
.98617887496948
.98780488967896
.93853658437729
1.0442276398341
.94813009103139
1.0232520103455
.95658534765244
.97170732418696
.93560975790024
.94715446233749
.99739837646484
.95349593957265
.96439023812612
.99203252792358
.93837398290634
.98926830291748
.94959350426992
.96829269329707
.93918699026108
.94617885351181
.94422763586044
1.0079674720764
.97040651241938
1.0317072868347
.93365854024887
1.0159349441528
.9595121939977
.92813009023666
.95430892705917
.93918699026108
.98780488967896
.97382114330928
.98861789703369
.9001625974973
.96357723077138
.92065042257309
.97512195507685
.90634147326152
.94861787557602
.95739837487539
.93609756231308
.97593496243159
.96959350506465
1.021463394165
.89983741442362
1.0016260147095
.96520324548086
.96682928005854
.95983737707138
.97658538818359
.92097562551498
.94455283880234
.94585365056992
.97447154919306
.96471544106801
.97073171536128
.97512195507685
.97138212124507
.97593496243159
.89252030849457
.98260164260864
.97512195507685
.95723575353622
.98146343231201
.92373985052109
.98455286026001
.96975608666738
.9814634124438
.94552844762802
.9495934844017
.92650407552719
.9437398314476
.95300813515981
.93365854024887
.92081300417582
.99333333969116
.92796748876572
.98455286026001
1.0252032677333
.96439023812612
.94211381673813
.96390241384506
.95121949911118
.92487806081772
.88243901729584
.95235770940781
.92081302404404
1.0048780441284
.89105689525604
.91528455416362
.96292682488759
.94471544027328
1.0274796485901
.98926828304927
.97756099700928
.98796747128169
.97756097714106
.95105689764023
.99788618087769
.93886178731918
.93463414907455
.93772357702255
1.0520325104396
.97967481613159
.98097562789917
.98617887496948
.98016260067622
.98617887496948
.8843902349472
.9879674911499
.96926830212275
.94113820791245
.95284551382065
.97691057125727
.94357722997665
.94845527410507
.87707316875458
1.0076422691345
.88569104671478
1.0011382102966
.96243904034297
.9721951285998
.91788619756699
.93804877996445
.93398374319077
.98032520214717
.94422763586044
.96211381753286
.94487804174423
.93252032995224
.95089429616928
.97788619995117
.98422765731812
.94439023733139
.93837398290634
.89544713497162
.94926828145981
1.0021138191223
.90764228502909
.97837400436401
1.0035772323608
.95414634545644
.97333333889643
.92731708288193
1.0258536338806
1.0204877853394
.96178861459096
.94975608587265
.94910567998886
.93902438879013
.99121952056885
.93105691671371
.97951221466064
.95691057046254
.94829267263412
.94455283880234
.96016259988149
.89040648937225
.9852032661438
.92796748876572
.9320325255394
.95430892705917
.95056909322739
.99577236175537
.91886178652445
.93674796819687
.96390243371328
.94569104909897
.99560976028442
.93609756231308
1.0003252029419
.97983741760254
.95414632558823
.92243903875351
.93138211965561
.99642276763916
1.0026016235352
.95056909322739
.91658534606298
.95463414986928
.99317073822021
.95430892705917
.98195123672485
.92422765493393
.95382114251455
.96032522122065
.93447154760361
.95626016457876
.93609756231308
.96130079030991
.87024390697479
.94390243291855
.89495933055878
.986991862456
.96894307931264
.92390245199203
.9564227660497
.95967479546865
.94390243291855
.98065042495728
.95479673147202
.92130082845688
.97300811608632
.9347967505455
.94487804174423
.99105689922969
.89658534526825
.94243901968002
.94780486822128
.97512195507685
.95414632558823
.93918699026108
.94520324468613
1.0035772323608
.97918699185053
.95804876089096
.96764226754506
.91772357622782
.9759349822998
.94943088293076
.91300815343857
.95138210058212
.96666665871938
.93983739614487
.96065040429433
.96991868813833
1.0021138191223
.94390243291855
.90975610415141
.97008128960927
1.0266666412354
.90292682250341
1.0191869735718
.94878049691518
.95203250646591
.98325202862422
.88975608348846
.96048780282338
.89967479308446
.98504066467285
.95642274618149
.93333333730698
.9941463470459
.96585365136464
.98130083084106
.97609758377075
.95089429616928
.95512195428212
.93544715642929
.9230894446373
.99674797058105
.98634147644043
.99626016616821
.96308940649033
.98406505584717
.97300813595454
.86211383342743
.95186990499496
1.0032520294189
.91837398211161
.97073169549306
.9626016219457
.98747968673706
.95463413000107
.96065040429433
.90959350268046
.99658536911011
.91918700933456
.87365853786469
.94943088293076
.91886180639267
.91528455416362
.89707316954931
.97479675213496
.93869918584824
.89723577102025
.92699187994003
.98601627349854
.95707315206528
.94634145498276
.96991870800654
.93983739614487
.93040651082993
.96666665871938
.97772357861201
1.006016254425
.95593496163686
.99235773086548
.95739835500717
.94894307851791
.98617887496948
.96357721090317
.96308942635854
.99430894851685
.90861789385478
.94439023733139
.93528455495834
.97512197494507
.96585367123286
1.0058536529541
.94016259908676
1.0081300735474
.90552844603856
.9468292593956
.9533333381017
1.0295934677124
.96373983224233
.92813007036845
.94146341085434
.93886178731918
.94146341085434
.92422765493393
.92878049612045
1.0006504058838
.89821135997772
.95073169469833
.97040651241938
.94195121526718
.98731708526611
.93934959173203
.95658534765244
.9852032661438
.88829267024994
.99349594116211
.93577235937119
.91691056887309
.92910569906235
.89024388790131
.91528455416362
.98016260067622
.87902438640594
.92780488729477
.96845531463623
.99626016616821
.95707317193349
.93073169390361
.97268293301264
.95528453588486
.97008128960927
.98731708526611
.97739837567012
1.036910533905
.90813008944194
.95837396383286
.94471544027328
.9338211218516
.92292684316635
.89918696880341
.89609756072362
.92016261816025
.9347967505455
.91186992327372
.94211381673813
.95447152853012
.92959350347519
.9032520254453
.85268292824427
.96048780282338
.91544717550278
.95918699105581
.88715445995331
1.0011382102966
1.0364227294922
.94699186086655
.9045528570811
.99739837646484
.93138211965561
.94178861379623
.94764226675034
.90373982985814
.8977235754331
.95235770940781
.91121953725815
.90439025561015
.885691066583
.90439025561015
.96878049770991
.94894307851791
.95821138223012
.9821138381958
.87756097316742
.93268293142319
.9100813070933
.92715448141098
.9440650343895
.93056911230087
.92569104830424
.9495934844017
.91918698946635
.94081300497055
.90715446074804
.96032518148422
.96146341164907
.89105689525604
.91756097475688
.92439025640488
.9409756064415
.97317073742549
.91886180639267
.9351219534874
.89138209819794
.9437398314476
.95479673147202
.94845527410507
.92829269170761
.93121951818466
.86569106578827
1.0447154045105
.93739837408066
.9261788725853
.90796746810277
1.0016260147095
.9317073225975
.96065038442612
.93121951818466
.9567479689916
.96097558736801
.89756097396215
.95219510793686
.96276422341665
.88585364818573
.96357723077138
.91512195269267
.94731708367666
.96650405724843
.97333335876465
.93739837408066
.96520322561264
.93430894613266
.95382114251455
.94796746969223
.9656910498937
.92829269170761
.93626016378403
.88569104671478
.95105691750844
.90878051519394
.93333333730698
.88666665554047
.93252032995224
.90308942397436
.94081300497055
.98130083084106
.94569104909897
.93658536672592
.92845529317856
.98195123672485
1.0004878044128
.96243902047475
.89544715483983
.91154472033183
.88260161876678
.93382114171982
.92650407552719
.90422763427099
.97040651241938
.88585364818573
.90373982985814
.96439025799433
.96048778295517
.90130080779394
.92260164022446
.95739835500717
.94878047704697
.87772357463837
.92943090200424
.93284553289413
.87983739376068
.94617885351181
.93414634466171
.91203252474467
.90227641661962
.98000001907349
.97073171536128
.95463413000107
.95219510793686
.90065040191015
.92959350347519
.89105689525604
.94325202703476
.88390243053436
.92601627111435
.88520324230194
.92682927846909
.94747966527939
.9022763967514
.97382114330928
.88097560405731
.88617885112762
.8785365819931
.85886180400848
.84975610176722
.91626018285751
.96422763665517
.94308942556381
.93105691671371
.92162601153056
.96081300576528
.93951219320297
.90260161956151
.90162601073583
.91951219240824
.87056910991669
.94504064321518
.93089431524277
.97658536831538
.85495936870575
.91512195269267
.8936585187912
.91056913137436
.87398374080658
.862764219443
.91626018285751
.91804879903793
.95008128881454
.88065040111542
.91821140050888
.91886180639267
.87317073345184
.98325202862422
.92471545934677
.88715445995331
.91951221227646
.93349593877792
.93804877996445
.89902436733246
.90211381514867
.96455285946528
.91512197256088
.93804877996445
.92504066228867
.9378861784935
.8933333158493
.95886178811391
.97593496243159
.97869918743769
.85349593559901
.96455283959707
.92731708288193
.9666666785876
.91934961080551
.91252034902573
.91430896520615
.94894307851791
.90747966368993
.94552844762802
.94308942556381
.91463414827983
.91414634386698
.88650405406952
.88552844524384
.90991870562236
.92536586523056
.91642276446025
.87642276287079
.96617885430654
.93414634466171
.94325202703476
.93040649096171
.9200000166893
.88991868495941
.92455285787582
.9440650343895
.93268293142319
.91154472033183
.88292682170868
.9347967505455
.88487805922826
.92569106817245
.94975608587265
.91138209899267
.88682925701141
.8973983724912
.93235772848129
.93691056966782
.90715446074804
.9731707572937
.96243902047475
.93121951818466
.89414632320404
.9653658469518
.92113822698593
.93235772848129
.89593493938446
.88048779964447
.9104065100352
.93821138143539
.91512197256088
.91756099462509
.95528453588486
.89642276366552
.91430896520615
.90276422103246
.90991870562236
.91170732180278
.87723577022552
.95040649175644
.86975610256195
.88455285628637
.90162601073583
.91951221227646
.90536584456762
.90991872549057
.91024390856425
.91983741521835
.92780488729477
.91886180639267
.89235770702362
.96146341164907
.94569104909897
.86048781871796
1.0003252029419
.85577237606049
.92861789464951
.88845527172089
.88601624965668
.89707314968109
.93349593877792
.8315446972847
.84065039952596
.88585364818573
.93999999761581
.92943090200424
.93365854024887
.89528455336889
.99170732498169
.86292684078217
.89040648937225
.93626016378403
.87934958934784
.9113821387291
.89186992247899
.89219510555267
.9001625974973
.93707317113876
.94439023733139
.88243901729584
.92162601153056
.85430894295375
.87723577022552
.93235772848129
.88699185848236
.97398374478022
.96130081017812
.92975610494614
.96552844842275
.92471545934677
.91626018285751
.89626014232635
.88796748717626
.89918698867162
.88536584377289
.94829267263412
.90487804015478
.85626018047333
.86195123195648
.85626018047333
.89560973644257
.91658536593119
.88243901729584
.9619511961937
.8754471540451
.90861789385478
.91317075490952
.94016259908676
.87609755992889
.92650407552719
.92959350347519
.9091056783994
.87918698787689
.95349591970444
.93284553289413
.87333333492279
.91089431444804
.9495934844017
.9258536696434
.90520324309667
.88894307613373
.91658538579941
.92065040270487
.91739837328593
.8983740011851
.87089431285858
.95463413000107
.89040648937225
.95658536752065
.9227642416954
.84373984734217
.96439025799433
.93056911230087
.9200000166893
.86048781871796
.92601627111435
.91284553209941
.96308944622676
.90276424090068
.87983739376068
.8785365819931
.881951212883
.89691056807836
.89121949672699
.88455283641815
.90975612401962
.87837398052216
.89853656291962
.92243903875351
.86357724666595
.92195123434067
.92130082845688
.90471545855204
.89430892467499
.88178861141205
.82634145021439
.92471545934677
.90308944384257
.92276422182719
.85382115840912
.92243903875351
.88146340847015
.92943090200424
.90813008944194
.87268290917079
.86910569667816
.96081298589706
.93723577260971
1.0354471206665
.95073169469833
.98195123672485
.84439025322596
.86520326137543
.92373985052109
.89788615703583
.86943089962006
.90292682250341
.82308942079544
.90569104750951
.87252032756805
.91203252474467
.88878047466278
.91121949752172
.87186992168427
.9378861784935
.86113822460175
.91853660345078
.88666667540868
.9131707350413
.92829269170761
.85869920253754
.88699185848236
.90894309679667
.82585364580154
.86195123195648
.87430894374847
.88910567760468
.89252030849457
.88731708129247
.88845527172089
.8905690908432
.8699187040329
.86975610256195
.93821138143539
.90699185927709
.94975608587265
.99804878234863
.88065040111542
.86504065990448
.85317073265711
.86845529079437
.87902438640594
.92081302404404
.90650407473246
.90845529238383
.96325202782949
.96796747048696
1.0261788368225
1.0954471826553
.94878047704697
.9141463637352
.95560975869497
1.0052032470703
.95430892705917
.97056911389033
.99642276763916
.98195121685664
1.018536567688
.95447152853012
.98357725143433
1.0473170677821
.99056911468506
.95544715722402
.94796746969223
.98422765731812
.99528455734253
.98422765731812
.95430892705917
1.0305690765381
.97886178890864
.95999999841054
1.0512194633484
.95934957265854
1.021625995636
.96975610653559
.99333333969116
1.0082926750183
1.0055284500122
1.0084552764893
1.0052032470703
.95382112264633
1.0078048706055
.9691057006518
.95235770940781
.98813009262085
.98878049850464
.95121949911118
1.0281300544739
1.0417885780334
1.0391869544983
.95756095647812
.99626016616821
.96081300576528
1.0266666412354
.97983741760254
1.0598374207815
1.027642250061
.97967479626338
.96845529476802
.98634147644043
1.0048780441284
1.0256910324097
1.0269918839137
.99447154998779
.96666665871938
.95788617928823
.9526829123497
1.0265040397644
.99365854263306
.97430894772212
.99300813674927
1.0035772323608
1.0239024162292
.99593496322632
.95902436971664
1.0175609588623
.89528455336889
1.0266666412354
1.0032520294189
1.0125203132629
.9653658469518
.94113820791245
1.0160975456238
.99056911468506
.98715448379517
.98552846908569
.97902439037959
1.0557723442713
.99642276763916
1.0052032470703
.98747968673706
1.0173983573914
.9694309035937
.96146341164907
1.0118699073792
.95447154839834
.99902439117432
1.062926808993
.97008130947749
.98357725143433
.99772357940674
1.0279674530029
1.0078048706055
1.0221138000488
1.040162563324
.99170732498169
.95886178811391
1.0240650177002
1.0087804794312
1.0702439546585
.96796749035517
.98422765731812
.99609756469727
.98813009262085
1.1357723474503
1.0611381928126
1.0227642059326
1.0047154426575
.95626016457876
1.0177235603333
.99495935440063
1.0439023971558
.96325202782949
.98406503597895
.99186992645264
.95723575353622
1.0271544456482
1.0619512001673
.98731708526611
.98065040508906
1.009105682373
1.0263414382935
1.0655284722646
1.036910533905
1.0149593353271
1.0144715309143
1.0331707000732
.99479675292969
1.0271544456482
1.0321950912476
1.0391869544983
1.0681300957998
.96959350506465
1.0427641868591
1.0567479133606
1.0172357559204
1.0130081176758
1.0359349250793
.9882926940918
1.0021138191223
1.0261788368225
1.0928455591202
1.0343089103699
1.0032520294189
1.0926829576492
1.0365853309631
1.0813008546829
1.0391869544983
1.0652032295863
1.0603251854579
1.0037398338318
1.0440649986267
1.0291056632996
1.0560975472132
1.0461788574855
.99056911468506
1.0639024575551
1.0582113663356
1.0689431428909
1.0455284118652
1.0920325517654
1.0250406265259
1.0738211870193
1.0398373603821
1.0632520119349
1.0547967354457
1.0835772752762
1.0705691576004
1.0658537149429
1.0762602090836
1.1217886209488
1.0530081192652
1.077886223793
1.0980488061905
1.1308943033218
1.1160975694656
1.0884553194046
1.1263414621353
1.1195122003555
1.1482926607132
1.2248780727386
1.2030894358953
1.200975616773
1.1962601741155
1.2032520771027
1.260812997818
1.2232520580292
1.2289431095123
1.2469918727875
1.321951230367
1.242439031601
1.2918698787689
1.3734959363937
1.3104065259298
1.3790243864059
1.3609756231308
1.2816259860992
1.3538211584091
1.4016259908676
1.3663414716721
1.3718699216843
1.3861788511276
1.4056910276413
1.3351219892502
1.3746341466904
1.4347967704137
1.4082926511765
1.5110569000244
1.4373983939489
1.3786991834641
1.4521951675415
1.4624390602112
1.4718699455261
1.4679675102234
1.456748008728
1.5395121574402
1.4139837026596
1.4562601645788
1.5102438926697
1.5133333206177
1.5265040397644
1.5063414573669
1.4894309043884
1.5595121781031
1.4817886352539
1.4297560850779
1.5
1.5429267883301
1.4658536911011
1.4678049087524
1.4760975837708
1.4852032661438
1.4702439308167
1.4572357734044
1.4952845573425
1.490731716156
1.5331707000732
1.4556097984314
1.533983707428
1.4808130264282
1.4422763983409
1.44617887338
1.4125202894211
1.4172357320786
1.4224389791489
1.412682890892
1.3778861761093
1.4372357924779
1.332520365715
1.338699221611
1.3019512097041
1.3183739980062
1.29609755675
1.2861788670222
1.2570731639862
1.2775609493256
1.2154471874237
1.2256910800934
1.1658536195755
1.142764210701
1.2255284786224
1.1102439165115
1.1621137857437
1.1160975694656
1.1913821299871
1.105853676796
1.0439023971558
1.0497560501099
1.1042276620865
1.1235772371292
1.0508942604065
1.0754472017288
1.0782114267349
1.0419511795044
1.0403251647949
1.0816260576248
1.033983707428
1.0686179002126
1.0016260147095
.98097562789917
1.0204877853394
1.0541462898254
1.073658545812
1.0393495559692
1.0011382102966
1.0204877853394
1.0868293046951
1.0120325088501
1.0169105529785
1.0601626237233
1.0120325088501
1.0234146118164
1.0865041017532
1.0175609588623
.98894309997559
.9731707572937
1.0318698883057
.9557723402977
1.067479689916
1.0847154855728
.9882926940918
1.0198373794556
1.0390243530273
.98081302642822
1.1552845239639
1.0224390029907
1.0617886384328
.96975610653559
1.0528455177943
1.0201625823975
1.0134959220886
1.0390243530273
1.0151219367981
1.1008130311966
1.0465040206909
1.043089389801
1.0006504058838
1.067317088445
1.0292682647705
1.0426015853882
.9879674911499
1.0588617722193
1.0390243530273
1.0448780457179
1.070569117864
1.0097560882568
.996910572052
1.0816260576248
.996910572052
.95886178811391
1.0414633750916
1.0239024162292
1.0533333222071
1.0521951119105
1.0413007736206
1.0635772546132
.99333333969116
1.0530081192652
.98617887496948
1.0395121574402
1.024552822113
1.0349593162537
1.0486178795497
1.0526828765869
1.0543089310328
1.0510568618774
1.0208129882812
1.0229268074036
1.0518698692322
1.006016254425
1.0534958839417
.9882926940918
1.0141463279724
1.0417885780334
1.0263414382935
1.0292682647705
1.0570731957753
1.0409755706787
1.0556097428004
1.0115447044373
.99349594116211
1.0024390220642
1.0043902397156
1.0702439149221
1.0274796485901
1.0273170471191
1.0180487632751
.96016258001328
1.0165853500366
.99235773086548
1.0713821252187
1.0291056632996
.98699188232422
1.0224390029907
.93837398290634
.96829269329707
.99544715881348
.94536584615707
1.0032520294189
1.0138211250305
1.0284552574158
1.0312194824219
1.0295934677124
.98357725143433
1.0035772323608
1.0004878044128
1.0146341323853
1.0029268264771
1.0099186897278
1.0226016044617
1.01544713974
.98292684555054
1.0024390220642
1.0079674720764
.99463415145874
1.036910533905
.99593496322632
1.0775609811147
.98422765731812
1.0445528030396
.96747966607412
1.012357711792
1.0269918441772
1.1069918870926
.97723577419917
1.024715423584
.96861789623896
1.0144715309143
.99024391174316
1.0131707191467
.97365856170654
1.0239024162292
1.0248780250549
1.0156097412109
.9910569190979
1.0066666603088
1.0047154426575
1.0001626014709
1.0035772323608
.99268293380737
1.0027642250061
1.0040650367737
1.0213007926941
1.0274796485901
1.0084552764893
.97821140289307
1.0640650590261
.95674794912338
.95756097634633
.99886178970337
1.0271544456482
1.0531707604726
.99121952056885
.99528455734253
1.0078048706055
.98536586761475
1.0460162162781
.96455283959707
.97349592049917
1.0151219367981
1.0087804794312
.98764228820801
.97495935360591
1.0260162353516
.99317073822021
1.0047154426575
1.0380487442017
1.0203251838684
.98650407791138
.96016258001328
.97024389108022
1.0445528030396
1.0856910943985
.95333331823349
.94308942556381
1.0523577133814
1.0086178779602
.98926828304927
1.0125203132629
.94780486822128
1.006016254425
1.0297560691833
1.024715423584
1.012195110321
1.03089427948
1.0201625823975
1.0026016235352
.98276424407959
.96796747048696
1.0299186706543
1.0177235603333
.97089431683222
1.006016254425
1.0281300544739
1.0209755897522
1.0263414382935
1.0191869735718
.99593496322632
.95999997854233
.99170730511347
.99008131027222
1.1266666650772
1.0222764015198
1.0144715309143
.96991870800654
1.0017886161804
.98861789703369
1.1113821268082
1.0266666412354
.97788619995117
.93040651082993
1.0250406265259
.98032522201538
1.0113821029663
1.0413007736206
1.0024390220642
1.0471544663111
1.0073170661926
.98634147644043
1.0131707191467
1.0082926750183
1.0117073059082
1.0365853309631
.99918699264526
1.0190243721008
.96829269329707
.96829269329707
.97024391094844
1.0325202941895
.97268293301264
1.0570731560389
.97495935360591
.98357725143433
1.0504064957301
1.0856910943985
.98032520214717
1.0052032470703
1.0112195014954
.9972357749939
1.0066666603088
1.0510569016139
1.0791870355606
.95430894692739
.97756099700928
1.0624390443166
1.0017886161804
1.0312194824219
.99284553527832
.94325202703476
.97235771020253
1.009105682373
1.0195121765137
.97642278671265
1.0495934486389
.95528455575307
1.0226016044617
1.027804851532
.9879674911499
.96276422341665
.96195121606191
1.0040650367737
1.0055284500122
.96373983224233
1.0022764205933
.93463414907455
.98910570144653
.99463415145874
.99349594116211
1.0333333015442
1.0017886161804
.97203252712886
1.0173983573914
.99284553527832
1.0097560882568
1.0595121781031
1.0162601470947
.94276422262192
1.0143089294434
1.0008130073547
.95642274618149
1.0373983383179
.97040651241938
.9941463470459
.99544715881348
1.0063414573669
.99138212203979
.97479675213496
1.0204877853394
1.006016254425
1.0801626443863
.97951219479243
1.033821105957
1.0595121781031
1.0260162353516
.99528455734253
.99593496322632
1.0037398338318
.9852032661438
.98081300656001
.993821144104
1.0008130073547
.9533333381017
.98650407791138
1.0058536529541
.9440650343895
1.0117073059082
.99886178970337
1.0066666603088
.93674796819687
1.0211381912231
.9725203315417
1.0292682647705
.96845529476802
1.0235772132874
.94487804174423
1.0035772323608
.99365854263306
.98504066467285
.94178861379623
1.0297560691833
.97479675213496
1.0484552383423
1.0037398338318
1.0052032470703
.99902439117432
.94162601232529
1.0243902206421
1.012357711792
.96747966607412
1.0118699073792
.99170732498169
1.0188617706299
.99219512939453
1.0219511985779
1.0013008117676
.99495935440063
.97707319259644
1.0125203132629
1.0045528411865
1.0682926972707
.95609756310781
1.0081300735474
1.0834146738052
1.0035772323608
.99219512939453
.96796747048696
.96455283959707
.98975610733032
.98146343231201
1.0136585235596
.9684552748998
1.0608129898707
1.01544713974
1.0165853500366
.99869918823242
1.0437397956848
1.0520325104396
1.0221138000488
1.0040650367737
.96390243371328
1.0452032089233
1.0315446853638
1.0095934867859
.9879674911499
.95382112264633
.993821144104
1.006178855896
.96032520135244
.93886178731918
.98455286026001
.98943090438843
1.0050406455994
.96016259988149
1.0528455177943
.96731706460317
1.0413007736206
.96422763665517
.99073171615601
1.0159349441528
1.0022764205933
.97512195507685
.99252033233643
.98471546173096
.97951221466064
.95235772927602
1.0076422691345
.98764228820801
1.0073170661926
1.0211381912231
1.0435771942139
1.0502438942591
.99203252792358
1.0045528411865
.97934957345327
.96081298589706
.98016262054443
1.0281300544739
1.0138211250305
.97577238082886
1.0016260147095
1.0195121765137
1.0406503677368
1.0071544647217
.96861789623896
.99252033233643
1.0362601677577
.9317073225975
.99853658676147
1.033821105957
1.0559349060059
1.0465040604273
.98991870880127
1.0079674720764
1.0006504058838
1.0222764015198
1.0191869735718
1.0115447044373
1.0476422309875
1.0078048706055
1.018373966217
.96211379766464
.97317073742549
.98617887496948
.99512195587158
1.033983707428
.97398374478022
1.0131707191467
1.043089389801
.96162601312002
1.0055284500122
1.0032520294189
.9972357749939
.99495935440063
1.0505690574646
1.0175609588623
.95317071676254
.96959348519643
1.0234146118164
.97626016537348
1.0037398338318
1.0682926972707
1.0143089294434
.96813007195791
1.0198373794556
.99886178970337
1.0320324897766
.98926828304927
1.0383739471436
1.0128455162048
.93886178731918
.96097558736801
1.0255284309387
.99252033233643
.99804878234863
.99235773086548
1.1022764444351
1.0102438926697
1.0287804603577
1.049430847168
.96959348519643
.93772357702255
1.0100812911987
.96422763665517
.98471546173096
.97626016537348
1.0073170661926
.93333333730698
1.0022764205933
.99528455734253
1.01544713974
1.0188617706299
1.0219511985779
1.0050406455994
1.006178855896
1.009105682373
1.0404877662659
.97983741760254
1.0287804603577
.96715446313222
1.0626016457876
.97382112344106
1.0125203132629
1.0504064957301
1.018536567688
.94617885351181
.98065040508906
1.0133333206177
1.024552822113
.95024389028549
.99235773086548
1.0271544456482
.97430894772212
1.046178817749
1.0019512176514
.97609756390254
1.0273170471191
1.0039024353027
1.0547967354457
1.0191869735718
.96552844842275
.99317073822021
.98357723156611
1.0117073059082
.97333333889643
1.0156097412109
.99837398529053
.94829267263412
.9941463470459
.93756097555161
1.0074796676636
1.0373983383179
.98455286026001
.96162601312002
1.0230894088745
1.0357723236084
1.0286178588867
1.0239024162292
1.0447154045105
.99560976028442
1.0317072868347
.97869920730591
.98097562789917
.99154472351074
.97626016537348
.9910569190979
.95252031087875
.93691056966782
1.0037398338318
.98455286026001
1.0258536338806
1.0055284500122
.94357722997665
.98861789703369
.99235771099726
1.0089430809021
1.0022764205933
.96585365136464
1.030731678009
1.0362601280212
1.0013008117676
.98910570144653
.91821140050888
1.0175609588623
1.0209755897522
1.0292682647705
.98780488967896
1.0313820838928
.94243901968002
1.0089430809021
.93804877996445
1.0004878044128
1.018373966217
.99138212203979
1.0065040588379
.99186992645264
1.0317072868347
1.0383739471436
.9852032661438
.99967479705811
1.0505690574646
.97658534844716
.97430894772212
1.0239024162292
1.0112195014954
.99577236175537
1.0411381721497
1.0178861618042
1.0157723426819
.95756097634633
1.0102438926697
.95869918664296
.98000001907349
1.052520275116
1.0078048706055
.95967479546865
1.0580487648646
.92845529317856
.95951217412949
1.024715423584
1.0237398147583
.98764228820801
1.0315446853638
.94878047704697
.98991870880127
.95934959252675
.99756097793579
1.0034146308899
.99707317352295
1.0173983573914
1.0069918632507
.95056909322739
.96357723077138
.9656910498937
1.0357723236084
.97105689843496
1.0131707191467
1.0495934486389
.96731706460317
1.0143089294434
.98926830291748
.93967479467392
1.0606504281362
.95040649175644
.95154470205307
.98195123672485
.99252033233643
1.0144715309143
1.0056910514832
.95869918664296
.96796749035517
.97658536831538
1.0291056632996
.9941463470459
1.0104064941406
.95170730352402
.99317073822021
.96113818883896
1.0076422691345
.96552844842275
.99024391174316
.97593496243159
1.0321950912476
.95284551382065
1.0099186897278
.90975608428319
.97593496243159
.96422761678696
1.015284538269
.99902439117432
1.0585365692774
.9721951285998
.99056909481684
.97951219479243
.96357723077138
.95024389028549
.9347967505455
1.024552822113
1.0108942985535
.95170730352402
1.0095934867859
.99252033233643
.98455284039179
.99317073822021
.93918699026108
.97658536831538
.98536586761475
.99333333969116
.98406503597895
.95626014471054
.98975610733032
1.0164227485657
.96552844842275
.94487804174423
.95528455575307
.98699188232422
.94829267263412
.98471546173096
.95918699105581
.9378861784935
.98113822937012
1.0055284500122
1.0268292427063
.9687804778417
.99626016616821
1.0069918632507
.94504064321518
.98325204849243
1.0147967338562
1.0024390220642
.95105689764023
.96390245358149
.98715448379517
1.0052032470703
.95056909322739
.91739837328593
1.0011382102966
.97479675213496
.96130081017812
1.0557723045349
.92162603139877
.97739837567012
.98065040508906
.99951219558716
1.0006504058838
.9035772283872
.95414632558823
.98731708526611
.97186992565791
.99934959411621
.98422765731812
.94878047704697
1.0243902206421
.9035772283872
.95837396383286
.93056911230087
1.0230894088745
.98113822937012
.96130081017812
1.0071544647217
.9780487815539
.96406503518422
1.0331707000732
.93983739614487
.99203252792358
.97073171536128
.97479675213496
.99918699264526
.94504064321518
.88975608348846
.98065042495728
1.0094308853149
.91495937108994
.93544715642929
.99528455734253
.97886176904043
.91495935122172
.99284553527832
.96504064400991
.96715448300044
.99853658676147
.96552844842275
.96292684475581
.96585367123286
.97414636611938
1.0076422691345
.98747968673706
1.0325202941895
.95414632558823
.96032520135244
.89788617690404
.97219510873159
.94764226675034
.99235773086548
1.0243902206421
.96016258001328
.95414634545644
.97869918743769
1.0045528411865
.95642274618149
.91121951738993
.97739837567012
.9495934844017
.99983739852905
.95284553368886
.95447152853012
.94569104909897
.99154472351074
.94780486822128
.98357723156611
.99512195587158
.98373985290527
.96666665871938
.98065040508906
.96617885430654
.98065042495728
.99040651321411
.93886178731918
.94162601232529
.95040649175644
.99658536911011
.98065042495728
.95999999841054
.9113821387291
.94195121526718
.94910567998886
.95219510793686
.9495934844017
1.0134959220886
.93967479467392
.95560975869497
.96552844842275
1.0131707191467
.92715448141098
.93772357702255
.98926830291748
.94617885351181
.96016259988149
.97024391094844
.98682928085327
.92243903875351
.93886178731918
.97756097714106
1.0746341546377
1.0240650177002
.88260161876678
.94699186086655
.97170730431875
1.0447154442469
.95170730352402
.96878049770991
.95804876089096
.95138210058212
.98731708526611
1.0026016235352
.99186992645264
1.0211382309596
1.0045528411865
.99674797058105
.95626016457876
1.0037398338318
.94243901968002
.92341464757919
.94357722997665
.94861787557602
.97170730431875
.92032519976298
.92796748876572
.95512195428212
.94195121526718
.93886178731918
.94292682409286
.94341462850571
.90455283721288
.9406504034996
.94796746969223
.9468292593956
.98780488967896
.89333333571752
.93821138143539
.95235770940781
.93707317113876
.96276424328486
1.0230894088745
.95886178811391
.96308942635854
.97544715801875
.92975610494614
.87934958934784
.90796748797099
.9347967505455
.96130081017812
.90260161956151
.96325200796127
.96016259988149
.91772359609604
.91560977697372
1.0008130073547
.9320325255394
.93723577260971
.97723579406738
.88991868495941
.96276422341665
.89219510555267
.93365854024887
.91284553209941
.88796748717626
.90178863207499
.87138211727142
.87512195110321
.92520326375961
.90471543868383
.93382114171982
.91333333651225
.90455283721288
.94910569985708
.95869918664296
.88796746730804
.87382113933563
.91398376226425
.89528455336889
.96211381753286
.88829269011815
.91967481374741
.89723575115204
.92048782110214
.89821137984594
.88829267024994
.97349594036738
.87121951580048
.85918700695038
.9261788725853
.90682927767436
.95788615942001
.91170734167099
.83999999364217
.90146340926488
.88390243053436
.91544715563456
.9261788725853
.90227643648783
.80813008546829
.89723577102025
.91235770781835
.92211383581161
.88292682170868
.87414634227753
.8517073392868
.85138211647669
.90422763427099
.91512195269267
.89853656291962
.85333333412806
.88130080699921
.86260163784027
.86195123195648
.90487804015478
.85853660106659
.9001625974973
.89008128643036
.93593496084213
.80455285310745
.91528457403183
.91252032915751
.90601627031962
.89008128643036
.82016259431839
.87804877758026
.85804879665375
.88796746730804
.92016259829203
.81821137666702
.82373984654744
.83430894215902
.91495937108994
.87658536434174
.91804877916972
.82715447743734
.83772359291712
.83398371934891
.85837399959564
.86747968196869
.85365855693817
.80796748399734
.85642278194427
.86471545696259
.86796748638153
.80520325899124
.84569106499354
.86747968196869
.83999999364217
.85447154442469
.88861787319183
.82747966051102
.90325204531352
.85577235619227
.83723578850428
.89918698867162
.82130080461502
.80032521486282
0
0
0
0
0
0
0
0
0
0
0
0
0
0
0
0
0
0
0
0
0
0
0
0
0
0
0
0
0
0
0
0
0
0
0
0
0
0
0
0
0
0
0
0
0
0
0
0
0
0
0
0
0
0
0
0
0
0
0
0
0
0
0
0
0
0
0
0
0
0
0
0
0
0
0
0
0
0
0
0
0
0
0
0
0
0
0
0
0
0
0
0
0
0
0
0
0
0
0
0
0
0
0
0
0
0
0
0
0
0
0
0
0
0
0
0
0
0
0
0
0
0
0
0
0
0
0
0
0
0
0
0
0
0
0
0
0
0
0
0
0
0
0
0
0
0
0
0
0
0
0
0
0
0
0
0
0
0
0
0
0
0
0
0
0
0
0
0
0
0
0
0
0
0
0
0
0
0
0
0
0
0
0
0
0
0
0
0
0
0
0
0
0
0
0
0
0
0
0
0
0
0
0
0
0
0
0
0
0
0
0
0
0
0
0
0
0
0
0
0
0
0
0
0
0
0
0
0
0
0
0
0
0
0
0
0
0
0
0
0
0
0
0
0
0
0
0
0
0
0
0
0
0
0
0
0
0
0
0
0
0
0
0
0
0
0
0
0
0
0
0
0
0
0
0
0
0
0
0
0
0
0
0
0
0
0
0
0
0
0
0
0
0
0
0
0
0
0
0
0
0
0
0
0
0
0
0
0
0
0
0
0
0
0
0
0
0
0
0
0
0
0
0
0
0
0
0
0
0
0
0
0
0
0
0
0
0
0
0
0
0
0
0
0
0
0
0
0
0
0
0
0
0
0
0
0
0
0
0
0
0
0
0
0
0
0
0
0
0
0
0
0
0
0
0
0
0
0
0
0
0
0
0
0
0
0
0
0
0
0
0
0
0
0
0
0
0
0
0
0
0
0
0
0
0
0
0
0
0
0
0
0
0
0
0
0
0
0
0
0
0
0
0
0
0
0
0
0
0
0
0
0
0
0
0
0
0
0
0
0
0
0
0
0
0
0
0
0
0
0
0
0
0
0
0
0
0
0
0
0
0
0
0
0
0
0
0
0
0
0
0
0
0
0
0
0
0
0
0
0
0
0
0
0
0
0
0
0
0
0
0
0
0
0
0
0
0
0
0
0
0
0
0
0
0
0
0
0
0
0
0
0
0
0
0
0
0
0
0
0
0
0
0
0
0
0
0
0
0
0
0
0
0
0
0
0
0
0
0
0
0
0
0
0
0
0
0
0
0
0
0
0
0
0
0
0
0
0
0
0
0
0
0
0
0
0
0
0
0
0
0
0
0
0
0
0
0
0
0
0
0
0
0
0
0
0
0
0
0
0
0
0
0
0
0
0
0
0
0
0
0
0
0
0
0
0
0
0
0
0
0
0
0
0
0
0
0
0
0
0
0
0
0
0
0
0
0
0
0
0
0
0
0
0
0
0
0
0
0
0
0
0
0
0
0
0
0
0
0
0
0
0
0
0
0
0
0
0
0
0
0
0
0
0
0
0
0
0
0
0
0
0
0
0
0
0
0
0
0
0
0
0
0
0
0
0
0
0
0
0
0
0
0
0
0
0
0
0
0
0
0
0
0
0
0
0
0
0
0
0
0
0
0
0
0
0
0
0
0
0
0
0
0
0
0
0
0
0
0
0
0
0
0
0
0
0
0
0
0
0
0
0
0
0
0
0
0
0
0
0
0
0
0
0
0
0
0
0
0
0
0
0
0
0
0
0
0
0
0
0
0
0
0
0
0
0
0
0
0
0
0
0
0
0
0
0
0
0
0
0
0
0
0
0
0
0
0
0
0
0
0
0
0
0
0
0
0
0
0
0
0
0
0
0
0
0
0
0
0
0
0
0
0
0
0
0
0
0
0
0
0
0
0
0
0
0
0
0
0
0
0
0
0
0
0
0
0
0
0
0
0
0
0
0
0
0
0
0
0
0
0
0
0
0
0
0
0
0
0
0
0
0
0
0
0
0
0
0
0
0
0
0
0
0
0
0
0
0
0
0
0
0
0
0
0
0
0
0
0
0
0
0
0
0
0
0
0
0
0
0
0
0
0
0
0
0
0
0
0
0
0
0
0
0
0
0
0
0
0
0
0
0
0
0
0
0
0
0
0
0
0
0
0
0
0
0
0
0
0
0
0
0
0
0
0
0
0
0
0
0
0
0
0
0
0
0
0
0
0
0
0
0
0
0
0
0
0
0
0
0
0
0
0
0
0
0
0
0
0
0
0
0
0
0
0
0
0
0
0
0
0
0
0
0
0
0
0
0
0
0
0
0
0
0
0
0
0
0
0
0
0
0
0
0
0
0
0
0
0
0
0
0
0
0
0
0
0
0
0
0
0
0
0
0
0
0
0
0
0
0
0
0
0
0
0
0
0
0
0
0
0
0
0
0
0
0
0
0
0
0
0
0
0
0
0
0
0
0
0
0
0
0
0
0
0
0
0
0
0
0
0
0
0
0
0
0
0
0
0
0
0
0
0
0
0
0
0
0
0
0
0
0
0
0
0
0
0
0
0
0
0
0
0
0
0
0
0
0
0
0
0
0
0
0
0
0
0
0
0
0
0
0
0
0
0
0
0
0
0
0
0
0
0
0
0
0
0
0
0
0
0
0
0
0
0
0
0
0
0
0
0
0
0
0
0
0
0
0
0
0
0
0
0
0
0
0
0
0
0
0
0
0
0
0
0
0
0
0
0
0
0
0
0
0
0
0
0
0
0
0
0
0
0
0
0
0
0
0
0
0
0
0
0
0
0
0
0
0
0
0
0
0
0
0
0
0
0
0
0
0
0
0
0
0
0
0
0
0
0
0
0
0
0
0
0
0
0
0
0
0
0
0
0
0
0
0
0
0
0
0
0
0
0
0
0
0
0
0
0
0
0
0
0
0
0
0
0
0
0
0
0
0
0
0
0
0
0
0
0
0
0
0
0
0
0
0
0
0
0
0
0
0
0
0
0
0
0
0
0
0
0
0
0
0
0
0
0
0
0
0
0
0
0
0
0
0
0
0
0
0
0
0
0
0
0
0
0
0
0
0
0
0
0
0
0
0
0
0
0
0
0
0
0
0
0
0
0
0
0
0
0
0
0
0
0
0
0
0
0
0
0
0
0
0
0
0
0
0
0
0
0
0
0
0
0
0
0
0
0
0
0
0
0
0
0
0
0
0
0
0
0
0
0
0
0
0
0
0
0
0
0
0
0
0
0
0
0
0
0
0
0
0
0
0
0
0
0
0
0
0
0
0
0
0
0
0
0
0
0
0
0
0
0
0
0
0
0
0
0
0
0
0
0
0
0
0
0
0
0
0
0
0
0
0
0
0
0
0
0
0
0
0
0
0
0
0
0
0
0
0
0
0
0
0
0
0
0
0
0
0
0
0
0
0
0
0
0
0
0
0
0
0
0
0
0
0
0
0
0
0
0
0
0
0
0
0
0
0
0
0
0
0
0
0
0
0
0
0
0
0
0
0
0
0
0
0
0
0
0
0
0
0
0
0
0
0
0
0
0
0
0
0
0
0
0
0
0
0
0
0
0
0
0
0
0
0
0
0
0
0
0
0
0
0
0
0
0
0
0
0
0
0
0
0
0
0
0
0
0
0
0
0
0
0
0
0
0
0
0
0
0
0
0
0
0
0
0
0
0
0
0
0
0
0
0
0
0
0
0
0
0
0
0
0
0
0
0
0
0
0
0
0
0
0
0
0
0
0
