.81209150950114
.79180282354355
.80718952417374
.81685729821523
.80433005094528
.80623638629913
.81304466724396
.80964050690333
.81358933448792
.8218954205513
.80501089493434
.81290849049886
.81059368451436
.81876361370087
.81059368451436
.81113835175832
.80678103367488
.80215142170588
.8043300708135
.79779412349065
.80378540356954
.81427013874054
.80324073632558
.80582789580027
.81154684225718
.79806645711263
.81358933448792
.81576798359553
.80201524496078
.81113833189011
.81195533275604
.78989650805791
.81304466724396
.81059366464615
.81440631548564
.81113833189011
.80460240443548
.80950436989466
.80936819314957
.79779412349065
.80895970265071
.79820261398951
.79861110448837
.81168301900228
.80691721041997
.80514707167943
.80787036816279
.79438996315002
.79466231664022
.80814270178477
.80691723028819
.80119824409485
.79997277259827
.80147059758504
.80228755871455
.8043300708135
.80678105354309
.80718954404195
.81535947322845
.80351306994756
.81195533275604
.81304464737574
.80855119228363
.80691723028819
.80773421128591
.7949346502622
.80337689320246
.80991284052531
.802015264829
.80283224582672
.80147059758504
.79956428209941
.8031045794487
.80936821301778
.79970041910807
.79330064853032
.79806645711263
.79520696401596
.80841501553853
.81086601813634
.80228757858276
.79942808548609
.81045752763748
.78935186068217
.80283224582672
.80310455958049
.80364924669266
.80855121215185
.80773421128591
.8018790880839
.80950435002645
.80187906821569
.79874728123347
.79765796661377
.79003268480301
.83592045307159
.80718954404195
.80569171905518
.81590416034063
.78826252619425
.79643245538076
.80637254317602
.79520698388418
.79997277259827
.80623638629913
.80215142170588
.80024508635203
.80160675446192
.80147057771683
.8054193854332
.81263615687688
.79588780800501
.80051743984222
.80964052677155
.80078975359599
.79561547438304
.8040577173233
.80215142170588
.80106210708618
.81644880771637
.79915579160055
.79888343811035
.81345315774282
.80378542343775
.80705336729685
.80827885866165
.81331700086594
.80528322855632
.80650871992111
.78989650805791
.79779412349065
.80024508635203
.79724945624669
.8007897734642
.80623638629913
.79738561312358
.80759803454081
.81781045595805
.80378540356954
.80637256304423
.81290851036708
.80038126309713
.80514707167943
.81181917587916
.80473856131236
.79438996315002
.80337689320246
.79901959498723
.802015264829
.80242375532786
.80541940530141
.80160675446192
.80841501553853
.80800654490789
.80991286039352
.79779412349065
.80773421128591
.79888343811035
.80078975359599
.81753810246786
.79942810535431
.81835510333379
.80732572078705
.80528322855632
.8137254913648
.82121459643046
.81481482585271
.81277233362198
.8252995411555
.80637254317602
.81141066551208
.81345315774282
.8031045794487
.80255989233653
.82039759556452
.79153050978978
.80487473805745
.81181915601095
.80623638629913
.81100217501322
.81781045595805
.80991286039352
.81195533275604
.8123638232549
.8029684027036
.80964052677155
.81903594732285
.79507080713908
.81154682238897
.81930828094482
.80787034829458
.80269606908162
.81413400173187
.80501087506612
.79207515716553
.80446620782216
.79752177000046
.80269606908162
.80119826396306
.80147059758504
.79997279246648
.80759805440903
.80038126309713
.79575165112813
.81427013874054
.794662296772
.80092593034108
.80732572078705
.80283224582672
.80487471818924
.81209150950114
.80174291133881
.79616012175878
.8137254913648
.80569169918696
.79901959498723
.80650871992111
.81576796372732
.80596405267715
.80964050690333
.80732572078705
.80501087506612
.80473856131236
.81331700086594
.79888343811035
.8101851940155
.81740194559097
.80977668364843
.79956428209941
.81658498446147
.80936817328135
.79616012175878
.80637254317602
.8029684027036
.81113835175832
.81100217501322
.79793028036753
.80746187766393
.81576798359553
.79643247524897
.79956426223119
.81617647409439
.80242375532786
.80473858118057
.81032135089238
.7971132795016
.80378538370132
.81072982152303
.80705338716507
.80950435002645
.80596405267715
.7924836675326
.80133442083995
.8052832086881
.7958877881368
.80705338716507
.79874728123347
.79629631837209
.80814270178477
.80501091480255
.80841501553853
.79793028036753
.80541940530141
.79234749078751
.79833877086639
.80909585952759
.79302831490835
.80419391393661
.81386164824168
.7924836675326
.80337689320246
.80147057771683
.79153050978978
.79616012175878
.80936819314957
.79670478900274
.80705336729685
.80923203627268
.81045750776927
.79670478900274
.80433005094528
.82298475503922
.79874726136525
.80065359671911
.81100217501322
.79643247524897
.80746187766393
.8137254913648
.79793030023575
.80106210708618
.80582787593206
.79411764939626
.80882352590561
.80991286039352
.80650871992111
.80324073632558
.81100217501322
.80255991220474
.8029684027036
.80092593034109
.80405775705973
.79861112435659
.80814270178477
.80106208721797
.80637254317602
.80841503540675
.8065087000529
.80024510622025
.80147057771683
.80133440097173
.80718952417374
.8159041206042
.81318082412084
.80555554231008
.81168301900228
.80487473805745
.8018790880839
.81141066551208
.80991286039352
.7971132795016
.81508715947469
.79520696401596
.79901961485545
.80038124322891
.79153050978978
.79901961485545
.80433005094528
.79956426223119
.79806645711263
.80596405267715
.79561547438304
.80351306994756
.81427015860875
.80242375532786
.80800654490789
.80800654490789
.80487473805745
.80582787593206
.81018517414729
.82843136787415
.80623638629913
.80923201640447
.81712965170542
.80555556217829
.81045752763748
.80705336729685
.80051741997401
.80596405267715
.81331698099772
.79289215803146
.80936817328135
.80487473805745
.80133442083995
.80977668364843
.8372821410497
.79697712262472
.81290851036708
.79779412349065
.79847494761149
.79724947611491
.81059368451436
.79970043897629
.78867101669312
.80473856131236
.79670478900274
.80133442083995
.80800652503967
.80038126309713
.79997277259827
.80106208721797
.80514705181122
.80814272165298
.8114106853803
.80460240443548
.79425380627314
.80964050690333
.80596407254537
.80950436989466
.81522331635157
.79125815629959
.81685729821523
.80623638629913
.80555556217829
.80351306994756
.8220315972964
.8126361767451
.80691721041997
.81454247236252
.81399780511856
.80814270178477
.80895970265071
.80718954404195
.80569171905518
.81658496459325
.80092593034108
.80147057771683
.80596403280894
.80569169918696
.80868736902873
.80841503540675
.8137254913648
.80514705181122
.84204792976379
.82066994905472
.80841503540675
.80378542343775
.81672112147013
.80637254317602
.80324073632558
.81277233362198
.79207513729731
.80364922682444
.81222766637802
.80705338716507
.79929194847743
.81835512320201
.81100217501322
.8114106853803
.81590414047241
.79942810535431
.79411764939626
.8018790880839
.79793028036753
.79956426223119
.79752177000046
.79166666666667
.79275600115458
.80610020955404
.79071350892385
.80051741997401
.80473856131236
.80977670351664
.85185186068217
.81181917587916
.79793030023575
.80092591047287
.79575165112813
.80582787593206
.79833877086639
.80487471818924
.7960239648819
.80051743984222
.80868736902873
.79616012175878
.79479845364889
.79656861225764
.80024508635203
.79629629850388
.80405773719152
.80623638629913
.80800654490789
.81345315774282
.802015264829
.79724943637848
.80895968278249
.80514705181122
.81386164824168
.80705336729685
.80596405267715
.80705336729685
.80841503540675
.82012528181076
.81181917587916
.8101851940155
.81100217501322
.80977670351664
.81876363356908
.82230393091838
.80255993207296
.80610022942225
.81740196545919
.79847492774328
.79970043897629
.81508713960648
.80337691307068
.80705338716507
.81236384312312
.79997277259827
.79166666666667
.80147059758504
.80106208721797
.81004901727041
.81535947322845
.8029684027036
.80909585952759
.81386166810989
.80364922682444
.79643245538076
.81277231375376
.80024510622025
.80950435002645
.80637254317602
.79847496747971
.80024508635203
.80977670351664
.79983659585317
.81127448876699
.81072986125946
.80337691307068
.8018790880839
.80351306994756
.79547931750615
.80255991220474
.80337691307068
.80405775705973
.80678105354309
.80964052677155
.80392158031464
.80392158031464
.81481482585271
.81032135089238
.80746187766393
.80977668364843
.81331700086594
.79956426223119
.81576796372732
.81808280944824
.80814270178477
.81508713960648
.80378538370132
.80664489666621
.82175926367442
.81576798359553
.80473854144414
.80787036816279
.81835512320201
.81944443782171
.80936819314957
.8148148059845
.80024508635203
.81277233362198
.81427015860875
.80950435002645
.8065087000529
.80855119228363
.80242375532786
.81331700086594
.81508713960648
.79929192860921
.80446622769038
.81481482585271
.81072984139125
.81467864910762
.8195806145668
.79711329936981
.79370913902919
.8195806145668
.80419391393661
.81440631548564
.81263615687688
.80773421128591
.79166666666667
.8123638232549
.79711329936981
.81154684225718
.80868736902873
.79997277259827
.80106208721797
.80787036816279
.79779412349065
.80392156044642
.80664487679799
.79616012175878
.80895968278249
.81154684225718
.80650871992111
.80650871992111
.8101851940155
.80446622769038
.81004901727041
.81195533275604
.79874728123347
.80528322855632
.81862745682398
.80119826396306
.80147057771683
.81018517414729
.79643245538076
.81508713960648
.81699347496033
.80977668364843
.81086601813634
.81413400173187
.81862745682398
.80623636643092
.80827885866165
.81631261110306
.79929192860921
.80936819314957
.82298475503922
.80787036816279
.83905229965846
.81549563010534
.80800652503967
.80923201640447
.8242102265358
.80787034829458
.8052832086881
.80759803454081
.80977668364843
.81331698099772
.80991286039352
.80773421128591
.80392156044642
.81413398186366
.79261982440948
.80637254317602
.80501089493434
.78826254606247
.80610020955404
.81168299913406
.79806645711263
.80623636643092
.80460240443548
.80269608894984
.8103213707606
.81059368451436
.79697714249293
.82121461629868
.82461873690287
.81113835175832
.82107843955358
.81604029734929
.79929192860921
.80405775705973
.80351308981578
.79765794674555
.80501087506612
.81072984139125
.79752178986867
.80936819314957
.80555556217829
.79547929763794
.79684094587962
.80868734916051
.78771787881851
.80351306994756
.80773419141769
.79670478900274
.78907950719198
.79752178986867
.79316449165344
.8031045794487
.79398149251938
.80855121215185
.79915577173233
.80473854144414
.80637256304423
.80405773719152
.80174291133881
.81018517414729
.8029684027036
.8054193854332
.80569171905518
.80501091480255
.80351306994756
.80705338716507
.80487471818924
.80977668364843
.81318084398905
.80078975359599
.80487471818924
.81699347496033
.8043300708135
.8065087000529
.80228757858276
.80555556217829
.80119826396306
.80868736902873
.8041938940684
.79833877086639
.81522331635157
.79425380627314
.80378540356954
.79806645711263
.80705338716507
.80923203627268
.81699345509211
.80160675446192
.80691721041997
.81617649396261
.80460240443548
.81195533275604
.80895968278249
.7971132795016
.80895970265071
.80936819314957
.802015264829
.80678105354309
.81753812233607
.81154684225718
.80705336729685
.8125
.8063725233078
.80255991220474
.81290849049886
.80460238456726
.80664487679799
.80964052677155
.80882352590561
.81086599826813
.80868734916051
.80283224582672
.80718954404195
.81767427921295
.81535947322845
.81154684225718
.81712961196899
.81944445768992
.80800654490789
.8126361767451
.81740194559097
.8041938940684
.81290849049886
.82325708866119
.80555554231008
.80065359671911
.80623640616735
.80501089493434
.81658494472504
.81100217501322
.81386166810989
.81549564997355
.82271242141724
.81672112147013
.8114106853803
.82298475503922
.81290849049886
.81712963183721
.82053375244141
.81209148963292
.81563182671865
.82107843955358
.80909585952759
.80936819314957
.82352940241496
.80528322855632
.80746187766393
.81318082412084
.79929192860921
.802015264829
.81440631548564
.79942810535431
.80528322855632
.81535947322845
.8125
.81249998013178
.82216773430506
.81821896632512
.81495098272959
.81767427921295
.80732570091883
.81154684225718
.82693354288737
.82121459643046
.81263615687688
.82543571790059
.81440633535385
.8208061059316
.82339324553808
.8148148059845
.81413398186366
.8231209119161
.82080608606338
.82638889551163
.81427013874054
.82284857829412
.80882352590561
.81849128007889
.83782678842545
.81413398186366
.82815903425217
.83428649107615
.81726578871409
.8195806145668
.82761440674464
.81685729821523
.83210784196854
.87486384312312
.83047386010488
.82543573776881
.82788670063019
.81304464737574
.82352942228317
.83632896343867
.82952070236206
.83088235060374
.83333333333333
.8206699291865
.83455882469813
.83578431606293
.83564815918605
.83088233073552
.83496731519699
.83428649107615
.83877994616826
.83660131692886
.8291122118632
.8397331237793
.85688998301824
.83782680829366
.83959696690242
.85661762952805
.84409042199453
.84300108750661
.85498364766439
.83619280656179
.84259257713954
.85825163125992
.84368193149567
.8477668762207
.84967321157455
.85403048992157
.8666938940684
.87145968278249
.85593680540721
.85866014162699
.8739106853803
.87649782498678
.87105119228363
.87173203627268
.86260894934336
.87799564997355
.88276143868764
.87064270178477
.87867647409439
.89460784196854
.90196079015732
.88507626454035
.89338235060374
.91190087795258
.90032678842545
.91026689608892
.92374726136525
.90495642026265
.90808822711309
.92715140183767
.91938996315002
.92306643724442
.9384531378746
.93123638629913
.95697168509165
.95601850748062
.9636438091596
.96691177288691
1.0055828094482
.99931915601095
1.0121187369029
1.0430283546448
1.0563725630442
1.067129611969
1.0927287737528
1.0915032625198
1.1214596827825
1.1380718946457
1.1478758255641
1.169934630394
1.1994825601578
1.210239648819
1.2256263891856
1.2608932256699
1.2743736902873
1.2849945624669
1.3090958595276
1.3096405267715
1.334694981575
1.3395969470342
1.3391884167989
1.3499455451965
1.3665577173233
1.3669662078222
1.3822167714437
1.3824891249339
1.3875272274017
1.3826252619425
1.4046841065089
1.3852124214172
1.3963780005773
1.4204792976379
1.4114923874537
1.4242919286092
1.4324618975321
1.4281045993169
1.4178921381632
1.4255174398422
1.4294662475586
1.436955332756
1.4317810535431
1.4343681732814
1.4116285641988
1.4163943529129
1.426470597585
1.3961056868235
1.3932461738586
1.3748638629913
1.3439542452494
1.3330609798431
1.307325720787
1.2683823506037
1.2460511922836
1.2339324553808
1.172930320104
1.1556372245153
1.1259531577428
1.085239648819
1.0601851940155
1.0343137184779
1.0132080515226
.98583879073461
.96650328238805
.93246185779572
.92156863212585
.92374726136525
.89447168509165
.88466777404149
.88766340414683
.8632897734642
.86696624755859
.86301741997401
.85389433304469
.86260892947515
.86642156044642
.85280499855677
.85484751065572
.84708605209986
.84967321157455
.84000543753306
.85198803742727
.84068628152211
.84708607196808
.84599673748016
.83428649107615
.84041394790014
.84872005383174
.83197166522344
.83074619372686
.84844772020976
.84177561601003
.82625273863475
.83564815918605
.83074619372686
.83333333333333
.83986928065618
.83483115832011
.83265250921249
.82434640328089
.82352940241496
.82856754461924
.83619280656179
.84327342112859
.82026143868764
.82026143868764
.83346951007843
.8195806145668
.81331698099772
.82393791278203
.82135075330734
.82666122913361
.83986928065618
.82802287737528
.82148693005244
.82679738601049
.81753812233607
.81876361370087
.82883985837301
.80555556217829
.81617647409439
.80678105354309
.81250001986821
.81699347496033
.82203157742818
.81440633535385
.82843136787415
.83387798070908
.82666120926539
.81604031721751
.81495098272959
.82230391105016
.80596405267715
.82175926367442
.80746187766393
.80841503540675
.82189544041951
.80773421128591
.81685731808345
.81018517414729
.81250001986821
.80895970265071
.82230391105016
.81072984139125
.80732570091883
.81304466724396
.8137254913648
.81549563010534
.81413398186366
.81154684225718
.81086599826813
.82203157742818
.81072986125946
.80678103367488
.81290849049886
.80800654490789
.80691721041997
.81059366464615
.80814268191655
.80746185779572
.80882352590561
.80147057771683
.80528322855632
.81835512320201
.81604031721751
.79697712262472
.81004901727041
.81930828094482
.80678105354309
.80746187766393
.81168299913406
.80446622769038
.79983661572138
.81195533275604
.80664487679799
.81318084398905
.80187906821569
.80637254317602
.81100215514501
.81658496459325
.80378540356954
.81113833189011
.81018517414729
.81045750776927
.80351306994756
.80106208721797
.80460240443548
.81168299913406
.82012528181076
.80038124322891
.80705336729685
.80909583965937
.79602394501368
.80732572078705
.81835512320201
.8041938940684
.80732572078705
.81277231375376
.79670478900274
.80691721041997
.80977668364843
.78853485981623
.80119826396306
.80528322855632
.80841503540675
.8018790880839
.81495098272959
.80582789580027
.79684094587962
.8112745086352
.79820261398951
.80541940530141
.80351306994756
.79466231664022
.79929192860921
.8041938940684
.79861110448837
.8148148059845
.80283224582672
.79697712262472
.80610022942225
.81072986125946
.80119826396306
.82148693005244
.81168299913406
.81277233362198
.81004901727041
.81113835175832
.82230391105016
.81631263097127
.8146786292394
.81889977057775
.81154684225718
.81522331635157
.81331700086594
.80147059758504
.80718954404195
.81386164824168
.81045750776927
.81508715947469
.8137254913648
.80718954404195
.80841503540675
.80950436989466
.80392156044642
.80310455958049
.80160673459371
.80283224582672
.81113835175832
.81726578871409
.79861110448837
.80678103367488
.80814272165298
.80977668364843
.8112745086352
.81345315774282
.80582787593206
.80378542343775
.79997275273005
.8114106853803
.81263615687688
.80269608894984
.80405773719152
.82026143868764
.8197167913119
.79888345797857
.80882352590561
.80950436989466
.80215142170588
.81876361370087
.81467864910762
.79970043897629
.81004901727041
.8195806145668
.81413398186366
.80868734916051
.80623640616735
.80773421128591
.80964052677155
.81495100259781
.80351305007935
.81508713960648
.82066994905472
.80678103367488
.8101851940155
.8195806145668
.81644880771637
.80868736902873
.80991284052531
.81263615687688
.79724943637848
.79833879073461
.81277231375376
.8043300708135
.80392156044642
.84136710564295
.8029684027036
.81154684225718
.80582787593206
.80242373545965
.80637254317602
.81386164824168
.81045750776927
.80868736902873
.81617647409439
.79929192860921
.80228757858276
.81032133102417
.81427015860875
.80460240443548
.81699347496033
.81481482585271
.81427015860875
.81930826107661
.7913943529129
.80909585952759
.79861110448837
.79874728123347
.80133442083995
.80637254317602
.80283224582672
.80215140183767
.81045750776927
.79697712262472
.8018790880839
.81427015860875
.79302831490835
.80664487679799
.81113835175832
.80065359671911
.79507080713908
.80078975359599
.80078975359599
.80596405267715
.8052832086881
.79997277259827
.80460240443548
.80773421128591
.80746187766393
.80855119228363
.81113833189011
.80351305007935
.8041938940684
.82216775417328
.80787036816279
.81685729821523
.81427013874054
.82802287737528
.81712961196899
.81767429908117
.82175926367442
.80705336729685
.80936819314957
.81154684225718
.79670476913452
.80324073632558
.81522331635157
.80610020955404
.80501087506612
.81454247236252
.80814270178477
.80664487679799
.81427013874054
.79425380627314
.8052832086881
.81304464737574
.81154684225718
.80010892947515
.8065087000529
.80596405267715
.80991286039352
.81386164824168
.80623636643092
.8041938940684
.8137254913648
.79479849338531
.79724947611491
.81712963183721
.8043300708135
.80705336729685
.81767429908117
.80215142170588
.8043300708135
.80337689320246
.79956426223119
.81304466724396
.82216775417328
.80283226569494
.81004901727041
.81876361370087
.80337689320246
.81971675157547
.81345315774282
.81100219488144
.81644878784815
.81345317761103
.81277233362198
.82284857829412
.82053377230962
.80596405267715
.80923203627268
.82666120926539
.80528322855632
.80650871992111
.82203157742818
.81399782498678
.81862743695577
.81889977057775
.8146786292394
.80773421128591
.80501089493434
.81168301900228
.80528322855632
.81045752763748
.80351308981578
.79929192860921
.80433009068171
.81086599826813
.79656863212585
.80065359671911
.81072986125946
.81195533275604
.81318082412084
.81535947322845
.80787034829458
.80419391393661
.80923201640447
.81236384312312
.81740196545919
.81386164824168
.81195535262426
.80923201640447
.81277233362198
.80446622769038
.80514705181122
.81631263097127
.80378540356954
.81004901727041
.81644880771637
.81032135089238
.81658498446147
.82339324553808
.80868734916051
.82121459643046
.82284859816233
.81631265083949
.81699345509211
.81549564997355
.81004901727041
.81617647409439
.8208061059316
.81427015860875
.80746187766393
.81290851036708
.80814270178477
.80977670351664
.80923201640447
.81563180685043
.81481482585271
.80405773719152
.80800654490789
.80746185779572
.81018517414729
.8054193854332
.79888343811035
.81045750776927
.79970043897629
.80664487679799
.80705338716507
.81508713960648
.80351306994756
.80977668364843
.8126361767451
.79575165112813
.80596405267715
.81563178698222
.80501089493434
.80773421128591
.81141066551208
.80255991220474
.81032135089238
.81821894645691
.8007897734642
.80705338716507
.8137254913648
.79983661572138
.81100217501322
.80991286039352
.8043300708135
.80473854144414
.80855119228363
.79874726136525
.80718954404195
.81440631548564
.80705338716507
.81726578871409
.80746187766393
.80882352590561
.80664487679799
.81168301900228
.80255991220474
.80773419141769
.79956426223119
.79166666666667
.79793028036753
.8208061059316
.80501087506612
.8054193854332
.80759803454081
.80133442083995
.80378540356954
.81045752763748
.79139433304469
.79711329936981
.8065087000529
.80024510622025
.7960239648819
.80147057771683
.79616012175878
.80392158031464
.80269606908162
.7949346502622
.7924836675326
.79697712262472
.79684096574783
.79833877086639
.81345315774282
.80119826396306
.80378540356954
.80623636643092
.80787036816279
.8043300708135
.81059368451436
.80923201640447
.81072986125946
.80800654490789
.8125
.8043300708135
.79084966580073
.8114106853803
.79643245538076
.79915577173233
.80637254317602
.79207515716553
.80024510622025
.81726576884588
.79547929763794
.80324073632558
.80746187766393
.80705338716507
.80678103367488
.80800652503967
.79384531577428
.79738561312358
.80392158031464
.79044117530187
.79575165112813
.80010892947515
.7949346502622
.79833879073461
.79724945624669
.80051741997401
.80283224582672
.81018517414729
.80582789580027
.80065357685089
.80637254317602
.79629629850388
.79330064853032
.80024510622025
.79942810535431
.78989650805791
.80038126309713
.79030499855677
.79207515716553
.80392156044642
.78744552532832
.7866285443306
.80283222595851
.79398147265116
.7958877881368
.80678105354309
.79153050978978
.80623636643092
.79929192860921
.79915577173233
.79820261398951
.8123638232549
.79820261398951
.80228757858276
.79316447178523
.8137254913648
.79820261398951
.80582787593206
.82570807139079
.81563180685043
.81086601813634
.82216775417328
.81045752763748
.80283224582672
.81427015860875
.80650871992111
.79793028036753
.80814268191655
.80909585952759
.81318082412084
.81004901727041
.8043300708135
.81059368451436
.80746187766393
.8029684027036
.81672114133835
.80841503540675
.79888343811035
.82284857829412
.84872005383174
.80787038803101
.81386164824168
.81808276971181
.80528322855632
.81495098272959
.81821894645691
.81318082412084
.81032135089238
.81753812233607
.80800652503967
.81495098272959
.82053379217784
.80065359671911
.79847496747971
.80787036816279
.80215142170588
.80487473805745
.81644880771637
.8018790880839
.7947984735171
.8031045794487
.80977668364843
.80392158031464
.81971677144368
.80160675446192
.8054193854332
.81631263097127
.80569171905518
.80392156044642
.81808280944824
.80746187766393
.80147057771683
.81004899740219
.79507080713908
.80337691307068
.81358933448792
.81985294818878
.81209150950114
.81930828094482
.81222766637802
.80364924669266
.80487473805745
.81277233362198
.79738563299179
.80392158031464
.80773421128591
.80637256304423
.8054193854332
.80923201640447
.79942810535431
.80160675446192
.81209150950114
.79997277259827
.80460238456726
.79697712262472
.79983661572138
.80718954404195
.80596405267715
.79806645711263
.80691721041997
.8043300708135
.80092593034108
.80487473805745
.80555556217829
.78962419430415
.80650871992111
.82543573776881
.8029684027036
.79289215803146
.80868738889694
.80650871992111
.83646514018377
.80582789580027
.80160675446192
.79779412349065
.81467864910762
.80446622769038
.80882352590561
.81386164824168
.80759803454081
.81127448876699
.8125
.80610020955404
.81495096286138
.82693354288737
.81617647409439
.82148693005244
.80433005094528
.80555556217829
.81399782498678
.80732570091883
.80596405267715
.80133442083995
.80664487679799
.80255991220474
.80460238456726
.80705338716507
.81808278958003
.80364922682444
.80909585952759
.83428649107615
.80078975359599
.8112745086352
.80596407254537
.80501089493434
.8029684027036
.80868736902873
.80433005094528
.8043300708135
.8195806145668
.80923201640447
.81195535262426
.81631263097127
.80746187766393
.80950436989466
.81712963183721
.81495098272959
.81290851036708
.80269608894984
.81467864910762
.80800654490789
.81209150950114
.80718954404195
.80283224582672
.80228759845098
.81154684225718
.80392158031464
.81672114133835
.79561547438304
.80637256304423
.81181915601095
.80759805440903
.79479849338531
.80855119228363
.7947984735171
.79357300202052
.80228759845098
.80705338716507
.80228759845098
.8135893146197
.80433005094528
.79793030023575
.79983659585317
.79956426223119
.80351308981578
.79425382614136
.80718954404195
.80759805440903
.81004901727041
.80242373545965
.80569173892339
.79942810535431
.79248364766439
.80255993207296
.80160677433014
.7937091588974
.79752178986867
.80664489666621
.81549564997355
.80950436989466
.80228757858276
.81304466724396
.79997275273005
.80596405267715
.81522329648336
.80024508635203
.79983659585317
.81535947322845
.80296842257182
.80555556217829
.81549564997355
.80678103367488
.80392156044642
.8123638232549
.80119824409485
.79575165112813
.80324073632558
.80119824409485
.79942808548609
.80392158031464
.80528322855632
.79411764939626
.80201524496078
.80269606908162
.79616012175878
.80964052677155
.79970041910807
.80678105354309
.80541940530141
.79874728123347
.80147057771683
.80610022942225
.80324073632558
.80351306994756
.80242375532786
.79970043897629
.79547929763794
.79970043897629
.79656863212585
.79398149251938
.80623640616735
.79806643724442
.79929194847743
.79643247524897
.78948801755905
.79316449165344
.79370913902918
.79316447178523
.81590414047241
.80759805440903
.80160675446192
.79302831490835
.80596405267715
.7949346502622
.79384529590607
.81004901727041
.79520698388418
.81522331635157
.80855121215185
.80215142170588
.79738563299179
.80501089493434
.80991284052531
.80514705181122
.79343682527542
.80637256304423
.7949346502622
.80119826396306
.80514705181122
.794662296772
.7958877881368
.80419391393661
.7971132795016
.78799019257228
.80827885866165
.79438998301824
.80283224582672
.8054193854332
.79221133391062
.80582787593206
.81209150950114
.80065359671911
.79561547438304
.81181917587916
.80215140183767
.8054193854332
.81154684225718
.80446622769038
.80582789580027
.80392156044642
.80106208721797
.7937091588974
.81113835175832
.79915577173233
.81127452850342
.81386164824168
.80147057771683
.80501089493434
.81141066551208
.8031045794487
.81195533275604
.80078975359599
.79956426223119
.79629629850388
.80283222595851
.79697712262472
.81018517414729
.81045752763748
.80351306994756
.80215142170588
.8137254913648
.80215142170588
.78948803742727
.80337689320246
.79752178986867
.80133444070816
.80378540356954
.80501089493434
.79806645711263
.80460240443548
.81767429908117
.81086601813634
.80392158031464
.80855121215185
.80446622769038
.80895968278249
.80433005094528
.79956426223119
.81045750776927
.81318084398905
.8041938940684
.80160675446192
.80337689320246
.78976035118103
.79765794674555
.80691721041997
.80160675446192
.80950435002645
.80977668364843
.80201524496078
.80664487679799
.80378540356954
.79629629850388
.80051741997401
.80065359671911
.80582787593206
.80528322855632
.81222766637802
.80351308981578
.81086601813634
.80991284052531
.81059368451436
.80337691307068
.81277233362198
.81059366464615
.80051741997401
.81209148963292
.80800654490789
.79752178986867
.80746187766393
.79452615976334
.80160673459371
.80991286039352
.78730936845144
.79193898042043
.80310459931691
.80174291133881
.80814270178477
.80623638629913
.79752177000046
.81277233362198
.80909585952759
.79316449165344
.79833877086639
.80977668364843
.80242375532786
.79997277259827
.80964052677155
.80187906821569
.80650871992111
.80133442083995
.81263615687688
.80664487679799
.8018790880839
.81304464737574
.79915577173233
.80378540356954
.80678105354309
.79275598128637
.80610020955404
.8052832086881
.79425382614136
.80759803454081
.80351308981578
.80473858118057
.80610020955404
.81944443782171
.80051743984222
.80759805440903
.80759805440903
.8054193854332
.79697714249293
.80269608894984
.7947984735171
.80242373545965
.8090958793958
.79793028036753
.80582787593206
.8101851940155
.79384531577428
.7924836675326
.79820261398951
.79084966580073
.80010890960693
.8029684027036
.79697714249293
.79384531577428
.7958877881368
.79016884167989
.79016886154811
.79847496747971
.79411762952805
.78880719343821
.80718954404195
.80147059758504
.79643245538076
.80446624755859
.78935186068217
.79520698388418
.80787036816279
.80569173892339
.79629629850388
.80582789580027
.79806643724442
.80923201640447
.80678105354309
.79983659585317
.79997277259827
.81059368451436
.80065359671911
.80773421128591
.80827885866165
.81318082412084
.80228757858276
.80718954404195
.81849128007889
.79411764939626
.80078975359599
.80460240443548
.8041938940684
.81113833189011
.81318082412084
.80024508635203
.80814270178477
.80991284052531
.80855119228363
.81100217501322
.81726578871409
.80528322855632
.81508713960648
.82856754461924
.80977668364843
.80909583965937
.80514707167943
.81059368451436
.80623638629913
.80977668364843
.82924836874008
.80392158031464
.81018517414729
.79752178986867
.81004901727041
.80705336729685
.79398147265116
.79929194847743
.8052832086881
.80187910795212
.8114106853803
.80746187766393
.79507080713908
.79915577173233
.80065359671911
.80051743984222
.80010892947515
.81590414047241
.80392156044642
.81100219488144
.80787036816279
.80269606908162
.79793028036753
.81236384312312
.8218954205513
.81590414047241
.80895968278249
.80283224582672
.80487473805745
.8101851940155
.79970043897629
.80991286039352
.80855121215185
.80582787593206
.80065359671911
.81168301900228
.81304466724396
.81181917587916
.79684094587962
.80855119228363
.79207517703374
.79874726136525
.81644878784815
.79616014162699
.79983661572138
.79970041910807
.78717319170634
.80051741997401
.81222766637802
.8007897734642
.80514707167943
.80923201640447
.79425380627314
.79983659585317
.80024510622025
.79180284341176
.80078975359599
.80514707167943
.79711329936981
.80364922682444
.80909585952759
.79044117530187
.80174293120702
.8101851940155
.78935184081395
.79289215803146
.80514705181122
.78812636931737
.79588780800502
.80392156044642
.79289215803146
.80065359671911
.79847494761149
.79112199942271
.80215142170588
.80174293120702
.80936817328135
.80038126309713
.80909583965937
.80228757858276
.80255989233653
.80691721041997
.8029684027036
.80092591047287
.80691721041997
.80337691307068
.80038126309713
.80964052677155
.80215142170588
.79901959498723
.80119826396306
.802015264829
.78880719343821
.80351308981578
.79316449165344
.79261982440948
.79507080713908
.80650871992111
.79901959498723
.80065359671911
.80187906821569
.79411764939626
.79915577173233
.79452613989512
.79316449165344
.79057735204697
.80010892947515
.80174291133881
.80092593034108
.79874726136525
.79520696401596
.79997277259827
.79425380627314
.78799019257228
.79575165112813
.78853485981623
.7855392297109
.77805012464523
.78853487968445
.77736928065618
.77886710564295
.77682461341222
.77709692716599
.778322438399
.78199891249339
.77369280656179
.77165033419927
.77614378929138
.77083333333333
.7593954205513
.7758714556694
.75340414047241
.76811001698176
.75231482585271
.7501361767451
.75095317761103
.74564270178477
.74223856131236
.73828975359599
.74727668364843
.73284314076106
.72794117530187
.73039215803146
.72685184081395
.73188996315002
.70792484283447
.70588235060374
.70329521099726
.70016338427862
.69444443782171
.69022331635157
.68273421128591
.66571350892385
.65522875388463
.65386710564295
.62581700086594
.62881265083949
.61492375532786
.57584422826767
.65577342112859
0
0
0
0
0
0
0
0
0
0
0
0
0
0
0
0
0
0
0
0
0
0
0
0
0
0
0
0
0
0
0
0
0
0
0
0
0
0
0
0
0
0
0
0
0
0
0
0
0
0
0
0
0
0
0
0
0
0
0
0
0
0
0
0
0
0
0
0
0
0
0
0
0
0
0
0
0
0
0
0
0
0
0
0
0
0
0
0
0
0
0
0
0
0
0
0
0
0
0
0
0
0
0
0
0
0
0
0
0
0
0
0
0
0
0
0
0
0
0
0
0
0
0
0
0
0
0
0
0
0
0
0
0
0
0
0
0
0
0
0
0
0
0
0
0
0
0
0
0
0
0
0
0
0
0
0
0
0
0
0
0
0
0
0
0
0
0
0
0
0
0
0
0
0
0
0
0
0
0
0
0
0
0
0
0
0
0
0
0
0
0
0
0
0
0
0
0
0
0
0
0
0
0
0
0
0
0
0
0
0
0
0
0
0
0
0
0
0
0
0
0
0
0
0
0
0
0
0
0
0
0
0
0
0
0
0
0
0
0
0
0
0
0
0
0
0
0
0
0
0
0
0
0
0
0
0
0
0
0
0
0
0
0
0
0
0
0
0
0
0
0
0
0
0
0
0
0
0
0
0
0
0
0
0
0
0
0
0
0
0
0
0
0
0
0
0
0
0
0
0
0
0
0
0
0
0
0
0
0
0
0
0
0
0
0
0
0
0
0
0
0
0
0
0
0
0
0
0
0
0
0
0
0
0
0
0
0
0
0
0
0
0
0
0
0
0
0
0
0
0
0
0
0
0
0
0
0
0
0
0
0
0
0
0
0
0
0
0
0
0
0
0
0
0
0
0
0
0
0
0
0
0
0
0
0
0
0
0
0
0
0
0
0
0
0
0
0
0
0
0
0
0
0
0
0
0
0
0
0
0
0
0
0
0
0
0
0
0
0
0
0
0
0
0
0
0
0
0
0
0
0
0
0
0
0
0
0
0
0
0
0
0
0
0
0
0
0
0
0
0
0
0
0
0
0
0
0
0
0
0
0
0
0
0
0
0
0
0
0
0
0
0
0
0
0
0
0
0
0
0
0
0
0
0
0
0
0
0
0
0
0
0
0
0
0
0
0
0
0
0
0
0
0
0
0
0
0
0
0
0
0
0
0
0
0
0
0
0
0
0
0
0
0
0
0
0
0
0
0
0
0
0
0
0
0
0
0
0
0
0
0
0
0
0
0
0
0
0
0
0
0
0
0
0
0
0
0
0
0
0
0
0
0
0
0
0
0
0
0
0
0
0
0
0
0
0
0
0
0
0
0
0
0
0
0
0
0
0
0
0
0
0
0
0
0
0
0
0
0
0
0
0
0
0
0
0
0
0
0
0
0
0
0
0
0
0
0
0
0
0
0
0
0
0
0
0
0
0
0
0
0
0
0
0
0
0
0
0
0
0
0
0
0
0
0
0
0
0
0
0
0
0
0
0
0
0
0
0
0
0
0
0
0
0
0
0
0
0
0
0
0
0
0
0
0
0
0
0
0
0
0
0
0
0
0
0
0
0
0
0
0
0
0
0
0
0
0
0
0
0
0
0
0
0
0
0
0
0
0
0
0
0
0
0
0
0
0
0
0
0
0
0
0
0
0
0
0
0
0
0
0
0
0
0
0
0
0
0
0
0
0
0
0
0
0
0
0
0
0
0
0
0
0
0
0
0
0
0
0
0
0
0
0
0
0
0
0
0
0
0
0
0
0
0
0
0
0
0
0
0
0
0
0
0
0
0
0
0
0
0
0
0
0
0
0
0
0
0
0
0
0
0
0
0
0
0
0
0
0
0
0
0
0
0
0
0
0
0
0
0
0
0
0
0
0
0
0
0
0
0
0
0
0
0
0
0
0
0
0
0
0
0
0
0
0
0
0
0
0
0
0
0
0
0
0
0
0
0
0
0
0
0
0
0
0
0
0
0
0
0
0
0
0
0
0
0
0
0
0
0
0
0
0
0
0
0
0
0
0
0
0
0
0
0
0
0
0
0
0
0
0
0
0
0
0
0
0
0
0
0
0
0
0
0
0
0
0
0
0
0
0
0
0
0
0
0
0
0
0
0
0
0
0
0
0
0
0
0
0
0
0
0
0
0
0
0
0
0
0
0
0
0
0
0
0
0
0
0
0
0
0
0
0
0
0
0
0
0
0
0
0
0
0
0
0
0
0
0
0
0
0
0
0
0
0
0
0
0
0
0
0
0
0
0
0
0
0
0
0
0
0
0
0
0
0
0
0
0
0
0
0
0
0
0
0
0
0
0
0
0
0
0
0
0
0
0
0
0
0
0
0
0
0
0
0
0
0
0
0
0
0
0
0
0
0
0
0
0
0
0
0
0
0
0
0
0
0
0
0
0
0
0
0
0
0
0
0
0
0
0
0
0
0
0
0
0
0
0
0
0
0
0
0
0
0
0
0
0
0
0
0
0
0
0
0
0
0
0
0
0
0
0
0
0
0
0
0
0
0
0
0
0
0
0
0
0
0
0
0
0
0
0
0
0
0
0
0
0
0
0
0
0
0
0
0
0
0
0
0
0
0
0
0
0
0
0
0
0
0
0
0
0
0
0
0
0
0
0
0
0
0
0
0
0
0
0
0
0
0
0
0
0
0
0
0
0
0
0
0
0
0
0
0
0
0
0
0
0
0
0
0
0
0
0
0
0
0
0
0
0
0
0
0
0
0
0
0
0
0
0
0
0
0
0
0
0
0
0
0
0
0
0
0
0
0
0
0
0
0
0
0
0
0
0
0
0
0
0
0
0
0
0
0
0
0
0
0
0
0
0
0
0
0
0
0
0
0
0
0
0
0
0
0
0
0
0
0
0
0
0
0
0
0
0
0
0
0
0
0
0
0
0
0
0
0
0
0
0
0
0
0
0
0
0
0
0
0
0
0
0
0
0
0
0
0
0
0
0
0
0
0
0
0
0
0
0
0
0
0
0
0
0
0
0
0
0
0
0
0
0
0
0
0
0
0
0
0
0
0
0
0
0
0
0
0
0
0
0
0
0
0
0
0
0
0
0
0
0
0
0
0
0
0
0
0
0
0
0
0
0
0
0
0
0
0
0
0
0
0
0
0
0
0
0
0
0
0
0
0
0
0
0
0
0
0
0
0
0
0
0
0
0
0
0
0
0
0
0
0
0
0
0
0
0
0
0
0
0
0
0
0
0
0
0
0
0
0
0
0
0
0
0
0
0
0
0
0
0
0
0
0
0
0
0
0
0
0
0
0
0
0
0
0
0
0
0
0
0
0
0
0
0
0
0
0
0
0
0
0
0
0
0
0
0
0
0
0
0
0
0
0
0
0
0
0
0
0
0
0
0
0
0
0
0
0
0
0
0
0
0
0
0
0
0
0
0
0
0
0
0
0
0
0
0
0
0
0
0
0
0
0
0
0
0
0
0
0
0
0
0
0
0
0
0
0
0
0
0
0
0
0
0
0
0
0
0
0
0
0
0
0
0
0
0
0
0
0
0
0
0
0
0
0
0
0
0
0
0
0
0
0
0
0
0
0
0
0
0
0
0
0
0
0
0
0
0
0
0
0
0
0
0
0
0
0
0
0
0
0
0
0
0
0
0
0
0
0
0
0
0
0
0
0
0
0
0
0
0
0
0
0
0
0
0
0
0
0
0
0
0
0
0
0
0
0
0
0
0
0
0
0
0
0
0
0
0
0
0
0
0
0
0
0
0
0
0
0
0
0
0
0
0
0
0
0
0
0
0
0
0
0
0
0
0
0
0
0
0
0
0
0
0
0
0
0
0
0
0
0
0
0
0
0
0
0
0
0
0
0
0
0
0
0
0
0
0
0
0
0
0
0
0
0
0
0
0
0
0
0
0
0
0
0
0
0
0
0
0
0
0
0
0
0
0
0
0
0
0
0
0
0
0
0
0
0
0
0
0
0
0
0
0
0
0
0
0
0
0
0
0
0
0
0
0
0
0
0
0
0
0
0
0
0
0
0
0
0
0
0
0
0
0
0
0
0
0
0
0
0
0
0
0
0
0
0
0
0
0
0
0
0
0
0
0
0
0
0
0
0
0
0
0
0
0
0
0
0
0
0
0
0
0
0
0
0
0
0
0
0
0
0
0
0
0
0
0
0
0
0
0
0
0
0
0
0
0
0
0
0
0
0
0
0
0
0
0
0
0
0
0
0
0
0
0
0
0
0
0
0
0
0
0
0
0
0
0
0
0
0
0
0
0
0
0
0
0
0
0
0
0
0
0
0
0
0
0
0
0
0
0
0
0
0
0
0
0
0
0
0
0
0
0
0
0
0
0
0
0
0
0
0
0
0
0
0
0
0
0
0
0
0
0
0
0
0
0
0
0
0
0
0
0
0
0
0
0
0
0
0
0
0
0
0
0
0
0
0
0
0
0
0
0
0
0
0
0
0
0
0
0
0
0
0
0
0
0
0
0
0
0
0
0
0
0
0
0
0
0
0
0
0
0
0
0
0
0
0
0
0
0
0
0
0
0
0
0
0
0
0
0
0
0
0
0
0
0
0
0
0
0
0
0
0
0
0
0
0
0
0
0
0
0
0
0
0
0
0
0
0
0
0
0
0
0
0
0
