.84439023335775
.80894309282303
.79170733690262
.83934958775838
.80894309282303
.82276421785355
.80130082368851
.83024390538534
.83772357304891
.81886178255081
.84601626793544
.79772359132767
.81479674577713
.82162600755692
.75219511985779
.84585366646449
.82341462373734
.80130082368851
.84162600835164
.87934958934784
.85951219002406
.80422765016556
.92780488729477
.86260161797206
.89593495925268
.82178860902786
.81073170900345
.87609755992889
.80796748399734
.82390242815018
.85528455177943
.86162602901459
.8699187040329
.88243901729584
.86504065990448
.86699187755585
.85691058635712
.84569106499354
.87040650844574
.93772357702255
.83024390538534
.88650405406952
.85268292824427
.88569104671478
.87138211727142
.92292684316635
.91560977697372
.86195121208827
.90991868575414
.90585366884867
.80536586046219
.87382113933563
.84585366646449
.8995121717453
.88943088054657
.87788617610931
.89333333571752
.83626015981038
1.0282926559448
.84715447823207
.91674798727036
.87463414669037
.88308942317963
.89317073424657
.89821137984594
.87479674816132
.90780488650004
.89544713497162
.88780488570531
.9595121939977
.98097562789917
.92373983065287
.93528455495834
.88032519817352
.88991868495941
.9440650343895
.92048782110214
.93999999761581
.93349593877792
.94910567998886
.97365854183833
.89121949672699
.87902438640594
.94715446233749
.90146340926488
.90504066149394
.92520326375961
.94780486822128
.87219512462616
.8785365819931
.95252031087875
.93056911230087
.90146340926488
.91560975710551
.88178861141205
.92699187994003
.8754471540451
.92487806081772
.86845529079437
1.0936585664749
1.0003252029419
.90829269091288
.96780486901601
.97479675213496
.92081300417582
.92536586523056
.8943089445432
.97300813595454
.94861787557602
.94504064321518
.97707317272822
.9842276374499
.97723577419917
1.0024390220642
.93609756231308
.93414634466171
.96373983224233
.993821144104
.90731706221898
.93056911230087
.94813007116318
1.1562601327896
.92699187994003
.9440650343895
.9882926940918
.93821138143539
.96715446313222
.99008131027222
.9465040564537
.93756097555161
1.0760976076126
.92699187994003
.91056911150614
.9406504034996
.99756097793579
.94439023733139
.98601627349854
1.0328454971313
1.015284538269
.99609756469727
.9811382095019
1.0411381721497
1.0365853309631
1.0286178588867
.99853658676147
1.0102438926697
.95691055059433
.96130081017812
.97739839553833
.97089429696401
.96471544106801
1.0131707191467
.96585367123286
.94731706380844
.98162603378296
.94032520055771
.94601625204086
.97235773007075
.94325202703476
.99837398529053
.99642276763916
.92065040270487
.99252033233643
1.0045528411865
.9351219534874
.96406505505244
.97658538818359
.98243902126948
.95528453588486
.9821138381958
.95235772927602
.95056909322739
.96243902047475
.95886178811391
1.0006504058838
.96081298589706
.9190243879954
1.0022764205933
.99154472351074
.9190243879954
.93999999761581
.9725203315417
.94975610574086
.93609756231308
.99902439117432
1.0741463899612
.9409756064415
1.093333363533
1.0144715309143
.97560973962148
.98341463009516
.96211383740107
.92959350347519
.93317073583603
.94617885351181
.93463414907455
.94146341085434
.9437398314476
1.0039024353027
.92455285787582
.97723577419917
.96975610653559
.95398374398549
.9694309035937
.93252032995224
1.0107316970825
.96796747048696
.96292682488759
.92959350347519
.96390243371328
.93772357702255
.98780486981074
1.0531707207362
.91869920492172
1.0455284516017
1.0013008117676
.91154472033183
.92682925860087
.9622764190038
.96959348519643
.98130083084106
.98000001907349
.93252032995224
.95560975869497
.94845527410507
.88341462612152
1.0328454971313
1.0133333404859
1.0229268074036
.9852032661438
.90878049532572
1.0024390220642
.95252031087875
.98260164260864
.98569107055664
1.0084552764893
.97479675213496
.95788617928823
.9499186873436
.96715448300044
1.0024390220642
.94113820791245
.99138212203979
.98032520214717
.99089431762695
.94130080938339
.98357725143433
.99235773086548
.98682928085327
1.024715423584
.96097560723623
.9721951285998
.92813009023666
.96243902047475
1.0170731544495
.94276422262192
.96666665871938
.95902436971664
.92552846670151
.97642276684443
.97186990578969
.97674796978633
.97333335876465
.94520324468613
.96016259988149
.96292682488759
.94747966527939
.99756097793579
.96032520135244
.91609756151835
.98504066467285
.97674796978633
.97983739773432
1
.97284551461538
1.0014634132385
.94666665792465
.95788615942001
.96747966607412
.98569107055664
1.03089427948
.92455285787582
1.0032520294189
.98130083084106
.94325202703476
1.0081300735474
.97398374478022
.99804878234863
.99560976028442
.95934957265854
.95024389028549
.99756097793579
.97333331902822
.94861787557602
.96048780282338
.96552846829096
.95593494176865
1.0105690956116
.9882926940918
.94146341085434
.92650407552719
.95739837487539
.98373985290527
.92764228582382
.94829267263412
1.043089389801
.95235772927602
1.0104064941406
1.0144715309143
1.0479674339294
.98211381832759
1.0199999809265
.95658534765244
.97544715801875
.99268293380737
.91560975710551
.92048782110214
.98926830291748
.9756097594897
.99512195587158
.92292684316635
.96845529476802
.95739835500717
.95219512780507
1.0356097221375
.92487806081772
.95138212045034
.99853658676147
1.0011382102966
1.0074796676636
.94829267263412
.93040651082993
.99186992645264
.88097560405731
.96195121606191
1.018373966217
.99073171615601
.98975610733032
1.0037398338318
.98455286026001
.94910567998886
.95723575353622
.97056909402211
.97658536831538
1.0237398147583
.9622764190038
.96195121606191
.92048782110214
.91203252474467
.95788617928823
.92260164022446
.9378861784935
1.0203251838684
.94861787557602
1.0048780441284
1.0014634132385
.99154472351074
1.0159349441528
.97886178890864
.96406503518422
.97772359848022
1.0201625823975
.98065040508906
1.0273170471191
1.0546340942383
1.0126829147339
1.0421137809753
.94243901968002
.95756095647812
.95821136236191
.96113820870717
.96861789623896
.95853658517202
.97967479626338
.92455285787582
.93804877996445
.96699186166128
.96780486901601
.9409756064415
.90780488650004
.93382114171982
.93560975790024
1.0440649986267
1.0146341721217
1.012195110321
.91577235857646
.9104065100352
.97203252712886
.97626016537348
.96487804253896
.9567479689916
.93121951818466
.97495935360591
.9169105887413
.9687804778417
.99121952056885
.98373985290527
.9406504034996
.89951219161352
.96178859472275
.98536586761475
.9351219534874
.93853658437729
.98552844921748
.96585365136464
.97333333889643
.89479674895604
1.1409755945206
1.0260162353516
.98195123672485
.97024389108022
.96959350506465
.98666667938232
.98016262054443
.97073171536128
.95934959252675
.93447154760361
.89008128643036
.94195121526718
.95918701092402
.94162601232529
.97626016537348
.96829267342885
.92211383581161
.94048780202866
1.0034146308899
.9347967505455
.96292680501938
.93934959173203
.94195121526718
.96796747048696
.97170732418696
.93154472112656
.98455286026001
.98504066467285
.94081300497055
.98048780361811
.98552846908569
.93121951818466
.9035772283872
.92666667699814
.96715446313222
.97967477639516
.93837398290634
.98471546173096
.97626016537348
.95707317193349
.97999999920527
.94878047704697
.99008131027222
.97788619995117
.98016262054443
.98097560803095
.94585365056992
1.0478048324585
.96016259988149
1.0357723236084
.95918697118759
.95593494176865
.94276422262192
.94162601232529
1.0087804794312
.94471544027328
.96601625283559
.99642276763916
.94260162115097
.98178863525391
.93739837408066
.96617885430654
.94617885351181
.95284553368886
.94764226675034
.98943090438843
.95365852117538
1.0172357559204
.93853658437729
1.0068292617798
.95707317193349
.92601627111435
.96487804253896
.95040649175644
.99219512939453
.96292682488759
.94747966527939
.89040648937225
.93772357702255
.91756097475688
.9824390411377
.89089431365331
.94894307851791
.94926828145981
.94731708367666
.98943090438843
.95642274618149
1.0177235603333
.91056909163793
1.0004878044128
.97674798965454
.95674794912338
.96520324548086
.96975610653559
.93105691671371
.93186992406845
.95203250646591
.96308942635854
.96894307931264
.96308942635854
.9731707572937
.97658536831538
.96796749035517
.89642276366552
1.0076422691345
.97609758377075
.9526829123497
.98032520214717
.92764228582382
.99121952056885
.97186990578969
.97121951977412
.9622764190038
.93495935201645
.95105691750844
.95886178811391
.95593496163686
.9320325255394
.92520326375961
.98552844921748
.94048780202866
.96569106976191
1.0190243721008
.9626016219457
.93804877996445
.96016259988149
.94048780202866
.91739837328593
.89788617690404
.94146341085434
.93382114171982
1.0011382102966
.9004878004392
.93235772848129
.93951219320297
.93317073583603
1.0156097412109
.94894307851791
.96975608666738
.97186990578969
.97821138302485
.95349591970444
.98373983303706
.93626016378403
.93999999761581
.94715446233749
1.0455284118652
.99772357940674
.97089431683222
.98341464996338
.98308944702148
.98731708526611
.89951219161352
.98455284039179
.97105689843496
.92910569906235
.93869918584824
.98032522201538
.95252031087875
.95203250646591
.87073171138763
.99951219558716
.88601624965668
1.0097560882568
.96552842855453
.95691057046254
.93089431524277
.93447154760361
.95560975869497
.9759349822998
.95430892705917
.95869918664296
.94845527410507
.93300813436508
.95008128881454
.98422765731812
.99284553527832
.95788617928823
.93674796819687
.8973983724912
.95121949911118
1.0042276382446
.92032519976298
.97886180877686
1.0146341323853
.96813009182612
.97300815582275
.90796748797099
1.0252032279968
1.0128455162048
.96032518148422
.95430894692739
.93756097555161
.95186990499496
.99918699264526
.92471545934677
.97495935360591
1.0063414573669
.95821136236191
.94211381673813
.95317073663076
.87642276287079
.99073171615601
.92959350347519
.95138210058212
.97073169549306
.95073171456655
.98764226833979
.93186992406845
.94796746969223
.97170732418696
.94048780202866
.99560976028442
.92829269170761
1.0203251838684
.96373983224233
.95219510793686
.92211383581161
.94260162115097
.99333333969116
1.0053658485413
.94634145498276
.9203252196312
.9406504034996
1.0144715309143
.95089429616928
.9882926940918
.92065042257309
.94894307851791
.96926828225454
.92829269170761
.95447152853012
.95495933294296
.94308942556381
.87804877758026
.91821138064067
.88943088054657
.99821138381958
.97186992565791
.9042276541392
.95512195428212
.9626016219457
.95788617928823
.97349594036738
.95886178811391
.94048780202866
.993821144104
.9261788725853
.9440650343895
1.0017886161804
.90195121367772
.94715446233749
.9616259932518
.96634145577749
.96243902047475
.92943090200424
.95073171456655
.9941463470459
.98308942715327
.96585365136464
.95707315206528
.91170732180278
.96243902047475
.95024389028549
.90666667620341
.93869918584824
.97837400436401
.93447154760361
.96666665871938
.9554471373558
.99300813674927
.92829269170761
.90731706221898
.95756095647812
1.0250406265259
.90569104750951
.97382116317749
.91560975710551
.94715446233749
.96243902047475
.90195121367772
.96829267342885
.90715448061625
.98097560803095
.9653658469518
.91447156667709
1.0047154426575
.96308942635854
.97756099700928
.98601627349854
.94796746969223
.95804878075918
.92926830053329
.92341464757919
.98113822937012
.98341464996338
1.0104064941406
.97089431683222
.98617887496948
.97512195507685
.86796748638153
.94666665792465
.99772357940674
.92634145418803
.97626016537348
.96276424328486
.97869920730591
.95495935281118
.9759349822998
.9022763967514
1.0102438926697
.92195121447245
.86861789226532
.94617885351181
.92211383581161
.92065040270487
.91804879903793
.9694309035937
.94520324468613
.9035772283872
.92520326375961
.98699188232422
.94910567998886
.95154470205307
.98373985290527
.92845529317856
.9406504034996
.9567479689916
.97772357861201
1.0058536529541
.9656910498937
.97544715801875
.96048778295517
.92926830053329
.9848780632019
.9656910498937
.95869916677475
.9530081152916
.92081302404404
.95170730352402
.92845529317856
.97024389108022
.95691055059433
1.0003252029419
.94195121526718
.99170732498169
.90796748797099
.92991870641708
.94699186086655
1.0232520103455
.93691056966782
.91577237844467
.94520324468613
.93056911230087
.94845527410507
.9252032438914
.93252032995224
1.0045528411865
.90211383501689
.9557723402977
.97138210137685
.95073169469833
.98504066467285
.9289430975914
.95089429616928
.97869918743769
.8847154378891
1.0045528411865
.93235772848129
.90552844603856
.92943090200424
.90227643648783
.91073173284531
.97105689843496
.88910567760468
.9193495909373
.90991870562236
.97008130947749
.94926830132802
.91154472033183
.96504064400991
.9557723402977
.98455286026001
.97447154919306
.98227643966675
1.0312194824219
.90276424090068
.94357722997665
.93642276525497
.88552844524384
.92162603139877
.89040648937225
.90959350268046
.91430896520615
.92926830053329
.90471543868383
.95934957265854
.96991868813833
.94910567998886
.91495935122172
.85821139812469
.93999999761581
.92016261816025
.96146339178085
.89707314968109
.98910570144653
1.0391869544983
.95219510793686
.90569106737773
1.0016260147095
.92910569906235
.94048780202866
.9495934844017
.90487804015478
.90211381514867
.94796746969223
.90715448061625
.90227641661962
.89560975631078
.88894307613373
.97105693817139
.93723577260971
.9635772506396
.98016262054443
.88227641582489
.93235772848129
.90796748797099
.91398376226425
.94845527410507
.92747968435287
.92471545934677
.95934957265854
.93447154760361
.92243903875351
.92926830053329
.9468292593956
.94943088293076
.89056911071142
.93642276525497
.92130082845688
.94926828145981
.97073169549306
.92666667699814
.92861789464951
.89495935042699
.94292682409286
.95252033074697
.9347967505455
.92406505346298
.92048780123393
.87138211727142
1.05382112662
.92861789464951
.93024390935898
.9091056783994
1.0008130073547
.92731708288193
.95869918664296
.9317073225975
.96373983224233
.97479673226674
.89008128643036
.95593494176865
.94813007116318
.88731706142426
.96276420354843
.91430896520615
.9409756064415
.97040651241938
.9762601852417
.93252032995224
.96097558736801
.93024390935898
.92601627111435
.95788615942001
.9526829123497
.94146341085434
.92113820711772
.90097560485204
.9437398314476
.9100813070933
.93252032995224
.88991868495941
.93365854024887
.91967481374741
.9261788725853
.99073171615601
.9465040564537
.94016259908676
.92016261816025
.99804878234863
.98666665951411
.95463414986928
.88699187835058
.90260161956151
.87414634227753
.93544715642929
.92065042257309
.90796748797099
.97089431683222
.88894307613373
.89252030849457
.95609756310781
.96682928005854
.90439025561015
.91447154680888
.94845527410507
.9508943160375
.87382113933563
.92162603139877
.94861787557602
.87756097316742
.9406504034996
.91983741521835
.91170734167099
.90260163942973
.96585367123286
.95999997854233
.95317071676254
.99252033233643
.90292684237162
.91967479387919
.90406503280004
.94422763586044
.89008128643036
.93089431524277
.88666665554047
.91235772768656
.94634145498276
.90536584456762
.98552846908569
.87073171138763
.88601624965668
.88178861141205
.85512195030848
.85073173046112
.91804879903793
.9647154211998
.95869916677475
.91869920492172
.91886178652445
.97284553448359
.94975610574086
.89544713497162
.90292682250341
.91804879903793
.86650407314301
.93333333730698
.91886180639267
.98341463009516
.87203252315521
.89268290996552
.91577237844467
.90796746810277
.87658536434174
.86894309520721
.91560975710551
.91609758138657
.94081300497055
.87967479228973
.92731708288193
.91756099462509
.87024390697479
.96373983224233
.92715448141098
.88894307613373
.91886180639267
.9317073225975
.92373985052109
.8843902349472
.91886180639267
.95073169469833
.92243903875351
.93414634466171
.91837400197983
.92260164022446
.89447154601415
.95463414986928
.97089431683222
.98065042495728
.86308944225311
.97349594036738
.92796748876572
.95967479546865
.91967479387919
.90699185927709
.90601625045141
.94439023733139
.93674796819687
.94634145498276
.94081300497055
.9063414533933
.92829269170761
.89268290996552
.89349593718847
.91430896520615
.93495933214823
.90162601073583
.87967479228973
.96910568078359
.93463414907455
.95300813515981
.94845527410507
.92243903875351
.89609754085541
.92081302404404
.93463414907455
.91853660345078
.91495935122172
.88520324230194
.94113820791245
.87902438640594
.94357724984487
.95414632558823
.91544717550278
.87723577022552
.90780488650004
.92715448141098
.94260162115097
.90894309679667
.96715448300044
.95382112264633
.93463414907455
.89544713497162
.96715446313222
.9162601629893
.93902438879013
.89430892467499
.8816260099411
.91463414827983
.92780488729477
.90861787398656
.9169105887413
.9468292593956
.90471543868383
.91934961080551
.90390243132909
.91479674975077
.91365855932236
.87609755992889
.95788615942001
.87691056728363
.89560973644257
.89593495925268
.9230894446373
.88325202465057
.90048782030741
.90373982985814
.91138211886088
.93138211965561
.91886178652445
.90617887179057
.95073169469833
.94829267263412
.86081302165985
.99138212203979
.8699187040329
.93658536672592
.89723577102025
.88211381435394
.90146340926488
.93219512701035
.84471545616786
.84634145100911
.88504064083099
.92813009023666
.93821138143539
.90308940410614
.89658534526825
.99593496322632
.85886180400848
.88861787319183
.94910567998886
.87024390697479
.92504066228867
.88910567760468
.90276422103246
.90113820632299
.93853658437729
.93999999761581
.88764226436615
.9032520254453
.87073171138763
.87252032756805
.93138211965561
.88975608348846
.96569106976191
.93756097555161
.92471545934677
.95349593957265
.93593496084213
.91495937108994
.88731706142426
.87723577022552
.90406503280004
.88520324230194
.95642274618149
.90097560485204
.85674796501795
.85349593559901
.84552846352259
.88861787319183
.92471545934677
.86796748638153
.96308940649033
.87560975551605
.90975608428319
.91170734167099
.93707317113876
.8847154378891
.93040651082993
.91723577181498
.89967479308446
.87788617610931
.95024389028549
.92260164022446
.87951219081879
.91089431444804
.94813007116318
.93268293142319
.90455283721288
.87658536434174
.91967481374741
.91804877916972
.92699187994003
.90471543868383
.88390243053436
.94390243291855
.89853658278783
.93983739614487
.93739837408066
.85056910912196
.93707317113876
.92097562551498
.90959350268046
.84243901570638
.93869918584824
.89983739455541
.96585363149643
.90585366884867
.87398374080658
.875772356987
.86861789226532
.89528453350067
.90243901809057
.86829268932343
.91479676961899
.87707316875458
.89902436733246
.92861789464951
.86601626873016
.92552846670151
.92016261816025
.89869916439056
.89138209819794
.89235770702362
.8222764134407
.93349593877792
.91512195269267
.91268293062846
.86000001430511
.92959350347519
.88097560405731
.92146341005961
.90520324309667
.87756097316742
.86975608269374
.95560973882675
.93365854024887
1.0300812721252
.96520324548086
.91658538579941
.8448780576388
.85560977458954
.91300813357035
.89577233791351
.87528455257416
.89821137984594
.83739837010701
.90975608428319
.8754471540451
.92373985052109
.89691054821014
.89365853865941
.87430894374847
.9440650343895
.84845528999964
.91495937108994
.88715445995331
.91284553209941
.93609756231308
.86308944225311
.89333333571752
.89918698867162
.82455283403397
.87317073345184
.8843902349472
.88487803936005
.89804877837499
.872682929039
.89219510555267
.89349591732025
.89447154601415
.85772359371185
.9495934844017
.90487804015478
.94796746969223
.98081302642822
.88504064083099
.85951220989227
.85918700695038
.87154471874237
.88081300258636
.91073171297709
.91073171297709
.88227641582489
.96487804253896
.97951221466064
1.0165853500366
1.124227643013
.95593496163686
.92536586523056
.9622764190038
1.0120325088501
.94699186086655
.97853658596675
.9879674911499
.993170718352
1.0136585235596
.9694309035937
.99186992645264
1.0510568618774
.9972357749939
.99512195587158
.97056909402211
.99203252792358
.9783739844958
.99300813674927
.95138210058212
1.0434145927429
.96666665871938
.96032520135244
1.049430847168
.97609756390254
1.0320324897766
.96292684475581
.97918701171875
1.0086178779602
1.0050406455994
1.003089427948
1.015284538269
.9626016219457
1.0073170661926
.96878049770991
.97040651241938
1.0016260147095
.99333333969116
.95967477560043
1.0226016044617
1.0321950912476
1.0258536338806
.9585365653038
.99268293380737
.94943088293076
1.0217885971069
.97463415066401
1.0489430427551
1.0110569000244
.97707319259644
.96178859472275
.98780488967896
1.0170731544495
1.0354471206665
1.0191869735718
.98081302642822
.96894307931264
.9440650343895
.9687804778417
1.0019512176514
1.0037398338318
.97967479626338
.99430894851685
1.0131707191467
1.0243902206421
.98845527569453
.97268295288086
1.0144715309143
.90439023574193
1.0217885971069
1.0047154426575
1.0117073059082
.98357725143433
.95186990499496
1.0157723426819
.98601627349854
1.0001626014709
.98731708526611
.97593496243159
1.041300813357
1.0071544647217
1.0068292617798
.98959350585937
1.01544713974
.97642278671265
.96081300576528
1.0253658294678
.96357723077138
1.0110569000244
1.052357673645
.98325202862422
.98292684555054
.99073171615601
1.0273170471191
1.0095934867859
1.0108942985535
1.0500812530518
.99788618087769
.94439023733139
1.030731678009
1.0065040588379
1.0679674943288
.96682926019033
.98764228820801
.97577236096064
.97560977935791
1.1344715356827
1.052520275116
1.0063414573669
1.0037398338318
.95821136236191
1.0095934867859
.99495935440063
1.0239024162292
.96243902047475
.97495937347412
.99252033233643
.96065038442612
1.0255284309387
1.036910533905
.99902439117432
.97186990578969
1.0043902397156
1.0286178588867
1.0500812530518
1.0159349441528
1.0078048706055
1.0206503868103
1.0222764015198
.97772357861201
1.0226016044617
1.0196747779846
1.0239024162292
1.0354471206665
.95788617928823
1.0325202941895
1.0390243530273
1.0078048706055
1.006178855896
1.0190243721008
.97658538818359
.97040649255117
1.0130081176758
1.0936585664749
1.0052032470703
.97024389108022
1.0744715929031
1.0182113647461
1.0691057046254
1.0256910324097
1.0507316589355
1.0310568809509
1.0073170661926
1.0239024162292
1.0160975456238
1.0460162162781
1.0445528030396
.97040651241938
1.043089389801
1.0409755706787
1.0679675340652
1.0289430618286
1.0816260576248
1.0240650177002
1.059999982516
1.0279674530029
1.0521950721741
1.040162563324
1.0762602090836
1.0513820648193
1.0671544869741
1.0603252251943
1.1159349679947
1.021625995636
1.0564227104187
1.0590243736903
1.0910569429398
1.0665040413539
1.0274796485901
1.0320324897766
1.046178817749
1.0622764428457
1.1297560930252
1.1289430856705
1.0985366106033
1.0863415002823
1.1300812959671
1.1959349314372
1.1468292474747
1.1666666269302
1.1900813182195
1.2643902301788
1.2162601947784
1.2534959316254
1.3447154760361
1.302276412646
1.3585366010666
1.3469918966293
1.2832520008087
1.3557723760605
1.4099186658859
1.3668292760849
1.3843902349472
1.4037398099899
1.4482926925023
1.3847154378891
1.4292682806651
1.4678049087524
1.4580488204956
1.5686179002126
1.509105682373
1.4364227851232
1.5151219367981
1.5255284706752
1.5344715118408
1.5188617706299
1.5409756104151
1.6213008165359
1.5118699073792
1.5295934677124
1.5892683267593
1.6095935106277
1.6263414621353
1.6133333444595
1.5925203561783
1.6461788415909
1.5850406885147
1.5343089501063
1.5943089723587
1.6369105577469
1.566016236941
1.5588618119558
1.5804878473282
1.5699187119802
1.5656910737356
1.5481300354004
1.5777236223221
1.5858536958694
1.6060162782669
1.5362601280212
1.6097561120987
1.5502438545227
1.4970731735229
1.5074796676636
1.4873170852661
1.4813008308411
1.503089427948
1.5154471794764
1.4323577086131
1.4772357940674
1.3868292570114
1.3687804937363
1.3474797010422
1.3492683172226
1.3117072979609
1.2834146022797
1.2720324993134
1.2786991596222
1.2278048992157
1.2117073535919
1.1645528078079
1.1219512224197
1.2159349918365
1.1097561120987
1.1556097269058
1.0986992120743
1.1845528682073
1.0886179208755
1.0417885780334
1.0429267883301
1.1013008356094
1.1004878282547
1.0650406678518
1.0751219987869
1.1009756326675
1.0619512399038
1.0590243736903
1.093333363533
1.0531707207362
1.072195092837
1.0032520294189
.98276422421137
1.0346341133118
1.053658525149
1.0788617928823
1.0435771942139
1.0354471206665
1.0386991898219
1.1016260385513
1.0167479515076
1.0213007926941
1.0595121781031
1.0186991691589
1.0385365486145
1.0921951532364
1.0164227485657
1.0019512176514
1.0021138191223
1.0419511795044
.96715448300044
1.0645528634389
1.0897561311722
1.0099186897278
1.0209755897522
1.0609755913417
.98747968673706
1.1564227342606
1.0043902397156
1.0754471619924
.99593496322632
1.0414633750916
1.0331707000732
1.0315446853638
1.0448780059814
1.0125203132629
1.1144715547562
1.0551218986511
1.047642270724
1.0076422691345
1.0565853516261
1.0442276000977
1.0466666221619
1.0040650367737
1.0673171281815
1.0533333222071
1.027642250061
1.0912195444107
1.0113821029663
1.0071544647217
1.0822764635086
1.0089430809021
.9653658469518
1.0502438545227
1.0248780250549
1.0570731163025
1.0409755706787
1.0390243530273
1.0541463295619
1.0055284500122
1.0580487648646
.99056911468506
1.0367479324341
1.0175609588623
1.0232520103455
1.0640650590261
1.0395121574402
1.0562601089478
1.0372357368469
1.0105690956116
1.0256910324097
1.0510568618774
1.0047154426575
1.0726829767227
.97317071755727
1.0177235603333
1.0429267883301
1.0266666412354
1.0224390029907
1.0585365692774
1.0427641868591
1.0546341339747
.98894308010737
.993821144104
.99284553527832
1.0164227485657
1.0621138016383
1.0471544265747
1.0196747779846
1.0196747779846
.95804878075918
1.0172357559204
.98065040508906
1.0744715929031
1.0188617706299
.98585367202759
1.0321950912476
.95398374398549
.96211381753286
1.0014634132385
.94666665792465
.99967479705811
1.0104064941406
1.0204877853394
1.0209755897522
1.0426015853882
.97918701171875
1.0175609588623
.99089431762695
1.0208129882812
1.0139837265015
1.0074796676636
1.0242276191711
1.0198373794556
.96910568078359
.99154472351074
.986991862456
.99138212203979
1.0315446853638
1.0136585235596
1.0627642075221
.97788618008296
1.0388617515564
.96764228741328
1.0165853500366
1.0190243721008
1.102601647377
.98341464996338
1.0191869735718
.96325202782949
1.0006504058838
.98926830291748
1.0157723426819
.98682928085327
1.0078048706055
1.0227642059326
1.0019512176514
.98000001907349
.99642276763916
.99252033233643
.996910572052
1.0073170661926
.99186992645264
1.0095934867859
1.0082926750183
1.0258536338806
1.0378861427307
1.0035772323608
.98487804333369
1.074796795845
.95593496163686
.96130081017812
.99056911468506
1.0235772132874
1.0512195030848
.99089431762695
.99138212203979
1.0084552764893
.98617887496948
1.0619512001673
.94747966527939
.97479677200317
1.0013008117676
1.018373966217
.98308944702148
.97056911389033
1.0268292427063
.99040651321411
1.0029268264771
1.0427641868591
1.0043902397156
.98601627349854
.9564227660497
.98341464996338
1.0613007942835
1.0707317193349
.94390243291855
.97707315286001
1.0435772339503
1.0178861618042
.99121952056885
1.0042276382446
.94926828145981
1.0113821029663
1.0284552574158
1.0321950912476
1.0141463279724
1.027642250061
1.0130081176758
1.0112195014954
.9882926940918
.9879674911499
1.0500812927882
1.0710568825404
.98910570144653
1.0159349441528
1.0336585044861
1.0219511985779
1.0095934867859
1.0287804603577
.97495935360591
.96439023812612
.99284553527832
.99138212203979
1.1349593400955
1.0227642059326
1.0217885971069
.99430894851685
1.0071544647217
.99089431762695
1.1034146547318
1.0323576927185
.97170732418696
.93040651082993
1.0167479515076
.9811382095019
1.0230894088745
1.0531707207362
1.0042276382446
1.0546340942383
1.0221138000488
.99398374557495
1.0097560882568
1.0040650367737
1.0065040588379
1.0333333015442
.99739837646484
1.0206503868103
.97349592049917
.96747968594233
.96731706460317
1.0250406265259
.96455285946528
1.049268245697
.96991870800654
.97821140289307
1.0414633750916
1.0614633957545
.98227641979853
1.0086178779602
1.0307317177455
1.0133333206177
1.0069918632507
1.0643902222315
1.0775610208511
.97056909402211
.96552844842275
1.0609756310781
.993821144104
1.0346341133118
.97821140289307
.94260162115097
.9663414756457
1.01544713974
1.0170731544495
.97853658596675
1.0497560898463
.95642274618149
1.0117073059082
1.0320324897766
.97967479626338
.96520324548086
.96211383740107
1.0089430809021
1.0048780441284
.9619511961937
1.0056910514832
.94601625204086
.98634147644043
1.0058536529541
.98325202862422
1.0227642059326
.99447154998779
.9762601852417
1.0234146118164
.99983739852905
1.0006504058838
1.0552845398585
1.0063414573669
.95837396383286
1.0227642059326
.99219512939453
.96178861459096
1.027804851532
.97398374478022
.99821138381958
.99463415145874
1.0056910514832
.98325204849243
.97512195507685
1.0043902397156
1.0173983573914
1.0694308678309
.96829269329707
1.0180487632751
1.0731707811356
1.0372357368469
1.0022764205933
.97739839553833
1.0134959220886
.98504066467285
.98699188232422
.98813009262085
.993821144104
.94910567998886
.98406505584717
1.0026016235352
.93674796819687
.99609756469727
.99918699264526
1.006178855896
.93853658437729
1.0133333206177
.9752845565478
1.0297560691833
.98357725143433
1.0237398147583
.94113820791245
1.0016260147095
1.0004878044128
.98016260067622
.95593494176865
1.0271544456482
.98520324627558
1.0398373603821
1.0126829147339
1.0001626014709
1.0160975456238
.93219512701035
1.0279674530029
.99219512939453
.96552846829096
1.0081300735474
.99447154998779
1.0034146308899
1.0052032470703
1.015284538269
.98894309997559
1.0019512176514
.98455286026001
.9962601463
1.0284552574158
1.052520275116
.96292682488759
1.0022764205933
1.074959397316
1.0045528411865
.996910572052
.95024389028549
.96601627270381
.99073169628779
.97642276684443
1.0139837265015
.98308942715327
1.0570731560389
1.024552822113
1.0126829147339
1.0079674720764
1.0346341133118
1.0543089310328
1.0162601470947
.99934959411621
.95040649175644
1.0564227501551
1.0385365486145
1.018373966217
.99918699264526
.95756095647812
.98617887496948
1.0182113647461
.96520324548086
.93886178731918
.96097560723623
.99772357940674
1.0047154426575
.96861789623896
1.0679674943288
.97853658596675
1.0479674339294
.97853660583496
1.0029268264771
1.0190243721008
.99609756469727
.99284553527832
.99577236175537
.99674797058105
.98845529556274
.95626014471054
1.0100812911987
.98439025878906
1.0009756088257
1.0017886161804
1.0265040397644
1.0543089310328
.98178863525391
1.0359349250793
.97317073742549
.97284553448359
.99528455734253
1.0147967338562
1.021463394165
.98650407791138
1.006178855896
1.027642250061
1.0521951119105
1.0110569000244
.95739837487539
.99121952056885
1.0076422691345
.94487804174423
1.0001626014709
1.0352845191956
1.0403251647949
1.0512194633484
.98260164260864
1.0073170661926
1.0017886161804
1.0162601470947
1.0138211250305
1.0130081176758
1.0271544456482
1.0167479515076
1.0117073059082
.97707319259644
.98016260067622
.98390245437622
1.0026016235352
1.0343089103699
.98016262054443
1.0229268074036
1.027642250061
.9793496131897
1.0003252029419
1.0063414573669
.99853658676147
.99560976028442
1.0562601486842
1.0095934867859
.95934957265854
.98178863525391
1.0107316970825
.98926830291748
1.0032520294189
1.0681300957998
1.0034146308899
.98195123672485
1.0105690956116
1.0094308853149
1.0261788368225
1.0136585235596
1.0383739471436
1.0164227485657
.94796746969223
.96813009182612
1.1193495988846
.97056909402211
1.0021138191223
.9848780632019
1.1105691194534
1.0191869735718
1.0172357559204
1.0520325104396
.96747966607412
.94601625204086
.99252033233643
.97609758377075
.97821138302485
.96390243371328
.98813007275263
.94520324468613
1.012357711792
.99674797058105
.99235773086548
1.021625995636
1.003089427948
1.0252032279968
1.0017886161804
1.0250406265259
1.0429267883301
.99349594116211
1.0237398147583
.9725203315417
1.0608130296071
.98130083084106
.99512195587158
1.0504064559937
1.0143089294434
.94926828145981
.97268293301264
1.0131707191467
1.0131707191467
.95073169469833
.9691057006518
1.0390243530273
.98682928085327
1.0572357575099
.99170732498169
.98552846908569
1.0265040397644
1.0165853500366
1.0349593162537
1.0160975456238
.96162601312002
1.0095934867859
.99512195587158
1.0095934867859
.97447154919306
1.0219511985779
.99170730511347
.97186992565791
.99252033233643
.94943088293076
1.0014634132385
1.0395121574402
.9821138381958
.97235773007075
1.0173983573914
1.0458536148071
1.0266666412354
1.0382113456726
1.0429267883301
.9972357749939
1.0086178779602
.98780486981074
.9821138381958
.98813009262085
.99073171615601
.99626016616821
.94845527410507
.94439023733139
.99951219558716
.98617887496948
1.0229268074036
.99479675292969
.95333331823349
.98926830291748
.98975608746211
1.0136585235596
.99170732498169
.95658534765244
1.0261788368225
1.0424389839172
.9882926940918
.990081290404
.9073170820872
1.0045528411865
1.0146341323853
1.0229268074036
.97365852197011
1.0426015853882
.93593494097392
1.0081300735474
.93772357702255
.98943090438843
.99804878234863
1.0097560882568
1.0017886161804
1.0086178779602
1.0239024162292
1.0437397956848
.97463415066401
1.0133333206177
1.0489430824916
.98926830291748
.94715446233749
1.0299186706543
1.0144715309143
1.0105690956116
1.0341463088989
1.0263414382935
1.009105682373
.96195121606191
1.0040650367737
.98390245437622
.97268293301264
1.0495934486389
.99837398529053
.95382112264633
1.0487804810206
.93853658437729
.95691057046254
1.024552822113
1.0274796485901
.98699188232422
1.018373966217
.95398374398549
1.0001626014709
.95674794912338
.98634147644043
1.0151219367981
1.0011382102966
1.0165853500366
.98943090438843
.96455283959707
.96178861459096
.95414632558823
1.0240650177002
.97544717788696
1.0151219367981
1.0564227104187
.97495935360591
1.0204877853394
.97691057125727
.93626016378403
1.0627642472585
.95837398370107
.94195121526718
1.0004878044128
.98325204849243
1.0164227485657
1.0029268264771
.96975610653559
.95756097634633
.98959348599116
1.0263414382935
.9941463470459
1.003089427948
.95398372411728
.99512195587158
.96666665871938
1.0022764205933
.96634145577749
.98943090438843
.9752845565478
1.0255284309387
.95707317193349
1.0045528411865
.91804879903793
.96975610653559
.94341462850571
1.0117073059082
1.0178861618042
1.0577235619227
.97024391094844
.98292684555054
.97333333889643
.95869916677475
.94796746969223
.92390245199203
1.0320324897766
1.0013008117676
.96861789623896
1.0079674720764
1.0053658485413
.99674797058105
.98536584774653
.94569104909897
.98243902126948
.96357723077138
1.0037398338318
.97853658596675
.93886178731918
.97121951977412
1.0143089294434
.96682926019033
.9440650343895
.95495933294296
1.0052032470703
.93642276525497
.99495935440063
.97073169549306
.9557723402977
.97333333889643
1.0138211250305
1.0213007926941
.97105689843496
1.0014634132385
1.009268283844
.94455283880234
.99512195587158
.99658536911011
1.0009756088257
.94943090279897
.97609756390254
.98032520214717
1.0073170661926
.93886178731918
.9289430975914
.99219512939453
.97577236096064
.95788615942001
1.0510569016139
.91154472033183
.97642276684443
.97073169549306
1.0157723426819
.97967479626338
.91463416814804
.94520324468613
1.0100812911987
.96211383740107
.99398374557495
.96796747048696
.96617887417475
1.0162601470947
.92650405565898
.94796746969223
.95056909322739
1.0261788368225
.97495935360591
.96520324548086
1.0182113647461
.97495935360591
.9694309035937
1.0235772132874
.93528455495834
.98975610733032
.96650407711665
.96373983224233
.99739837646484
.93886178731918
.89869918425878
.97349594036738
1.0227642059326
.91463416814804
.93056911230087
.98325204849243
.99528455734253
.92195121447245
.99577236175537
.95691055059433
.97869920730591
.99739837646484
.97203252712886
.95560975869497
.9626016219457
.98764228820801
1.0141463279724
.98325202862422
1.0445528030396
.9526829123497
.96520326534907
.90178859233856
.96032520135244
.93495935201645
.99707317352295
1.0201625823975
.96926830212275
.96146341164907
.9721951285998
.99203252792358
.9585365653038
.90845529238383
.99512195587158
.9536585410436
1.0034146308899
.97934959332148
.95967479546865
.9465040564537
1.0078048706055
.95658536752065
.98552846908569
1.0003252029419
.97560977935791
.95398374398549
.97723579406738
.95495933294296
.98162603378296
.97658536831538
.93918699026108
.96146341164907
.95528453588486
1.0011382102966
.97999999920527
.95512193441391
.90943090120951
.93691056966782
.94666665792465
.94422763586044
.9495934844017
1.0066666603088
.94926828145981
.94796746969223
.96894309918086
1.0097560882568
.92634147405624
.92780488729477
.98764228820801
.92455285787582
.96552844842275
.95430892705917
.99138212203979
.92406505346298
.93658536672592
.98178863525391
1.0824390649796
1.0048780441284
.91479674975077
.94813007116318
.98666667938232
1.0429267883301
.93528455495834
.95772355794907
.96585365136464
.96178861459096
.98048780361811
.99284553527832
.99073171615601
.96504064400991
1.0144715309143
.98146343231201
.96487802267075
.99837398529053
.94487804174423
.92910569906235
.93577235937119
.94845529397329
.97284553448359
.92016261816025
.93024390935898
.95040649175644
.95105689764023
.92878049612045
.95967479546865
.94113820791245
.89626016219457
.93804877996445
.95626014471054
.93495935201645
.99512195587158
.88032519817352
.9406504034996
.95203250646591
.94162601232529
.95788617928823
1.0320324897766
.94536584615707
.95853658517202
.98455286026001
.93658536672592
.88682925701141
.92471545934677
.9320325255394
.95528453588486
.88764226436615
.97463417053223
.95837398370107
.91658536593119
.91642278432846
1.0136585235596
.92601627111435
.94829267263412
.97284553448359
.88211381435394
.9465040564537
.90439025561015
.92227643728256
.92764228582382
.89268290996552
.89902438720067
.872682929039
.88699185848236
.91902440786362
.91024390856425
.93056911230087
.92195121447245
.90536586443583
.97073171536128
.91934961080551
.89739835262299
.85463414589564
.92097562551498
.89788617690404
.96357723077138
.88926827907562
.9190243879954
.89121949672699
.92682927846909
.88910567760468
.89918698867162
.94943088293076
.8878048658371
.84878049294154
.93138211965561
.89934959014257
.96699188152949
.90991870562236
.84162602821986
.89284553130468
.89186990261078
.90243899822235
.9289430975914
.8905690908432
.82276421785355
.89821135997772
.89691056807836
.93138211965561
.88796746730804
.85317073265711
.86292684078217
.91886180639267
.86894309520721
.9138211607933
.90292682250341
.85967481136322
.88520324230194
.8630894223849
.86829268932343
.8878048658371
.86796748638153
.90260161956151
.89804877837499
.92406505346298
.81105691194534
.90845529238383
.92097560564677
.90260161956151
.89918700853984
.82227643330892
.90959350268046
.85577237606049
.9032520254453
.90715446074804
.81040650606155
.83300811052322
.83967481056849
.91186992327372
.88861787319183
.91203252474467
.83056910832723
.84032519658407
.83756097157796
.84780488411585
.88747968276342
.85252034664154
.81495934724808
.84439023335775
.87609755992889
.86796748638153
.79691058397293
.85252034664154
.87804877758026
.83609757820765
.87349593639374
.87756097316742
.82373982667923
.89203250408173
.87056910991669
.83902438481649
.89349593718847
.81593495607376
.82195121049881
0
0
0
0
0
0
0
0
0
0
0
0
0
0
0
0
0
0
0
0
0
0
0
0
0
0
0
0
0
0
0
0
0
0
0
0
0
0
0
0
0
0
0
0
0
0
0
0
0
0
0
0
0
0
0
0
0
0
0
0
0
0
0
0
0
0
0
0
0
0
0
0
0
0
0
0
0
0
0
0
0
0
0
0
0
0
0
0
0
0
0
0
0
0
0
0
0
0
0
0
0
0
0
0
0
0
0
0
0
0
0
0
0
0
0
0
0
0
0
0
0
0
0
0
0
0
0
0
0
0
0
0
0
0
0
0
0
0
0
0
0
0
0
0
0
0
0
0
0
0
0
0
0
0
0
0
0
0
0
0
0
0
0
0
0
0
0
0
0
0
0
0
0
0
0
0
0
0
0
0
0
0
0
0
0
0
0
0
0
0
0
0
0
0
0
0
0
0
0
0
0
0
0
0
0
0
0
0
0
0
0
0
0
0
0
0
0
0
0
0
0
0
0
0
0
0
0
0
0
0
0
0
0
0
0
0
0
0
0
0
0
0
0
0
0
0
0
0
0
0
0
0
0
0
0
0
0
0
0
0
0
0
0
0
0
0
0
0
0
0
0
0
0
0
0
0
0
0
0
0
0
0
0
0
0
0
0
0
0
0
0
0
0
0
0
0
0
0
0
0
0
0
0
0
0
0
0
0
0
0
0
0
0
0
0
0
0
0
0
0
0
0
0
0
0
0
0
0
0
0
0
0
0
0
0
0
0
0
0
0
0
0
0
0
0
0
0
0
0
0
0
0
0
0
0
0
0
0
0
0
0
0
0
0
0
0
0
0
0
0
0
0
0
0
0
0
0
0
0
0
0
0
0
0
0
0
0
0
0
0
0
0
0
0
0
0
0
0
0
0
0
0
0
0
0
0
0
0
0
0
0
0
0
0
0
0
0
0
0
0
0
0
0
0
0
0
0
0
0
0
0
0
0
0
0
0
0
0
0
0
0
0
0
0
0
0
0
0
0
0
0
0
0
0
0
0
0
0
0
0
0
0
0
0
0
0
0
0
0
0
0
0
0
0
0
0
0
0
0
0
0
0
0
0
0
0
0
0
0
0
0
0
0
0
0
0
0
0
0
0
0
0
0
0
0
0
0
0
0
0
0
0
0
0
0
0
0
0
0
0
0
0
0
0
0
0
0
0
0
0
0
0
0
0
0
0
0
0
0
0
0
0
0
0
0
0
0
0
0
0
0
0
0
0
0
0
0
0
0
0
0
0
0
0
0
0
0
0
0
0
0
0
0
0
0
0
0
0
0
0
0
0
0
0
0
0
0
0
0
0
0
0
0
0
0
0
0
0
0
0
0
0
0
0
0
0
0
0
0
0
0
0
0
0
0
0
0
0
0
0
0
0
0
0
0
0
0
0
0
0
0
0
0
0
0
0
0
0
0
0
0
0
0
0
0
0
0
0
0
0
0
0
0
0
0
0
0
0
0
0
0
0
0
0
0
0
0
0
0
0
0
0
0
0
0
0
0
0
0
0
0
0
0
0
0
0
0
0
0
0
0
0
0
0
0
0
0
0
0
0
0
0
0
0
0
0
0
0
0
0
0
0
0
0
0
0
0
0
0
0
0
0
0
0
0
0
0
0
0
0
0
0
0
0
0
0
0
0
0
0
0
0
0
0
0
0
0
0
0
0
0
0
0
0
0
0
0
0
0
0
0
0
0
0
0
0
0
0
0
0
0
0
0
0
0
0
0
0
0
0
0
0
0
0
0
0
0
0
0
0
0
0
0
0
0
0
0
0
0
0
0
0
0
0
0
0
0
0
0
0
0
0
0
0
0
0
0
0
0
0
0
0
0
0
0
0
0
0
0
0
0
0
0
0
0
0
0
0
0
0
0
0
0
0
0
0
0
0
0
0
0
0
0
0
0
0
0
0
0
0
0
0
0
0
0
0
0
0
0
0
0
0
0
0
0
0
0
0
0
0
0
0
0
0
0
0
0
0
0
0
0
0
0
0
0
0
0
0
0
0
0
0
0
0
0
0
0
0
0
0
0
0
0
0
0
0
0
0
0
0
0
0
0
0
0
0
0
0
0
0
0
0
0
0
0
0
0
0
0
0
0
0
0
0
0
0
0
0
0
0
0
0
0
0
0
0
0
0
0
0
0
0
0
0
0
0
0
0
0
0
0
0
0
0
0
0
0
0
0
0
0
0
0
0
0
0
0
0
0
0
0
0
0
0
0
0
0
0
0
0
0
0
0
0
0
0
0
0
0
0
0
0
0
0
0
0
0
0
0
0
0
0
0
0
0
0
0
0
0
0
0
0
0
0
0
0
0
0
0
0
0
0
0
0
0
0
0
0
0
0
0
0
0
0
0
0
0
0
0
0
0
0
0
0
0
0
0
0
0
0
0
0
0
0
0
0
0
0
0
0
0
0
0
0
0
0
0
0
0
0
0
0
0
0
0
0
0
0
0
0
0
0
0
0
0
0
0
0
0
0
0
0
0
0
0
0
0
0
0
0
0
0
0
0
0
0
0
0
0
0
0
0
0
0
0
0
0
0
0
0
0
0
0
0
0
0
0
0
0
0
0
0
0
0
0
0
0
0
0
0
0
0
0
0
0
0
0
0
0
0
0
0
0
0
0
0
0
0
0
0
0
0
0
0
0
0
0
0
0
0
0
0
0
0
0
0
0
0
0
0
0
0
0
0
0
0
0
0
0
0
0
0
0
0
0
0
0
0
0
0
0
0
0
0
0
0
0
0
0
0
0
0
0
0
0
0
0
0
0
0
0
0
0
0
0
0
0
0
0
0
0
0
0
0
0
0
0
0
0
0
0
0
0
0
0
0
0
0
0
0
0
0
0
0
0
0
0
0
0
0
0
0
0
0
0
0
0
0
0
0
0
0
0
0
0
0
0
0
0
0
0
0
0
0
0
0
0
0
0
0
0
0
0
0
0
0
0
0
0
0
0
0
0
0
0
0
0
0
0
0
0
0
0
0
0
0
0
0
0
0
0
0
0
0
0
0
0
0
0
0
0
0
0
0
0
0
0
0
0
0
0
0
0
0
0
0
0
0
0
0
0
0
0
0
0
0
0
0
0
0
0
0
0
0
0
0
0
0
0
0
0
0
0
0
0
0
0
0
0
0
0
0
0
0
0
0
0
0
0
0
0
0
0
0
0
0
0
0
0
0
0
0
0
0
0
0
0
0
0
0
0
0
0
0
0
0
0
0
0
0
0
0
0
0
0
0
0
0
0
0
0
0
0
0
0
0
0
0
0
0
0
0
0
0
0
0
0
0
0
0
0
0
0
0
0
0
0
0
0
0
0
0
0
0
0
0
0
0
0
0
0
0
0
0
0
0
0
0
0
0
0
0
0
0
0
0
0
0
0
0
0
0
0
0
0
0
0
0
0
0
0
0
0
0
0
0
0
0
0
0
0
0
0
0
0
0
0
0
0
0
0
0
0
0
0
0
0
0
0
0
0
0
0
0
0
0
0
0
0
0
0
0
0
0
0
0
0
0
0
0
0
0
0
0
0
0
0
0
0
0
0
0
0
0
0
0
0
0
0
0
0
0
0
0
0
0
0
0
0
0
0
0
0
0
0
0
0
0
0
0
0
0
0
0
0
0
0
0
0
0
0
0
0
0
0
0
0
0
0
0
0
0
0
0
0
0
0
0
0
0
0
0
0
0
0
0
0
0
