.85967481136322
.80504065752029
.7985365986824
.82975608110428
.80552846193314
.79398373762767
.80731705824534
.82650405168533
.86227643489838
.79918700456619
.83853658040365
.79756098985672
.81495934724808
.81528455018997
.77512192726135
.83300811052322
.82910567522049
.78975611925125
.87398374080658
.85170731941859
.86764228343964
.79918700456619
.93577235937119
.84162602821986
.90211381514867
.79235774278641
.81284552812576
.85658538341522
.82487803697586
.79495934645335
.86780488491058
.85365855693817
.86536586284637
.87073171138763
.87756097316742
.83983741203944
.86455285549164
.8346341252327
.87918698787689
.92650407552719
.83186992009481
.86569106578827
.85983741283417
.87398374080658
.86829268932343
.91138211886088
.94634145498276
.83821137746175
.91300815343857
.89252030849457
.81869918107986
.84780488411585
.84390244881312
.87463414669037
.90813008944194
.87203252315521
.8964227437973
.82487803697586
1.0458536148071
.83999999364217
.91951221227646
.88016259670258
.88032519817352
.86634147167206
.90439023574193
.87121951580048
.9200000166893
.87739837169647
.89414634307226
.94552844762802
.98861789703369
.9347967505455
.94113820791245
.87804877758026
.90569106737773
.91349595785141
.9499186873436
.94260162115097
.93999999761581
.93707317113876
.9941463470459
.89073169231415
.87642276287079
.9190243879954
.9110569357872
.88016259670258
.93414634466171
.93268293142319
.88731706142426
.87040650844574
.95918699105581
.92536586523056
.91235774755478
.93105691671371
.89951219161352
.91626018285751
.90406503280004
.90926829973857
.86861789226532
1.074959397316
1.0056910514832
.88552844524384
.95902438958486
.96081298589706
.93040651082993
.89788615703583
.90504064162572
.95821138223012
.9588617682457
.93056911230087
.98943090438843
.96016259988149
.9879674911499
.97300813595454
.96390245358149
.93105691671371
.96113818883896
.98146343231201
.92162601153056
.91284553209941
.96699186166128
1.1442276239395
.9347967505455
.91869920492172
.98699188232422
.92845529317856
.98926830291748
.97121951977412
.96617885430654
.92178863286972
1.0860162973404
.90878049532572
.90471545855204
.91804879903793
1.01544713974
.92943090200424
1.0213008324305
1.0172357559204
1.0336585044861
.98341463009516
.99544715881348
1.0173983573914
1.0453658103943
1.0284552971522
1.0138211250305
.98731708526611
.95284551382065
.95430892705917
.9793496131897
.96715446313222
.99560976028442
1.0052032470703
.99235773086548
.94357722997665
.98634147644043
.93934959173203
.95918697118759
.94178861379623
.95170730352402
.97512195507685
.99040651321411
.90666667620341
.98943090438843
.98991870880127
.95967477560043
.96617887417475
.98357725143433
.98016262054443
.95934957265854
.96764228741328
.95821136236191
.94504064321518
.96747966607412
.93918699026108
1.0108942985535
.95707317193349
.92666665712992
.95967479546865
1.0043902397156
.90195121367772
.95382112264633
.95691055059433
.95479673147202
.91853660345078
.99609756469727
1.0564227501551
.94764226675034
1.0588617722193
1.0346341133118
.98227643966675
1.0130081176758
.96097560723623
.95024389028549
.93056911230087
.96829269329707
.9409756064415
.9468292593956
.92536586523056
1.0266666412354
.9035772283872
.993821144104
.95414632558823
.96373983224233
.95252031087875
.94195121526718
1.0021138191223
.98406505584717
.95056909322739
.92682927846909
.95593496163686
.94227641820908
.95869918664296
1.0647154649099
.89788617690404
1.0577235619227
1
.91951219240824
.90910569826762
.98178863525391
.95609756310781
1.0068292617798
.97300813595454
.96081298589706
.94780486822128
.96585365136464
.87804877758026
1.0491056442261
.9557723402977
1.0326828956604
.97089431683222
.92162603139877
.98878049850464
.97235773007075
.97414634625117
1.0024390220642
.98634147644043
.97268293301264
.94569104909897
.97723577419917
.9131707350413
1.0003252029419
.94504064321518
1.0086178779602
.97495937347412
1.0295934677124
.92861789464951
.9824390411377
.96991868813833
1.0053658485413
.99886178970337
.95869916677475
.95154470205307
.93707317113876
.95105689764023
1.0282926559448
.92406505346298
.96341462930044
.94422763586044
.95008128881454
.96341462930044
.98260164260864
.97414634625117
.98048782348633
.92943090200424
.94487804174423
.96032518148422
.94211381673813
.97983739773432
.97170734405518
.92666667699814
1.0035772323608
.97024391094844
.98130083084106
1.0024390220642
.98764228820801
.97756099700928
.94422763586044
.96130079030991
.97154472271601
.96260160207748
1.0435771942139
.92162603139877
1.0281300544739
.95999997854233
.95317071676254
1.0108942985535
.99430894851685
.97008130947749
1.009105682373
.94162601232529
.94943088293076
1.006178855896
.98471546173096
.93544715642929
.97203252712886
.95658536752065
.96065038442612
1.0055284500122
.98845529556274
.93252032995224
.93284553289413
.94894307851791
.99463415145874
.91918698946635
.96666665871938
1.0377235412598
.96162601312002
1.0104064941406
1.0115447044373
1.0383739471436
.98211381832759
.99284553527832
.9684552748998
.97560977935791
1.0079674720764
.90113820632299
.92601627111435
.97658536831538
.99333333969116
.98032522201538
.93365854024887
.92666667699814
.9526829123497
.95349593957265
1.0689430634181
.92325204610825
.96780486901601
.99186992645264
1.0141463279724
1.0001626014709
.96032520135244
.92097562551498
1.006016254425
.87040650844574
.96097560723623
.99349594116211
.99203252792358
.97918699185053
1.0170731544495
.97365854183833
.96829267342885
.94455283880234
.99495935440063
.96682928005854
1.0440649986267
.9526829123497
.96422761678696
.91463414827983
.91121949752172
.93642276525497
.93642276525497
.93951221307119
1.0177235603333
.93772357702255
1.0042276382446
.97512197494507
1.0177235603333
1.0120325088501
.97235773007075
.9626016219457
.99252033233643
1.0173983573914
.98861789703369
1.0045528411865
1.0577235619227
1.0003252029419
1.0669918457667
.93333333730698
.96081298589706
.94130080938339
.96178859472275
.94780486822128
.97365854183833
.96699186166128
.92065042257309
.92146341005961
.97821140289307
.95447152853012
.94260162115097
.88943088054657
.93252032995224
.94731706380844
1.0658536354701
.96813007195791
1.0144715309143
.9032520254453
.91951221227646
.95235772927602
.99934959411621
.95788615942001
.97544715801875
.93317073583603
.96243900060654
.91512197256088
.97593496243159
.97447156906128
1.0047154426575
.91869920492172
.91024390856425
.96504064400991
1.0317073265711
.9193495909373
.94894307851791
.99121950070063
.97333331902822
.95642274618149
.90211381514867
1.0881300767263
1.0302438735962
.97626016537348
.96894307931264
.96211381753286
.98439025878906
.9882926940918
.98552846908569
.9526829123497
.93284553289413
.87626016139984
.94585365056992
.93674796819687
.94601625204086
.96243902047475
.97788619995117
.91219512621562
.9437398314476
.99219512939453
.95723577340444
.93869918584824
.95186990499496
.92861789464951
.96390245358149
.96048780282338
.93902438879013
.98406505584717
.99788618087769
.92081302404404
.98178863525391
.96634145577749
.94552844762802
.90959350268046
.92715448141098
.94829267263412
.98032522201538
.91333333651225
.98926830291748
.95203250646591
.9619511961937
.96715448300044
.95609754323959
.97495935360591
.98048780361811
.97317073742549
.99658536911011
.94276422262192
1.0596747398376
.9409756064415
1.0139837265015
.95495933294296
.9656910498937
.93593496084213
.94731706380844
.98764228820801
.95430892705917
.94796746969223
1.0053658485413
.93252032995224
.98097562789917
.93154472112656
.97756099700928
.93154472112656
.95056909322739
.93252032995224
1.0001626014709
.95138210058212
1.0260162353516
.91886180639267
1.0147967338562
.95707315206528
.94146341085434
.9409756064415
.96178861459096
.9656910498937
.97463415066401
.92211383581161
.90406503280004
.92715448141098
.92536586523056
.96991870800654
.90975610415141
.94357722997665
.94861787557602
.94113820791245
.98910570144653
.95658536752065
1.027642250061
.88943088054657
1.0086178779602
.96439023812612
.97691059112549
.94455283880234
.97300813595454
.91170732180278
.92861789464951
.93804877996445
.98162603378296
.94292682409286
.97089431683222
.96471544106801
.98113822937012
.95999997854233
.91983741521835
.98016260067622
.97479677200317
.94439023733139
.97853660583496
.91203252474467
.99934959411621
.97219514846802
.98455286026001
.93626016378403
.95430892705917
.91674798727036
.95349591970444
.94487804174423
.93869918584824
.91447156667709
.99642276763916
.93593496084213
.97105691830317
.99365854263306
.96032520135244
.93089431524277
.96130083004634
.93756097555161
.93008130788803
.88634145259857
.95934957265854
.91382114092509
1.018373966217
.87821137905121
.92552846670151
.93609756231308
.93268293142319
1.0198373794556
.96373983224233
.96747966607412
.9941463470459
.97300811608632
.95804878075918
.98357725143433
.95398374398549
.92325204610825
.94878047704697
1.033821105957
.99560976028442
.95999997854233
.98341464996338
.97073169549306
.99626016616821
.88975608348846
.99739837646484
.9687804778417
.94715446233749
.92634147405624
.97121953964233
.94308942556381
.95723577340444
.86227643489838
1.0104064941406
.87560975551605
1.0175609588623
.97463415066401
.97349592049917
.9172357916832
.92975610494614
.92650407552719
.97821138302485
.94276422262192
.96032520135244
.93756097555161
.93073171377182
.94601625204086
.9910569190979
.98178863525391
.95008128881454
.91918700933456
.90260161956151
.94016259908676
1.0066666603088
.89577235778173
.98292684555054
.99544715881348
.95837398370107
.95138210058212
.94081300497055
1.0108942985535
1.0069918632507
.94926828145981
.95999999841054
.93593496084213
.94341462850571
.98780488967896
.92471545934677
.96796747048696
.96325202782949
.94926828145981
.94764226675034
.95918699105581
.87056910991669
.98439025878906
.93154472112656
.93886178731918
.96991870800654
.94260162115097
.9852032661438
.91463414827983
.94731706380844
.94634145498276
.95203250646591
.97837400436401
.92422765493393
.99918699264526
.96975610653559
.95528453588486
.92162603139877
.92731708288193
1.0013008117676
.99365854263306
.96113820870717
.90682927767436
.95626014471054
.99203252792358
.94878047704697
.96617887417475
.91772357622782
.93105691671371
.98032522201538
.92016261816025
.96601625283559
.92292684316635
.95853658517202
.86487805843353
.95658534765244
.88016259670258
1.0032520294189
.96487804253896
.91560977697372
.93772357702255
.97821140289307
.93967479467392
1.0099186698596
.92959350347519
.94048780202866
.9687804778417
.93024390935898
.93609756231308
1.0024390220642
.88878047466278
.95154470205307
.96943088372548
.97951219479243
.93869918584824
.93105691671371
.94292682409286
1.0159349441528
.9780487815539
.96796747048696
.95609754323959
.91837400197983
.96699188152949
.95837398370107
.90894309679667
.95284551382065
.95674794912338
.94292682409286
.95869916677475
.9643902182579
1.0024390220642
.94276422262192
.91495935122172
.97056911389033
1.0769105752309
.90211381514867
.96455283959707
.91821138064067
.94243901968002
.97300813595454
.88065040111542
.9694309035937
.88796746730804
.97951219479243
.95658534765244
.93235772848129
.98601627349854
.97642276684443
.96682926019033
1.0034146110217
.93609756231308
.94699186086655
.92487806081772
.92552846670151
.9852032661438
.98682928085327
1.0004878044128
.96682926019033
.98162603378296
.96406501531601
.85869920253754
.93674796819687
.99398374557495
.93154472112656
.97463415066401
.97268295288086
.96975610653559
.95365852117538
.94813007116318
.89235770702362
1.0069918632507
.93154472112656
.85577235619227
.9588617682457
.91967479387919
.90796748797099
.89983737468719
.95479673147202
.9347967505455
.89593493938446
.92016261816025
.99349594116211
.95398372411728
.95365852117538
.96780486901601
.93268293142319
.9261788725853
.96178859472275
.9793496131897
1.0079674720764
.94439023733139
.98715448379517
.94796746969223
.93528455495834
.97333333889643
.9756097594897
.95512193441391
.95024389028549
.91609758138657
.95398374398549
.92178863286972
.98357725143433
.95284553368886
1.0130081176758
.92764228582382
.99495935440063
.8943089445432
.94325202703476
.94861787557602
1.0442276000977
.93642276525497
.91723577181498
.92666667699814
.94829267263412
.93934959173203
.97138210137685
.92504066228867
.99626016616821
.88943088054657
.96308942635854
.96959350506465
.94796746969223
.97056909402211
.93186992406845
.94894307851791
.99008131027222
.88308942317963
.99577236175537
.92943090200424
.9100813070933
.92975610494614
.89495933055878
.88926827907562
.98357725143433
.88048779964447
.92406505346298
.90081300338109
.9712194999059
.95788615942001
.92227643728256
.96422763665517
.96471544106801
.97105691830317
.97317073742549
.96959350506465
1.0377235412598
.90276420116425
.96991868813833
.9258536696434
.88650405406952
.91658536593119
.88422763347626
.89138211806615
.91821140050888
.91902440786362
.92991870641708
.9499186873436
.96373983224233
.92455285787582
.92162603139877
.8482926885287
.95869918664296
.92406505346298
.96601625283559
.88487803936005
.98504066467285
1.0352845191956
.94894307851791
.89138209819794
1.0001626014709
.91967481374741
.95105689764023
.93252032995224
.90796748797099
.89138211806615
.96243902047475
.90406503280004
.90861787398656
.88081300258636
.91674798727036
.95951217412949
.9508943160375
.94926828145981
.97918701171875
.88878047466278
.93138211965561
.90227641661962
.92796748876572
.9437398314476
.93268293142319
.91886180639267
.95593494176865
.9230894446373
.92991870641708
.91447154680888
.96260160207748
.94861787557602
.88894307613373
.9113821387291
.93382114171982
.92747968435287
.98032522201538
.9289430975914
.93008130788803
.87869918346405
.95056909322739
.94504064321518
.95284551382065
.90878051519394
.93609756231308
.86325204372406
1.0373983383179
.9227642416954
.93089431524277
.89967479308446
.98520324627558
.91495935122172
.98146343231201
.92162603139877
.96195121606191
.95756095647812
.90113820632299
.94504064321518
.95707315206528
.86845529079437
.9731707572937
.90878049532572
.94715446233749
.96959350506465
.97089429696401
.92699187994003
.97333335876465
.9289430975914
.93918699026108
.94016259908676
.9721951285998
.9261788725853
.92731708288193
.8874796628952
.95430892705917
.8964227437973
.93300813436508
.878861784935
.93414634466171
.89447152614594
.94357722997665
.99024391174316
.9598373969396
.94520324468613
.93056911230087
.98390245437622
.99951219558716
.96471544106801
.89528455336889
.90308944384257
.87804877758026
.93382114171982
.93073171377182
.9032520254453
.98065042495728
.88715445995331
.91252032915751
.96731708447138
.9721951285998
.8936585187912
.92211383581161
.95658536752065
.9499186873436
.87739837169647
.93951219320297
.92406505346298
.87707316875458
.93804877996445
.92065042257309
.90162601073583
.90829269091288
.97203252712886
.96943088372548
.97560977935791
.94422763586044
.90341462691625
.93723577260971
.90325204531352
.94813007116318
.86471545696259
.93284553289413
.88536584377289
.92715448141098
.94699186086655
.92016261816025
.98731708526611
.90162601073583
.8973983724912
.87512195110321
.86178863048553
.85333335399628
.91073171297709
.97349594036738
.9406504034996
.92926830053329
.91609758138657
.97414634625117
.94390243291855
.90813006957372
.90081300338109
.93495935201645
.86813008785248
.95609754323959
.92650407552719
.98845529556274
.85983741283417
.90780488650004
.91121953725815
.93918699026108
.86243903636932
.89008128643036
.92065042257309
.93609756231308
.94227641820908
.90308942397436
.91593497991562
.9317073225975
.86552846431732
.98032522201538
.91284555196762
.90276422103246
.90878049532572
.94341462850571
.9190243879954
.89528453350067
.91073173284531
.95999997854233
.91024388869603
.94162601232529
.90439025561015
.92357724905014
.88276422023773
.97300813595454
.96520324548086
.97886178890864
.85121951500575
.96878049770991
.91788619756699
.96276422341665
.9069918791453
.91138211886088
.89626016219457
.95918699105581
.90959350268046
.95235770940781
.93723577260971
.90764228502909
.90211381514867
.90308942397436
.88861789306005
.9004878004392
.92861789464951
.91821140050888
.875772356987
.96211381753286
.91951219240824
.93349591890971
.92878049612045
.91203254461288
.88422763347626
.91349595785141
.90601627031962
.9110569357872
.89869918425878
.87626016139984
.93024390935898
.88260161876678
.91983741521835
.9465040564537
.90162601073583
.89691054821014
.89821139971415
.92926830053329
.92162603139877
.90113820632299
.9616259932518
.96081298589706
.9230894446373
.88829267024994
.9440650343895
.91983741521835
.93235772848129
.9004878004392
.86813008785248
.90617887179057
.91967481374741
.92650407552719
.9141463637352
.96065040429433
.90682925780614
.90894307692846
.89658534526825
.9094308813413
.8933333158493
.87040650844574
.9554471373558
.87008130550385
.87056910991669
.89804875850677
.90894307692846
.89317071437836
.89203250408173
.89512193202972
.90130080779394
.92471545934677
.89853656291962
.90292682250341
.95170730352402
.93853658437729
.85040652751923
1.0021138191223
.84861789147059
.93902438879013
.89430892467499
.88455283641815
.88682925701141
.92764228582382
.84292682011922
.85349593559901
.87658536434174
.94634145498276
.91934961080551
.93056911230087
.89544713497162
.98552846908569
.85934960842133
.88666665554047
.9162601629893
.88308942317963
.91056911150614
.89967477321625
.88861787319183
.89219510555267
.93252032995224
.9378861784935
.87073171138763
.9104065100352
.84910569588343
.87821137905121
.92162603139877
.88861787319183
.96341462930044
.96373983224233
.92747968435287
.96943088372548
.92455285787582
.91788619756699
.87934958934784
.88081300258636
.89934959014257
.88959348201752
.93593496084213
.90504064162572
.84878049294154
.89626018206278
.85073171059291
.90715446074804
.89886176586151
.88016259670258
.95056909322739
.88227641582489
.90373982985814
.9100813070933
.91642276446025
.87008130550385
.92406505346298
.91577235857646
.88243901729584
.87040650844574
.95398372411728
.92666667699814
.86439025402069
.92699187994003
.94016259908676
.9169105887413
.89853658278783
.88292682170868
.92227643728256
.91756099462509
.91219512621562
.91821140050888
.85479674736659
.9526829123497
.89707316954931
.94308942556381
.92487806081772
.84325204292933
.92048782110214
.91528455416362
.9134959379832
.85430896282196
.91886178652445
.9357723792394
.94894307851791
.90422763427099
.85951220989227
.8843902349472
.8606504201889
.88276422023773
.89626016219457
.88520324230194
.89626014232635
.88276422023773
.87495934963226
.92764228582382
.85756099224091
.92130082845688
.9200000166893
.90634147326152
.8905690908432
.88682925701141
.81430894136429
.93235772848129
.89788615703583
.92373985052109
.86455285549164
.9203252196312
.872682929039
.93577235937119
.90780486663183
.88520324230194
.85252034664154
.95512193441391
.90991868575414
1.0383739471436
.95349591970444
.91463414827983
.8352845509847
.86666667461395
.91219512621562
.90406503280004
.85040650765101
.91073171297709
.81902438402176
.92211383581161
.87691056728363
.91219514608383
.87382113933563
.91024390856425
.86276423931122
.94845527410507
.84617884953817
.90617887179057
.87219512462616
.91642278432846
.93056911230087
.875772356987
.89252030849457
.89105689525604
.81544715166092
.88292682170868
.87691056728363
.90764228502909
.87723577022552
.88569104671478
.87951219081879
.88861787319183
.87121951580048
.8609756231308
.94162601232529
.90455283721288
.96048780282338
.99560974041621
.88276422023773
.88552844524384
.84878049294154
.87349593639374
.86764228343964
.91804879903793
.9131707350413
.89983737468719
.96780486901601
.96861787637075
1.024715423584
1.0765854120255
.96926830212275
.92471545934677
.95479673147202
.98373985290527
.95837398370107
.97674798965454
1.0017886161804
.97495935360591
1.0156097412109
.97056909402211
.98780488967896
1.0373983383179
.99967479705811
.96422763665517
.94861787557602
.99252033233643
1.0056910514832
.98455284039179
.96357723077138
1.0460162162781
.97577236096064
.9598373969396
1.0652032693227
.95739835500717
1.0352845191956
.96308942635854
1.0026016235352
1.0213007926941
1.0043902397156
1.0100812911987
1.0016260147095
.96439023812612
1.0208129882812
.9656910498937
.96373983224233
1.0048780441284
.99918699264526
.96504064400991
1.0474796295166
1.0344715118408
1.0453658103943
.94487804174423
1.0029268264771
.94975608587265
1.0190243721008
.9756097594897
1.0484552383423
1.0047154426575
.98276422421137
.95772357781728
.98504066467285
1.0126829147339
1.0421137809753
1.0016260147095
.99853658676147
.96829267342885
.96601625283559
.94569104909897
1.0269918441772
1.0043902397156
.99056911468506
.99593496322632
1.0079674720764
1.0227642059326
.99918699264526
.9694309035937
1.0206503868103
.88991868495941
1.024552822113
1.021625995636
1.0213007926941
.9721951285998
.94699186086655
1.0221138000488
1.0066666603088
.99544715881348
1.0029268264771
.97024389108022
1.0515447060267
.99349594116211
1.0144715309143
.99528455734253
1.0318698883057
.98455286026001
.97447154919306
1.0058536529541
.9780487815539
1.0017886161804
1.0865041017532
.96585365136464
.9910569190979
1.0003252029419
1.0465040206909
1.0144715309143
1.0255284309387
1.0302438735962
.98569107055664
.95333331823349
1.0396747589111
1.0182113647461
1.0744715929031
.96650405724843
.996910572052
.98227643966675
.99804878234863
1.1307317018509
1.0684552987417
1.0047154426575
.99886178970337
.95756095647812
1.0188617706299
.99300813674927
1.0466666221619
.95723575353622
.99203252792358
.98780488967896
.96617885430654
1.0141463279724
1.0647154251734
.98601627349854
.99008131027222
1.0069918632507
1.0323576927185
1.0465040206909
1.0510568618774
1.0078048706055
1.0237398147583
1.0198373794556
.99560976028442
1.0146341323853
1.0344715118408
1.0351219177246
1.0460162162781
.95056909322739
1.0357723236084
1.0396747589111
1.021625995636
1.0052032470703
1.0173983573914
.96878049770991
.97447154919306
1.0076422691345
1.0991870164871
.99268293380737
.98113822937012
1.0549592971802
1.0053658485413
1.0388617515564
1.021463394165
1.0380487442017
1.0364227294922
.97235773007075
1.0110569000244
.99186992645264
1.0230894088745
1.0208129882812
.95105689764023
1.0230894088745
1.0146341323853
1.0227642059326
1.009105682373
1.0334959030151
.99219512939453
1.0268292427063
.98276424407959
1.0032520294189
1.0032520294189
1.0286178588867
1.0304064750671
.99008131027222
1.0074796676636
1.0559349457423
.9752845565478
.99544715881348
1.015284538269
1.0300812721252
1.0011382102966
.94926828145981
.98373985290527
.97756099700928
.98325204849243
1.0411381721497
1.0359349250793
1.0001626014709
.98747968673706
.99609756469727
1.0507316589355
.99219510952632
1.0074796676636
1.0027642250061
1.0469918251038
.98227643966675
1.0144715309143
1.0614633957545
1.0203251838684
1.0689431031545
1.0539836883545
.96585365136464
1.0429267883301
1.0582113265991
1.0126829147339
1.0074796676636
1.0282926559448
1.0905690987905
.97463415066401
1.0147967338562
1.0650406678518
1.0089430809021
1.1156097650528
1.0315446853638
.99430894851685
1.0206503868103
1.0531706809998
1.0497560501099
1.0390243530273
1.0204877853394
1.1164227724075
.99170732498169
1.0373983383179
1.0708943208059
1.0829268693924
1.087154507637
1.0813008546829
1.0578861633937
1.1349593400955
1.0302438735962
.993821144104
1.0481300354004
1.1039024591446
1.0162601470947
1.0333333015442
1.0304064750671
1.0409755706787
1.0487804412842
1.0544714927673
1.0957723855972
1.0985366106033
1.133495926857
1.0939837694168
1.1679674386978
1.1344715356827
1.0860162973404
1.1315447092056
1.1279674768448
1.1650406122208
1.1826016108195
1.2346341609955
1.1785365343094
1.2593495845795
1.17349588871
1.2240650653839
1.1939837932587
1.2466666698456
1.2195122241974
1.2502439022064
1.2427642345428
1.3042275905609
1.2595121860504
1.3037398258845
1.2378861904144
1.2772357463837
1.3957723379135
1.3009756008784
1.3517073392868
1.335772395134
1.4258536100388
1.3712195158005
1.3180487950643
1.3591870069504
1.4136584997177
1.4362601836522
1.3790243864059
1.4468293190002
1.4398374160131
1.3975609540939
1.4177235364914
1.4734959602356
1.4286178747813
1.4486179351807
1.387967467308
1.3868292570114
1.4256910085678
1.4647154808044
1.4593496322632
1.4557723999023
1.4364227851232
1.4401626586914
1.4993495941162
1.4318699042002
1.4040650129318
1.4843902587891
1.4104064702988
1.4515447616577
1.490894317627
1.4422764380773
1.3970731496811
1.3772357702255
1.4074796438217
1.3585366010666
1.4437398910522
1.4741463661194
1.3720325231552
1.3926829099655
1.4131706953049
1.3533333539963
1.5134959220886
1.3590244054794
1.3960975408554
1.3310569524765
1.3577235937119
1.3482927083969
1.3372358083725
1.3508943319321
1.308292667071
1.3990243673325
1.3413008451462
1.3229268789291
1.2653658390045
1.3278049230576
1.312682946523
1.3001625935237
1.2334959506989
1.3073170185089
1.2752845287323
1.2689430713654
1.2816259860992
1.2167479991913
1.1894309520721
1.273008108139
1.2026016712189
1.1494308710098
1.22682929039
1.1876422961553
1.2061789035797
1.1975610256195
1.1808129946391
1.2139837741852
1.1265040636063
1.1972358226776
1.1060162782669
1.1773983240128
1.1226016283035
1.1401625871658
1.148780465126
1.1570731401443
1.1351219415665
1.1403251886368
1.0983740091324
1.1095935106277
1.1268292665482
1.0876423120499
1.1256910562515
1.0453658103943
1.0658536752065
1.1043902635574
1.0681300957998
1.0803252458572
1.1011382341385
1.1030894517899
1.0910569429398
1.0440649986267
1.0427641868591
1.0481300354004
1.0539837280909
1.1099187135696
1.0930081605911
1.1232520739237
1.0538210868835
.99821138381958
1.0595122178396
1.0334959030151
1.0972357988358
1.0713821252187
1.012357711792
1.0583739678065
.98552846908569
1.0087804794312
1.0221138000488
.9852032661438
1.0134959220886
1.053658525149
1.0504064559937
1.0661788781484
1.056747953097
1.0167479515076
1.0209755897522
1.0375609397888
1.0547967354457
1.0434145927429
1.0294308662415
1.049430847168
1.0508943001429
1.0099186897278
1.0201625823975
1.0315446853638
1.0113821029663
1.0639024575551
1.0136585235596
1.0894309282303
.99252033233643
1.0549592971802
.9756097594897
1.05382112662
1.0403251647949
1.1266666650772
1.0019512176514
1.0411381721497
.99268293380737
1.0250406265259
.99203252792358
1.052520275116
.98991870880127
1.0456910133362
1.0385365486145
1.0302438735962
1.0026016235352
1.0395121574402
1.0195121765137
1.0180487632751
1.0039024353027
1.030731678009
1.0199999809265
1.0422763824463
1.0364227294922
1.0608129898707
1.0066666603088
1.01544713974
1.0840650399526
.97382114330928
.97593496243159
1.0040650367737
1.0304064750671
1.1294309298197
1.0001626014709
1.0089430809021
1.0004878044128
1.003089427948
1.0785366296768
.96715446313222
.96780486901601
1.0209755897522
1.0053658485413
1.0047154426575
.99268293380737
1.0336585044861
.99804878234863
1.0011382102966
1.0482926368713
1.0440649986267
.98845529556274
.98357725143433
.9663414756457
1.06130083402
1.0752845605214
.96617885430654
.94861787557602
1.0551218986511
1.0133333206177
1.0130081176758
1.0073170661926
.96113818883896
.99560976028442
1.0434146324793
1.0113821029663
1.0313820838928
1.0365853309631
1.0468292633692
1.0195121765137
1.006016254425
.9656910498937
1.0533332824707
1.0105690956116
.98813009262085
1.0078048706055
1.0318698883057
1.0193495750427
1.0159349441528
1.0230894088745
1.0042276382446
.96016258001328
1.0021138191223
.99495935440063
1.1445528268814
1.0279674530029
1.0299186706543
.98308944702148
1.0172357559204
.99626016616821
1.105853676796
1.0336585044861
.98276424407959
.94081300497055
1.0364227294922
.96959350506465
1.0351219177246
1.0452032089233
1.0143089294434
1.0486178398132
1.036910533905
.99544715881348
1.0230894088745
1.0089430809021
1.0320324897766
1.0211381912231
1.0125203132629
1.0087804794312
.9752845565478
.9656910498937
.9879674911499
1.0230894088745
.97788619995117
1.0528455177943
.97772359848022
.97869920730591
1.0622764428457
1.0832520723343
.98878049850464
.99967479705811
1.006016254425
.98617887496948
1.0099186897278
1.0453658103943
1.0826016664505
.9554471373558
.96747966607412
1.0513821045558
.99934959411621
1.0403251647949
1.0032520294189
.94325202703476
.98536586761475
1.0144715309143
1.030731678009
.97398374478022
1.0647154251734
.96097560723623
1.0230894088745
1.021625995636
1.0110569000244
.95252031087875
.97495935360591
.99869918823242
1.0131707191467
.95398372411728
1.0149593353271
.93983739614487
1.0042276382446
.99642276763916
.99219512939453
1.0310568809509
1.0117073059082
.97382112344106
1.0186991691589
.99300813674927
1.0252032279968
1.0450406074524
1.0213007926941
.93593496084213
1.0102438926697
1.0006504058838
.96585365136464
1.0373983383179
.98113822937012
.98390245437622
.99772357940674
1.0042276382446
.99365854263306
.97121951977412
1.0295934677124
1
1.0788618326187
.9873170653979
1.0421137809753
1.0721951723099
1.0386991500854
.99219512939453
.9824390411377
1.0024390220642
.9910569190979
.97349594036738
.99495935440063
.98731708526611
.96146339178085
.97804880142212
1.0143089294434
.93528455495834
1.0047154426575
.98634147644043
1.0299186706543
.92813009023666
1.0295934677124
.96731706460317
1.0265040397644
.96487806240718
1.0147967338562
.9203252196312
1.0144715309143
.99333333969116
.98439025878906
.94032520055771
1.0442276000977
.96796747048696
1.0606503883998
.99967479705811
.99869918823242
1.0089430809021
.93528455495834
1.0162601470947
1.0182113647461
.95365852117538
1.0243902206421
.98276424407959
1.009105682373
.98943090438843
1.0250406265259
.9821138381958
1.015284538269
.97138212124507
1.0019512176514
.99560976028442
1.0523577133814
.94910567998886
1.0227642059326
1.0772358179092
1.0086178779602
.99056911468506
.95837396383286
.94747966527939
.98390245437622
.96764226754506
1.0239024162292
.97512197494507
1.0656910737356
.99560976028442
1.0160975456238
1.0029268264771
1.0489430427551
1.0593495766322
1.018373966217
1.0047154426575
.9725203315417
1.0466666221619
1.0341463088989
1.003089427948
.99837398529053
.94146341085434
.98975610733032
.99577236175537
.96520324548086
.92829269170761
.97024389108022
.99040651321411
1.0177235603333
.95317071676254
1.0741463899612
.97447156906128
1.0565853118896
.97268295288086
1.0019512176514
1.0081300735474
1.0084552764893
.98146343231201
.99951219558716
.98113822937012
1.0045528411865
.94764226675034
1.0242276191711
.96682926019033
1.012195110321
1.0167479515076
1.0261788368225
1.0456910133362
1.0076422691345
1.0232520103455
.98162603378296
.95512193441391
.99967479705811
1.0043902397156
1.0271544456482
.97349594036738
1.0055284500122
1.0050406455994
1.050731698672
.99219512939453
.97447152932485
.98373985290527
1.0095934867859
.93056911230087
1.0069918632507
1.0131707191467
1.059999982516
1.0313820838928
.99821138381958
1.0079674720764
1.0040650367737
1.0050406455994
1.0222764015198
1.0079674720764
1.0281300544739
1.0050406455994
1.0292682647705
.96780486901601
.98634147644043
.98861789703369
1.0235772132874
1.0286178588867
.97723577419917
.99869918823242
1.0521951119105
.9585365653038
1.0196747779846
.98910570144653
1.0063414573669
.98390245437622
1.0624390443166
1.0204877853394
.95349591970444
.98292684555054
1.0255284309387
.96861787637075
.99252033233643
1.0515446662903
1.0052032470703
.96731706460317
1.0133333206177
.99560976028442
1.0377235412598
1.0053658485413
1.056747953097
1.0021138191223
.95398372411728
.96390243371328
1.0312194824219
.96617885430654
1.0162601470947
.9752845565478
1.1095935106277
.99186992645264
1.0365853309631
1.0414633750916
.97821140289307
.94227641820908
1.021625995636
.96552844842275
.98292682568232
.95170730352402
.99804878234863
.93154472112656
1.0284552574158
.9821138381958
1.0066666603088
1.012195110321
1.0108942985535
.99951219558716
1.0105690956116
1.0058536529541
1.0495934486389
.97203254699707
1.040162563324
.96682926019033
1.0697561502457
.96715446313222
1.0134959220886
1.043089389801
1.0248780250549
.9406504034996
.9756097594897
1.0063414573669
1.0178861618042
.95853658517202
.97804880142212
1.024552822113
.98146343231201
1.036910533905
.99658536911011
.97560977935791
1.0377235412598
1.0086178779602
1.0575610001882
1.0078048706055
.9756097594897
.98975610733032
.98634147644043
1.0108942985535
.98682928085327
1.0029268264771
.98650407791138
.94747966527939
.99056911468506
.93186992406845
1.0180487632751
1.0476422309875
.99772357940674
.9626016219457
1.0271544456482
1.0372357368469
1.0343089103699
1.0230894088745
1.0505690574646
.99658536911011
1.021463394165
.98325204849243
.98926830291748
.9721951285998
.98162603378296
.98146343231201
.94878047704697
.93674796819687
.99707317352295
.97756099700928
1.0269918441772
.98422765731812
.96065038442612
.98292684555054
.99235773086548
.99772357940674
1.0118699073792
.95999997854233
1.0341463088989
1.027642250061
1.0074796676636
.99073171615601
.91252034902573
1.0026016235352
1.0199999809265
1.0008130073547
.99089431762695
1.030731678009
.9554471373558
1.0019512176514
.94243901968002
.97837400436401
1.0134959220886
.98991870880127
1.0243902206421
.9824390411377
1.0330080986023
1.0354471206665
.98780488967896
.99398374557495
1.033983707428
.96926830212275
.96390243371328
1.0289430618286
1.0273170471191
.99560976028442
1.0512194633484
1.0159349441528
1.0157723426819
.94894307851791
1.0100812911987
.96130079030991
.97008130947749
1.0380487442017
1.0139837265015
.9468292593956
1.064390261968
.92878049612045
.95804876089096
1.0136585235596
1.0260162353516
.98097562789917
1.0333333015442
.94341462850571
.99772357940674
.9347967505455
.98585367202759
.99804878234863
1.0104064941406
.98991870880127
1.0130081176758
.95154470205307
.96780486901601
.96747966607412
1.0343089103699
.97056911389033
1.033983707428
1.0365853309631
.97853660583496
1.0074796676636
.98780488967896
.9320325255394
1.0583739678065
.95317073663076
.95772357781728
.97203252712886
.99674797058105
1.0006504058838
1.0120325088501
.96504064400991
.97739839553833
.9793496131897
1.0440649986267
.98569107055664
1.0021138191223
.95447152853012
.99268293380737
.96780488888423
1.0100812911987
.95463413000107
1.0016260147095
.95999997854233
1.0269918441772
.95609754323959
1.0076422691345
.90520324309667
.97544715801875
.93528455495834
1.0149593353271
.99252033233643
1.0583740075429
.95788617928823
.9941463470459
.96991870800654
.97804880142212
.94699186086655
.93967479467392
1.0138211250305
1.0107316970825
.94943088293076
1.0110569000244
.98943090438843
.98390243450801
.97414634625117
.95219510793686
.97252031167348
.97382114330928
.98634147644043
.99447154998779
.93999999761581
.98308942715327
1.0104064941406
.95967479546865
.93918699026108
.95349591970444
.97528457641602
.93300813436508
.97414636611938
.97495935360591
.94861787557602
.98048782348633
1.0013008117676
1.0305690765381
.95772355794907
1.0112195014954
1.0066666603088
.95317071676254
.98227643966675
1.0035772323608
.99869918823242
.95365852117538
.95154470205307
.98406505584717
.99577236175537
.93886178731918
.92341464757919
.99365854263306
.96991868813833
.97186992565791
1.0326828956604
.9347967505455
.96146341164907
.98227643966675
.98894309997559
1.0047154426575
.90048778057098
.95382112264633
.9852032661438
.95804876089096
.98617887496948
.98276422421137
.94113820791245
1.0256910324097
.90162601073583
.97056911389033
.92552846670151
1.0341463088989
.97691057125727
.9619511961937
.99235773086548
.9852032661438
.95983737707138
1.0274796485901
.9378861784935
1
.95756097634633
.9734959602356
1.0039024353027
.95203252633413
.88292682170868
.9790244102478
1.0027642250061
.92260164022446
.92813009023666
1.0165853500366
.9721951285998
.92829269170761
.98617887496948
.97121951977412
.97739837567012
1.012357711792
.95430892705917
.96699188152949
.94894307851791
.98016260067622
.98943090438843
.98292682568232
1.0250406265259
.96081298589706
.94926830132802
.89626014232635
.95593494176865
.94243901968002
.9684552748998
1.0320324897766
.96650407711665
.94861787557602
.97040651241938
.99674797058105
.94243901968002
.90406505266825
.97382114330928
.96829269329707
.99154472351074
.93967479467392
.95967479546865
.95593494176865
.98715448379517
.95691055059433
.9821138381958
1.009105682373
.95024389028549
.96682926019033
.97544715801875
.9598373969396
.95756097634633
.98991870880127
.92520326375961
.95902438958486
.95252031087875
.99073171615601
.97707317272822
.95934957265854
.90764228502909
.98536582787832
.93382114171982
.96195123593012
.93186992406845
1.0133333206177
.93674796819687
.95284551382065
.96048780282338
1.0108942985535
.91821140050888
.95024391015371
.97008130947749
.93886178731918
.95252033074697
.96113818883896
.97024391094844
.92845529317856
.94243901968002
.98764228820801
1.0717073281606
1.0343089103699
.89447152614594
.95853658517202
.96715446313222
1.0455284118652
.93691056966782
.96747966607412
.95365852117538
.96764228741328
.98308944702148
1.0222764015198
1.0021138191223
.98000001907349
.99804878234863
.98471546173096
.94113820791245
1.0108942985535
.94178861379623
.94016259908676
.94975610574086
.95560973882675
.97544715801875
.93560975790024
.93430894613266
.96650405724843
.94504064321518
.9468292593956
.91918698946635
.97138212124507
.88943088054657
.94032520055771
.95073169469833
.94130080938339
.97707319259644
.89707314968109
.93430894613266
.95804876089096
.94276422262192
.96975608666738
1.0239024162292
.95756095647812
.95853658517202
.98682928085327
.91252032915751
.89479672908783
.91642278432846
.93382114171982
.93967479467392
.90699185927709
.96130081017812
.9526829123497
.90569104750951
.93089431524277
.99365854263306
.9317073225975
.93333333730698
.98227643966675
.86617887020111
.95105689764023
.89918698867162
.9437398314476
.91300815343857
.91138211886088
.89235770702362
.88130080699921
.8730081319809
.93560975790024
.90439025561015
.93886178731918
.9069918791453
.91284553209941
.94601625204086
.91284553209941
.89024388790131
.87951219081879
.92926830053329
.88731706142426
.96634145577749
.89073169231415
.90032519896825
.88959348201752
.92178863286972
.91593497991562
.88211381435394
.9721951285998
.92422763506571
.88536584377289
.93593496084213
.91447156667709
.94146341085434
.92569106817245
.85008130470912
.90520324309667
.87837398052216
.91512195269267
.92682927846909
.9032520254453
.81886178255081
.89804875850677
.87528455257416
.92341464757919
.86666667461395
.86731708049774
.84504065910975
.85284554958344
.8551219701767
.90682925780614
.90650405486425
.85382115840912
.88032519817352
.86585366725922
.85008130470912
.89918700853984
.86032521724701
.91235772768656
.88731706142426
.93333333730698
.8108943104744
.9200000166893
.89983739455541
.90097560485204
.88243901729584
.83300811052322
.87739837169647
.85186992088954
.88243901729584
.92666667699814
.79008130232493
.82390242815018
.8256910443306
.93252032995224
.87138211727142
.92764228582382
.82146340608597
.84162602821986
.83073168992996
.86894309520721
.85918700695038
.84861791133881
.78650406996409
.85951220989227
.84406503041585
.87495934963226
.81138211488724
.8448780576388
.84861787160238
.8482926885287
.85333335399628
.881951212883
.81886178255081
.91560977697372
.85707318782806
.83593495686849
.89252032836278
.82373982667923
.79837399721146
0
0
0
0
0
0
0
0
0
0
0
0
0
0
0
0
0
0
0
0
0
0
0
0
0
0
0
0
0
0
0
0
0
0
0
0
0
0
0
0
0
0
0
0
0
0
0
0
0
0
0
0
0
0
0
0
0
0
0
0
0
0
0
0
0
0
0
0
0
0
0
0
0
0
0
0
0
0
0
0
0
0
0
0
0
0
0
0
0
0
0
0
0
0
0
0
0
0
0
0
0
0
0
0
0
0
0
0
0
0
0
0
0
0
0
0
0
0
0
0
0
0
0
0
0
0
0
0
0
0
0
0
0
0
0
0
0
0
0
0
0
0
0
0
0
0
0
0
0
0
0
0
0
0
0
0
0
0
0
0
0
0
0
0
0
0
0
0
0
0
0
0
0
0
0
0
0
0
0
0
0
0
0
0
0
0
0
0
0
0
0
0
0
0
0
0
0
0
0
0
0
0
0
0
0
0
0
0
0
0
0
0
0
0
0
0
0
0
0
0
0
0
0
0
0
0
0
0
0
0
0
0
0
0
0
0
0
0
0
0
0
0
0
0
0
0
0
0
0
0
0
0
0
0
0
0
0
0
0
0
0
0
0
0
0
0
0
0
0
0
0
0
0
0
0
0
0
0
0
0
0
0
0
0
0
0
0
0
0
0
0
0
0
0
0
0
0
0
0
0
0
0
0
0
0
0
0
0
0
0
0
0
0
0
0
0
0
0
0
0
0
0
0
0
0
0
0
0
0
0
0
0
0
0
0
0
0
0
0
0
0
0
0
0
0
0
0
0
0
0
0
0
0
0
0
0
0
0
0
0
0
0
0
0
0
0
0
0
0
0
0
0
0
0
0
0
0
0
0
0
0
0
0
0
0
0
0
0
0
0
0
0
0
0
0
0
0
0
0
0
0
0
0
0
0
0
0
0
0
0
0
0
0
0
0
0
0
0
0
0
0
0
0
0
0
0
0
0
0
0
0
0
0
0
0
0
0
0
0
0
0
0
0
0
0
0
0
0
0
0
0
0
0
0
0
0
0
0
0
0
0
0
0
0
0
0
0
0
0
0
0
0
0
0
0
0
0
0
0
0
0
0
0
0
0
0
0
0
0
0
0
0
0
0
0
0
0
0
0
0
0
0
0
0
0
0
0
0
0
0
0
0
0
0
0
0
0
0
0
0
0
0
0
0
0
0
0
0
0
0
0
0
0
0
0
0
0
0
0
0
0
0
0
0
0
0
0
0
0
0
0
0
0
0
0
0
0
0
0
0
0
0
0
0
0
0
0
0
0
0
0
0
0
0
0
0
0
0
0
0
0
0
0
0
0
0
0
0
0
0
0
0
0
0
0
0
0
0
0
0
0
0
0
0
0
0
0
0
0
0
0
0
0
0
0
0
0
0
0
0
0
0
0
0
0
0
0
0
0
0
0
0
0
0
0
0
0
0
0
0
0
0
0
0
0
0
0
0
0
0
0
0
0
0
0
0
0
0
0
0
0
0
0
0
0
0
0
0
0
0
0
0
0
0
0
0
0
0
0
0
0
0
0
0
0
0
0
0
0
0
0
0
0
0
0
0
0
0
0
0
0
0
0
0
0
0
0
0
0
0
0
0
0
0
0
0
0
0
0
0
0
0
0
0
0
0
0
0
0
0
0
0
0
0
0
0
0
0
0
0
0
0
0
0
0
0
0
0
0
0
0
0
0
0
0
0
0
0
0
0
0
0
0
0
0
0
0
0
0
0
0
0
0
0
0
0
0
0
0
0
0
0
0
0
0
0
0
0
0
0
0
0
0
0
0
0
0
0
0
0
0
0
0
0
0
0
0
0
0
0
0
0
0
0
0
0
0
0
0
0
0
0
0
0
0
0
0
0
0
0
0
0
0
0
0
0
0
0
0
0
0
0
0
0
0
0
0
0
0
0
0
0
0
0
0
0
0
0
0
0
0
0
0
0
0
0
0
0
0
0
0
0
0
0
0
0
0
0
0
0
0
0
0
0
0
0
0
0
0
0
0
0
0
0
0
0
0
0
0
0
0
0
0
0
0
0
0
0
0
0
0
0
0
0
0
0
0
0
0
0
0
0
0
0
0
0
0
0
0
0
0
0
0
0
0
0
0
0
0
0
0
0
0
0
0
0
0
0
0
0
0
0
0
0
0
0
0
0
0
0
0
0
0
0
0
0
0
0
0
0
0
0
0
0
0
0
0
0
0
0
0
0
0
0
0
0
0
0
0
0
0
0
0
0
0
0
0
0
0
0
0
0
0
0
0
0
0
0
0
0
0
0
0
0
0
0
0
0
0
0
0
0
0
0
0
0
0
0
0
0
0
0
0
0
0
0
0
0
0
0
0
0
0
0
0
0
0
0
0
0
0
0
0
0
0
0
0
0
0
0
0
0
0
0
0
0
0
0
0
0
0
0
0
0
0
0
0
0
0
0
0
0
0
0
0
0
0
0
0
0
0
0
0
0
0
0
0
0
0
0
0
0
0
0
0
0
0
0
0
0
0
0
0
0
0
0
0
0
0
0
0
0
0
0
0
0
0
0
0
0
0
0
0
0
0
0
0
0
0
0
0
0
0
0
0
0
0
0
0
0
0
0
0
0
0
0
0
0
0
0
0
0
0
0
0
0
0
0
0
0
0
0
0
0
0
0
0
0
0
0
0
0
0
0
0
0
0
0
0
0
0
0
0
0
0
0
0
0
0
0
0
0
0
0
0
0
0
0
0
0
0
0
0
0
0
0
0
0
0
0
0
0
0
0
0
0
0
0
0
0
0
0
0
0
0
0
0
0
0
0
0
0
0
0
0
0
0
0
0
0
0
0
0
0
0
0
0
0
0
0
0
0
0
0
0
0
0
0
0
0
0
0
0
0
0
0
0
0
0
0
0
0
0
0
0
0
0
0
0
0
0
0
0
0
0
0
0
0
0
0
0
0
0
0
0
0
0
0
0
0
0
0
0
0
0
0
0
0
0
0
0
0
0
0
0
0
0
0
0
0
0
0
0
0
0
0
0
0
0
0
0
0
0
0
0
0
0
0
0
0
0
0
0
0
0
0
0
0
0
0
0
0
0
0
0
0
0
0
0
0
0
0
0
0
0
0
0
0
0
0
0
0
0
0
0
0
0
0
0
0
0
0
0
0
0
0
0
0
0
0
0
0
0
0
0
0
0
0
0
0
0
0
0
0
0
0
0
0
0
0
0
0
0
0
0
0
0
0
0
0
0
0
0
0
0
0
0
0
0
0
0
0
0
0
0
0
0
0
0
0
0
0
0
0
0
0
0
0
0
0
0
0
0
0
0
0
0
0
0
0
0
0
0
0
0
0
0
0
0
0
0
0
0
0
0
0
0
0
0
0
0
0
0
0
0
0
0
0
0
0
0
0
0
0
0
0
0
0
0
0
0
0
0
0
0
0
0
0
0
0
0
0
0
0
0
0
0
0
0
0
0
0
0
0
0
0
0
0
0
0
0
0
0
0
0
0
0
0
0
0
0
0
0
0
0
0
0
0
0
0
0
0
0
0
0
0
0
0
0
0
0
0
0
0
0
0
0
0
0
0
0
0
0
0
0
0
0
0
0
0
0
0
0
0
0
0
0
0
0
0
0
0
0
0
0
0
0
0
0
0
0
0
0
0
0
0
0
0
0
0
0
0
0
0
0
0
0
0
0
0
0
0
0
0
0
0
0
0
0
0
0
0
0
0
0
0
0
0
