.84487803777059
.80699187517166
.78195120890935
.83219510316849
.80666667222977
.8078048825264
.79642275969187
.82796746492386
.85398374001185
.80764228105545
.83203250169754
.78520325819651
.81560975313187
.82455283403397
.76373982429504
.83642276128133
.83479672670364
.79252032438914
.86764228343964
.86585366725922
.86764228343964
.82536586125692
.93430894613266
.85577237606049
.90536586443583
.7957723736763
.80081299940745
.86926829814911
.81317073106766
.8198373913765
.86520326137543
.85170731941859
.86211381355921
.89008128643036
.87252032756805
.8538211385409
.84504065910975
.8401625752449
.87235772609711
.92780486742655
.83089429140091
.87284553050995
.84000001351039
.88715445995331
.86634147167206
.91902440786362
.94113820791245
.85463416576385
.89756097396215
.89951219161352
.81300812959671
.8517073392868
.85219512383143
.89642276366552
.88227641582489
.88081300258636
.90113820632299
.83902438481649
1.0112195014954
.84048779805501
.92910569906235
.88146340847015
.8973983724912
.87837398052216
.89902438720067
.87463414669037
.91430894533793
.90536584456762
.88601626952489
.94715448220571
.99983739852905
.9320325255394
.9499186873436
.87284553050995
.90065040191015
.94439023733139
.94764226675034
.9440650343895
.92634147405624
.93707317113876
.98813009262085
.89626016219457
.89235772689184
.91772359609604
.90341462691625
.88878047466278
.93105691671371
.92243903875351
.88081300258636
.86910569667816
.94487804174423
.93154472112656
.90536586443583
.92991870641708
.88406503200531
.91772359609604
.89317071437836
.92813009023666
.86243901650111
1.08422768116
1.0105690956116
.88780488570531
.95951217412949
.97121951977412
.92308942476908
.9138211607933
.89073169231415
.96097560723623
.95756095647812
.9320325255394
.98682928085327
.97268293301264
.9852032661438
.98861789703369
.95918699105581
.93284553289413
.9715447028478
.99154472351074
.92292684316635
.91756097475688
.95609754323959
1.1525202989578
.92780488729477
.92601627111435
.98813009262085
.94357722997665
.96617887417475
.97788618008296
.95056909322739
.91869920492172
1.080975651741
.93008130788803
.92406505346298
.93317073583603
1.0045528411865
.94617885351181
.98991870880127
1.030731678009
1.0386991500854
.98276424407959
.99154472351074
1.0274796485901
1.033821105957
1.0177235603333
1.0082926750183
1.0112195014954
.95804878075918
.95642274618149
.99512195587158
.95707315206528
.96487806240718
1.0105690956116
.98341464996338
.94617885351181
.98682928085327
.94926828145981
.94731706380844
.9508943160375
.95479673147202
.99772357940674
.97772359848022
.92422765493393
.99219510952632
1.0008130073547
.95821138223012
.98097560803095
.97317073742549
.98650407791138
.9499186873436
.96813009182612
.95121949911118
.94406505425771
.95447152853012
.96764226754506
1.0261788368225
.96048780282338
.91739839315414
.96715446313222
.98650407791138
.90617887179057
.9554471373558
.96390245358149
.96585365136464
.91674798727036
.99138212203979
1.0653658707937
.93528455495834
1.0793496370316
1.0226016044617
.98178861538569
1.0019512176514
.95821138223012
.94552846749624
.91934961080551
.97300813595454
.94715446233749
.95170730352402
.93707317113876
1.0105690956116
.91626018285751
.97869918743769
.96943088372548
.96130079030991
.95349591970444
.94439023733139
1.0027642250061
.98439025878906
.96601625283559
.91983739535014
.96878049770991
.94081300497055
.9684552748998
1.0479674339294
.89349591732025
1.0580487648646
1.0022764205933
.91203252474467
.92552846670151
.98227643966675
.97073169549306
1.015284538269
.97772357861201
.94439023733139
.95073169469833
.95593494176865
.87821137905121
1.0578862031301
.95674794912338
1.0385365486145
.99528453747431
.96504064400991
1.0055284500122
.96829267342885
1.0076422691345
1.0055284500122
.98634147644043
.9790244102478
.95528453588486
.96292684475581
.9351219534874
.99837398529053
.9437398314476
.99658536911011
.97999999920527
1.0190243721008
.92959350347519
.97430894772212
.96357723077138
.98601627349854
1.0115447044373
.95951221386592
.95739835500717
.93219512701035
.95626014471054
1.0229268074036
.93951219320297
.9656910498937
.96796747048696
.93382114171982
.97365852197011
.98813009262085
.97008128960927
.97723577419917
.94861787557602
.92943090200424
.96178861459096
.94048780202866
.99040651321411
.96243902047475
.91821140050888
.98780488967896
.98471546173096
.97739839553833
.9972357749939
.9811382095019
.99642276763916
.9468292593956
.97349592049917
.96308944622676
.97430896759033
1.0354471206665
.90390243132909
1.0227642059326
.95707317193349
.94260162115097
1.0186991691589
.97869920730591
.96422763665517
1.0079674720764
.95886178811391
.95008128881454
.99593496322632
.97333335876465
.94048780202866
.96455283959707
.95869918664296
.97040651241938
1.0095934867859
.99609756469727
.94357722997665
.92390245199203
.96016259988149
.99479675292969
.92666667699814
.95658536752065
1.0302438735962
.9666666785876
1.0026016235352
1.0013008117676
1.0461788574855
.98552846908569
1.018373966217
.96439023812612
.97447154919306
.99333333969116
.89804877837499
.92113822698593
.98975610733032
.98308942715327
.97235773007075
.94146341085434
.94439023733139
.95317071676254
.95170732339223
1.0434145927429
.93430894613266
.95479675134023
.996910572052
.99447154998779
.9941463470459
.95317071676254
.92601627111435
.98747968673706
.86829268932343
.96016258001328
.99219512939453
.99333333969116
.983252008756
1.0261788368225
.97723577419917
.9626016219457
.96065040429433
.98731708526611
.96699186166128
1.0126829147339
.95252033074697
.9622764190038
.92991870641708
.91512197256088
.94308942556381
.9289430975914
.93886178731918
1.0266666412354
.94390243291855
1.0086178779602
.99430894851685
1.009268283844
1.0069918632507
.96747968594233
.96991868813833
.98113822937012
1.0170731544495
.99512195587158
.99317073822021
1.0573983987172
1.0149593353271
1.0530080795288
.93447154760361
.97008130947749
.96422763665517
.96016258001328
.96747966607412
.97382112344106
.9626016219457
.92406503359477
.93723577260971
.97447156906128
.95918697118759
.93691056966782
.89626016219457
.92373985052109
.92536586523056
1.0352845191956
.98276424407959
1.003089427948
.92097562551498
.92081302404404
.97658538818359
.99707317352295
.94715446233749
.96764228741328
.95365852117538
.96260160207748
.91983741521835
.96991870800654
.97414634625117
1.0084552764893
.92926830053329
.91414634386698
.95756097634633
.98813009262085
.93414634466171
.92861789464951
.97317071755727
.9526829123497
.96357721090317
.88975608348846
1.1237398386002
1.0341463088989
.97691057125727
.95317071676254
.9694309035937
.98569107055664
.9852032661438
.9882926940918
.95219512780507
.94243901968002
.89886176586151
.9465040564537
.94130080938339
.93707317113876
.9643902182579
.96569106976191
.92048780123393
.93804877996445
.98894309997559
.95105689764023
.94536584615707
.96373983224233
.94943088293076
.97788618008296
.96585365136464
.93235772848129
.96975610653559
.99349594116211
.9320325255394
.97463415066401
.97105691830317
.9347967505455
.89219510555267
.92292684316635
.98081302642822
.98081300656001
.92926830053329
.98243902126948
.97073171536128
.95219510793686
.98682928085327
.95447152853012
.98601625363032
.97008128960927
.97756097714106
.99154472351074
.93999999761581
1.0434145927429
.94666665792465
1.0271544456482
.95154472192128
.96081298589706
.93105691671371
.95642274618149
.98845529556274
.94260162115097
.96504064400991
.99349594116211
.94130080938339
.97707317272822
.9499186873436
.96861789623896
.94878047704697
.95008128881454
.9554471373558
1.0100812911987
.95658534765244
1.0297560691833
.92260164022446
1.0107316970825
.97203252712886
.92682927846909
.95382114251455
.95235770940781
.97349592049917
.96065040429433
.93983739614487
.89626014232635
.92747968435287
.90959350268046
.97544715801875
.90845529238383
.93788619836171
.95056909322739
.94617885351181
.97382114330928
.95609756310781
1.0136585235596
.90292684237162
.996910572052
.97235773007075
.96211383740107
.95284551382065
.97024389108022
.92487806081772
.92504066228867
.94178861379623
.97349594036738
.95544715722402
.97073173522949
.97365854183833
.97869920730591
.97707317272822
.90634147326152
.98943090438843
.97186992565791
.95203250646591
.97999999920527
.9100813070933
.99707317352295
.97951221466064
.96373981237411
.96585365136464
.94585365056992
.92536586523056
.95105689764023
.96471544106801
.93739837408066
.9230894446373
.98373985290527
.94634145498276
.96552844842275
1.0042276382446
.95186990499496
.93674796819687
.95756097634633
.93707317113876
.92764226595561
.90243901809057
.96130079030991
.91983741521835
1.0021138191223
.89382114013036
.9258536696434
.9378861784935
.93447154760361
1.0292682647705
.94455283880234
.9725203315417
.98813009262085
.96975610653559
.95219510793686
1.0024390220642
.95252033074697
.92243901888529
.9495934844017
1.0373983383179
.98650407791138
.97804880142212
.97235773007075
.9725203315417
1.0011382102966
.88975608348846
.99528455734253
.97040651241938
.9440650343895
.94634145498276
.97951221466064
.93967479467392
.94520324468613
.86520326137543
1.0021138191223
.88048779964447
.993821144104
.96292680501938
.96747968594233
.91024390856425
.92878049612045
.93560975790024
.96276422341665
.93869918584824
.95121949911118
.94813007116318
.93691056966782
.9495934844017
.99756097793579
.97170730431875
.94731706380844
.91154474020004
.8977235754331
.94520324468613
1.009105682373
.89886176586151
.9687804778417
1.0017886161804
.96569106976191
.95252031087875
.93934959173203
1.0201625823975
1.0066666603088
.95528453588486
.97528453667959
.94032520055771
.95284551382065
.99203252792358
.92357724905014
.97398374478022
.9557723402977
.95349591970444
.94601625204086
.95170730352402
.88341462612152
.9821138381958
.93658536672592
.95577236016591
.96211381753286
.94943088293076
.97495935360591
.91934961080551
.94536584615707
.95999997854233
.95382112264633
.98650407791138
.92829269170761
1.0001626014709
.97918701171875
.94975608587265
.91528455416362
.93723577260971
1.0102438926697
1.0022764205933
.93447154760361
.91365855932236
.94292682409286
.99918699264526
.94032520055771
.97495937347412
.9203252196312
.95252031087875
.95902436971664
.93138211965561
.97300811608632
.97056909402211
.95040649175644
.87121951580048
.94471544027328
.89479674895604
.99902439117432
.96910568078359
.92130082845688
.96292682488759
.97154472271601
.94308942556381
.97853658596675
.92813007036845
.92780488729477
.97951221466064
.91186992327372
.94195121526718
.99512195587158
.89983739455541
.94439023733139
.94325202703476
.97024391094844
.95560973882675
.93186992406845
.93317073583603
1.0178861618042
.98991870880127
.96894307931264
.95853658517202
.91317075490952
.9756097594897
.94780486822128
.90764228502909
.95154470205307
.95756097634633
.92650407552719
.9530081152916
.96504064400991
.99560976028442
.92439025640488
.90178861220678
.96780486901601
1.0213007926941
.90097560485204
.9756097594897
.92569106817245
.95008128881454
.97186992565791
.88813008864721
.97317073742549
.90552846590678
.98780488967896
.96341462930044
.93495935201645
1.0034146308899
.97203252712886
.98178863525391
.97495937347412
.94845527410507
.95219510793686
.97203250726064
.9248780409495
.9910569190979
.99024389187495
1.0009756088257
.96065040429433
.99642276763916
.96731708447138
.87317073345184
.94260162115097
1.0076422691345
.92569106817245
.97886180877686
.97056909402211
.9879674911499
.95512193441391
.97772355874379
.90504066149394
.99886178970337
.92650407552719
.9073170820872
.95186990499496
.91983741521835
.91268293062846
.90585366884867
.96211381753286
.95040649175644
.89414632320404
.9317073225975
.98682928085327
.96975608666738
.94357722997665
.97691057125727
.93317073583603
.92260164022446
.96406503518422
.97544713815053
.99284553527832
.96699186166128
.98422765731812
.95138212045034
.93186992406845
.98292684555054
.96471546093623
.95918699105581
.93300813436508
.90813008944194
.95235770940781
.92813009023666
.9848780632019
.96341462930044
.99495935440063
.92601627111435
.99089431762695
.90130080779394
.94081300497055
.95349593957265
1.03089427948
.9378861784935
.91707319021225
.93609756231308
.93739837408066
.95170730352402
.91414634386698
.92536586523056
.99284553527832
.89186990261078
.9595121939977
.95252031087875
.94357722997665
.96715448300044
.94146341085434
.96178859472275
.98000001907349
.87951219081879
1.0019512176514
.93349593877792
.90634147326152
.92162603139877
.89512193202972
.90439023574193
.97577236096064
.8847154378891
.92439025640488
.89414632320404
.9712194999059
.96341462930044
.91902440786362
.9725203315417
.95723577340444
.97951219479243
.97544713815053
.97056911389033
1.0325202941895
.9032520254453
.95463414986928
.92178863286972
.87642276287079
.92764228582382
.9042276541392
.88894309600194
.90959350268046
.92780488729477
.91983739535014
.94162601232529
.97040651241938
.93756097555161
.90260161956151
.8510569135348
.96390243371328
.92178863286972
.95609754323959
.89626016219457
.99642276763916
1.0328454971313
.94227641820908
.89707314968109
.99853658676147
.91869920492172
.95089429616928
.95479675134023
.89593495925268
.90715446074804
.95333331823349
.90211381514867
.9066666563352
.88552844524384
.89723575115204
.95837396383286
.94796746969223
.95512193441391
.97235773007075
.87252032756805
.93138211965561
.90829269091288
.92666667699814
.96325202782949
.92650407552719
.9162601629893
.94796746969223
.92471545934677
.93642276525497
.92260162035624
.95674794912338
.96373983224233
.88813006877899
.93528455495834
.9282926718394
.94325202703476
.9694309035937
.92975610494614
.92682927846909
.87674796581268
.94276422262192
.95284551382065
.93609756231308
.91333335638046
.92552846670151
.86796748638153
1.0455284118652
.91756099462509
.93073171377182
.89918700853984
.99658536911011
.93869918584824
.97886180877686
.93365854024887
.95723577340444
.95804878075918
.90243901809057
.95918699105581
.95528455575307
.87512195110321
.96585365136464
.93008130788803
.94731706380844
.9626016219457
.97333333889643
.92422765493393
.96796747048696
.93886178731918
.95658536752065
.93040651082993
.96146341164907
.93528455495834
.92764228582382
.90227641661962
.95853658517202
.8936585187912
.9347967505455
.89073169231415
.94487804174423
.91024392843246
.93821138143539
.9821138381958
.95073169469833
.94861787557602
.9378861784935
.99089431762695
.98666667938232
.95105689764023
.89788615703583
.91235772768656
.872682929039
.9406504034996
.9203252196312
.90195119380951
.97089431683222
.89219512542089
.91382114092509
.95479673147202
.96796747048696
.90162601073583
.91317075490952
.96032518148422
.9526829123497
.88666667540868
.91853660345078
.92439025640488
.87008130550385
.94048780202866
.92422765493393
.9094308813413
.89821137984594
.97495935360591
.96325202782949
.95284551382065
.95430894692739
.88390243053436
.93235772848129
.90227641661962
.95414632558823
.8785365819931
.91951221227646
.88146340847015
.93349593877792
.9474796851476
.9409756064415
.98162603378296
.89219510555267
.89138209819794
.86861789226532
.8538211385409
.86731708049774
.96195121606191
.97317071755727
.94227641820908
.91756099462509
.92048782110214
.96617885430654
.9440650343895
.90081300338109
.90113820632299
.93333333730698
.88373982906342
.94130080938339
.93382114171982
.98000001907349
.87073171138763
.91772357622782
.92227643728256
.94292682409286
.87674796581268
.88048779964447
.91089431444804
.94048780202866
.95609754323959
.89040648937225
.90926829973857
.94487804174423
.87739837169647
.97739837567012
.91430894533793
.88585364818573
.91121951738993
.92796748876572
.91902440786362
.90666667620341
.90146340926488
.95723575353622
.91203254461288
.94585365056992
.91186992327372
.91756097475688
.90130080779394
.95463413000107
.97203252712886
.98260162274043
.84666667381922
.96666665871938
.93756097555161
.94910567998886
.93300813436508
.92276422182719
.94747966527939
.97138210137685
.91674796740214
.95837398370107
.94113820791245
.91073171297709
.91609758138657
.88520324230194
.89219510555267
.90926829973857
.92764228582382
.90910569826762
.87105691432953
.95414634545644
.92504066228867
.9351219534874
.93918699026108
.9100813070933
.88861787319183
.93869920571645
.9261788725853
.92715448141098
.95837398370107
.87902438640594
.91512195269267
.87983739376068
.92178863286972
.94861787557602
.91609758138657
.88130080699921
.89544715483983
.92569106817245
.92975610494614
.91024388869603
.96617885430654
.95479673147202
.91365855932236
.89902436733246
.95560975869497
.91203254461288
.93056911230087
.90113818645477
.86926829814911
.90894309679667
.9230894446373
.9203252196312
.92146342992783
.94666665792465
.89544713497162
.90552844603856
.90195121367772
.9063414533933
.89788617690404
.86536586284637
.96081300576528
.86878049373627
.88260161876678
.9063414533933
.91398374239604
.8754471540451
.90569104750951
.89073169231415
.91056911150614
.92406505346298
.91365853945414
.89463412761688
.9554471373558
.93577235937119
.85577237606049
.99739837646484
.85203252236048
.91837398211161
.90032519896825
.87528455257416
.88406503200531
.93268293142319
.8469918568929
.84991872310638
.88552844524384
.93691056966782
.92471545934677
.93008130788803
.90113820632299
.98536586761475
.83674796422323
.89073169231415
.9351219534874
.87821137905121
.91203254461288
.88390243053436
.89593495925268
.89495933055878
.92536586523056
.94032520055771
.87626016139984
.9100813070933
.85577237606049
.86926829814911
.92016261816025
.90032519896825
.96308942635854
.94634145498276
.92504066228867
.95414632558823
.92991870641708
.91333335638046
.88617885112762
.87674796581268
.89300811290741
.87430894374847
.94601625204086
.91056913137436
.85154471794764
.85219512383143
.85365853706996
.89105689525604
.91154470046361
.87999999523163
.94585365056992
.88617885112762
.90764230489731
.91626018285751
.91495935122172
.88504064083099
.92390245199203
.90682927767436
.88845527172089
.878861784935
.95691055059433
.93626016378403
.85674798488617
.92227643728256
.9499186873436
.91772357622782
.92178863286972
.88552844524384
.91398374239604
.92065042257309
.90926829973857
.9104065100352
.85560977458954
.94715446233749
.88926827907562
.93382114171982
.91544715563456
.83902436494827
.9347967505455
.90959350268046
.92439025640488
.84617886940638
.92552846670151
.90959350268046
.9526829123497
.9001625974973
.88146340847015
.86813008785248
.8699187040329
.89349591732025
.89447154601415
.88943088054657
.90650407473246
.87593495845795
.88292682170868
.92455285787582
.86357724666595
.93121951818466
.91951221227646
.90292682250341
.88536584377289
.88861787319183
.81967478990555
.91073171297709
.91544717550278
.91528457403183
.87365853786469
.91756097475688
.88390243053436
.93707317113876
.89869918425878
.87056910991669
.86634147167206
.96764226754506
.92227641741435
1.0344715118408
.96552844842275
.90504064162572
.82991870244344
.8640650510788
.91804879903793
.89414632320404
.86910569667816
.89951219161352
.82926829655965
.91235772768656
.881951212883
.92406505346298
.89577235778173
.90308942397436
.86634147167206
.94943090279897
.85073173046112
.90113818645477
.87804877758026
.9162601629893
.93967479467392
.8541463414828
.89609756072362
.88959348201752
.82910567522049
.87772357463837
.89252030849457
.88487803936005
.89317071437836
.87934958934784
.88130080699921
.88666665554047
.875772356987
.85430896282196
.95089429616928
.91365853945414
.96276422341665
1.0076422691345
.89268292983373
.88487803936005
.86504065990448
.8730081319809
.88065040111542
.92731708288193
.91008128722509
.90227643648783
.95447154839834
.96894307931264
1.0139837265015
1.0785366296768
.94390243291855
.91365853945414
.94601625204086
1.0004878044128
.95707317193349
.98308944702148
.98585367202759
.96650405724843
1.0167479515076
.96910568078359
.98878049850464
1.0466666221619
1.0003252029419
.97056909402211
.93365854024887
.97821140289307
.993821144104
.99593496322632
.96211381753286
1.0414633750916
.96195121606191
.96113818883896
1.0543089310328
.97756097714106
1.0302438735962
.96422763665517
.98292682568232
1.0089430809021
.99837398529053
1.0141463279724
1.0094308853149
.9656910498937
1.0130081176758
.98032520214717
.9619511961937
.99577236175537
.99934959411621
.94439023733139
1.0291056632996
1.0465040206909
1.0377235412598
.95918699105581
.99008131027222
.9526829123497
1.0115447044373
.97219514846802
1.050569097201
1.0048780441284
.97918701171875
.96520324548086
.98764228820801
1.0222764015198
1.0300812721252
1.0143089294434
.98634147644043
.96747966607412
.96373983224233
.94455283880234
1.0165853500366
.99024391174316
.9756097594897
.99121952056885
1.0021138191223
1.0232520103455
1.0026016235352
.96601625283559
1.0201625823975
.89756097396215
1.0199999809265
1.0027642250061
1.0138211250305
.99268293380737
.94910567998886
1.0100812911987
.9793496131897
.99056911468506
.99203252792358
.97804880142212
1.0406503677368
1.0082926750183
.98894309997559
.99788618087769
1.0282926559448
.9691057006518
.97008128960927
1.0052032470703
.95138212045034
1.01544713974
1.0601625839869
.97642278671265
.97756097714106
.99869918823242
1.0208129882812
1.0128455162048
1.0151219367981
1.033983707428
.97284555435181
.94829267263412
1.0134959220886
1.0029268264771
1.0624390045802
.95089429616928
.98991870880127
.98845529556274
.98747968673706
1.1310569047928
1.0411381721497
1.0069918632507
.99788618087769
.95447152853012
1.0082926750183
.99056911468506
1.0333333015442
.95577236016591
.97040651241938
.98406505584717
.95382114251455
1.0039024353027
1.0617886384328
.98634147644043
.96910568078359
.98520324627558
1.0134959220886
1.0469918251038
1.0221138000488
1
1.0170731544495
1.0144715309143
.97869918743769
1.0147967338562
1.0198373794556
1.0173983573914
1.0403251647949
.95154470205307
1.0224390029907
1.0435771942139
.99983739852905
.9972357749939
.99495935440063
.9626016219457
.95934957265854
.99089431762695
1.0843902826309
1.0039024353027
.97121951977412
1.0481300354004
1.0113821029663
1.0284552574158
1.0089430809021
1.024552822113
1.0203251838684
.96991868813833
1.0086178779602
.98975610733032
1.018373966217
1.018373966217
.93398374319077
1.0076422691345
1.0001626014709
1.0186991691589
.98081300656001
1.0299186706543
.97365854183833
1.0040650367737
.97447154919306
.98764228820801
.98471546173096
1.0058536529541
1.0243902603785
1.0370731751124
.98682928085327
1.0552845001221
.98406503597895
.98634147644043
.99300813674927
1.0248780250549
1.0055284500122
.94487804174423
.97544717788696
.95609756310781
.97495935360591
1.0333333015442
1.0260162353516
.97869918743769
.96975610653559
.99024391174316
1.0359349250793
.96471546093623
.98373985290527
.97284553448359
1.0331707000732
.96178861459096
1.0021138191223
1.0632520119349
1.0048780441284
1.0585365692774
1.0378861427307
.95756095647812
1.0386991500854
1.0495934883753
1.0143089294434
1.0037398338318
1.01544713974
1.0349593162537
.96487804253896
1.0079674720764
1.0479674339294
.99674797058105
1.1227642297745
1.0349593162537
.97105691830317
1.0178861618042
1.0341463088989
1.0333333015442
1.0328454971313
1.0186991691589
1.1110569238663
.98487804333369
1.0265040397644
1.0624390045802
1.0678048928579
1.0788618326187
1.0726829767227
1.0380487442017
1.1263414621353
1.0315446853638
.99268293380737
1.0395121574402
1.0970731973648
1.0193495750427
1.0239024162292
1.0359349250793
1.0559349060059
1.0544715325038
1.0655284722646
1.0925203561783
1.0731707811356
1.1300812959671
1.0671544869741
1.1325203180313
1.1133333444595
1.0639024575551
1.0865041017532
1.0847154855728
1.0936585664749
1.1469918489456
1.1570731798808
1.1299186944962
1.1785365740458
1.0980488061905
1.1300812959671
1.1092683076859
1.1621137857437
1.1439024209976
1.1282926797867
1.1413007974625
1.193008184433
1.15804874897
1.1769105195999
1.1437398195267
1.1377235651016
1.2541463375092
1.1523576974869
1.2048780918121
1.2055284579595
1.3042276302973
1.2073171138763
1.1715446710587
1.2003252506256
1.236260175705
1.2583739757538
1.2105691432953
1.2466666698456
1.2468292713165
1.2310569286346
1.2310569286346
1.282276391983
1.2307317256927
1.2743089199066
1.2160975933075
1.1939837535222
1.2432520389557
1.2704064846039
1.2980487744013
1.2656910419464
1.2396748065948
1.2372357845306
1.3071544567744
1.2318699359894
1.2440650463104
1.311382095019
1.2882926861445
1.2504065036774
1.3308943510056
1.2689430713654
1.2536585330963
1.2193496227264
1.2583739757538
1.2105691432953
1.3001625935237
1.3258537054062
1.2505691051483
1.2466666698456
1.2739837169647
1.2213008403778
1.3933333158493
1.2447154521942
1.2956097126007
1.2195122241974
1.279186964035
1.248455286026
1.2450406551361
1.2832520008087
1.2513821125031
1.3526829481125
1.2952845096588
1.2655284404755
1.2308943271637
1.2834146022797
1.2707316875458
1.2691056728363
1.2307317256927
1.2809755802155
1.266829252243
1.25772356987
1.2848780155182
1.2354471683502
1.2281301021576
1.2957723140717
1.2182114124298
1.1739837328593
1.2590243816376
1.2321951389313
1.2565853595734
1.2352845668793
1.239187002182
1.2728455066681
1.1930081446966
1.2518699169159
1.1697560946147
1.2401626110077
1.2040650844574
1.2165853977203
1.2302439212799
1.2386991977692
1.2325203418732
1.2242276668549
1.1813008387884
1.1897560755412
1.205365896225
1.1861788829168
1.2265040874481
1.1521950960159
1.15804874897
1.1886178652445
1.1663414239883
1.1793495416641
1.2047154506048
1.1843902269999
1.1824390093486
1.1276422739029
1.1286178827286
1.1375609636307
1.139512181282
1.1730080842972
1.1604877710342
1.1495934724808
1.1232520341873
1.0757724046707
1.1221138238907
1.0886179208755
1.1627641916275
1.1286178827286
1.0959349870682
1.118211388588
1.043251991272
1.0533332824707
1.0775610208511
1.0320324897766
1.0897561311722
1.0830894708633
1.090406537056
1.0959349870682
1.102601647377
1.0513820648193
1.0624390443166
1.0551219383876
1.0908943414688
1.0687805016836
1.0600000222524
1.0691057046254
1.0744715929031
1.0299186706543
1.039999961853
1.050569097201
1.0256910324097
1.0681300957998
1.0315446853638
1.1133333444595
1.0188617706299
1.0695935090383
.98666667938232
1.0521951119105
1.0476422309875
1.1349593400955
.99951219558716
1.0367479324341
.99983739852905
1.0268292427063
1.0052032470703
1.0531706809998
.99869918823242
1.0352845191956
1.0551219383876
1.0356097221375
1.0308943192164
1.0795121987661
1.0182113647461
1.0304064750671
1.0107316970825
1.0263414382935
1.0195121765137
1.0180487632751
1.049268245697
1.0520325104396
1.0141463279724
1.0156097412109
1.0756098031998
.97024391094844
.97886178890864
1.0081300735474
1.0552845001221
1.0621138413747
1.0193495750427
1.0022764205933
1.0222764015198
1.0126829147339
1.0613007942835
.95772357781728
.98065042495728
1.0343089103699
1.0066666603088
1
.98552846908569
1.0474796295166
1.015284538269
1.0076422691345
1.056910554568
1.0367479324341
1.0084552764893
.96926830212275
.97154472271601
1.0721951325734
1.0827642679214
.97365854183833
.94894307851791
1.0473170677821
1.0263414382935
1.0131707191467
1.0068292617798
.96845529476802
1.0065040588379
1.046178817749
1.0294308662415
1.0190243721008
1.0422763824463
1.0347967147827
1.018373966217
1.0006504058838
.98341464996338
1.033983707428
1.0364227294922
1.0009756088257
1.0242276191711
1.0357723236084
1.0652032295863
1.030731678009
1.0349593559901
1.0068292617798
.98308944702148
1.0034146308899
.99934959411621
1.1321951150894
1.0395121574402
1.0193495750427
.98926830291748
1.0146341323853
1.0089430809021
1.1128455400467
1.0458536148071
.98113822937012
.94520324468613
1.0313820838928
.97642278671265
1.0377235412598
1.0495934486389
1.0084552764893
1.0482926368713
1.0266666412354
.99642276763916
1.0175609588623
1.0173983573914
1.018536567688
1.0398373603821
.98373985290527
1.0281300544739
.97821140289307
.98341464996338
.98650407791138
1.0310568809509
.97414634625117
1.0533332824707
.97317073742549
.9783739844958
1.0443902015686
1.0882927179337
.98666667938232
1.0134959220886
1.012357711792
.99658536911011
1.0112195014954
1.0723577737808
1.0866667032242
.95902438958486
.96796747048696
1.0655284722646
.99934959411621
1.040162563324
1.0021138191223
.94569104909897
.98520324627558
1.0108942985535
1.0349593162537
.98536586761475
1.0619512001673
.95837398370107
1.0221138000488
1.027642250061
1.0084552764893
.9687804778417
.95317071676254
1.0069918632507
1.0134959220886
.9622764190038
1.0115447044373
.95056909322739
.99837398529053
1.0078048706055
.98406503597895
1.030731678009
.99772357940674
.9783739844958
1.0162601470947
1.0087804794312
1.0195121765137
1.0520325104396
1.0300812721252
.95869918664296
1.006178855896
.99170732498169
.96455283959707
1.0336585044861
.96113820870717
.9941463470459
1.0004878044128
1.0118699073792
.9790244102478
.9762601852417
1.0199999809265
1.0076422691345
1.0760976076126
.97333333889643
1.0426015853882
1.0702439149221
1.0452032089233
.99398374557495
.98357723156611
1.0084552764893
1.0026016235352
1.0400000015895
1.0024390220642
1.0024390220642
.95284551382065
.98682928085327
1.0001626014709
.93284553289413
1.0084552764893
1.0009756088257
1.0095934867859
.93024390935898
1.0107316970825
.96617883443832
1.0323576927185
.9656910498937
1.0243902206421
.93902438879013
.99918699264526
.99642276763916
.98552846908569
.94422763586044
1.0315446853638
.97089429696401
1.0543088912964
1.0079674720764
.98666667938232
.99853658676147
.94861787557602
1.030731678009
1.0190243721008
.96097560723623
1.0261788368225
1.0029268264771
1.0159349441528
1.006016254425
1.0390243530273
1.0001626014709
1.0008130073547
.97739839553833
1.0047154426575
1.0035772323608
1.0609756310781
.95788615942001
1.0165853500366
1.0731707413991
.99707317352295
.98991870880127
.96341462930044
.95788615942001
.98731708526611
.96780488888423
1.0191869735718
.98780488967896
1.0665040810903
1.0128455162048
1.0170731544495
1.0063414573669
1.0552845001221
1.0473170280457
1.0196747779846
.99821138381958
.96585365136464
1.0469918251038
1.027804851532
.99593496322632
.99300813674927
.95089429616928
.99268293380737
1.0193495750427
.94829267263412
.94195121526718
.96146343151728
.99398374557495
1.0191869735718
.98178861538569
1.0645528634389
.9622764190038
1.0495934486389
.98130083084106
.99788618087769
1.018373966217
1.0112195014954
.97544715801875
.98504066467285
.98113822937012
.98715448379517
.95739835500717
1.006016254425
.97642276684443
.99951219558716
1.0182113647461
1.0356097221375
1.0583739678065
.99284553527832
1.0209755897522
.9567479689916
.96081300576528
.9972357749939
1.0146341323853
1.0263414382935
.97869918743769
.99853658676147
1.0099186897278
1.0333333015442
1.0029268264771
.95999999841054
.98634147644043
.99479675292969
.93024390935898
1.0043902397156
1.0255284309387
1.0486178398132
1.0230894088745
1.0063414573669
1.0021138191223
.99804878234863
1.0224390029907
1.0162601470947
1.009268283844
1.0359349250793
1.0211381912231
1.0380487442017
.97073169549306
.98065040508906
.99772357940674
.99268293380737
1.0263414382935
.97414634625117
1.003089427948
1.0429267883301
.96325202782949
1.006178855896
1.0016260147095
.99837398529053
.98845529556274
1.050569097201
1.0069918632507
.95186990499496
.97967481613159
1.0227642059326
.97756099700928
1.0071544647217
1.0609755913417
.99544715881348
.96373981237411
1.0144715309143
1.0034146308899
1.0230894088745
.99252033233643
1.0482926368713
1.0186991691589
.95121951897939
.96325202782949
1.0175609588623
.99154472351074
1.01544713974
.97642278671265
1.102601647377
1.0069918632507
1.0326828956604
1.0465040206909
.96487806240718
.94504064321518
1.006178855896
.95463413000107
.97284553448359
.96504064400991
.996910572052
.92780488729477
1.0169105529785
.98585367202759
.99918699264526
1.0208129882812
1.0211381912231
1.0087804794312
1.0027642250061
1.0073170661926
1.0439023971558
.97983741760254
1.0408130089442
.9635772506396
1.0619512001673
.9721951285998
1.0063414573669
1.0469918251038
1.0203251838684
.96666665871938
.97999999920527
1.0131707191467
1.0178861618042
.95138210058212
.98195121685664
1.0321950912476
.9824390411377
1.0443902015686
1.0008130073547
.9752845565478
1.0250406265259
1.0001626014709
1.0354471206665
1.0133333206177
.96975608666738
1.0011382102966
.98504066467285
1.0039024353027
.97544715801875
1.0053658485413
.99495935440063
.96178861459096
1.0001626014709
.93593496084213
1.0014634132385
1.0385365486145
.98536586761475
.96682926019033
1.0099186897278
1.0504064559937
1.0424389839172
1.0279674530029
1.0367479324341
.9941463470459
1.0182113647461
.98455286026001
.98585365215937
.98260164260864
.9598373969396
.9882926940918
.95918697118759
.94878047704697
.99073171615601
.97967479626338
1.0143089294434
.99593496322632
.94617885351181
.98764228820801
.99739837646484
.99495935440063
.99089431762695
.95902438958486
1.0235772132874
1.027642250061
1.0001626014709
.98813009262085
.92113820711772
.99967479705811
1.0172357559204
1.0252032279968
.98959350585937
1.0110569000244
.94943090279897
.99430894851685
.93577235937119
.9852032661438
1.0151219367981
1.0039024353027
1.0086178779602
.99463415145874
1.0204877853394
1.0500812530518
.98536586761475
1.0039024353027
1.0416259765625
.98357725143433
.95365852117538
1.024715423584
1.0182113647461
.99235773086548
1.0227642059326
1.0133333206177
1.0222764015198
.95235770940781
1.0082926750183
.97609756390254
.96341464916865
1.0391869544983
.99658536911011
.94699186086655
1.0461788574855
.95040649175644
.95544715722402
1.0074796676636
1.05382112662
1.0191870133082
1.0409756104151
.94813007116318
.98780486981074
.96341462930044
.98536586761475
1.0081300735474
.99918699264526
1.0042276382446
1.0143089294434
.9508943160375
.95691057046254
.9567479689916
1.0227642059326
.96796747048696
1.0198373794556
1.0434145927429
.97040649255117
1.0162601470947
.9879674911499
.93837398290634
1.0476422309875
.94747966527939
.95837396383286
.98048780361811
.99382112423579
1.0079674720764
1.0104064941406
.9585365653038
.96487804253896
.97073171536128
1.0365853309631
.99934959411621
1.0004878044128
.95869918664296
1.0021138191223
.95430894692739
1.0182113647461
.97609754403432
.98813009262085
.96894309918086
1.0435771942139
.95674794912338
1.0110569000244
.91707317034403
.95382112264633
.96146339178085
1.0110569000244
1.0011382102966
1.0489430824916
.96926830212275
.98373983303706
.97203252712886
.96308942635854
.94699186086655
.93365854024887
1.0190243721008
1.0081300735474
.96113820870717
1.0011382102966
1.0021138191223
.98894309997559
.98747968673706
.95398372411728
.98162603378296
.97642278671265
.99089429775874
.99853658676147
.93073171377182
.98162601391474
1.0035772323608
.96487806240718
.93008130788803
.94666665792465
.99268293380737
.94081300497055
.9734959602356
.96227639913559
.94894307851791
.98130081097285
.99512195587158
1.0266666412354
.96357723077138
.9852032661438
1.0143089294434
.93447154760361
.98715448379517
.99024391174316
1.0017886161804
.95105689764023
.97821140289307
.97788618008296
.99609756469727
.91967479387919
.93495935201645
1.0043902397156
.97821138302485
.96861789623896
1.0590243339539
.9261788725853
.96975610653559
.98097560803095
1.0055284500122
.98178861538569
.90048782030741
.94520324468613
.97056911389033
.95040649175644
.9879674911499
.99186992645264
.9465040564537
1.0089430809021
.89398374160131
.95479675134023
.93121951818466
1.0378861427307
.9842276374499
.9626016219457
.98666667938232
.97642276684443
.95268293221792
1.036910533905
.95008130868276
.98764228820801
.95512195428212
.96715446313222
.99609756469727
.9409756064415
.88861789306005
.96959348519643
1.0234146118164
.90829269091288
.92731708288193
.98975610733032
.98065042495728
.91788619756699
.98097562789917
.96406503518422
.9721951285998
1.0130081176758
.97170732418696
.95398374398549
.96634145577749
.97138210137685
.99609756469727
.98260164260864
1.0422763824463
.95707317193349
.9536585410436
.89739835262299
.94715448220571
.93707317113876
.96764226754506
1.0170731544495
.9656910498937
.94747966527939
.97349592049917
1.0019512176514
.9601626197497
.9069918791453
.97593496243159
.95772357781728
1.0069918632507
.94747966527939
.95040651162465
.9557723402977
.99073171615601
.95284551382065
.98048782348633
1.0006504058838
.96195121606191
.95999999841054
.97707317272822
.95512193441391
.96357723077138
.98585367202759
.92243903875351
.95073169469833
.95268293221792
.98764228820801
.97918701171875
.94292682409286
.91219512621562
.93609756231308
.94471544027328
.94471544027328
.9406504034996
1.0045528411865
.9347967505455
.9440650343895
.95235772927602
.99186990658442
.91300813357035
.93707317113876
.97024389108022
.93349593877792
.95154470205307
.97186992565791
.98699188232422
.92926830053329
.93333333730698
.99268293380737
1.0754471619924
1.0156097412109
.89739835262299
.9440650343895
.98032518227895
1.0442276000977
.93837398290634
.97495935360591
.95821138223012
.95512195428212
.97235773007075
1.0004878044128
.97951219479243
1.02292684714
1.07674797376
.98764228820801
.96406503518422
1.0052032470703
.93821138143539
.91512195269267
.93219512701035
.96178861459096
.95821136236191
.92569106817245
.93089431524277
.95382114251455
.93772357702255
.94487804174423
.94910569985708
.96065038442612
.88276422023773
.92861789464951
.94699186086655
.92260162035624
.97918701171875
.90113820632299
.92487806081772
.95024389028549
.94341462850571
.95365852117538
1.0286178588867
.95284551382065
.97300813595454
.98357725143433
.93560975790024
.90520326296488
.90276422103246
.93040651082993
.95837398370107
.89983739455541
.95739837487539
.95902438958486
.91398374239604
.92634147405624
.99788618087769
.92227643728256
.92504066228867
.98634145657221
.88308942317963
.95707317193349
.88926827907562
.93219512701035
.91333331664403
.89300813277562
.89105689525604
.87821137905121
.87186992168427
.91951219240824
.90162601073583
.91934961080551
.91284555196762
.89512195189794
.95902436971664
.91186992327372
.88829267024994
.87414634227753
.92178863286972
.89593495925268
.97089431683222
.87934958934784
.90682927767436
.88796746730804
.92813009023666
.8946341474851
.88536584377289
.97365854183833
.88617885112762
.85544717311859
.91138211886088
.91463414827983
.95105689764023
.91073171297709
.85056912899017
.90894309679667
.89073169231415
.89447152614594
.92813009023666
.90373982985814
.81626015901566
.90471543868383
.90325204531352
.92162603139877
.87447154521942
.85674798488617
.85869920253754
.84081300099691
.84715447823207
.90536584456762
.88731706142426
.85300815105438
.88617885112762
.8606504201889
.86650407314301
.88991868495941
.85300813118617
.90065040191015
.89170732100805
.92764228582382
.8016260266304
.90373982985814
.91398376226425
.90178863207499
.88406503200531
.83317073186239
.8908942937851
.87512195110321
.89008128643036
.92731708288193
.80292683839798
.81772357225418
.83333331346512
.92178861300151
.87024390697479
.9125203092893
.81869918107986
.8390244046847
.82747966051102
.86487805843353
.86601626873016
.85284552971522
.79252032438914
.84292683998744
.84260161717733
.87219512462616
.79040648539861
.84373982747396
.84487803777059
.83105689287186
.86195123195648
.87723577022552
.82487803697586
.89626014232635
.86016261577606
.83284552892049
.90081298351288
.8164227604866
.81203252077103
0
0
0
0
0
0
0
0
0
0
0
0
0
0
0
0
0
0
0
0
0
0
0
0
0
0
0
0
0
0
0
0
0
0
0
0
0
0
0
0
0
0
0
0
0
0
0
0
0
0
0
0
0
0
0
0
0
0
0
0
0
0
0
0
0
0
0
0
0
0
0
0
0
0
0
0
0
0
0
0
0
0
0
0
0
0
0
0
0
0
0
0
0
0
0
0
0
0
0
0
0
0
0
0
0
0
0
0
0
0
0
0
0
0
0
0
0
0
0
0
0
0
0
0
0
0
0
0
0
0
0
0
0
0
0
0
0
0
0
0
0
0
0
0
0
0
0
0
0
0
0
0
0
0
0
0
0
0
0
0
0
0
0
0
0
0
0
0
0
0
0
0
0
0
0
0
0
0
0
0
0
0
0
0
0
0
0
0
0
0
0
0
0
0
0
0
0
0
0
0
0
0
0
0
0
0
0
0
0
0
0
0
0
0
0
0
0
0
0
0
0
0
0
0
0
0
0
0
0
0
0
0
0
0
0
0
0
0
0
0
0
0
0
0
0
0
0
0
0
0
0
0
0
0
0
0
0
0
0
0
0
0
0
0
0
0
0
0
0
0
0
0
0
0
0
0
0
0
0
0
0
0
0
0
0
0
0
0
0
0
0
0
0
0
0
0
0
0
0
0
0
0
0
0
0
0
0
0
0
0
0
0
0
0
0
0
0
0
0
0
0
0
0
0
0
0
0
0
0
0
0
0
0
0
0
0
0
0
0
0
0
0
0
0
0
0
0
0
0
0
0
0
0
0
0
0
0
0
0
0
0
0
0
0
0
0
0
0
0
0
0
0
0
0
0
0
0
0
0
0
0
0
0
0
0
0
0
0
0
0
0
0
0
0
0
0
0
0
0
0
0
0
0
0
0
0
0
0
0
0
0
0
0
0
0
0
0
0
0
0
0
0
0
0
0
0
0
0
0
0
0
0
0
0
0
0
0
0
0
0
0
0
0
0
0
0
0
0
0
0
0
0
0
0
0
0
0
0
0
0
0
0
0
0
0
0
0
0
0
0
0
0
0
0
0
0
0
0
0
0
0
0
0
0
0
0
0
0
0
0
0
0
0
0
0
0
0
0
0
0
0
0
0
0
0
0
0
0
0
0
0
0
0
0
0
0
0
0
0
0
0
0
0
0
0
0
0
0
0
0
0
0
0
0
0
0
0
0
0
0
0
0
0
0
0
0
0
0
0
0
0
0
0
0
0
0
0
0
0
0
0
0
0
0
0
0
0
0
0
0
0
0
0
0
0
0
0
0
0
0
0
0
0
0
0
0
0
0
0
0
0
0
0
0
0
0
0
0
0
0
0
0
0
0
0
0
0
0
0
0
0
0
0
0
0
0
0
0
0
0
0
0
0
0
0
0
0
0
0
0
0
0
0
0
0
0
0
0
0
0
0
0
0
0
0
0
0
0
0
0
0
0
0
0
0
0
0
0
0
0
0
0
0
0
0
0
0
0
0
0
0
0
0
0
0
0
0
0
0
0
0
0
0
0
0
0
0
0
0
0
0
0
0
0
0
0
0
0
0
0
0
0
0
0
0
0
0
0
0
0
0
0
0
0
0
0
0
0
0
0
0
0
0
0
0
0
0
0
0
0
0
0
0
0
0
0
0
0
0
0
0
0
0
0
0
0
0
0
0
0
0
0
0
0
0
0
0
0
0
0
0
0
0
0
0
0
0
0
0
0
0
0
0
0
0
0
0
0
0
0
0
0
0
0
0
0
0
0
0
0
0
0
0
0
0
0
0
0
0
0
0
0
0
0
0
0
0
0
0
0
0
0
0
0
0
0
0
0
0
0
0
0
0
0
0
0
0
0
0
0
0
0
0
0
0
0
0
0
0
0
0
0
0
0
0
0
0
0
0
0
0
0
0
0
0
0
0
0
0
0
0
0
0
0
0
0
0
0
0
0
0
0
0
0
0
0
0
0
0
0
0
0
0
0
0
0
0
0
0
0
0
0
0
0
0
0
0
0
0
0
0
0
0
0
0
0
0
0
0
0
0
0
0
0
0
0
0
0
0
0
0
0
0
0
0
0
0
0
0
0
0
0
0
0
0
0
0
0
0
0
0
0
0
0
0
0
0
0
0
0
0
0
0
0
0
0
0
0
0
0
0
0
0
0
0
0
0
0
0
0
0
0
0
0
0
0
0
0
0
0
0
0
0
0
0
0
0
0
0
0
0
0
0
0
0
0
0
0
0
0
0
0
0
0
0
0
0
0
0
0
0
0
0
0
0
0
0
0
0
0
0
0
0
0
0
0
0
0
0
0
0
0
0
0
0
0
0
0
0
0
0
0
0
0
0
0
0
0
0
0
0
0
0
0
0
0
0
0
0
0
0
0
0
0
0
0
0
0
0
0
0
0
0
0
0
0
0
0
0
0
0
0
0
0
0
0
0
0
0
0
0
0
0
0
0
0
0
0
0
0
0
0
0
0
0
0
0
0
0
0
0
0
0
0
0
0
0
0
0
0
0
0
0
0
0
0
0
0
0
0
0
0
0
0
0
0
0
0
0
0
0
0
0
0
0
0
0
0
0
0
0
0
0
0
0
0
0
0
0
0
0
0
0
0
0
0
0
0
0
0
0
0
0
0
0
0
0
0
0
0
0
0
0
0
0
0
0
0
0
0
0
0
0
0
0
0
0
0
0
0
0
0
0
0
0
0
0
0
0
0
0
0
0
0
0
0
0
0
0
0
0
0
0
0
0
0
0
0
0
0
0
0
0
0
0
0
0
0
0
0
0
0
0
0
0
0
0
0
0
0
0
0
0
0
0
0
0
0
0
0
0
0
0
0
0
0
0
0
0
0
0
0
0
0
0
0
0
0
0
0
0
0
0
0
0
0
0
0
0
0
0
0
0
0
0
0
0
0
0
0
0
0
0
0
0
0
0
0
0
0
0
0
0
0
0
0
0
0
0
0
0
0
0
0
0
0
0
0
0
0
0
0
0
0
0
0
0
0
0
0
0
0
0
0
0
0
0
0
0
0
0
0
0
0
0
0
0
0
0
0
0
0
0
0
0
0
0
0
0
0
0
0
0
0
0
0
0
0
0
0
0
0
0
0
0
0
0
0
0
0
0
0
0
0
0
0
0
0
0
0
0
0
0
0
0
0
0
0
0
0
0
0
0
0
0
0
0
0
0
0
0
0
0
0
0
0
0
0
0
0
0
0
0
0
0
0
0
0
0
0
0
0
0
0
0
0
0
0
0
0
0
0
0
0
0
0
0
0
0
0
0
0
0
0
0
0
0
0
0
0
0
0
0
0
0
0
0
0
0
0
0
0
0
0
0
0
0
0
0
0
0
0
0
0
0
0
0
0
0
0
0
0
0
0
0
0
0
0
0
0
0
0
0
0
0
0
0
0
0
0
0
0
0
0
0
0
0
0
0
0
0
0
0
0
0
0
0
0
0
0
0
0
0
0
0
0
0
0
0
0
0
0
0
0
0
0
0
0
0
0
0
0
0
0
0
0
0
0
0
0
0
0
0
0
0
0
0
0
0
0
0
0
0
0
0
0
0
0
0
0
0
0
0
0
0
0
0
0
0
0
0
0
0
0
0
0
0
0
0
0
0
0
0
0
0
0
0
0
0
0
0
0
0
0
0
0
0
0
0
0
0
0
0
0
0
0
0
0
0
0
0
0
0
0
0
0
0
0
