.8029684027036
.80024510622025
.80174291133881
.81889979044596
.80555554231008
.81304464737574
.81059368451436
.80868736902873
.80337691307068
.80991284052531
.80337691307068
.81699347496033
.80514707167943
.80637254317602
.80038126309713
.79330064853032
.79670478900274
.79888345797857
.80950436989466
.79697712262472
.8031045794487
.80895968278249
.80718952417374
.8114106853803
.8065087000529
.79602394501368
.80501089493434
.81209148963292
.79738563299179
.79697712262472
.80637254317602
.79466231664022
.80378538370132
.79997277259827
.80895968278249
.7924836675326
.80324073632558
.80827885866165
.8007897734642
.7938453356425
.80010892947515
.79289215803146
.80024508635203
.8029684027036
.78785401582718
.8052832086881
.81304464737574
.80800654490789
.81209150950114
.81045752763748
.79398147265116
.80419391393661
.80133442083995
.80092593034108
.79793028036753
.8137254913648
.80895968278249
.80718954404195
.81113833189011
.86247277259827
.81399782498678
.79724945624669
.79806645711263
.79833877086639
.80909583965937
.80759803454081
.8029684027036
.8043300708135
.80065359671911
.80324073632558
.80242373545965
.78853485981623
.79643243551254
.80691721041997
.80242375532786
.80433005094528
.80051743984222
.80147059758504
.81045752763748
.80364924669266
.79302831490835
.80514705181122
.81454247236252
.80964052677155
.80610020955404
.81958059469859
.79588780800501
.8018790880839
.8137254913648
.80092593034108
.79765796661377
.80405773719152
.80746187766393
.80528322855632
.80460240443548
.81100217501322
.7960239648819
.80964052677155
.81467864910762
.79738563299179
.8054193854332
.81154684225718
.79438998301824
.79901961485545
.8018790880839
.79438998301824
.8043300708135
.81004901727041
.79833877086639
.81086601813634
.80228757858276
.8041938940684
.80160675446192
.81113833189011
.7958877881368
.80160675446192
.79833879073461
.7971132795016
.79561547438304
.80882352590561
.80283226569494
.80569171905518
.79983661572138
.79507078727086
.80569171905518
.79793028036753
.79452613989512
.79956426223119
.80977666378021
.79833877086639
.79507080713908
.79330064853032
.78499454259872
.80841503540675
.79901959498723
.79793028036753
.79384529590607
.80800652503967
.79180282354355
.80255991220474
.8041938940684
.79983659585317
.79425380627314
.79833879073461
.79261982440948
.79983659585317
.80705336729685
.794662296772
.80569171905518
.81889979044596
.80228757858276
.80446622769038
.80242375532786
.79901961485545
.8148148059845
.80364922682444
.82598038514455
.81889977057775
.82216773430506
.82094226280848
.80746187766393
.80991284052531
.81440631548564
.8041938940684
.80936819314957
.81849128007889
.8101851940155
.80378542343775
.81386166810989
.79861110448837
.80909585952759
.8101851940155
.80078975359599
.80487473805745
.80895968278249
.80078975359599
.80078975359599
.79833877086639
.80610020955404
.79738563299179
.80868734916051
.79534312089284
.80787036816279
.8054193854332
.80664487679799
.80909585952759
.81413400173187
.79330066839854
.80092593034108
.80446624755859
.79942810535431
.79874728123347
.80147059758504
.80610020955404
.80528322855632
.80501089493434
.80732570091883
.80337689320246
.81440631548564
.79330064853032
.81059368451436
.82475491364797
.80283222595851
.80378540356954
.80528322855632
.80446622769038
.81072984139125
.81467864910762
.80364922682444
.80024510622025
.80678103367488
.79847494761149
.80187910795212
.81045750776927
.80324073632558
.80215142170588
.81195533275604
.81794661283493
.80977668364843
.80718954404195
.81712965170542
.81427013874054
.80569173892339
.80351306994756
.79643245538076
.79697712262472
.80378540356954
.79847494761149
.80010894934336
.79684094587962
.80065357685089
.80541936556498
.80637254317602
.78989652792613
.80446622769038
.80419391393661
.79561545451482
.80147059758504
.81222766637802
.79874726136525
.8041938940684
.80433005094528
.80337691307068
.80364924669266
.80800654490789
.79684094587962
.8040577173233
.79942810535431
.78799019257228
.79942812522252
.80705338716507
.79357300202052
.80378540356954
.79915575186412
.80419391393661
.79983659585317
.8065087000529
.80119826396306
.80787038803101
.80923203627268
.80174293120702
.80664487679799
.80827885866165
.8018790880839
.79656861225764
.79752178986867
.79343680540721
.79874728123347
.80759803454081
.794662296772
.80555556217829
.81154684225718
.80759805440903
.80855119228363
.81032135089238
.80038126309713
.79670480887095
.80773419141769
.80283224582672
.80501087506612
.80392158031464
.81209150950114
.79357296228409
.80555556217829
.81535949309667
.79697712262472
.80147057771683
.81304464737574
.80460240443548
.7947984735171
.80160673459371
.80283224582672
.79684094587962
.80827887852987
.80555556217829
.79915577173233
.79016884167989
.80174291133881
.79575163125992
.79629629850388
.79071350892385
.79520696401596
.80065357685089
.79057735204697
.79398149251938
.79752178986867
.80024510622025
.79398147265116
.80732572078705
.79738561312358
.8041938940684
.80269606908162
.80405773719152
.80038124322891
.81386164824168
.80364922682444
.81032135089238
.80827885866165
.8043300708135
.80718954404195
.81195533275604
.80473856131236
.80242373545965
.81195533275604
.80228757858276
.79411764939626
.82584422826767
.79629627863566
.80174291133881
.80705336729685
.80610020955404
.80228757858276
.80691723028819
.79193900028865
.8135893146197
.81481482585271
.80283224582672
.80868736902873
.81195535262426
.81263615687688
.81290849049886
.80501089493434
.81277231375376
.80010892947515
.80841505527496
.8146786292394
.80855119228363
.80923201640447
.82107843955358
.81222766637802
.81672112147013
.81467866897583
.81222766637802
.81154684225718
.8123638232549
.79507080713908
.80555556217829
.80269608894984
.79820261398951
.8018790880839
.81209150950114
.79302831490835
.80364922682444
.80882352590561
.79643247524897
.79874728123347
.8112745086352
.79724943637848
.80637254317602
.81209150950114
.802015264829
.80119826396306
.80950435002645
.80650871992111
.80691721041997
.80501087506612
.80705336729685
.80106210708618
.80977666378021
.7958877881368
.80201524496078
.81222766637802
.79970043897629
.80337689320246
.80991284052531
.79833877086639
.79738561312358
.80378538370132
.79738561312358
.80610020955404
.80378540356954
.79125815629959
.80010892947515
.79765792687734
.7863561908404
.79507080713908
.80732570091883
.80378538370132
.80038126309713
.8043300708135
.81141066551208
.80038126309713
.80160675446192
.80637256304423
.79983661572138
.80868736902873
.8137254913648
.80501089493434
.80187910795212
.80923201640447
.79670478900274
.78867103656133
.80174291133881
.80174291133881
.79684094587962
.80514705181122
.79112197955449
.81086601813634
.81195535262426
.802015264829
.81399780511856
.81590414047241
.80582789580027
.80936819314957
.81209148963292
.79547931750615
.80310455958049
.80024508635203
.8043300708135
.80964052677155
.80664489666621
.80487473805745
.80623638629913
.80092593034108
.80991286039352
.80433005094528
.81331700086594
.80106208721797
.80691721041997
.8075980146726
.79697712262472
.79956426223119
.80555556217829
.79398147265116
.8040577173233
.80392158031464
.80228757858276
.80242375532786
.81563180685043
.7924836675326
.79861110448837
.79888345797857
.79588780800501
.79861110448837
.82107843955358
.81699345509211
.80950435002645
.8125
.80773421128591
.81168299913406
.8148148059845
.8208061059316
.80473856131236
.81045752763748
.82148693005244
.81045750776927
.81849128007889
.81563180685043
.80133442083995
.81413398186366
.81672114133835
.80773421128591
.80705338716507
.81631261110306
.80773421128591
.80446622769038
.81072986125946
.81059366464615
.79847494761149
.8031045794487
.79915577173233
.8007897734642
.80678105354309
.79493463039398
.79874728123347
.80337689320246
.80269606908162
.8041938940684
.79820261398951
.80351306994756
.80814272165298
.81604031721751
.80596405267715
.79684094587962
.80228757858276
.7947984735171
.81440631548564
.80596405267715
.80310455958049
.8007897734642
.81290849049886
.79738561312358
.8029684027036
.80514707167943
.80773419141769
.80705338716507
.80827887852987
.79970041910807
.80242375532786
.80732572078705
.79507080713908
.79942810535431
.82298475503922
.82870372136434
.80446622769038
.80923201640447
.79724947611491
.8031045794487
.80732572078705
.8031045794487
.79861112435659
.79561547438304
.8125
.79520696401596
.80732570091883
.80501089493434
.80637254317602
.80106208721797
.80269606908162
.79724945624669
.8054193854332
.79820261398951
.80541940530141
.79098584254583
.80160675446192
.78867101669312
.80310455958049
.80759805440903
.79520696401596
.80678103367488
.80215140183767
.80841503540675
.8043300708135
.80841501553853
.79942810535431
.79561545451482
.80473856131236
.79820261398951
.80215140183767
.80514705181122
.80010892947515
.79670480887095
.8206699291865
.80678105354309
.80814270178477
.81181917587916
.81059370438258
.81072984139125
.82516340414683
.80923201640447
.80569171905518
.81617647409439
.80106208721797
.80555556217829
.81644880771637
.79888345797857
.80691721041997
.81318082412084
.80310455958048
.80569171905518
.81345315774282
.79071348905563
.80936817328135
.80977668364843
.79915579160055
.80460238456726
.80228757858276
.79425382614136
.80623638629913
.80936817328135
.80868736902873
.79724945624669
.8112745086352
.80555556217829
.80133444070816
.80936819314957
.80405773719152
.80977668364843
.81467864910762
.8054193854332
.80691721041997
.80964052677155
.8103213707606
.80868736902873
.80174291133881
.81318084398905
.80650871992111
.80691721041997
.81699345509211
.80800652503967
.8007897734642
.82502722740173
.81195533275604
.80991286039352
.82216773430506
.80773421128591
.8148148059845
.81045750776927
.81004903713862
.79724943637848
.81930828094482
.80228759845098
.80255989233653
.81699347496033
.79275598128637
.80405773719152
.80827887852987
.80569171905518
.80923201640447
.81985294818878
.80228757858276
.8040577173233
.81985294818878
.8125
.81168301900228
.81399782498678
.80732572078705
.82135077317556
.8218954205513
.79806643724442
.81345315774282
.80746187766393
.79901959498723
.79888345797857
.81753814220428
.79833877086639
.79847494761149
.80473856131236
.80991286039352
.80460240443548
.81113833189011
.80814270178477
.81495098272959
.82203157742818
.81631263097127
.82598040501277
.81849128007889
.81753812233607
.81889979044596
.81726578871409
.82502722740173
.81386164824168
.81358933448792
.82529956102371
.80936819314957
.81222766637802
.81685731808345
.80895970265071
.81113833189011
.81222766637802
.81712963183721
.80827885866165
.81821894645691
.81086601813634
.81045752763748
.80596405267715
.80773421128591
.8052832086881
.81971677144368
.80787036816279
.80814268191655
.81045750776927
.79901959498723
.81072984139125
.80582789580027
.80623638629913
.80228757858276
.81576798359553
.80909585952759
.81209150950114
.81794661283493
.80637256304423
.80746187766393
.81821894645691
.81072984139125
.81821896632512
.82039759556452
.81154684225718
.81331700086594
.81100219488144
.80705336729685
.81699345509211
.83619280656179
.81018517414729
.8123638232549
.81712963183721
.80868736902873
.81168299913406
.80882354577382
.80283222595851
.80964052677155
.81699345509211
.8090958793958
.81685729821523
.82407406965892
.83619280656179
.82516340414683
.82570805152257
.82393791278203
.82979303598404
.82039761543274
.82843138774236
.82339324553808
.82489107052485
.8302015264829
.82761438687642
.83306099971135
.8312908411026
.83306099971135
.8325163324674
.82911219199498
.8336056470871
.83061001698176
.84218408664068
.82693356275558
.83782678842545
.84613289435705
.83088237047195
.84517973661423
.84803920984268
.83646514018377
.840822438399
.84694989522298
.83537580569585
.84055010477702
.84517975648244
.840822438399
.84368193149567
.86288126309713
.84136708577474
.84817536671956
.8549836675326
.83714596430461
.84477124611537
.84640522797902
.85389433304469
.85294117530187
.857162296772
.85443900028865
.85770698388418
.86002177000046
.85634531577428
.86342593034108
.86083877086639
.857162296772
.86751089493434
.86928103367488
.86465142170588
.87077885866165
.88303379217784
.86083879073461
.86424293120702
.87241286039352
.87336599826813
.8762254913648
.885484735171
.88888889551163
.87962963183721
.88779956102371
.89324619372686
.87663400173187
.88180828094482
.89351852734884
.8845315972964
.88984205325445
.89365468422572
.89365470409393
.89596951007843
.89637798070908
.89106752475103
.90155227979024
.90359477202098
.89542486270269
.90618191162745
.90645424524943
.90604573488235
.90454792976379
.91476035118103
.90127994616826
.90849671761195
.90236930052439
.89719500144323
.90114378929138
.90427559614182
.90672657887141
.90727122624715
.92347492774328
.90413943926493
.91584966580073
.92783224582672
.9197984735171
.91258170207341
.93069171905518
.91312636931737
.92347492774328
.93491286039352
.91244552532832
.92265794674555
.92116012175878
.92279412349065
.91299021244049
.92946622769038
.91380719343821
.90795207023621
.92061547438304
.91312636931737
.91380719343821
.92592593034108
.92184096574783
.91435184081395
.92592593034108
.92116014162699
.92156863212585
.92374728123347
.91911764939626
.91476033131282
.92551741997401
.93014705181122
.91653050978978
.92755991220474
.93300654490789
.92333879073461
.92660677433014
.93559366464615
.92524510622025
.91707517703374
.93082789580027
.92660675446192
.92088780800502
.92769608894984
.92224945624669
.92116012175878
.94008713960648
.92824073632558
.93110022942225
.9376361767451
.92429192860921
.93178103367488
.92034314076106
.93341503540675
.92170480887095
.93668299913406
.91707517703374
.93178103367488
.93436819314957
.90509261687597
.91407950719198
.93150871992111
.92129629850388
.91693900028865
.9208877881368
.91353485981623
.92129627863566
.9281045794487
.909177561601
.91013071934382
.91761982440948
.91230936845144
.91870913902918
.92497275273005
.90836056073507
.91067536671956
.91571352879206
.91898147265116
.91339868307114
.91938996315002
.90386710564295
.91013071934382
.92388343811035
.91938998301824
.93150871992111
.92211329936981
.91530501842499
.91380719343821
.92456428209941
.91339868307114
.91516884167989
.91761982440948
.92483659585317
.91067538658778
.90795207023621
.92429194847743
.90699889262517
.93123638629913
.9210239648819
.90468408664068
.91135621070862
.91925380627314
.91666666666667
.92224945624669
.9257897734642
.91462417443593
.92170478900274
.92224945624669
.91353485981623
.91666666666667
.92878538370132
.91094770034154
.91394335031509
.94498910506566
.93504901727041
.91135621070862
.9375
.93899784485499
.91271787881851
.91830064853032
.89991829792658
.91598584254583
.91789215803146
.9102668762207
.90972222884496
.91353485981623
.90931371847789
.91326252619425
.91367101669312
.91299021244049
.90863289435705
.90767973661423
.91135621070862
.90645424524943
.91544117530187
.90059912204742
.90522877375285
.9185729821523
.90863289435705
.90849671761195
.91217321157455
.89910131692886
.90849671761195
.92415577173233
.89583333333333
.90767973661423
.90972222884496
.91108387708664
.90522875388463
.91571352879206
.90563724438349
.90277779102325
.90876907110214
.91476033131282
.89651417732239
.89910129706065
.91190087795258
.9008714556694
.90223310391108
.91067538658778
.88956971963247
.88984205325445
.90590959787369
.89460784196854
.89665033419927
.89869280656179
.8939270178477
.89787580569585
.90536491076152
.89733115832011
.90264163414637
.90345861514409
.90277777115504
.89297386010488
.90155227979024
.89610566695531
.90155229965846
.89978212118149
.89937363068263
.89365468422572
.9020969470342
.89365468422572
.89733115832011
.90468410650889
.89515250921249
.8939270178477
.90264159440994
.89814813931783
.90182461341222
.90522873401642
.88630175590515
.88807189464569
.90250543753306
.88248908519745
.8937908411026
.88262526194255
.88616557916005
.88371457656225
.88902505238851
.88221677144368
.8831699291865
.88398691018422
.88071896632512
.8833061059316
.87881265083949
.87445533275604
.88589324553808
.87745096286138
.87336601813634
.87363835175832
.87649782498678
.87445533275604
.88044661283493
.87254901727041
.88221677144368
.875
.87649782498678
.88126361370087
.86996187766393
.8679193854332
.88725489377975
.87227668364843
.87581700086594
.87227668364843
.86179192860921
.86683005094528
.87023419141769
.86832789580027
.86002178986867
.86437906821569
.86587689320246
.86778322855632
.85675382614136
.85443900028865
.85934096574783
.86206426223119
.85974947611491
.86233659585317
.86478757858276
.85443900028865
.85539215803146
.85321350892385
.84654138485591
.84313726425171
.84395424524943
.86029412349065
.83673747380575
.84395424524943
.83632896343867
.84817538658778
.84940087795258
.8491285443306
.84245644013087
.85130717357
.83905229965846
.84640522797902
.85266884167989
.84354573488235
.82924836874008
.8479030529658
.83769063154856
.8583877881368
.84872005383174
.84055010477702
.84831154346466
.84735838572184
.83564815918605
.83592049280802
.8479030529658
.82829521099726
.83142703771591
.84422659873962
.82829521099726
.84395424524943
.83333333333333
.83673747380575
.82856754461924
.82543571790059
.83115468422572
.82502722740173
.8385076324145
.83442266782125
.82652505238851
.82815903425217
.8394607702891
.8312908411026
.83319715658824
.82843136787415
.82761438687642
.8302015264829
.83673745393753
.81386164824168
.82666120926539
.82584424813588
.81685729821523
.83401417732239
.82775054375331
.82393791278203
.82529956102371
.82516342401505
.82203157742818
.82162310679754
.8291122118632
.82039761543274
.82734203338623
.82843138774236
.81808278958003
.82298475503922
.83006536960602
.82461873690287
.81849128007889
.83877996603648
.82352942228317
.83551198244095
.83428651094437
.82938452561696
.83238017559052
.83769065141678
.82407408952713
.82843138774236
.83333333333333
.81849128007889
.82856754461924
.83796298503876
.8231209119161
.82012526194255
.82271242141724
.81849128007889
.81726578871409
.85253268480301
.82271242141724
.81290849049886
.82175926367442
.82638889551163
.82012526194255
.82584422826767
.83673747380575
.82012526194255
.82924834887187
.83224399884542
.81032135089239
.81767429908117
.83292484283447
.82421024640401
.82829521099726
.83510349194209
.81522329648336
.81522329648336
.83278868595759
.81522331635157
.82584422826767
.82407408952713
.81318082412084
.81998910506566
.83428647120794
.81590414047241
.82175926367442
.83265250921249
.80705336729685
.82598038514455
.82557189464569
.81195535262426
.82421024640401
.82870368162791
.8217592438062
.81386166810989
.82870370149612
.81263615687688
.81617647409439
.81753814220428
.80528322855632
.81672112147013
.81685731808345
.80895970265071
.81372551123301
.81154684225718
.80977668364843
.81930828094482
.82448256015778
.82121459643046
.81440631548564
.81794661283493
.80337691307068
.81386164824168
.81930826107661
.81004903713862
.81045750776927
.83061001698176
.80950435002645
.80827885866165
.81767427921295
.8101851940155
.81059368451436
.8220315972964
.80392158031464
.81154684225718
.8114106853803
.81835512320201
.80324073632558
.80337691307068
.81535947322845
.80514705181122
.81712963183721
.8206699291865
.80610020955404
.8114106853803
.81290849049886
.80773419141769
.81508715947469
.81209150950114
.80487471818924
.80841503540675
.81944445768992
.80841503540675
.81454247236252
.81971677144368
.80950435002645
.81495098272959
.81535947322845
.8114106853803
.80569173892339
.81549564997355
.80705336729685
.81168301900228
.82652505238851
.81631265083949
.82434640328089
.80895970265071
.80392156044642
.81631263097127
.81740196545919
.80215140183767
.80528322855632
.81222766637802
.79738563299179
.80364924669266
.81427015860875
.81631263097127
.8090958793958
.81563178698222
.80283222595851
.80977668364843
.82175926367442
.80759805440903
.80514705181122
.80977670351664
.80514707167943
.80582787593206
.80773419141769
.80582789580027
.81508715947469
.80895968278249
.80269606908162
.82434642314911
.81209148963292
.80691719055176
.80895970265071
.82339324553808
.82175928354263
.81100217501322
.80351306994756
.80010892947515
.79915577173233
.81181917587916
.81753812233607
.81399782498678
.80773419141769
.80909585952759
.80419391393661
.80582789580027
.81086601813634
.80610022942225
.81604029734929
.81658496459325
.80392158031464
.81726578871409
.81195535262426
.80732570091883
.81917210419973
.81508713960648
.81195533275604
.81154682238897
.81413398186366
.79779412349065
.81358933448792
.80514707167943
.80746187766393
.80855119228363
.80909585952759
.81699345509211
.81386164824168
.81345315774282
.80160673459371
.80392156044642
.81440631548564
.79261982440948
.80078975359599
.80814270178477
.8148148059845
.80473858118057
.81971677144369
.80637254317602
.80950435002645
.81413398186366
.80364922682444
.80827885866165
.82965685923894
.81072984139125
.80950436989466
.81032135089238
.81209150950114
.8208061059316
.81740194559097
.81100217501322
.80678103367488
.81985294818878
.80732572078705
.81930828094482
.81331700086594
.82747821013133
.80868734916051
.81522331635157
.81740194559097
.80691721041997
.80160675446192
.81563180685043
.80242375532786
.80255991220474
.81740196545919
.79970043897629
.80187906821569
.80691721041997
.80324073632558
.80133442083995
.80446622769038
.79956426223119
.79942808548609
.80977668364843
.8007897734642
.80051741997401
.80133442083995
.79125817616781
.80228757858276
.80215142170588
.79901959498723
.8007897734642
.80623636643092
.79997275273005
.79820261398951
.80637254317602
.80814268191655
.80473858118057
.8031045794487
.79684096574783
.80024510622025
.80950435002645
.78295207023621
.79929194847743
.80514705181122
.79193898042043
.80038126309713
.80215142170588
.79575163125992
.80868734916051
.80051741997401
.79942810535431
.79547929763794
.8114106853803
.79765796661377
.79970043897629
.80664489666621
.80800654490789
.80351306994756
.81549564997355
.79929194847743
.80460238456726
.8123638232549
.81086599826813
.80555556217829
.8114106853803
.82026143868764
.80501087506612
.81563180685043
.81712963183721
.80909585952759
.8043300708135
.80882352590561
.80773419141769
.81889977057775
.81590414047241
.80160675446192
.81032133102417
.81413398186366
.80746187766393
.81413398186366
.82461873690287
.80269606908162
.80950436989466
.81072984139125
.80582789580027
.80051741997401
.81318082412084
.80119824409485
.80569171905518
.81209152936935
.80092593034108
.81100217501322
.81889979044596
.81168299913406
.80147059758504
.81168301900228
.80133442083995
.81467864910762
.81535947322845
.8040577173233
.80269608894984
.81508713960648
.80514705181122
.80324073632558
.81018517414729
.80405773719152
.81222766637802
.81549564997355
.80895970265071
.80814270178477
.80814270178477
.81072984139125
.8040577173233
.82094226280848
.80555556217829
.81386162837346
.82529958089193
.80610020955404
.8125
.82121459643046
.80732572078705
.81318084398905
.8208061059316
.81263615687688
.80473856131236
.80133442083995
.82666122913361
.80405773719152
.81821896632512
.82175926367442
.80841503540675
.80446622769038
.81154684225718
.80038126309713
.81617645422618
.81495098272959
.80882352590561
.81821894645691
.81495096286138
.80473856131236
.81386164824168
.81740194559097
.80759805440903
.80814272165298
.80678103367488
.80950436989466
.81032135089238
.81631265083949
.8065087000529
.80936819314957
.81658498446147
.80337691307068
.80296842257182
.81113835175832
.80977668364843
.81168301900228
.81290849049886
.80078975359599
.80977666378021
.8231209119161
.80637254317602
.80473856131236
.8054193854332
.80501089493434
.80610020955404
.8126361767451
.80283224582672
.83306097984314
.80718954404195
.79071350892385
.79561545451482
.80092593034108
.80051741997401
.80555556217829
.80242375532786
.79711329936981
.79466231664022
.8007897734642
.79289215803146
.79343682527542
.80364922682444
.80092593034108
.80051741997401
.80569171905518
.78907952706019
.79616014162699
.80242373545965
.81427013874054
.81004903713862
.80814270178477
.80787036816279
.80201524496078
.80106208721797
.80106210708618
.79847492774328
.8007897734642
.81100217501322
.79874728123347
.79425380627314
.80147059758504
.79479845364889
.79833877086639
.79697712262472
.78867101669312
.79330064853032
.8054193854332
.7937091588974
.79738563299179
.79234747091929
.78962417443593
.79302831490835
.79752178986867
.79180282354355
.78608387708664
.80419391393661
.79425380627314
.79221131404241
.80555556217829
.78948801755905
.79602394501368
.8103213707606
.79670478900274
.80051741997401
.80610022942225
.79983659585317
.80051743984222
.80174293120702
.7924836675326
.80895968278249
.79888343811035
.7935729821523
.80691721041997
.80814270178477
.79942810535431
.80337691307068
.79915577173233
.79221133391062
.79942810535431
.79956428209941
.78812636931737
.79507080713908
.81141066551208
.80596405267715
.80010892947515
.80433005094528
.79438996315002
.79997277259827
.80024510622025
.81331700086594
.80106208721797
.80841505527496
.81331700086594
.80473854144414
.80977666378021
.80555554231008
.80446622769038
.79656863212585
.80936817328135
.80106208721797
.8054193854332
.81413398186366
.79997277259827
.80419391393661
.80895968278249
.79289215803146
.79547929763794
.80800654490789
.80078975359599
.80160677433014
.81072986125946
.79493463039398
.79915577173233
.81522333621979
.79520696401596
.80364924669266
.81181915601095
.80174291133881
.79820261398951
.8031045794487
.79724947611491
.81427013874054
.83523964881897
.80514705181122
.80010894934336
.80882354577382
.80718954404195
.80269608894984
.80174291133881
.7971132795016
.80827885866165
.8040577173233
.80065359671911
.79874728123347
.80160675446192
.79752178986867
.80392156044642
.82012526194255
.79847492774328
.80868736902873
.8134531378746
.80038126309713
.80419391393661
.80732572078705
.80351306994756
.81277233362198
.82066994905472
.81399782498678
.80964052677155
.80501087506612
.80814270178477
.80147059758504
.80528322855632
.80283224582672
.79384531577428
.79520696401596
.80800654490789
.79643247524897
.80242373545965
.81059368451436
.80392156044642
.79983657598495
.82230391105016
.79915575186412
.8054193854332
.80514705181122
.80814270178477
.79806645711263
.79752178986867
.79316449165344
.8052832086881
.81290849049886
.79166666666667
.80133442083995
.80351306994756
.79547931750615
.78812634944916
.80228755871455
.79793028036753
.79466231664022
.80038126309713
.80732570091883
.79915575186412
.8054193854332
.8031045794487
.80392156044642
.80351306994756
.79629629850388
.8018790880839
.81794663270315
.81018517414729
.7947984735171
.802015264829
.79942810535431
.80119824409485
.8031045794487
.79997275273005
.79901961485545
.8101851940155
.7958877881368
.79806643724442
.80773421128591
.79643245538076
.79888343811035
.80405773719152
.79125817616781
.80119824409485
.79942810535431
.78907950719198
.79602394501368
.80950436989466
.80269608894984
.80664487679799
.79752178986867
.80678105354309
.79425380627314
.80541940530141
.81522331635157
.8031045794487
.80582787593206
.81658494472504
.79684094587962
.81154684225718
.81427015860875
.7960239648819
.7924836675326
.8043300708135
.80664489666621
.79983659585317
.80119826396306
.79234749078751
.80555556217829
.8018790880839
.79956426223119
.80228757858276
.81249998013179
.80364924669266
.81372551123301
.81849128007889
.8101851940155
.81004901727041
.81100217501322
.80555556217829
.8031045794487
.80868736902873
.79915577173233
.79929194847743
.80269608894984
.79724945624669
.79765796661377
.80147057771683
.78744552532832
.79534314076106
.8031045794487
.80078975359599
.79684096574783
.80868736902873
.79330066839854
.80487473805745
.80787036816279
.80555556217829
.79765796661377
.80718954404195
.80051741997401
.80664487679799
.80923201640447
.80555556217829
.80569171905518
.82557189464569
.80242375532786
.80773421128591
.80977668364843
.79765794674555
.80773421128591
.80283224582672
.80283226569494
.79003268480301
.81386166810989
.81753814220428
.80514705181122
.80269606908162
.80841503540675
.79956426223119
.8123638232549
.80501091480255
.80106208721797
.80718954404195
.80446622769038
.79547929763794
.79629629850388
.80746187766393
.79697712262472
.80010892947515
.80868734916051
.7937091588974
.80936821301778
.81617647409439
.79003266493479
.79507080713908
.79901959498723
.78839870293935
.7960239648819
.80596405267715
.79956428209941
.80147059758504
.81032135089238
.80351306994756
.81222766637802
.80446622769038
.80623638629913
.80814270178477
.80705336729685
.80283224582672
.81154684225718
.81209150950114
.79670478900274
.8043300708135
.80582787593206
.80623638629913
.79656863212585
.79874726136525
.80324073632558
.80650871992111
.80405773719152
.79724943637848
.81059368451436
.81277235349019
.80623638629913
.80596405267715
.80337689320246
.80160675446192
.80378538370132
.81277233362198
.81427015860875
.79779410362244
.82026143868764
.81508713960648
.79888345797857
.81209150950114
.8126361767451
.80582787593206
.81685731808345
.81399782498678
.80936819314957
.81141066551208
.80991286039352
.80119824409485
.8041938940684
.80950435002645
.79684096574783
.80024508635203
.81168299913406
.79479849338531
.8031045794487
.80255991220474
.8007897734642
.8112745086352
.802015264829
.79289215803146
.81072986125946
.80936817328135
.80065357685089
.80691719055176
.8208061059316
.79438998301824
.79398147265116
.81617649396261
.79166666666667
.8018790880839
.80950435002645
.7960239648819
.79997277259827
.80882354577382
.79901961485545
.80269608894984
.80501087506612
.81345315774282
.80923203627268
.81072986125946
.80078975359599
.79820261398951
.80895968278249
.80147057771683
.80718954404195
.81358933448792
.79520698388418
.80024508635203
.80460240443548
.80582789580027
.80855119228363
.80787036816279
.80446622769038
.80787038803101
.80433005094528
.81821894645691
.79670480887095
.80283222595851
.80759803454081
.80759805440903
.80528322855632
.82257624467214
.79452615976334
.81154684225718
.81100217501322
.79874728123347
.79466231664022
.80895970265071
.79942810535431
.80160675446192
.79656863212585
.79316449165344
.8032407561938
.80569173892339
.80051741997401
.79970041910807
.80242373545965
.79643245538076
.81195533275604
.80487471818924
.79071350892385
.80868736902873
.81563180685043
.80528322855632
.8206699291865
.81072982152303
.79929194847743
.80160675446192
.80814270178477
.79330064853032
.80746187766393
.80596403280894
.79370913902918
.80255991220474
.8101851940155
.79507078727086
.80582789580027
.80610022942225
.8031045794487
.79929192860921
.81168299913406
.79507082700729
.79847494761149
.80759803454081
.79452615976334
.79588780800502
.79711329936981
.79425382614136
.79098584254583
.80650871992111
.7949346502622
.794662296772
.80514707167943
.79411764939626
.79261982440948
.81944443782171
.80637254317602
.80351306994756
.79684094587962
.80528322855632
.80814270178477
.80147057771683
.8054193854332
.80868736902873
.79820261398951
.80895968278249
.79588780800502
.80446622769038
.8040577173233
.79901961485545
.80106208721797
.80501089493434
.80419391393661
.79793028036753
.80664487679799
.80473858118057
.80378538370132
.81222766637802
.79997275273005
.80296842257182
.81086599826813
.80269608894984
.80977668364843
.80964050690333
.79520698388418
.80664485692978
.80773419141769
.79929194847743
.7960239648819
.8123638232549
.7924836675326
.79684096574783
.80337691307068
.78744552532832
.79752178986867
.81045752763748
.79697712262472
.8029684027036
.81032135089239
.80201524496078
.80664487679799
.81372547149658
.80242373545965
.79847494761149
.80787036816279
.80392158031464
.79520698388418
.81495098272959
.80310455958049
.79507080713908
.80174291133881
.79411762952805
.79629627863566
.8031045794487
.78880719343821
.79275598128637
.79602398475011
.79970043897629
.79466231664022
.79112199942271
.79942810535431
.79833879073461
.80147059758504
.79752178986867
.79779412349065
.79847494761149
.80650871992111
.80147057771683
.79520698388418
.79425382614136
.77791394790014
.78867101669312
.7926198442777
.77859477202098
.78308822711309
.80473858118057
.78472222884496
.78036491076152
.78921568393707
.77845859527588
.77342047293981
.78594772020976
.77328431606293
.77873092889786
.78567536671956
.76470589637756
.77519063154856
.7758714556694
.76062093178431
.76375271876653
.76824619372686
.74332789580027
.75245096286138
.75626361370087
.75013615687688
.74319171905518
.74863833189011
.74074073632558
.74142158031464
.74237471818924
.71813724438349
.7346132795016
.72358387708664
.70424836874008
.70561001698176
.70969498157501
.69825708866119
.68382350603739
.6887254913648
.67293030023575
.66571348905563
.65699891249339
.68722766637802
.63616557916005
.63480391105016
.61015794674555
.61941721041997
.60226035118103
.56345315774282
.63208059469859
0
0
0
0
0
0
0
0
0
0
0
0
0
0
0
0
0
0
0
0
0
0
0
0
0
0
0
0
0
0
0
0
0
0
0
0
0
0
0
0
0
0
0
0
0
0
0
0
0
0
0
0
0
0
0
0
0
0
0
0
0
0
0
0
0
0
0
0
0
0
0
0
0
0
0
0
0
0
0
0
0
0
0
0
0
0
0
0
0
0
0
0
0
0
0
0
0
0
0
0
0
0
0
0
0
0
0
0
0
0
0
0
0
0
0
0
0
0
0
0
0
0
0
0
0
0
0
0
0
0
0
0
0
0
0
0
0
0
0
0
0
0
0
0
0
0
0
0
0
0
0
0
0
0
0
0
0
0
0
0
0
0
0
0
0
0
0
0
0
0
0
0
0
0
0
0
0
0
0
0
0
0
0
0
0
0
0
0
0
0
0
0
0
0
0
0
0
0
0
0
0
0
0
0
0
0
0
0
0
0
0
0
0
0
0
0
0
0
0
0
0
0
0
0
0
0
0
0
0
0
0
0
0
0
0
0
0
0
0
0
0
0
0
0
0
0
0
0
0
0
0
0
0
0
0
0
0
0
0
0
0
0
0
0
0
0
0
0
0
0
0
0
0
0
0
0
0
0
0
0
0
0
0
0
0
0
0
0
0
0
0
0
0
0
0
0
0
0
0
0
0
0
0
0
0
0
0
0
0
0
0
0
0
0
0
0
0
0
0
0
0
0
0
0
0
0
0
0
0
0
0
0
0
0
0
0
0
0
0
0
0
0
0
0
0
0
0
0
0
0
0
0
0
0
0
0
0
0
0
0
0
0
0
0
0
0
0
0
0
0
0
0
0
0
0
0
0
0
0
0
0
0
0
0
0
0
0
0
0
0
0
0
0
0
0
0
0
0
0
0
0
0
0
0
0
0
0
0
0
0
0
0
0
0
0
0
0
0
0
0
0
0
0
0
0
0
0
0
0
0
0
0
0
0
0
0
0
0
0
0
0
0
0
0
0
0
0
0
0
0
0
0
0
0
0
0
0
0
0
0
0
0
0
0
0
0
0
0
0
0
0
0
0
0
0
0
0
0
0
0
0
0
0
0
0
0
0
0
0
0
0
0
0
0
0
0
0
0
0
0
0
0
0
0
0
0
0
0
0
0
0
0
0
0
0
0
0
0
0
0
0
0
0
0
0
0
0
0
0
0
0
0
0
0
0
0
0
0
0
0
0
0
0
0
0
0
0
0
0
0
0
0
0
0
0
0
0
0
0
0
0
0
0
0
0
0
0
0
0
0
0
0
0
0
0
0
0
0
0
0
0
0
0
0
0
0
0
0
0
0
0
0
0
0
0
0
0
0
0
0
0
0
0
0
0
0
0
0
0
0
0
0
0
0
0
0
0
0
0
0
0
0
0
0
0
0
0
0
0
0
0
0
0
0
0
0
0
0
0
0
0
0
0
0
0
0
0
0
0
0
0
0
0
0
0
0
0
0
0
0
0
0
0
0
0
0
0
0
0
0
0
0
0
0
0
0
0
0
0
0
0
0
0
0
0
0
0
0
0
0
0
0
0
0
0
0
0
0
0
0
0
0
0
0
0
0
0
0
0
0
0
0
0
0
0
0
0
0
0
0
0
0
0
0
0
0
0
0
0
0
0
0
0
0
0
0
0
0
0
0
0
0
0
0
0
0
0
0
0
0
0
0
0
0
0
0
0
0
0
0
0
0
0
0
0
0
0
0
0
0
0
0
0
0
0
0
0
0
0
0
0
0
0
0
0
0
0
0
0
0
0
0
0
0
0
0
0
0
0
0
0
0
0
0
0
0
0
0
0
0
0
0
0
0
0
0
0
0
0
0
0
0
0
0
0
0
0
0
0
0
0
0
0
0
0
0
0
0
0
0
0
0
0
0
0
0
0
0
0
0
0
0
0
0
0
0
0
0
0
0
0
0
0
0
0
0
0
0
0
0
0
0
0
0
0
0
0
0
0
0
0
0
0
0
0
0
0
0
0
0
0
0
0
0
0
0
0
0
0
0
0
0
0
0
0
0
0
0
0
0
0
0
0
0
0
0
0
0
0
0
0
0
0
0
0
0
0
0
0
0
0
0
0
0
0
0
0
0
0
0
0
0
0
0
0
0
0
0
0
0
0
0
0
0
0
0
0
0
0
0
0
0
0
0
0
0
0
0
0
0
0
0
0
0
0
0
0
0
0
0
0
0
0
0
0
0
0
0
0
0
0
0
0
0
0
0
0
0
0
0
0
0
0
0
0
0
0
0
0
0
0
0
0
0
0
0
0
0
0
0
0
0
0
0
0
0
0
0
0
0
0
0
0
0
0
0
0
0
0
0
0
0
0
0
0
0
0
0
0
0
0
0
0
0
0
0
0
0
0
0
0
0
0
0
0
0
0
0
0
0
0
0
0
0
0
0
0
0
0
0
0
0
0
0
0
0
0
0
0
0
0
0
0
0
0
0
0
0
0
0
0
0
0
0
0
0
0
0
0
0
0
0
0
0
0
0
0
0
0
0
0
0
0
0
0
0
0
0
0
0
0
0
0
0
0
0
0
0
0
0
0
0
0
0
0
0
0
0
0
0
0
0
0
0
0
0
0
0
0
0
0
0
0
0
0
0
0
0
0
0
0
0
0
0
0
0
0
0
0
0
0
0
0
0
0
0
0
0
0
0
0
0
0
0
0
0
0
0
0
0
0
0
0
0
0
0
0
0
0
0
0
0
0
0
0
0
0
0
0
0
0
0
0
0
0
0
0
0
0
0
0
0
0
0
0
0
0
0
0
0
0
0
0
0
0
0
0
0
0
0
0
0
0
0
0
0
0
0
0
0
0
0
0
0
0
0
0
0
0
0
0
0
0
0
0
0
0
0
0
0
0
0
0
0
0
0
0
0
0
0
0
0
0
0
0
0
0
0
0
0
0
0
0
0
0
0
0
0
0
0
0
0
0
0
0
0
0
0
0
0
0
0
0
0
0
0
0
0
0
0
0
0
0
0
0
0
0
0
0
0
0
0
0
0
0
0
0
0
0
0
0
0
0
0
0
0
0
0
0
0
0
0
0
0
0
0
0
0
0
0
0
0
0
0
0
0
0
0
0
0
0
0
0
0
0
0
0
0
0
0
0
0
0
0
0
0
0
0
0
0
0
0
0
0
0
0
0
0
0
0
0
0
0
0
0
0
0
0
0
0
0
0
0
0
0
0
0
0
0
0
0
0
0
0
0
0
0
0
0
0
0
0
0
0
0
0
0
0
0
0
0
0
0
0
0
0
0
0
0
0
0
0
0
0
0
0
0
0
0
0
0
0
0
0
0
0
0
0
0
0
0
0
0
0
0
0
0
0
0
0
0
0
0
0
0
0
0
0
0
0
0
0
0
0
0
0
0
0
0
0
0
0
0
0
0
0
0
0
0
0
0
0
0
0
0
0
0
0
0
0
0
0
0
0
0
0
0
0
0
0
0
0
0
0
0
0
0
0
0
0
0
0
0
0
0
0
0
0
0
0
0
0
0
0
0
0
0
0
0
0
0
0
0
0
0
0
0
0
0
0
0
0
0
0
0
0
0
0
0
0
0
0
0
0
0
0
0
0
0
0
0
0
0
0
0
0
0
0
0
0
0
0
0
0
0
0
0
0
0
0
0
0
0
0
0
0
0
0
0
0
0
0
0
0
0
0
0
0
0
0
0
0
0
0
0
0
0
0
0
0
0
0
0
0
0
0
0
0
0
0
0
0
0
0
0
0
0
0
0
0
0
0
0
0
0
0
0
0
0
0
0
0
0
0
0
0
0
0
0
0
0
0
0
0
0
0
0
0
0
0
0
0
0
0
0
0
0
0
0
0
0
0
0
0
0
0
0
0
0
0
0
0
0
0
0
0
0
0
0
0
0
0
0
0
0
0
0
0
0
0
0
0
0
0
0
0
0
0
0
0
0
0
0
0
0
0
0
0
0
0
0
0
0
0
0
0
0
0
0
0
0
0
0
0
0
0
0
0
0
0
0
0
0
0
0
0
0
0
0
0
0
0
0
0
0
0
0
0
0
0
0
0
0
0
0
0
0
0
0
0
0
0
0
0
0
0
0
0
0
0
0
0
0
0
0
0
0
0
0
0
0
0
0
0
0
0
0
0
0
0
0
0
0
0
0
0
0
0
0
0
0
0
0
0
0
0
0
0
0
0
0
0
0
0
0
0
0
0
0
0
0
0
0
0
0
0
0
0
0
0
0
0
0
0
0
0
0
0
0
0
0
0
0
0
0
0
0
0
0
0
0
0
0
0
0
0
0
0
0
0
0
0
0
0
0
0
0
0
0
0
0
0
0
0
0
0
0
0
0
0
0
0
0
0
0
0
0
0
0
0
0
0
0
0
0
0
0
0
0
0
0
0
0
0
0
0
0
0
0
0
0
0
0
0
0
0
0
0
0
0
0
0
0
0
0
0
0
0
0
0
0
0
0
0
0
0
0
0
0
0
0
0
0
0
0
0
0
0
0
0
0
0
0
0
0
0
0
0
0
0
0
0
0
0
0
0
0
0
0
0
0
0
0
0
0
0
0
0
0
0
0
0
0
0
0
0
0
0
0
0
0
0
0
0
0
0
