.80637256304423
.80718952417374
.80787036816279
.81222766637802
.79915575186412
.80351306994756
.81699345509211
.80174293120702
.79956428209941
.80746187766393
.8007897734642
.81767427921295
.81617649396261
.80950436989466
.80855121215185
.80732572078705
.8114106853803
.80705336729685
.81072984139125
.79697712262472
.79575165112813
.80215142170588
.79398147265116
.79915577173233
.81086599826813
.79452613989512
.81168299913406
.80038124322891
.80024508635203
.80759803454081
.81100217501322
.80119826396306
.80637254317602
.80909585952759
.80868736902873
.79861112435659
.79752178986867
.80773421128591
.78921566406886
.79915579160055
.81018517414729
.79874728123347
.80746187766393
.8135893146197
.81604031721751
.80473856131236
.81672114133835
.81508713960648
.80759803454081
.81059368451436
.80746187766393
.80773419141769
.8054193854332
.79997277259827
.81113835175832
.81345315774282
.79765794674555
.7960239648819
.8101851940155
.79765794674555
.80827885866165
.80882354577382
.79398147265116
.80201524496078
.80895968278249
.79901959498723
.80487471818924
.80160675446192
.8032407561938
.80242375532786
.8103213707606
.80637254317602
.80759805440903
.80855119228363
.79820261398951
.80895968278249
.79997275273005
.80433005094528
.79820261398951
.80405773719152
.79629629850388
.79997277259827
.80855119228363
.80228759845098
.80024510622025
.80215142170588
.7971132795016
.79629627863566
.80582789580027
.79302829504013
.81862745682398
.79806643724442
.79697714249293
.79275600115458
.80378538370132
.80582787593206
.80569171905518
.79970043897629
.80324073632558
.79847494761149
.80487471818924
.80473856131236
.80051741997401
.80895970265071
.80446622769038
.79547929763794
.80514705181122
.80051743984222
.80555556217829
.8041938940684
.80174293120702
.80392156044642
.80678103367488
.80610022942225
.79929194847743
.80351306994756
.81195535262426
.80324073632558
.79901959498723
.80405773719152
.79724945624669
.80051743984222
.81399780511856
.80868734916051
.7971132795016
.80405773719152
.8040577173233
.80364924669266
.8134531378746
.8041938940684
.80460240443548
.80991284052531
.80895970265071
.80610022942225
.80841505527496
.80718954404195
.80623638629913
.81168301900228
.8007897734642
.79602398475011
.82230391105016
.80351306994756
.79670478900274
.80800654490789
.7971132795016
.79724943637848
.80718954404195
.79411762952805
.7947984735171
.80964052677155
.81059368451436
.80841503540675
.81086599826813
.81072986125946
.80610020955404
.80691721041997
.81672114133835
.79847494761149
.80528322855632
.80514707167943
.80255991220474
.7947984735171
.82230393091838
.80664487679799
.80814272165298
.80378540356954
.80337691307068
.80582789580027
.81127452850342
.80678103367488
.79153050978978
.81100219488144
.79547929763794
.81413400173187
.81195535262426
.80255989233653
.79983657598495
.81209148963292
.80773419141769
.80800654490789
.80678103367488
.79901959498723
.80351306994756
.81522329648336
.79779412349065
.80201524496078
.81467864910762
.79684096574783
.80446622769038
.81345315774282
.79929194847743
.80215140183767
.80460238456726
.79738561312358
.80174291133881
.81699347496033
.80460240443548
.7958877881368
.80800652503967
.80596405267715
.80569171905518
.79820261398951
.7947984735171
.80351308981578
.8137254913648
.80228757858276
.79983659585317
.8101851940155
.80555556217829
.7924836675326
.80133442083995
.79874728123347
.81181917587916
.81250001986821
.80501089493434
.79861110448837
.80528322855632
.8052832086881
.80473858118057
.82312093178431
.81059370438258
.80460238456726
.80800654490789
.80569173892339
.79901961485545
.81086599826813
.81277231375376
.80487471818924
.79983661572138
.81998910506566
.79193900028865
.79779410362244
.80269606908162
.80078975359599
.80228757858276
.8135893146197
.80201522509257
.80106208721797
.81427015860875
.79616012175878
.80187906821569
.81576798359553
.8137254913648
.82039759556452
.81481482585271
.80623638629913
.81113835175832
.81372551123301
.81181917587916
.8195806145668
.81998910506566
.80147057771683
.81032135089238
.80133442083995
.80051743984222
.80119826396306
.80637254317602
.80392156044642
.79956428209941
.81386166810989
.80024508635203
.81113835175832
.80351306994756
.79166666666667
.80664487679799
.81263615687688
.80800654490789
.80501089493434
.80705338716507
.80215140183767
.80718952417374
.80841503540675
.80977668364843
.80882352590561
.81195533275604
.80610020955404
.80337691307068
.8090958793958
.80732572078705
.80623638629913
.79697714249293
.80691721041997
.80160675446192
.81004901727041
.81004901727041
.80065359671911
.8123638232549
.80964050690333
.79370913902919
.8031045794487
.80991286039352
.80392158031464
.80269608894984
.81399782498678
.80882352590561
.79983659585317
.80569171905518
.79507082700729
.8054193854332
.80569171905518
.80255991220474
.8054193854332
.8041938940684
.79261982440948
.80228759845098
.80991286039352
.79656865199407
.80215142170588
.81263615687688
.81222766637802
.80392156044642
.80705338716507
.79452613989512
.80405773719152
.80800652503967
.78907952706019
.80174293120702
.80473856131236
.80718954404195
.80010892947515
.80691721041997
.79888343811035
.80174293120702
.8054193854332
.80255991220474
.79507080713908
.80228757858276
.80065359671911
.80378540356954
.80787036816279
.78567538658778
.79874728123347
.80827887852987
.79888341824214
.79752177000046
.79997277259827
.79507080713908
.80010890960693
.79398149251938
.80678105354309
.80446624755859
.80691721041997
.8112745086352
.79833879073461
.80705338716507
.81222766637802
.79547929763794
.79861112435659
.80950435002645
.80664487679799
.80555556217829
.81086601813634
.79180284341176
.81440631548564
.81753812233607
.8029684027036
.80596405267715
.80936819314957
.80133444070816
.8031045794487
.80187906821569
.80010892947515
.80174291133881
.80637254317602
.81181917587916
.82121459643046
.79520696401596
.81209150950114
.80242375532786
.80705338716507
.79833879073461
.79956426223119
.8101851940155
.79833877086639
.79915577173233
.80664487679799
.79452613989512
.80405773719152
.80337689320246
.79833879073461
.80419391393661
.81304464737574
.80065359671911
.8054193854332
.81059366464615
.80650871992111
.80446622769038
.81318082412084
.78989650805791
.80746187766393
.80187906821569
.80473856131236
.80514707167943
.81195533275604
.80514705181122
.78771787881851
.81195535262426
.78962417443593
.79970043897629
.79833877086639
.80024508635203
.79861110448837
.80419391393661
.80147059758504
.79384531577428
.80051743984222
.80678103367488
.78349673748016
.80133442083995
.80555556217829
.79057735204697
.80147059758504
.80133440097173
.78894335031509
.80324073632558
.80991286039352
.80065359671911
.80487473805745
.81481482585271
.79901961485545
.79616014162699
.80718954404195
.80691721041997
.80296842257182
.8123638232549
.79016884167989
.81168301900228
.81045750776927
.80610020955404
.80283224582672
.81181915601095
.80392158031464
.80106206734975
.80691721041997
.79833879073461
.79874728123347
.80024510622025
.79765794674555
.79929194847743
.80718954404195
.79806645711263
.8054193854332
.81427015860875
.79003268480301
.80337691307068
.80324073632558
.79398147265116
.80623638629913
.81222766637802
.79847494761149
.79970043897629
.8043300708135
.79820261398951
.80814270178477
.80718954404195
.80051741997401
.79684096574783
.80773421128591
.79425380627314
.81100219488144
.81535947322845
.80691719055176
.80514707167943
.81100219488144
.81290851036708
.81290851036708
.80582789580027
.81168299913406
.81181917587916
.79670478900274
.79983659585317
.78935184081395
.80065359671911
.80895968278249
.79316449165344
.79806645711263
.80051741997401
.80242373545965
.79956426223119
.8112745086352
.802015264829
.80324073632558
.79752177000046
.79847494761149
.80787036816279
.81032133102417
.79112199942271
.78472222884496
.80283224582672
.80010894934336
.81467866897583
.80773421128591
.79616012175878
.80664485692978
.80269608894984
.80800654490789
.81277233362198
.81549564997355
.80882354577382
.8137254913648
.81467864910762
.79752178986867
.7969771027565
.81277231375376
.79684094587962
.80065359671911
.79643245538076
.80405773719152
.80705338716507
.81889979044596
.80596405267715
.79874726136525
.81740196545919
.81113833189011
.81672114133835
.80446622769038
.79561547438304
.80392158031464
.8112745086352
.80269608894984
.80051741997401
.80773421128591
.81209150950114
.79956428209941
.80814270178477
.79833877086639
.79833877086639
.79983661572138
.80732572078705
.78867103656133
.7947984735171
.80514705181122
.80419391393661
.80596405267715
.80010894934336
.81413400173187
.81181917587916
.83360566695531
.80746189753215
.80868734916051
.81631265083949
.79874728123347
.8090958793958
.81141066551208
.79765794674555
.8114106853803
.82434640328089
.79411764939626
.80324073632558
.79888343811035
.7949346502622
.79915577173233
.81454249223073
.8041938940684
.80610022942225
.80936819314957
.79643245538076
.802015264829
.81045752763748
.79806645711263
.80936819314957
.81998908519745
.79656863212585
.80255991220474
.80759805440903
.80569169918696
.81059368451436
.81658494472504
.8018790880839
.80392156044642
.81154684225718
.79752178986867
.80950435002645
.80242375532786
.79793028036753
.82148693005244
.81658496459325
.80528322855632
.80038128296534
.81440633535385
.80228759845098
.8043300708135
.8137254913648
.82175926367442
.80433005094528
.81590414047241
.81427013874054
.80814270178477
.82121459643046
.81549563010534
.79888343811035
.80827887852987
.81195533275604
.80174291133881
.80460240443548
.8041938940684
.80283224582672
.8018790880839
.81304466724396
.79833877086639
.79929194847743
.80964052677155
.80351306994756
.81059366464615
.81345315774282
.80092591047287
.81086599826813
.80596405267715
.79248364766439
.78935184081395
.79888343811035
.79398147265116
.80051741997401
.81399780511856
.8040577173233
.80038126309713
.80582789580027
.79929194847743
.80528322855632
.80650871992111
.78948801755905
.79874728123347
.80841503540675
.79779410362244
.79806643724442
.8018790880839
.80378540356954
.83809912204742
.80133442083995
.78989650805791
.80718954404195
.80337689320246
.79547929763794
.80950435002645
.80255991220474
.80351306994756
.79833879073461
.80038126309713
.80296842257182
.80147057771683
.79411762952805
.79738561312358
.79616014162699
.81617647409439
.81032135089239
.80541940530141
.80909585952759
.81413400173187
.80759803454081
.80569169918696
.82175928354263
.79983659585317
.80487473805745
.81835512320201
.80773421128591
.80718954404195
.81154684225718
.80759803454081
.80787038803101
.82012526194255
.80950435002645
.81168301900228
.81549564997355
.81495098272959
.81563178698222
.82135075330734
.79711329936981
.80637254317602
.81263615687688
.802015264829
.81113837162654
.81236384312312
.80215142170588
.80827885866165
.80255991220474
.80201524496078
.80174291133881
.80746187766393
.80283226569494
.80038126309713
.82026143868764
.80841503540675
.8135893146197
.81821894645691
.81495096286138
.81781045595805
.8242102265358
.80773421128591
.8114106853803
.81290849049886
.82965687910716
.84409040212631
.81767429908117
.81794661283493
.81644878784815
.81781045595805
.81045750776927
.81236384312312
.80977670351664
.81535947322845
.80255991220474
.81781045595805
.80269604921341
.80977670351664
.8052832086881
.82652505238851
.82244008779526
.82516340414683
.82843138774236
.80392156044642
.80841501553853
.82216775417328
.81100217501322
.80950435002645
.81944443782171
.80460238456726
.81250001986821
.80814268191655
.80827885866165
.81440633535385
.83074619372686
.80569171905518
.80596405267715
.81045750776927
.80814270178477
.81399782498678
.81889979044596
.80923203627268
.81794661283493
.83428649107615
.81222766637802
.81386164824168
.81821896632512
.81917212406794
.81835512320201
.8206699291865
.81413400173187
.82175926367442
.82543571790059
.8312908411026
.82026143868764
.83537582556407
.81549564997355
.82815905412038
.83061001698176
.82679738601049
.83319717645645
.82434638341268
.81331698099772
.82203157742818
.82666122913361
.80895968278249
.82434640328089
.82911219199498
.83877996603648
.84055010477702
.81427015860875
.81658496459325
.81930828094482
.83333333333333
.81331700086594
.82284857829412
.8242102265358
.82339324553808
.82325706879298
.82148693005244
.81767427921295
.8278867204984
.82352940241496
.83129086097081
.83374182383219
.83142699797948
.82992919286092
.82747821013133
.82924836874008
.83047386010488
.83387800057729
.82679738601049
.83551198244095
.83346949021022
.83592047293981
.83891612291336
.85443900028865
.8430010676384
.83932461341222
.83197168509165
.84558822711309
.84409042199453
.83973310391108
.83496733506521
.85103483994802
.84014161427816
.85334968566895
.85144335031509
.85157950719198
.846677561601
.85212419430415
.8395969470342
.84967321157455
.86083879073461
.85062636931737
.85266886154811
.86356208721797
.84572440385818
.84940087795258
.86220043897629
.87214052677155
.85403050978978
.86655773719152
.85688996315002
.86233659585317
.87077887852987
.8643790880839
.87404684225718
.86968954404195
.86737471818924
.87922114133835
.89419935146968
.87949345509211
.88725491364797
.8845315972964
.88929738601049
.89406317472458
.89460782210032
.89814813931783
.90277779102325
.90114378929138
.91462417443593
.9114923675855
.91176470120748
.91884531577428
.93259803454081
.93368736902873
.95996731519699
.95206971963247
.95669935146968
.96718408664068
.96963508923848
.99155773719152
1.0043573180834
1.0073529084524
1.0220588445663
1.0341775417328
1.0386710564295
1.0447984933853
1.081835548083
1.0758442481359
1.101579507192
1.1151960690816
1.1171023845673
1.1304465929667
1.1478758255641
1.1451525290807
1.1648965279261
1.1889978249868
1.1877723534902
1.1956699291865
1.2011166016261
1.1952614386876
1.2150054375331
1.2264433701833
1.2321622769038
1.2355664571126
1.2557189464569
1.2401961088181
1.2478213707606
1.2677015066147
1.2467320362727
1.2599401076635
1.2647058566411
1.2504084904989
1.2562636137009
1.2600762446721
1.2551743189494
1.262254913648
1.2783224582672
1.2696078618368
1.2821350892385
1.2755991220474
1.2780501445134
1.284449895223
1.2954792976379
1.2795478900274
1.2870370149612
1.2890795469284
1.2852668762207
1.2824074029922
1.2747821410497
1.2750544548035
1.261710246404
1.2543572982152
1.2647058963776
1.2559912999471
1.2521786292394
1.2406045595805
1.2239923874537
1.2121459643046
1.2136437892914
1.1894062757492
1.182870388031
1.1902233362198
1.1590414047241
1.134940067927
1.1259531577428
1.0894608100255
1.0988562107086
1.0829248428345
1.0684912999471
1.0471132596334
1.0246459841728
1.0142973860105
.99373642603556
.97630721330643
.94825706879298
.97453703482946
.92864924669266
.91299019257228
.90318628152212
.89678649107615
.8843954205513
.87418299913406
.87282135089238
.86737471818924
.86560455958049
.85253268480301
.85226035118103
.85280501842499
.84803920984268
.84817538658778
.84994552532832
.8560729821523
.84313726425171
.83605662981669
.83605664968491
.82666120926539
.83578431606293
.83047386010488
.83877996603648
.83346949021022
.83619280656179
.82924836874008
.82203157742818
.83047384023666
.81930826107661
.82883987824122
.83687363068263
.82148693005244
.83415033419927
.83455882469813
.83469498157501
.81889979044596
.82666120926539
.83986930052439
.8302015264829
.84163943926493
.82039759556452
.8218954205513
.8300653497378
.83592047293981
.82911219199498
.82284859816233
.83687365055084
.81386164824168
.81100219488144
.82475489377975
.81699347496033
.81318082412084
.83415031433105
.8231209119161
.83033768335978
.81467864910762
.80882350603739
.83224399884542
.82693356275558
.82325706879298
.8302015264829
.81753812233607
.81495098272959
.82271242141724
.82924836874008
.81576798359553
.82461873690287
.82911219199499
.82162310679754
.82012526194255
.82489107052485
.81454249223073
.82080608606338
.82121459643046
.8209422826767
.81576798359553
.81113835175832
.80228759845098
.81318082412084
.81835512320201
.80923203627268
.80623636643092
.80718954404195
.80555556217829
.80950435002645
.80759803454081
.8007897734642
.80569173892339
.80650871992111
.79929194847743
.7969771027565
.81086601813634
.79861110448837
.79833879073461
.80895970265071
.81290851036708
.80501089493434
.80487473805745
.81100215514501
.8052832086881
.79929192860921
.81168299913406
.80051743984222
.8291122118632
.81195533275604
.80759805440903
.81862743695577
.81522331635157
.80623638629913
.79997275273005
.82570807139079
.80882352590561
.81004901727041
.81413398186366
.7949346502622
.79915577173233
.80078975359599
.79684096574783
.79793030023575
.80555556217829
.80337691307068
.79724945624669
.79983659585317
.78962419430415
.8018790880839
.79738561312358
.78867103656133
.79452615976334
.79874728123347
.79507080713908
.78880719343821
.79343680540721
.78635623057683
.78118193149567
.78581154346466
.76974399884542
.79806645711263
.81563180685043
.81168301900228
.80909585952759
.81113833189011
.79316449165344
.80392156044642
.80855119228363
.80528322855632
.80160673459371
.80187906821569
.79207515716553
.79139433304469
.80650871992111
.78118191162745
.80405773719152
.8125
.8054193854332
.79929192860921
.80160675446192
.81113833189011
.80433005094528
.80392156044642
.81522329648336
.79820261398951
.79874728123347
.81032135089238
.80473854144414
.81072984139125
.83183550834656
.81821896632512
.80215140183767
.81971675157547
.80759803454081
.81113835175832
.81427015860875
.81045752763748
.80787036816279
.81944443782171
.8041938940684
.81290847063065
.82706971963247
.80569173892339
.81522329648336
.82026141881943
.80555556217829
.82720589637756
.82339324553808
.81018517414729
.81821894645691
.81590414047241
.81236384312312
.81794661283493
.84858387708664
.80555556217829
.80882354577382
.81685731808345
.80936819314957
.80950435002645
.81889977057775
.81454249223073
.8114106853803
.81876361370087
.80582789580027
.80596405267715
.81004901727041
.80718956391017
.80678105354309
.81685727834702
.79833877086639
.81032135089238
.81345315774282
.80841503540675
.79997277259827
.81018517414729
.80623638629913
.81604029734929
.81849128007889
.80964052677155
.81032135089238
.80637254317602
.81304466724396
.82829519112905
.83238017559052
.8125
.79765794674555
.81399780511856
.80555556217829
.79793028036753
.80283222595851
.81100217501322
.8018790880839
.80106210708618
.82543573776881
.80187906821569
.80964052677155
.81903594732285
.80337689320246
.81018517414729
.81889979044596
.78976035118103
.80446622769038
.81672114133835
.80827887852987
.80460238456726
.80473856131236
.8031045794487
.80814270178477
.81958059469859
.80201524496078
.80718954404195
.80827885866165
.79874728123347
.80718954404195
.80882352590561
.79507080713908
.80255993207296
.79330064853032
.78880719343821
.79724945624669
.79847492774328
.80255993207296
.80133440097173
.81004901727041
.7949346502622
.80310455958049
.81740194559097
.80106210708618
.7971132795016
.79997277259827
.7924836675326
.80555554231008
.81522329648336
.79643245538076
.80065359671911
.80555554231008
.80201524496078
.79316449165344
.80637254317602
.7937091588974
.79507082700729
.80255993207296
.80487471818924
.81004901727041
.80650871992111
.81644880771637
.79847494761149
.80487473805745
.8126361767451
.80637254317602
.81781045595805
.81712961196899
.79575163125992
.80078975359599
.80623640616735
.80936819314957
.80746187766393
.80705338716507
.81413398186366
.80868736902873
.80160675446192
.79438998301824
.80773421128591
.79929192860921
.79547929763794
.79806643724442
.80528322855632
.80065357685089
.79616014162699
.81304464737574
.79507080713908
.8054193854332
.80718954404195
.79942810535431
.8031045794487
.8135893146197
.79547929763794
.79956426223119
.80923203627268
.79616014162699
.8018790880839
.81467864910762
.80487471818924
.80215140183767
.80623638629913
.79534314076106
.81004903713862
.81018517414729
.79997277259827
.80528322855632
.80950435002645
.79656863212585
.81032133102417
.81195533275604
.80378540356954
.80678103367488
.80364924669266
.80351306994756
.80773419141769
.81794661283493
.80473856131236
.80078975359599
.80460238456726
.80487471818924
.79901961485545
.80119824409485
.81100217501322
.78907950719198
.79738563299179
.79901959498723
.79507082700729
.79820263385773
.80392158031464
.80582789580027
.80283226569494
.81808278958003
.80528322855632
.80473854144414
.81563180685043
.80460238456726
.80269606908162
.80909585952759
.79861110448837
.80691721041997
.80827885866165
.80324073632558
.80038128296534
.80283224582672
.79547929763794
.80133440097173
.82026143868764
.79221131404241
.80868736902873
.80718954404195
.79983661572138
.81141066551208
.81440631548564
.81617647409439
.8126361767451
.81617647409439
.79616014162699
.79643243551254
.82148693005244
.81277233362198
.80909585952759
.81318082412084
.80010892947515
.80637254317602
.80868734916051
.80732570091883
.80582789580027
.80242375532786
.80378540356954
.79643247524897
.80950436989466
.79588780800501
.79901961485545
.79493463039398
.79861110448837
.80378540356954
.80147057771683
.80773419141769
.80324073632558
.7949346502622
.81304466724396
.79411762952805
.80038126309713
.81113837162654
.79711329936981
.8031045794487
.80936819314957
.79997277259827
.8029684027036
.81222766637802
.79724945624669
.80228755871455
.81331700086594
.7935729821523
.80242373545965
.80514707167943
.80610018968582
.79112199942271
.80460240443548
.79275598128637
.79956426223119
.80487471818924
.78894333044688
.78131806850433
.80392158031464
.78553920984268
.79561545451482
.80827887852987
.80460240443548
.80841503540675
.82352942228317
.79942810535431
.80119824409485
.80964052677155
.79302831490835
.80106208721797
.80650871992111
.80228757858276
.79929192860921
.80555554231008
.79793030023575
.79411764939626
.79547929763794
.80160675446192
.80909585952759
.79833879073461
.79125815629959
.79724943637848
.80283226569494
.78567538658778
.79711329936981
.79234749078751
.7971132795016
.79343682527542
.80038126309713
.79929194847743
.80174291133881
.80923201640447
.79016884167989
.82557189464569
.79874728123347
.81059368451436
.79888343811035
.80473856131236
.80718954404195
.78499456246694
.79588780800502
.80950436989466
.80446624755859
.79507080713908
.80678103367488
.80827887852987
.80582789580027
.80269606908162
.80065359671911
.80501089493434
.81467866897583
.79711329936981
.80787036816279
.80446622769038
.80446622769038
.79997277259827
.80106208721797
.79915577173233
.79956426223119
.80787034829458
.79398147265116
.79901961485545
.80324073632558
.78867103656133
.79670478900274
.80650871992111
.79779410362244
.80051743984222
.79547931750615
.79357300202052
.80119826396306
.80106208721797
.79806643724442
.79684096574783
.80378540356954
.78635621070862
.79520698388418
.80024510622025
.79656863212585
.80051741997401
.80705338716507
.79139433304469
.80882350603739
.80950435002645
.80610020955404
.80555554231008
.80637254317602
.79316447178523
.80201524496078
.80678105354309
.80705336729685
.80433005094528
.80637254317602
.79207515716553
.80623638629913
.81154684225718
.80610020955404
.80923203627268
.81808278958003
.80773421128591
.80800652503967
.79806645711263
.8041938940684
.80691721041997
.80501091480255
.80228757858276
.79779410362244
.80637254317602
.81113833189011
.79588780800502
.80637254317602
.80705336729685
.80228759845098
.81427015860875
.80787036816279
.80133442083995
.8135893146197
.81168299913406
.80119826396306
.8018790880839
.81549564997355
.79084966580073
.80582789580027
.79997275273005
.79956426223119
.80800654490789
.81304466724396
.81195533275604
.80528322855632
.80909585952759
.79806643724442
.81059368451436
.81399780511856
.80147057771683
.80460240443548
.80364922682444
.79983659585317
.80051741997401
.80977668364843
.79765794674555
.79738563299179
.80610020955404
.79888343811035
.79983659585317
.80337691307068
.80147059758504
.79793030023575
.79752178986867
.79221133391062
.79670476913452
.80255989233653
.7960239648819
.80310455958048
.80351306994756
.79888343811035
.80283224582672
.81004901727041
.81889979044596
.80024508635203
.81345317761103
.80800652503967
.79724945624669
.80569171905518
.81563180685043
.81658498446147
.80514705181122
.82039761543274
.80596405267715
.80800652503967
.8135893146197
.80024508635203
.80596405267715
.80936819314957
.79125815629959
.79779412349065
.79888343811035
.79874728123347
.80269608894984
.80528322855632
.80092593034108
.80392156044642
.81100217501322
.80269608894984
.8029684027036
.81495096286138
.79221131404241
.80133442083995
.81576798359553
.80460240443548
.80637254317602
.81726578871409
.80882350603739
.80255991220474
.81413400173187
.79970041910807
.79738561312358
.80623636643092
.79711329936981
.794662296772
.79983659585317
.79874726136525
.80392156044642
.80555554231008
.79411762952805
.79452613989512
.80460238456726
.79738563299179
.80269606908162
.80868734916051
.79684096574783
.80351306994756
.80405775705973
.80010892947515
.79738561312358
.81072984139125
.79520696401596
.79779412349065
.79098584254583
.81181917587916
.80201522509257
.79684094587962
.81072984139125
.8031045794487
.79929192860921
.8007897734642
.79261980454127
.7937091588974
.81113835175832
.80759803454081
.802015264829
.80092593034109
.80405773719152
.80569171905518
.81821896632512
.79411764939626
.78676470120748
.79779412349065
.7937091588974
.79493463039398
.81467864910762
.79534314076106
.79411764939626
.80705338716507
.79275600115458
.80296842257182
.79956426223119
.79833877086639
.80569173892339
.80732570091883
.79357300202052
.80909585952759
.80841503540675
.80255991220474
.81236384312312
.82788670063019
.8031045794487
.80378540356954
.81004903713862
.79752178986867
.81141066551208
.81331698099772
.80324073632558
.80242375532786
.81781045595805
.80446622769038
.81277233362198
.79888341824214
.80092593034108
.81154684225718
.8029684027036
.80610022942225
.80759803454081
.79847494761149
.8041938940684
.80337689320246
.80351306994756
.79316449165344
.79888345797857
.79915577173233
.80160675446192
.80324073632558
.80446622769038
.81181915601095
.80255991220474
.79697712262472
.81195533275604
.79316449165344
.80065359671911
.80895970265071
.80051743984222
.79997275273005
.79847496747971
.79071350892385
.794662296772
.80841503540675
.78962417443593
.80147059758504
.7960239648819
.79153048992157
.80133444070816
.8029684027036
.80010894934336
.7937091588974
.81944443782171
.8031045794487
.79588780800502
.80242373545965
.78962417443593
.80419391393661
.79316449165344
.79139433304469
.80010892947515
.80514705181122
.80405773719152
.8041938940684
.80732570091883
.79493463039398
.79684096574783
.80882354577382
.79466231664022
.79302831490835
.80133442083995
.80215140183767
.79711329936981
.80895970265071
.79997275273005
.79180284341176
.8018790880839
.79629629850388
.79956426223119
.80337689320246
.8029684027036
.80446622769038
.7960239648819
.79452615976334
.80610022942225
.81331698099772
.79970043897629
.79915577173233
.80106210708618
.81181917587916
.7877178589503
.78690085808436
.80964052677155
.7960239648819
.79330064853032
.80392158031464
.80024508635203
.79398149251938
.79684094587962
.79098584254583
.79970043897629
.80078975359599
.80215142170588
.79765796661377
.81154682238897
.79929192860921
.8040577173233
.79983659585317
.79343680540721
.79765796661377
.80923203627268
.79629629850388
.79534314076106
.80555554231008
.79438998301824
.81168299913406
.79765796661377
.79861110448837
.80051741997401
.80936819314957
.79793028036753
.79343680540721
.80106208721797
.79684094587962
.79588780800502
.79861110448837
.79547929763794
.80051743984222
.8029684027036
.80078975359599
.80528322855632
.80378540356954
.7960239648819
.79330064853032
.80637256304423
.80405775705973
.80106210708618
.80610020955404
.80119826396306
.80119826396306
.81644880771637
.80283224582672
.80038126309713
.81100217501322
.80392156044642
.80923201640447
.81535949309667
.80596405267715
.80746189753215
.80473856131236
.81467864910762
.80283224582672
.81181917587916
.81427015860875
.80623638629913
.81059368451436
.82094224294027
.8041938940684
.80991286039352
.81168299913406
.79820261398951
.80841503540675
.81345315774282
.7971132795016
.80283224582672
.80923203627268
.79929194847743
.80473856131236
.8148148059845
.80582789580027
.79820261398951
.80514707167943
.80065359671911
.80541936556498
.81454247236252
.79234749078751
.80160675446192
.81154684225718
.79942810535431
.80024508635203
.80936817328135
.79942810535431
.80378540356954
.80732570091883
.79997277259827
.81590414047241
.81072986125946
.80773421128591
.80174293120702
.79874728123347
.79030501842499
.81413398186366
.80787036816279
.80119826396306
.80501087506612
.8054193854332
.80187910795212
.80691721041997
.80827887852987
.80569173892339
.80147057771683
.81032133102417
.79738563299179
.81072986125946
.80446622769038
.79888343811035
.80759803454081
.80691719055176
.79997275273005
.80419391393661
.80691721041997
.80664487679799
.8041938940684
.80732572078705
.82407406965892
.81644878784815
.80664489666621
.82216775417328
.81590414047241
.82747819026311
.81440631548564
.80473858118057
.8018790880839
.80106208721797
.79616012175878
.80991284052531
.79983659585317
.79343680540721
.80705336729685
.80991284052531
.78853485981623
.79793028036753
.81672114133835
.79942812522252
.79997277259827
.80446622769038
.80242375532786
.80569171905518
.81318082412084
.80174291133881
.79956426223119
.8135893146197
.79833879073461
.80255991220474
.81699347496033
.81604029734929
.80678105354309
.80868736902873
.79820261398951
.81195533275604
.81454247236252
.81331700086594
.80446622769038
.81331700086594
.79343682527542
.80746187766393
.79697712262472
.80678105354309
.80460238456726
.80637254317602
.78962417443593
.79888345797857
.80610020955404
.79289215803146
.79929194847743
.80024510622025
.79425382614136
.79343682527542
.80582787593206
.80187906821569
.80147059758504
.80678105354309
.81617647409439
.79983661572138
.80501089493434
.81740196545919
.79861110448837
.8052832086881
.80800654490789
.80514705181122
.80024508635203
.81195533275604
.80405775705973
.79983661572138
.81399782498678
.79438998301824
.79629629850388
.80596405267715
.78799019257228
.80269606908162
.8043300708135
.80569171905518
.80106210708618
.80936817328135
.79752177000046
.80364922682444
.79901959498723
.79003268480301
.79752177000046
.79656863212585
.79139433304469
.79098584254583
.80582787593206
.7960239648819
.79752178986867
.80487473805745
.79398147265116
.80106210708618
.79901961485545
.79193898042043
.80378540356954
.81440633535385
.79861112435659
.80691721041997
.80283224582672
.79016884167989
.80637254317602
.80800654490789
.80691721041997
.80324073632558
.8018790880839
.80596405267715
.8040577173233
.80324073632558
.79629629850388
.80133442083995
.80160675446192
.80133442083995
.80324073632558
.82121459643046
.79343682527542
.80596405267715
.7982025941213
.81386166810989
.80514705181122
.80800654490789
.80065361658732
.80555554231008
.81100217501322
.81985294818878
.79071350892385
.81100215514501
.8054193854332
.7947984735171
.80160675446192
.80950436989466
.79697712262472
.80378538370132
.81059368451436
.79534312089284
.80705336729685
.81712963183721
.8029684027036
.81168299913406
.81930828094482
.81059366464615
.79942810535431
.79997277259827
.80718954404195
.8112745086352
.80106210708618
.80501087506612
.81168301900228
.81399782498678
.79970043897629
.81427015860875
.81277233362198
.79901959498723
.79915577173233
.80555556217829
.79507080713908
.79738561312358
.8054193854332
.78812634944916
.80324073632558
.7924836675326
.79343680540721
.80051741997401
.80010892947515
.80038126309713
.7960239648819
.79942810535431
.79207515716553
.79738563299179
.80147059758504
.78989650805791
.79452613989512
.80514707167943
.79616012175878
.79534314076106
.81045752763748
.79330066839854
.7937091588974
.80269606908162
.8125
.78853485981623
.79711329936981
.78159040212631
.7971132795016
.79724945624669
.8041938940684
.79084966580073
.80351306994756
.80582789580027
.79534314076106
.79874728123347
.80555556217829
.79139433304469
.78622005383174
.79643247524897
.78608387708664
.78771787881851
.79207515716553
.77764161427816
.78567538658778
.7770969470342
.77859477202098
.77995642026265
.78594770034154
.77410131692886
.77369278669357
.78744552532832
.76879086097082
.77001635233561
.76838233073552
.76375271876653
.76702070236206
.76756536960602
.75980393091838
.7572167913119
.76211873690287
.74972768624624
.74468954404195
.74360022942225
.73529412349065
.7404684027036
.74019606908162
.74005991220474
.73447712262472
.73679194847743
.72685186068217
.71105664968491
.71663943926493
.70261436700821
.70302287737528
.69117645422618
.68137254317602
.67606210708618
.67470043897629
.66380717357
.64869282643
.65141612291336
.6154684027036
.62037036816279
.59872003396352
.56862743695577
.63902507225672
0
0
0
0
0
0
0
0
0
0
0
0
0
0
0
0
0
0
0
0
0
0
0
0
0
0
0
0
0
0
0
0
0
0
0
0
0
0
0
0
0
0
0
0
0
0
0
0
0
0
0
0
0
0
0
0
0
0
0
0
0
0
0
0
0
0
0
0
0
0
0
0
0
0
0
0
0
0
0
0
0
0
0
0
0
0
0
0
0
0
0
0
0
0
0
0
0
0
0
0
0
0
0
0
0
0
0
0
0
0
0
0
0
0
0
0
0
0
0
0
0
0
0
0
0
0
0
0
0
0
0
0
0
0
0
0
0
0
0
0
0
0
0
0
0
0
0
0
0
0
0
0
0
0
0
0
0
0
0
0
0
0
0
0
0
0
0
0
0
0
0
0
0
0
0
0
0
0
0
0
0
0
0
0
0
0
0
0
0
0
0
0
0
0
0
0
0
0
0
0
0
0
0
0
0
0
0
0
0
0
0
0
0
0
0
0
0
0
0
0
0
0
0
0
0
0
0
0
0
0
0
0
0
0
0
0
0
0
0
0
0
0
0
0
0
0
0
0
0
0
0
0
0
0
0
0
0
0
0
0
0
0
0
0
0
0
0
0
0
0
0
0
0
0
0
0
0
0
0
0
0
0
0
0
0
0
0
0
0
0
0
0
0
0
0
0
0
0
0
0
0
0
0
0
0
0
0
0
0
0
0
0
0
0
0
0
0
0
0
0
0
0
0
0
0
0
0
0
0
0
0
0
0
0
0
0
0
0
0
0
0
0
0
0
0
0
0
0
0
0
0
0
0
0
0
0
0
0
0
0
0
0
0
0
0
0
0
0
0
0
0
0
0
0
0
0
0
0
0
0
0
0
0
0
0
0
0
0
0
0
0
0
0
0
0
0
0
0
0
0
0
0
0
0
0
0
0
0
0
0
0
0
0
0
0
0
0
0
0
0
0
0
0
0
0
0
0
0
0
0
0
0
0
0
0
0
0
0
0
0
0
0
0
0
0
0
0
0
0
0
0
0
0
0
0
0
0
0
0
0
0
0
0
0
0
0
0
0
0
0
0
0
0
0
0
0
0
0
0
0
0
0
0
0
0
0
0
0
0
0
0
0
0
0
0
0
0
0
0
0
0
0
0
0
0
0
0
0
0
0
0
0
0
0
0
0
0
0
0
0
0
0
0
0
0
0
0
0
0
0
0
0
0
0
0
0
0
0
0
0
0
0
0
0
0
0
0
0
0
0
0
0
0
0
0
0
0
0
0
0
0
0
0
0
0
0
0
0
0
0
0
0
0
0
0
0
0
0
0
0
0
0
0
0
0
0
0
0
0
0
0
0
0
0
0
0
0
0
0
0
0
0
0
0
0
0
0
0
0
0
0
0
0
0
0
0
0
0
0
0
0
0
0
0
0
0
0
0
0
0
0
0
0
0
0
0
0
0
0
0
0
0
0
0
0
0
0
0
0
0
0
0
0
0
0
0
0
0
0
0
0
0
0
0
0
0
0
0
0
0
0
0
0
0
0
0
0
0
0
0
0
0
0
0
0
0
0
0
0
0
0
0
0
0
0
0
0
0
0
0
0
0
0
0
0
0
0
0
0
0
0
0
0
0
0
0
0
0
0
0
0
0
0
0
0
0
0
0
0
0
0
0
0
0
0
0
0
0
0
0
0
0
0
0
0
0
0
0
0
0
0
0
0
0
0
0
0
0
0
0
0
0
0
0
0
0
0
0
0
0
0
0
0
0
0
0
0
0
0
0
0
0
0
0
0
0
0
0
0
0
0
0
0
0
0
0
0
0
0
0
0
0
0
0
0
0
0
0
0
0
0
0
0
0
0
0
0
0
0
0
0
0
0
0
0
0
0
0
0
0
0
0
0
0
0
0
0
0
0
0
0
0
0
0
0
0
0
0
0
0
0
0
0
0
0
0
0
0
0
0
0
0
0
0
0
0
0
0
0
0
0
0
0
0
0
0
0
0
0
0
0
0
0
0
0
0
0
0
0
0
0
0
0
0
0
0
0
0
0
0
0
0
0
0
0
0
0
0
0
0
0
0
0
0
0
0
0
0
0
0
0
0
0
0
0
0
0
0
0
0
0
0
0
0
0
0
0
0
0
0
0
0
0
0
0
0
0
0
0
0
0
0
0
0
0
0
0
0
0
0
0
0
0
0
0
0
0
0
0
0
0
0
0
0
0
0
0
0
0
0
0
0
0
0
0
0
0
0
0
0
0
0
0
0
0
0
0
0
0
0
0
0
0
0
0
0
0
0
0
0
0
0
0
0
0
0
0
0
0
0
0
0
0
0
0
0
0
0
0
0
0
0
0
0
0
0
0
0
0
0
0
0
0
0
0
0
0
0
0
0
0
0
0
0
0
0
0
0
0
0
0
0
0
0
0
0
0
0
0
0
0
0
0
0
0
0
0
0
0
0
0
0
0
0
0
0
0
0
0
0
0
0
0
0
0
0
0
0
0
0
0
0
0
0
0
0
0
0
0
0
0
0
0
0
0
0
0
0
0
0
0
0
0
0
0
0
0
0
0
0
0
0
0
0
0
0
0
0
0
0
0
0
0
0
0
0
0
0
0
0
0
0
0
0
0
0
0
0
0
0
0
0
0
0
0
0
0
0
0
0
0
0
0
0
0
0
0
0
0
0
0
0
0
0
0
0
0
0
0
0
0
0
0
0
0
0
0
0
0
0
0
0
0
0
0
0
0
0
0
0
0
0
0
0
0
0
0
0
0
0
0
0
0
0
0
0
0
0
0
0
0
0
0
0
0
0
0
0
0
0
0
0
0
0
0
0
0
0
0
0
0
0
0
0
0
0
0
0
0
0
0
0
0
0
0
0
0
0
0
0
0
0
0
0
0
0
0
0
0
0
0
0
0
0
0
0
0
0
0
0
0
0
0
0
0
0
0
0
0
0
0
0
0
0
0
0
0
0
0
0
0
0
0
0
0
0
0
0
0
0
0
0
0
0
0
0
0
0
0
0
0
0
0
0
0
0
0
0
0
0
0
0
0
0
0
0
0
0
0
0
0
0
0
0
0
0
0
0
0
0
0
0
0
0
0
0
0
0
0
0
0
0
0
0
0
0
0
0
0
0
0
0
0
0
0
0
0
0
0
0
0
0
0
0
0
0
0
0
0
0
0
0
0
0
0
0
0
0
0
0
0
0
0
0
0
0
0
0
0
0
0
0
0
0
0
0
0
0
0
0
0
0
0
0
0
0
0
0
0
0
0
0
0
0
0
0
0
0
0
0
0
0
0
0
0
0
0
0
0
0
0
0
0
0
0
0
0
0
0
0
0
0
0
0
0
0
0
0
0
0
0
0
0
0
0
0
0
0
0
0
0
0
0
0
0
0
0
0
0
0
0
0
0
0
0
0
0
0
0
0
0
0
0
0
0
0
0
0
0
0
0
0
0
0
0
0
0
0
0
0
0
0
0
0
0
0
0
0
0
0
0
0
0
0
0
0
0
0
0
0
0
0
0
0
0
0
0
0
0
0
0
0
0
0
0
0
0
0
0
0
0
0
0
0
0
0
0
0
0
0
0
0
0
0
0
0
0
0
0
0
0
0
0
0
0
0
0
0
0
0
0
0
0
0
0
0
0
0
0
0
0
0
0
0
0
0
0
0
0
0
0
0
0
0
0
0
0
0
0
0
0
0
0
0
0
0
0
0
0
0
0
0
0
0
0
0
0
0
0
0
0
0
0
0
0
0
0
0
0
0
0
0
0
0
0
0
0
0
0
0
0
0
0
0
0
0
0
0
0
0
0
0
0
0
0
0
0
0
0
0
0
0
0
0
0
0
0
0
0
0
0
0
0
0
0
0
0
0
0
0
0
0
0
0
0
0
0
0
0
0
0
0
0
0
0
0
0
0
0
0
0
0
0
0
0
0
0
0
0
0
0
0
0
0
0
0
0
0
0
0
0
0
0
0
0
0
0
0
0
0
0
0
0
0
0
0
0
0
0
0
0
0
0
0
0
0
0
0
0
0
0
0
0
0
0
0
0
0
0
0
0
0
0
0
0
0
0
0
0
0
0
0
0
0
0
0
0
0
0
0
0
0
0
0
0
0
0
0
0
0
0
0
0
0
0
0
0
0
0
0
0
0
0
0
0
0
0
0
0
0
0
0
0
0
0
0
0
0
0
0
0
0
0
0
0
0
0
0
0
0
0
0
0
0
0
0
0
0
0
0
0
0
0
0
0
0
0
0
0
0
0
0
0
0
0
0
0
0
0
0
0
0
0
0
0
0
0
0
0
0
0
0
0
0
0
0
0
0
0
0
0
0
0
0
0
0
0
0
0
0
0
0
0
0
0
0
0
0
0
0
0
0
0
0
0
0
0
0
0
0
0
0
0
0
0
0
0
0
0
0
0
0
0
0
0
0
0
0
0
0
0
0
0
0
0
0
0
0
0
0
0
0
0
0
0
0
0
0
0
0
0
0
0
0
0
0
0
0
0
0
0
0
0
0
0
0
0
0
0
0
0
0
0
0
0
0
0
0
0
0
0
0
0
0
0
0
0
0
0
0
0
0
0
0
0
0
0
0
0
0
0
0
0
0
0
0
0
0
0
0
0
0
0
0
0
0
