.81072984139125
.79643245538076
.79915575186412
.81195535262426
.80133442083995
.802015264829
.81277233362198
.80010892947515
.80732570091883
.81454249223073
.79915579160055
.80024508635203
.80596405267715
.79793028036753
.80364922682444
.80964052677155
.80215142170588
.80623638629913
.81236384312312
.79438998301824
.79888345797857
.80419391393661
.80718952417374
.80650871992111
.81263615687688
.80541940530141
.8112745086352
.81072984139125
.81794661283493
.81222768624624
.80147057771683
.80038126309713
.80269608894984
.80215142170588
.80705336729685
.80501089493434
.79956426223119
.80610022942225
.8032407561938
.79112201929092
.81141066551208
.7935729821523
.79520698388418
.8029684027036
.79221133391062
.8031045794487
.7947984735171
.78839870293935
.80977668364843
.80201524496078
.79929192860921
.79738561312358
.80773421128591
.80718954404195
.80215142170588
.81318082412084
.79534314076106
.79901959498723
.81168299913406
.80147057771683
.8043300708135
.8018790880839
.79656863212585
.79452615976334
.80487471818924
.79520698388418
.80569173892339
.80242373545965
.80732570091883
.79874726136525
.81290849049886
.80433005094528
.80283224582672
.81304464737574
.80078975359599
.79956426223119
.81209150950114
.80718954404195
.80718952417374
.81781047582626
.80718956391017
.8300653497378
.80255991220474
.79861108462016
.79738563299179
.79847492774328
.79684094587962
.7982025941213
.81399782498678
.79057733217875
.80392156044642
.80078975359599
.80473856131236
.81590414047241
.80242375532786
.81781045595805
.80705338716507
.80092593034109
.80024508635203
.80078975359599
.80814270178477
.81331700086594
.80364924669266
.79942810535431
.80501087506612
.79929192860921
.79820263385773
.81004901727041
.79452615976334
.79452613989512
.8031045794487
.79044117530187
.79357300202052
.79874728123347
.7960239648819
.79275598128637
.80119824409485
.79616012175878
.79575163125992
.79806643724442
.79779412349065
.81644880771637
.81849128007889
.79888345797857
.79724945624669
.80351306994756
.80610022942225
.79466231664022
.80991284052531
.79098582267761
.79793028036753
.80269608894984
.7960239648819
.80582787593206
.80923203627268
.78431371847789
.79643245538076
.81277233362198
.79724945624669
.80065357685089
.81658496459325
.80337689320246
.80855121215185
.81821894645691
.80841501553853
.81209150950114
.81835512320201
.80569169918696
.80718954404195
.80705338716507
.80909585952759
.79561545451482
.80160675446192
.79670480887095
.80800654490789
.81209150950114
.80514705181122
.8041938940684
.8101851940155
.81794661283493
.81072986125946
.81100217501322
.81644878784815
.80419391393661
.80582787593206
.81467866897583
.81399782498678
.80637254317602
.81195535262426
.80800654490789
.80582789580027
.81576796372732
.80487473805745
.80841503540675
.80623638629913
.79670478900274
.80814270178477
.81413398186366
.80119826396306
.80800654490789
.81236384312312
.8041938940684
.80446622769038
.80964050690333
.79084966580073
.80446622769038
.80596405267715
.79384531577428
.80051743984222
.80650871992111
.80201524496078
.79466231664022
.81930826107661
.79643245538076
.81032135089238
.81072986125946
.7971132795016
.80283224582672
.81427015860875
.80269606908162
.81032135089239
.8114106853803
.79983659585317
.81358933448792
.8206699291865
.80909585952759
.80637254317602
.80473854144414
.80255991220474
.80964052677155
.80977668364843
.81277233362198
.80718954404195
.81808278958003
.8126361767451
.81508713960648
.80555556217829
.81685729821523
.80364924669266
.80705336729685
.81318082412084
.81549564997355
.81821894645691
.81209150950114
.80501089493434
.81154682238897
.82039759556452
.81508713960648
.80718954404195
.81876361370087
.81004903713862
.81249998013179
.81413398186366
.80936819314957
.81427013874054
.80936819314957
.80174293120702
.80936821301778
.8137254913648
.80610022942225
.80827887852987
.80787038803101
.80405773719152
.80746187766393
.82924836874008
.80582789580027
.81549563010534
.80964052677155
.80392158031464
.81427015860875
.80623638629913
.80678105354309
.80065357685089
.80787036816279
.80596405267715
.81413400173187
.80895968278249
.8031045794487
.81032135089239
.80351308981578
.79874728123347
.80405775705973
.80773419141769
.79888345797857
.80174291133881
.81032133102417
.79738561312358
.79983661572138
.81944443782171
.80868736902873
.80596405267715
.8009259502093
.79684094587962
.79888343811035
.80623640616735
.81004901727041
.80433005094528
.80337689320246
.80977668364843
.80378538370132
.81508715947469
.81862745682398
.79343680540721
.8125
.81712963183721
.80637256304423
.8041938940684
.82012528181076
.79888341824214
.80718954404195
.80201524496078
.80718954404195
.80419391393661
.82856754461924
.79275600115458
.7935729821523
.80106208721797
.80051743984222
.79915577173233
.80514705181122
.78499456246694
.80364922682444
.80337689320246
.79765794674555
.8007897734642
.80637254317602
.79997277259827
.80800654490789
.8126361767451
.79847496747971
.80065359671911
.81290849049886
.80092591047287
.80487471818924
.81985294818878
.79915579160055
.80296842257182
.81154682238897
.79711329936981
.80460240443548
.80337691307068
.78989650805791
.80514705181122
.81018517414729
.80269608894984
.79956426223119
.80147059758504
.79738561312358
.79888343811035
.82611654202143
.80541936556498
.79411762952805
.80283222595851
.79997275273005
.80078975359599
.80147057771683
.79861112435659
.80501091480255
.79112201929092
.80460240443548
.80991284052531
.80324071645737
.81154684225718
.80106208721797
.81113835175832
.83442266782125
.80419391393661
.81236384312312
.82502722740173
.80351308981578
.80446622769038
.8195806145668
.79629627863566
.79793028036753
.80650871992111
.79534312089284
.80487473805745
.80405773719152
.79248364766439
.80991286039352
.81522331635157
.79997277259827
.78976035118103
.80405773719152
.79275598128637
.79643245538076
.79343682527542
.78976035118103
.80255991220474
.80405773719152
.79003268480301
.78962419430415
.80555554231008
.78744554519653
.82407408952713
.80610020955404
.7937091588974
.79765796661377
.80473858118057
.79684094587962
.79833877086639
.79684094587962
.7947984735171
.79765794674555
.80242373545965
.79438998301824
.80024510622025
.80746187766393
.80255991220474
.80596403280894
.80855119228363
.79915577173233
.8065087000529
.8137254913648
.79997277259827
.80051741997401
.80473856131236
.79793026049932
.79997275273005
.81386164824168
.81413400173187
.7935729821523
.81821896632512
.81903596719106
.7997004588445
.79901959498723
.80950436989466
.78867101669312
.80814270178477
.81522333621979
.79793028036753
.79656863212585
.81100217501322
.7947984735171
.80133442083995
.80882354577382
.80582787593206
.81304464737574
.81998908519745
.79724945624669
.8065087000529
.82162308692932
.79656863212585
.80405773719152
.84572440385818
.8231209119161
.80868734916051
.8135893146197
.79575163125992
.80555556217829
.80255991220474
.79384531577428
.80691721041997
.80759803454081
.79112199942271
.79915579160055
.81290849049886
.79983659585317
.80065359671911
.81318082412084
.80119824409485
.80065359671911
.80051743984222
.79670480887095
.79098584254583
.80419391393661
.79234749078751
.79193900028865
.80555556217829
.79207515716553
.79561547438304
.8041938940684
.79901961485545
.80310455958048
.80787036816279
.80242373545965
.80065361658732
.8125
.80351305007935
.79057733217875
.8063725233078
.80078975359599
.79289215803146
.81113835175832
.80746187766393
.79234747091929
.8052832086881
.80596403280894
.80242373545965
.80010892947515
.81086601813634
.79493463039398
.79997275273005
.80610020955404
.8041938940684
.80746185779572
.81535947322845
.80514705181122
.81086601813634
.81277235349019
.80569171905518
.81427013874054
.81467864910762
.79411762952805
.80160673459371
.8208061059316
.79820261398951
.80283222595851
.80215140183767
.81004903713862
.80868736902873
.81059368451436
.80868734916051
.81018517414729
.82012528181076
.80514705181122
.80991286039352
.80106208721797
.80065357685089
.8101851940155
.80242373545965
.79997275273005
.80201522509257
.80800654490789
.80038126309713
.80664485692978
.8126361767451
.80174293120702
.79806645711263
.80106208721797
.79520696401596
.79670478900274
.80446622769038
.79616014162699
.80610020955404
.81495098272959
.80650871992111
.79806645711263
.8137254913648
.80351306994756
.80269606908162
.79684094587962
.81277233362198
.79970043897629
.81059368451436
.80637254317602
.79261982440948
.80460238456726
.81113833189011
.79547929763794
.79425380627314
.80065359671911
.79929192860921
.80514705181122
.80555556217829
.80528322855632
.79656863212585
.80460238456726
.79724945624669
.8090958793958
.80582789580027
.80119824409485
.80746185779572
.82216773430506
.7949346502622
.79833877086639
.8112745086352
.79575163125992
.79806645711263
.80174293120702
.7937091588974
.80269606908162
.80487471818924
.79820261398951
.80092591047287
.8054193854332
.80174291133881
.8137254913648
.81372551123301
.79588780800502
.81018517414729
.81644880771637
.80759803454081
.80610022942225
.81004901727041
.80501087506612
.80855121215185
.81672114133835
.80610020955404
.79997277259827
.80610020955404
.80569173892339
.80718956391017
.81631263097127
.80255991220474
.79983659585317
.81440631548564
.80895970265071
.80460238456726
.81740194559097
.80392156044642
.80133442083995
.80732572078705
.81168301900228
.80160675446192
.79779410362244
.80487473805745
.79847492774328
.80678103367488
.81658494472504
.79520698388418
.81386166810989
.80759803454081
.79398147265116
.80324073632558
.8101851940155
.79425382614136
.80895970265071
.80610020955404
.7947984735171
.80433005094528
.80446624755859
.80269606908162
.80405773719152
.80596403280894
.8040577173233
.81004901727041
.80759803454081
.80024508635203
.80010892947515
.80678103367488
.79003268480301
.80827885866165
.81045752763748
.8041938940684
.80814272165298
.81440631548564
.8065087000529
.79847492774328
.80746187766393
.7877178589503
.79833879073461
.80841503540675
.79534314076106
.80528322855632
.79983661572138
.80868736902873
.81113833189011
.80106208721797
.81563182671865
.81399782498678
.81454249223073
.8041938940684
.8103213707606
.81004901727041
.79289213816325
.79738563299179
.8148148059845
.80024510622025
.80610020955404
.80964052677155
.78785403569539
.79970043897629
.80827887852987
.81181917587916
.79425382614136
.81386166810989
.8137254913648
.81018517414729
.81236384312312
.81508713960648
.80078975359599
.80024508635203
.80433005094528
.80855119228363
.81250001986821
.81045750776927
.81290849049886
.80051743984222
.81753812233607
.80678105354309
.80950436989466
.80392156044642
.80678105354309
.81045750776927
.8197167913119
.80446622769038
.80514707167943
.82625273863475
.81113833189011
.82012528181076
.82039759556452
.81522331635157
.81821894645691
.81181915601095
.80827887852987
.8125
.82148693005244
.80174291133881
.80814270178477
.82230393091838
.80269606908162
.80732570091883
.80610020955404
.81086599826813
.81658496459325
.82216775417328
.80759805440903
.80637254317602
.82175926367442
.80569171905518
.8148148059845
.8123638232549
.80623636643092
.81045750776927
.80718954404195
.80691721041997
.8125
.81195535262426
.80759805440903
.81059368451436
.80923201640447
.80773419141769
.80868736902873
.81794661283493
.81127448876699
.81672112147013
.82107841968536
.81726578871409
.80160675446192
.81209148963292
.80827885866165
.80882352590561
.8052832086881
.80787034829458
.79942810535431
.79956426223119
.81563182671865
.80392158031464
.8125
.81209150950114
.80106208721797
.80201524496078
.80923203627268
.79847494761149
.81004901727041
.80215142170588
.80473856131236
.80106208721797
.80923201640447
.7947984735171
.80269608894984
.79738561312358
.7997004588445
.80664489666621
.8054193854332
.79820261398951
.80528322855632
.80705336729685
.80364922682444
.8114106853803
.81563180685043
.79003268480301
.79697712262472
.80215142170588
.79901959498723
.7971132795016
.81699347496033
.80759803454081
.81563180685043
.8040577173233
.80664487679799
.80637254317602
.81794663270315
.80201524496078
.80405773719152
.81045752763748
.80855119228363
.80242373545965
.81821896632512
.80364922682444
.82529956102371
.80746185779572
.80378540356954
.80705336729685
.80868736902873
.81386166810989
.79765794674555
.80936819314957
.81045750776927
.80868734916051
.81399782498678
.81454249223073
.80977668364843
.80650871992111
.81985292832057
.80555556217829
.81399782498678
.81222766637802
.81168299913406
.80664489666621
.81004901727041
.80405773719152
.81318082412084
.81072984139125
.80528322855632
.79793028036753
.81181915601095
.80882352590561
.81781047582626
.82244008779526
.81004903713862
.81835512320201
.82298475503922
.80936819314957
.81644878784815
.81590414047241
.81467866897583
.81454247236252
.81522331635157
.80923201640447
.81753814220428
.80882354577382
.79970043897629
.80501089493434
.82407406965892
.81222768624624
.80855119228363
.81277233362198
.80759805440903
.80718952417374
.81876361370087
.8032407561938
.80964052677155
.81998910506566
.80473856131236
.81794663270315
.82638889551163
.81563182671865
.81467864910762
.82012526194255
.81522333621979
.82148693005244
.82938452561696
.81672114133835
.81767429908117
.82461875677109
.83319717645645
.82148693005244
.82679738601049
.82434640328089
.81631265083949
.83660129706065
.83905229965846
.82720587650935
.82843136787415
.83442266782125
.82461873690287
.83238017559052
.83428649107615
.82965685923894
.83374182383219
.83646514018377
.83823531866074
.83687363068263
.85157952706019
.83986930052439
.84109477202098
.84586058060328
.84599671761195
.84545207023621
.8572984735171
.8397331237793
.85934096574783
.86519606908162
.85144335031509
.86342591047287
.87500001986821
.86437910795212
.87908496459325
.89133985837301
.89406319459279
.91081154346466
.92456428209941
.93191723028819
.95874184370041
.98897057771683
1.0260076125463
1.0615468422572
1.1299019654592
1.2016612291336
1.3074618577957
1.4355936845144
1.5863289833069
1.7519063154856
1.9577887058258
2.1447440783183
2.3011983235677
2.4105392297109
2.4535675843557
2.4877451260885
2.5467046896617
2.5273693402608
2.4840686321259
2.3824891249339
2.2320261001587
2.0942265192668
1.9606481393178
1.8134531577428
1.6787854035695
1.5603213707606
1.4671841065089
1.3582516113917
1.2987473011017
1.2354302803675
1.1790577173233
1.1356209119161
1.1079792976379
1.0699891249339
1.0379902124405
1.0295479297638
.9915577173233
.98706428209941
.96895424524943
.94730393091838
.94335512320201
.93382352590561
.92306645711263
.909177561601
.91203703482946
.88466777404149
.89011438687642
.88453157742818
.86601308981578
.8668300708135
.86519608894984
.87350217501322
.86328975359599
.86301741997401
.84395422538122
.85375817616781
.85593680540721
.85525598128637
.84409040212631
.84626907110214
.83115468422572
.83714596430461
.83333333333333
.82216777404149
.84409042199453
.85076250632604
.83101852734884
.83564815918605
.82992921272914
.82938452561696
.82584422826767
.84000543753306
.83101850748062
.82734203338623
.83823529879252
.82434642314911
.82244008779526
.82366557916005
.82693356275558
.82475489377975
.83374182383219
.82380173603694
.8220315972964
.83169935146968
.83224399884542
.82039759556452
.82652505238851
.83387800057729
.8220315972964
.82979303598404
.82652505238851
.82979303598404
.82107843955358
.82284857829412
.82162308692932
.82516340414683
.83115470409393
.82584422826767
.82775054375331
.83238017559052
.82339324553808
.81944443782171
.82475489377975
.81154684225718
.82366557916005
.82393789291382
.82257626454035
.83306099971135
.82938452561696
.82244008779526
.8195806145668
.82026143868764
.80909585952759
.81903594732285
.81685729821523
.81876361370087
.82175926367442
.81386166810989
.80827887852987
.80759805440903
.82244010766347
.80991286039352
.81985292832057
.81917212406794
.81617647409439
.82434640328089
.82843136787415
.81495098272959
.81808278958003
.81467864910762
.80610020955404
.81944443782171
.81930828094482
.82121459643046
.81685731808345
.81590414047241
.81386166810989
.81821896632512
.81712963183721
.80596405267715
.8137254913648
.81576798359553
.81399780511856
.80923201640447
.81495098272959
.82203157742818
.82271242141724
.81141066551208
.8148148059845
.80242375532786
.8125
.81604031721751
.80718954404195
.81059368451436
.80351306994756
.79942808548609
.79520696401596
.80514707167943
.80024508635203
.78499456246694
.79684096574783
.79942810535431
.79847494761149
.805147031943
.79398147265116
.79997277259827
.80364924669266
.80215142170588
.79956424236298
.80596405267715
.79874730110168
.80051743984222
.81195533275604
.79874726136525
.8112745086352
.8112745086352
.79915577173233
.80936819314957
.8209422826767
.8029684027036
.80732570091883
.80569171905518
.79588780800501
.80964054663976
.80514705181122
.80201524496078
.79929192860921
.80541940530141
.79425380627314
.81290851036708
.80964052677155
.80364922682444
.81399782498678
.81753812233607
.80514705181122
.80460240443548
.81495098272959
.80269608894984
.80664487679799
.81018517414729
.79670478900274
.80201524496078
.82066994905472
.80582789580027
.81454249223073
.81154684225718
.81576798359553
.80746187766393
.81059368451436
.81181917587916
.79956428209941
.79656863212585
.81631265083949
.80174291133881
.80555556217829
.80773421128591
.81004901727041
.80950435002645
.81100215514501
.80746185779572
.81495100259781
.81072984139125
.80923201640447
.80964052677155
.81658496459325
.81236384312312
.81808278958003
.81726578871409
.81236384312312
.82965685923894
.81399782498678
.80582787593206
.80773419141769
.81399784485499
.8031045794487
.79915577173233
.8114106853803
.79833879073461
.80364924669266
.84014161427816
.79153050978978
.79507078727086
.81195533275604
.81835512320201
.81331700086594
.81903594732285
.80106210708618
.8018790880839
.80596405267715
.80051741997401
.79983659585317
.81889979044596
.81004901727041
.80800654490789
.79983659585317
.7947984735171
.79656861225764
.80718954404195
.79153050978978
.79330064853032
.81604029734929
.79016882181168
.79793028036753
.79520696401596
.79629629850388
.78771787881851
.80106210708618
.79861112435659
.79983659585317
.80787036816279
.80528322855632
.78485838572184
.80010892947515
.80936819314957
.8040577173233
.79343682527542
.81290849049886
.80255991220474
.80269606908162
.81672112147013
.80283224582672
.80242373545965
.81304464737574
.80977670351664
.8029684027036
.81277231375376
.80841501553853
.80637256304423
.81740196545919
.79575163125992
.80106208721797
.81263615687688
.79901961485545
.8125
.81072984139125
.79915577173233
.80215140183767
.80759803454081
.79084966580073
.79765794674555
.79929192860921
.79697712262472
.7938453356425
.80936819314957
.79929192860921
.79724943637848
.8029684027036
.79534314076106
.79534314076106
.80392156044642
.80555556217829
.79929194847743
.8114106853803
.79779412349065
.79316449165344
.81944443782171
.81808278958003
.80923203627268
.81168299913406
.80160675446192
.80855119228363
.80827887852987
.80446622769038
.79643245538076
.80569171905518
.80174293120702
.79207515716553
.80487471818924
.81168299913406
.79520696401596
.79575163125992
.80228757858276
.80078975359599
.79833877086639
.80215142170588
.79983659585317
.80446622769038
.80555556217829
.80065357685089
.80637254317602
.8021514415741
.79575163125992
.79997277259827
.80133442083995
.80392158031464
.81072986125946
.83061001698176
.80324073632558
.8101851940155
.81045752763748
.8135893146197
.80936817328135
.81181917587916
.8043300708135
.80528322855632
.80882354577382
.80133442083995
.80242375532786
.80827885866165
.8054193854332
.81631263097127
.81590414047241
.81059368451436
.81726578871409
.82148693005244
.80746187766393
.80487473805745
.81290851036708
.80269608894984
.81181917587916
.81168301900228
.80065361658732
.8031045794487
.80174293120702
.80065359671911
.80691723028819
.7960239648819
.79575163125992
.79956428209941
.80746187766393
.79602394501368
.78921570380529
.79806645711263
.79684094587962
.802015264829
.79997277259827
.80065361658732
.78812636931737
.80010894934336
.80746185779572
.79942810535431
.80024508635203
.80610022942225
.80092591047287
.802015264829
.80841503540675
.79561547438304
.79901961485545
.8134531378746
.80691721041997
.80133442083995
.80678105354309
.80337689320246
.80038124322891
.79820261398951
.79411764939626
.80160675446192
.80269606908162
.79275598128637
.80514707167943
.80215142170588
.80147057771683
.80514707167943
.81726578871409
.79724945624669
.80201524496078
.81154682238897
.80106208721797
.7982025941213
.80868734916051
.80909585952759
.80555558204651
.81726578871409
.81236384312312
.80501089493434
.80596405267715
.80569171905518
.8029684027036
.80569171905518
.80759803454081
.80133440097173
.80678105354309
.79806643724442
.79411764939626
.80392156044642
.80337689320246
.81386166810989
.80378540356954
.80337691307068
.80283224582672
.80051743984222
.80133442083995
.81032133102417
.81508713960648
.80092593034108
.80964052677155
.80977668364843
.80773421128591
.8054193854332
.79970041910807
.81767429908117
.8103213707606
.8101851940155
.81372547149658
.81113835175832
.81004901727041
.81318084398905
.81277233362198
.8148148059845
.81672112147013
.80895970265071
.81154684225718
.81712963183721
.80610020955404
.80841503540675
.80882352590561
.81113835175832
.80555556217829
.81495100259781
.79575163125992
.80814272165298
.81045752763748
.80623638629913
.80378540356954
.81236384312312
.81236384312312
.81209150950114
.81331700086594
.80473856131236
.80991284052531
.80977668364843
.80582787593206
.79547929763794
.80501087506612
.80255993207296
.80446622769038
.80255991220474
.79234749078751
.7997004588445
.80092593034109
.79956426223119
.80296842257182
.8029684027036
.79765794674555
.79847494761149
.81222766637802
.80405773719152
.80827887852987
.80855121215185
.80201524496078
.80296842257182
.81440631548564
.80868736902873
.80855119228363
.80800652503967
.80446624755859
.80950436989466
.8031045794487
.80950435002645
.79874728123347
.79983659585317
.8065087000529
.80392156044642
.80078975359599
.82366557916005
.79779414335887
.80446622769038
.81304466724396
.80473856131236
.81440631548564
.81508713960648
.79697712262472
.80909585952759
.80691721041997
.80787036816279
.80705336729685
.80759803454081
.79656863212585
.79847494761149
.80337689320246
.7960239648819
.80718952417374
.80923201640447
.79833879073461
.80923201640447
.81535949309667
.80351306994756
.80841503540675
.80964052677155
.80650871992111
.80473856131236
.80855121215185
.79970043897629
.80433005094528
.81086601813634
.80242373545965
.7958877881368
.81535949309667
.80950436989466
.80038126309713
.80718956391017
.79779412349065
.80038126309713
.80201524496078
.79806643724442
.79915575186412
.80800652503967
.78703703482946
.79752177000046
.80950436989466
.79289215803146
.79956426223119
.80283224582672
.80950436989466
.80228759845098
.81440631548564
.80746187766393
.79248364766439
.79997275273005
.80269606908162
.79793028036753
.80160675446192
.81399782498678
.80895970265071
.80582789580027
.81427013874054
.81549563010534
.81413400173187
.80732572078705
.80691723028819
.81154684225718
.81590414047241
.81277231375376
.80637254317602
.8054193854332
.81113835175832
.80501089493434
.81440631548564
.81222768624624
.80800652503967
.81372551123301
.80174291133881
.80895970265071
.80882352590561
.79738561312358
.80283224582672
.80773421128591
.80310455958049
.80242373545965
.80473856131236
.79942810535431
.80664487679799
.81508713960648
.79180282354355
.80147057771683
.81154682238897
.80296842257182
.80337691307068
.81290849049886
.79793028036753
.81576798359553
.80923203627268
.80541940530141
.80460240443548
.80610020955404
.79534314076106
.81209150950114
.80814270178477
.79643247524897
.81535947322845
.80787034829458
.79193900028865
.80487471818924
.81195533275604
.7924836675326
.79942810535431
.80460240443548
.79983661572138
.80582787593206
.80514707167943
.79915577173233
.80964052677155
.80895970265071
.80024510622025
.79915575186412
.80378538370132
.80678103367488
.80868736902873
.79629629850388
.80718954404195
.80378540356954
.81195533275604
.80691721041997
.79970041910807
.79779412349065
.8126361767451
.80242373545965
.80964052677155
.81781045595805
.80337691307068
.80977668364843
.80814270178477
.8031045794487
.79929192860921
.81672112147013
.80977668364843
.80446622769038
.80827885866165
.79452613989512
.80460238456726
.81181915601095
.79411764939626
.8090958793958
.80255989233653
.79752177000046
.7947984735171
.79738563299179
.79724943637848
.79915577173233
.80718954404195
.79970041910807
.7960239648819
.8041938940684
.80977670351664
.79316447178523
.80610020955404
.80106210708618
.80950436989466
.81100217501322
.80460238456726
.8041938940684
.80787036816279
.80147057771683
.80460238456726
.80582789580027
.79547929763794
.79561545451482
.81290849049886
.81004901727041
.80473856131236
.81181917587916
.80773419141769
.81032135089238
.80691723028819
.81399780511856
.80078975359599
.80895972251892
.81100217501322
.80487471818924
.80528322855632
.81413398186366
.79779412349065
.80378540356954
.81304466724396
.79166666666667
.79261982440948
.80501089493434
.79153050978978
.80364922682444
.79983659585317
.7937091588974
.79125817616781
.79765796661377
.7947984735171
.78921566406886
.80324073632558
.78812634944916
.78363291422526
.79806643724442
.79425380627314
.80405773719152
.80855121215185
.79901959498723
.80038126309713
.80950435002645
.80501089493434
.79901961485545
.81086601813634
.80841503540675
.80746185779572
.80936819314957
.81889979044596
.81726578871409
.80610020955404
.80215142170588
.80528322855632
.80923201640447
.80446624755859
.85171566406886
.80405773719152
.80977670351664
.81209150950114
.81672112147013
.79520698388418
.7971132795016
.8040577173233
.80160673459371
.8054193854332
.80950435002645
.7947984735171
.79793028036753
.81168301900228
.79370913902919
.794662296772
.80555554231008
.80337691307068
.80773419141769
.79643245538076
.81277231375376
.80228757858276
.79888343811035
.8043300708135
.79057735204697
.80242375532786
.80446622769038
.80433005094528
.80433005094528
.81168299913406
.79929194847743
.79847492774328
.81277233362198
.79847494761149
.79575163125992
.80827885866165
.80501091480255
.79234749078751
.79452613989512
.78935184081395
.79724945624669
.80691723028819
.79765794674555
.79575163125992
.80936817328135
.79507080713908
.79452613989512
.80514705181122
.80065359671911
.79275598128637
.80936819314957
.79602394501368
.80119824409485
.80610020955404
.79793028036753
.80691721041997
.81318084398905
.79084968566895
.79044115543365
.79520694414775
.79738561312358
.79507080713908
.80324071645737
.78921566406886
.79793028036753
.80501089493434
.79629629850388
.79547931750615
.79452613989512
.78690085808436
.78622003396352
.80514705181122
.79275598128637
.79520698388418
.79112201929092
.79466231664022
.78376905123393
.79343680540721
.79929194847743
.79793028036753
.79112199942271
.80024508635203
.794662296772
.79643245538076
.81100217501322
.7971132795016
.79670480887095
.80337691307068
.79411764939626
.80950435002645
.81331700086594
.80555554231008
.80460238456726
.81781047582626
.80555556217829
.8103213707606
.81672112147013
.80487471818924
.80936819314957
.80460240443548
.80868734916051
.80255991220474
.81345315774282
.80351306994756
.80078975359599
.8125
.79534314076106
.8065087000529
.81930828094482
.80324073632558
.79888341824214
.80596405267715
.79711329936981
.80419391393661
.80092593034108
.78935184081395
.79098584254583
.81440631548564
.80501091480255
.80419391393661
.81876363356908
.80051741997401
.79956428209941
.80623636643092
.81549563010534
.80759803454081
.8043300708135
.80950436989466
.80255991220474
.80242375532786
.80024510622025
.80174291133881
.80392156044642
.80106208721797
.80269608894984
.81195533275604
.80555554231008
.80215142170588
.80255993207296
.8159041206042
.81454247236252
.80882354577382
.81222766637802
.80773419141769
.8029684027036
.80610020955404
.79806643724442
.80528322855632
.8018790880839
.79520696401596
.8054193854332
.80024508635203
.80024510622025
.80514705181122
.80936821301778
.80596405267715
.80718954404195
.80255991220474
.7935729821523
.79261982440948
.79888343811035
.79752178986867
.80038126309713
.80133442083995
.80051741997401
.79561547438304
.80718954404195
.78622003396352
.79302833477656
.80964052677155
.79942810535431
.802015264829
.80746185779572
.80038124322891
.80269606908162
.80664487679799
.79697712262472
.79806643724442
.80078975359599
.79820261398951
.80501089493434
.80528322855632
.79275598128637
.80324073632558
.80133442083995
.79697712262472
.79507078727086
.80991286039352
.79316449165344
.80514707167943
.80119824409485
.78676470120748
.794662296772
.80555556217829
.78921570380529
.79193900028865
.80392156044642
.79030501842499
.80950436989466
.79724945624669
.81195535262426
.79221133391062
.82393791278203
.81100219488144
.81209150950114
.81072986125946
.81004901727041
.7938453356425
.79956428209941
.8123638232549
.79915577173233
.80092593034108
.81141066551208
.8114106853803
.80800652503967
.8184912999471
.79997277259827
.80705338716507
.80950435002645
.80201524496078
.79330064853032
.80868734916051
.80405773719152
.81304464737574
.81318084398905
.82761438687642
.80732572078705
.81072984139125
.80650871992111
.80691721041997
.80923203627268
.79425382614136
.79861110448837
.80787038803101
.79915577173233
.80501087506612
.80868734916051
.79942810535431
.80283224582672
.79302831490835
.79970041910807
.80228757858276
.80868734916051
.78962417443593
.80255991220474
.80610022942225
.79125817616781
.79697712262472
.79765794674555
.78785403569539
.80133442083995
.80473856131236
.79956428209941
.80092593034108
.81168301900228
.79411764939626
.80228755871455
.8029684027036
.79765794674555
.79806643724442
.79697712262472
.81113833189011
.80895968278249
.79806643724442
.80841501553853
.79970041910807
.80065359671911
.81617645422618
.80800654490789
.80909585952759
.85525598128637
.81658496459325
.80637254317602
.83442264795303
.79153050978978
.80501087506612
.80596405267715
.80460238456726
.79711329936981
.81032135089238
.79166668653488
.79153050978978
.81467864910762
.79520698388418
.79697712262472
.80419391393661
.79248364766439
.79806645711263
.79207517703374
.79901959498723
.80351306994756
.80596403280894
.79670480887095
.79752178986867
.79765796661377
.79084966580073
.79656863212585
.79534314076106
.78608387708664
.80228757858276
.79738561312358
.79643245538076
.79316449165344
.81181915601095
.8314270178477
.80147057771683
.8103213707606
.78771787881851
.80691721041997
.80024510622025
.80024510622025
.80038126309713
.80324073632558
.78635621070862
.79752178986867
.8031045794487
.79411764939626
.79697712262472
.80351306994756
.80119824409485
.79411764939626
.80269606908162
.8032407561938
.78499454259872
.79806645711263
.80269606908162
.79874728123347
.79289215803146
.8041938940684
.79411764939626
.7958877881368
.80038128296534
.79684096574783
.80637256304423
.8018790880839
.7971132795016
.79561547438304
.79507078727086
.79071350892385
.80174291133881
.80718954404195
.80310455958049
.80010892947515
.80283224582672
.80051741997401
.79888343811035
.81004901727041
.8029684027036
.80473856131236
.81726580858231
.80065359671911
.79820261398951
.80092591047287
.79084966580073
.80882352590561
.81427015860875
.7982025941213
.80514707167943
.80855121215185
.79970043897629
.79942810535431
.80283224582672
.79983659585317
.79901961485545
.80800654490789
.79970043897629
.80841503540675
.80351308981578
.79929192860921
.8032407561938
.81454249223073
.80255991220474
.80024510622025
.80419391393661
.80092593034108
.80133440097173
.8041938940684
.79275598128637
.79874730110168
.80283224582672
.80065357685089
.79724945624669
.80718954404195
.81141066551208
.80174293120702
.8029684027036
.80378540356954
.79915577173233
.79752177000046
.81168299913406
.78594774007797
.80664489666621
.80977668364843
.80215142170588
.8018790880839
.80147057771683
.79507080713908
.78703703482946
.79153048992157
.78172659873962
.79779412349065
.80010892947515
.78921570380529
.79003268480301
.77410129706065
.7852668762207
.77423747380575
.79016884167989
.77437363068263
.77314813931783
.77056099971135
.76838235060374
.7760076324145
.78363291422526
.75394880771637
.76470587650935
.76729303598404
.7583061059316
.76021242141724
.75680828094482
.74809368451436
.74509803454081
.76416120926539
.74959148963292
.74496185779572
.75639979044596
.73188998301824
.73924291133881
.73529412349065
.70969500144323
.71595861514409
.72290303309759
.69539759556452
.69934642314911
.70465687910716
.68178103367488
.68096405267715
.66503268480301
.65345859527588
.65059912204742
.64596951007843
.60920478900274
.6228213707606
.60185184081395
.55759803454081
.63956971963247
0
0
0
0
0
0
0
0
0
0
0
0
0
0
0
0
0
0
0
0
0
0
0
0
0
0
0
0
0
0
0
0
0
0
0
0
0
0
0
0
0
0
0
0
0
0
0
0
0
0
0
0
0
0
0
0
0
0
0
0
0
0
0
0
0
0
0
0
0
0
0
0
0
0
0
0
0
0
0
0
0
0
0
0
0
0
0
0
0
0
0
0
0
0
0
0
0
0
0
0
0
0
0
0
0
0
0
0
0
0
0
0
0
0
0
0
0
0
0
0
0
0
0
0
0
0
0
0
0
0
0
0
0
0
0
0
0
0
0
0
0
0
0
0
0
0
0
0
0
0
0
0
0
0
0
0
0
0
0
0
0
0
0
0
0
0
0
0
0
0
0
0
0
0
0
0
0
0
0
0
0
0
0
0
0
0
0
0
0
0
0
0
0
0
0
0
0
0
0
0
0
0
0
0
0
0
0
0
0
0
0
0
0
0
0
0
0
0
0
0
0
0
0
0
0
0
0
0
0
0
0
0
0
0
0
0
0
0
0
0
0
0
0
0
0
0
0
0
0
0
0
0
0
0
0
0
0
0
0
0
0
0
0
0
0
0
0
0
0
0
0
0
0
0
0
0
0
0
0
0
0
0
0
0
0
0
0
0
0
0
0
0
0
0
0
0
0
0
0
0
0
0
0
0
0
0
0
0
0
0
0
0
0
0
0
0
0
0
0
0
0
0
0
0
0
0
0
0
0
0
0
0
0
0
0
0
0
0
0
0
0
0
0
0
0
0
0
0
0
0
0
0
0
0
0
0
0
0
0
0
0
0
0
0
0
0
0
0
0
0
0
0
0
0
0
0
0
0
0
0
0
0
0
0
0
0
0
0
0
0
0
0
0
0
0
0
0
0
0
0
0
0
0
0
0
0
0
0
0
0
0
0
0
0
0
0
0
0
0
0
0
0
0
0
0
0
0
0
0
0
0
0
0
0
0
0
0
0
0
0
0
0
0
0
0
0
0
0
0
0
0
0
0
0
0
0
0
0
0
0
0
0
0
0
0
0
0
0
0
0
0
0
0
0
0
0
0
0
0
0
0
0
0
0
0
0
0
0
0
0
0
0
0
0
0
0
0
0
0
0
0
0
0
0
0
0
0
0
0
0
0
0
0
0
0
0
0
0
0
0
0
0
0
0
0
0
0
0
0
0
0
0
0
0
0
0
0
0
0
0
0
0
0
0
0
0
0
0
0
0
0
0
0
0
0
0
0
0
0
0
0
0
0
0
0
0
0
0
0
0
0
0
0
0
0
0
0
0
0
0
0
0
0
0
0
0
0
0
0
0
0
0
0
0
0
0
0
0
0
0
0
0
0
0
0
0
0
0
0
0
0
0
0
0
0
0
0
0
0
0
0
0
0
0
0
0
0
0
0
0
0
0
0
0
0
0
0
0
0
0
0
0
0
0
0
0
0
0
0
0
0
0
0
0
0
0
0
0
0
0
0
0
0
0
0
0
0
0
0
0
0
0
0
0
0
0
0
0
0
0
0
0
0
0
0
0
0
0
0
0
0
0
0
0
0
0
0
0
0
0
0
0
0
0
0
0
0
0
0
0
0
0
0
0
0
0
0
0
0
0
0
0
0
0
0
0
0
0
0
0
0
0
0
0
0
0
0
0
0
0
0
0
0
0
0
0
0
0
0
0
0
0
0
0
0
0
0
0
0
0
0
0
0
0
0
0
0
0
0
0
0
0
0
0
0
0
0
0
0
0
0
0
0
0
0
0
0
0
0
0
0
0
0
0
0
0
0
0
0
0
0
0
0
0
0
0
0
0
0
0
0
0
0
0
0
0
0
0
0
0
0
0
0
0
0
0
0
0
0
0
0
0
0
0
0
0
0
0
0
0
0
0
0
0
0
0
0
0
0
0
0
0
0
0
0
0
0
0
0
0
0
0
0
0
0
0
0
0
0
0
0
0
0
0
0
0
0
0
0
0
0
0
0
0
0
0
0
0
0
0
0
0
0
0
0
0
0
0
0
0
0
0
0
0
0
0
0
0
0
0
0
0
0
0
0
0
0
0
0
0
0
0
0
0
0
0
0
0
0
0
0
0
0
0
0
0
0
0
0
0
0
0
0
0
0
0
0
0
0
0
0
0
0
0
0
0
0
0
0
0
0
0
0
0
0
0
0
0
0
0
0
0
0
0
0
0
0
0
0
0
0
0
0
0
0
0
0
0
0
0
0
0
0
0
0
0
0
0
0
0
0
0
0
0
0
0
0
0
0
0
0
0
0
0
0
0
0
0
0
0
0
0
0
0
0
0
0
0
0
0
0
0
0
0
0
0
0
0
0
0
0
0
0
0
0
0
0
0
0
0
0
0
0
0
0
0
0
0
0
0
0
0
0
0
0
0
0
0
0
0
0
0
0
0
0
0
0
0
0
0
0
0
0
0
0
0
0
0
0
0
0
0
0
0
0
0
0
0
0
0
0
0
0
0
0
0
0
0
0
0
0
0
0
0
0
0
0
0
0
0
0
0
0
0
0
0
0
0
0
0
0
0
0
0
0
0
0
0
0
0
0
0
0
0
0
0
0
0
0
0
0
0
0
0
0
0
0
0
0
0
0
0
0
0
0
0
0
0
0
0
0
0
0
0
0
0
0
0
0
0
0
0
0
0
0
0
0
0
0
0
0
0
0
0
0
0
0
0
0
0
0
0
0
0
0
0
0
0
0
0
0
0
0
0
0
0
0
0
0
0
0
0
0
0
0
0
0
0
0
0
0
0
0
0
0
0
0
0
0
0
0
0
0
0
0
0
0
0
0
0
0
0
0
0
0
0
0
0
0
0
0
0
0
0
0
0
0
0
0
0
0
0
0
0
0
0
0
0
0
0
0
0
0
0
0
0
0
0
0
0
0
0
0
0
0
0
0
0
0
0
0
0
0
0
0
0
0
0
0
0
0
0
0
0
0
0
0
0
0
0
0
0
0
0
0
0
0
0
0
0
0
0
0
0
0
0
0
0
0
0
0
0
0
0
0
0
0
0
0
0
0
0
0
0
0
0
0
0
0
0
0
0
0
0
0
0
0
0
0
0
0
0
0
0
0
0
0
0
0
0
0
0
0
0
0
0
0
0
0
0
0
0
0
0
0
0
0
0
0
0
0
0
0
0
0
0
0
0
0
0
0
0
0
0
0
0
0
0
0
0
0
0
0
0
0
0
0
0
0
0
0
0
0
0
0
0
0
0
0
0
0
0
0
0
0
0
0
0
0
0
0
0
0
0
0
0
0
0
0
0
0
0
0
0
0
0
0
0
0
0
0
0
0
0
0
0
0
0
0
0
0
0
0
0
0
0
0
0
0
0
0
0
0
0
0
0
0
0
0
0
0
0
0
0
0
0
0
0
0
0
0
0
0
0
0
0
0
0
0
0
0
0
0
0
0
0
0
0
0
0
0
0
0
0
0
0
0
0
0
0
0
0
0
0
0
0
0
0
0
0
0
0
0
0
0
0
0
0
0
0
0
0
0
0
0
0
0
0
0
0
0
0
0
0
0
0
0
0
0
0
0
0
0
0
0
0
0
0
0
0
0
0
0
0
0
0
0
0
0
0
0
0
0
0
0
0
0
0
0
0
0
0
0
0
0
0
0
0
0
0
0
0
0
0
0
0
0
0
0
0
0
0
0
0
0
0
0
0
0
0
0
0
0
0
0
0
0
0
0
0
0
0
0
0
0
0
0
0
0
0
0
0
0
0
0
0
0
0
0
0
0
0
0
0
0
0
0
0
0
0
0
0
0
0
0
0
0
0
0
0
0
0
0
0
0
0
0
0
0
0
0
0
0
0
0
0
0
0
0
0
0
0
0
0
0
0
0
0
0
0
0
0
0
0
0
0
0
0
0
0
0
0
0
0
0
0
0
0
0
0
0
0
0
0
0
0
0
0
0
0
0
0
0
0
0
0
0
0
0
0
0
0
0
0
0
0
0
0
0
0
0
0
0
0
0
0
0
0
0
0
0
0
0
0
0
0
0
0
0
0
0
0
0
0
0
0
0
0
0
0
0
0
0
0
0
0
0
0
0
0
0
0
0
0
0
0
0
0
0
0
0
0
0
0
0
0
0
0
0
0
0
0
0
0
0
0
0
0
0
0
0
0
0
0
0
0
0
0
0
0
0
0
0
0
0
0
0
0
0
0
0
0
0
0
0
0
0
0
0
0
0
0
0
0
0
0
0
0
0
0
0
0
0
0
0
0
0
0
0
0
0
0
0
0
0
0
0
0
0
0
0
0
0
0
0
0
0
0
0
0
0
0
0
0
0
0
0
0
0
0
0
0
0
0
0
0
0
0
0
0
0
0
0
0
0
0
0
0
0
0
0
0
0
0
0
0
0
0
0
0
0
0
0
0
0
0
0
0
0
0
0
0
0
0
0
0
0
0
0
0
0
0
0
0
0
0
0
0
0
0
0
0
0
0
0
0
0
0
0
0
0
0
0
0
0
0
0
0
0
0
0
0
0
0
0
0
0
0
0
0
0
0
0
0
0
0
0
0
0
0
0
0
0
0
0
0
0
0
0
0
0
0
0
0
0
0
0
0
0
0
0
0
0
0
0
0
