.85544715325038
.80943089723587
.78471545378367
.83024388551712
.80048781633377
.8019512295723
.7793495853742
.8167479634285
.85626016060511
.80731707811356
.82813006639481
.79772359132767
.82406502962112
.83056908845901
.75723578532537
.84926829735438
.82081300020218
.79593497514725
.86699187755585
.87430894374847
.86341464519501
.81414633989334
.93105691671371
.85349595546722
.8973983724912
.80666667222977
.81024390459061
.86439025402069
.8133333325386
.81739836931229
.84764228264491
.87756099303563
.86487805843353
.87284553050995
.87642274300257
.85252032677333
.86000001430511
.83577235539754
.87365853786469
.95349593957265
.83577235539754
.86894309520721
.86211383342743
.88227643569311
.86016261577606
.91674796740214
.93804877996445
.8551219701767
.90097560485204
.88861789306005
.80552846193314
.85560977458954
.85463414589564
.88520324230194
.88032519817352
.86227643489838
.88227641582489
.83219510316849
1.024552822113
.85430894295375
.92325202624003
.88373982906342
.88211381435394
.8874796628952
.88796746730804
.88634145259857
.91723577181498
.8946341474851
.88292682170868
.95902436971664
.98813009262085
.94325202703476
.94861787557602
.86569106578827
.88634145259857
.93869918584824
.93707317113876
.94162601232529
.93577235937119
.94243901968002
.98195121685664
.88520324230194
.87235772609711
.92861789464951
.91658536593119
.88634145259857
.93105691671371
.93219512701035
.89268290996552
.88032519817352
.94764226675034
.92439023653666
.89821135997772
.92422763506571
.89105691512426
.92731708288193
.90162601073583
.93756097555161
.87463414669037
1.0847154855728
1.0117073059082
.8973983724912
.96178863445918
.97674796978633
.90764228502909
.91577235857646
.89869918425878
.96048778295517
.94731706380844
.93430894613266
.98130081097285
.98325204849243
.98536586761475
.98585367202759
.96227639913559
.92601627111435
.96016259988149
.99268293380737
.91821138064067
.92162603139877
.96455281972885
1.1541463136673
.93154472112656
.92097562551498
.99121952056885
.92487806081772
.97073171536128
.9712194999059
.94926828145981
.91674796740214
1.0908943414688
.92439025640488
.91869920492172
.93495935201645
1.0159349441528
.94471544027328
.98764228820801
1.0162601470947
1.0380487442017
.98666667938232
.99560976028442
1.0271544456482
1.024552822113
1.0172357559204
1.0089430809021
1.0004878044128
.96601625283559
.9567479689916
.96764226754506
.96439023812612
.9852032661438
1.012195110321
.98390243450801
.94357722997665
.99886178970337
.93772357702255
.95658536752065
.97024391094844
.94292682409286
1.0008130073547
.97853658596675
.9221138159434
.99495933453242
1.0034146308899
.94536584615707
.94780486822128
.96520326534907
.96617885430654
.95252031087875
.96926828225454
.95707317193349
.95203250646591
.95219510793686
.93918699026108
1.0026016235352
.95073171456655
.91398374239604
.9821138381958
.99333333969116
.91447156667709
.94276422262192
.99235771099726
.95040649175644
.9200000166893
.98991870880127
1.055447101593
.93756097555161
1.0767480134964
1.018373966217
.97658538818359
.99056911468506
.95869918664296
.94325202703476
.93739837408066
.96065040429433
.94504064321518
.94357722997665
.93317073583603
1.006016254425
.89723575115204
.99756097793579
.96829269329707
.95105689764023
.96439025799433
.92780488729477
1.0097560882568
.97203252712886
.94975608587265
.93252032995224
.94975608587265
.94195121526718
.96422763665517
1.0486178795497
.89723575115204
1.0596747795741
.99772357940674
.9221138159434
.91886178652445
.97219510873159
.96390243371328
1.0004878044128
.9793496131897
.9598373969396
.95170730352402
.95463414986928
.88292682170868
1.0442276398341
.95089429616928
1.027642250061
.97056911389033
.91073171297709
.98991870880127
.96520326534907
.99056911468506
1.0043902397156
.99642276763916
.97349594036738
.95479673147202
.95609754323959
.93186992406845
.99658536911011
.94894307851791
.99739837646484
.97512195507685
1.003089427948
.92747968435287
.98471546173096
.98130083084106
.98926830291748
1.0160975456238
.96991870800654
.95788617928823
.92682927846909
.97349594036738
1.0206503868103
.93967479467392
.96065040429433
.95382112264633
.93886178731918
.97008130947749
.99317073822021
.96861787637075
.96699188152949
.93756097555161
.93853658437729
.96390243371328
.95138212045034
.98113818963369
.95691057046254
.89837398131688
.98487804333369
.98260162274043
.97626016537348
1.0063414573669
.97918699185053
1.0037398338318
.9465040564537
.97365852197011
.96682928005854
.9811382095019
1.0365853309631
.91170732180278
1.0136585235596
.98731708526611
.93626016378403
1.0013008117676
.99121952056885
.9852032661438
1.0011382102966
.96455283959707
.95723575353622
1.0017886161804
.97382114330928
.93626016378403
.9694309035937
.9567479689916
.97040649255117
1.0113821029663
.99658536911011
.94162601232529
.97999997933706
.99024391174316
.99609756469727
.91365855932236
.96162603298823
1.0417885780334
.96097558736801
1.0131707191467
1.0069918632507
1.0315446853638
.99593496322632
1.0138211250305
.96715448300044
.97642278671265
.98650407791138
.90422763427099
.91837398211161
.97219510873159
.9910569190979
.97382112344106
.93609756231308
.9526829123497
.94894307851791
.9643902182579
1.0486178795497
.91544715563456
.95902436971664
.99902439117432
1.0108942985535
1.0017886161804
.96032518148422
.92113822698593
.98536584774653
.88520324230194
.97495935360591
1.0013008117676
.98065040508906
.99658536911011
1.0065040588379
.97398372491201
.94617885351181
.95869918664296
.99235773086548
.96178863445918
1.0255284309387
.96097560723623
.95317071676254
.9261788725853
.92504066228867
.94308942556381
.91772359609604
.93398374319077
1.0125203132629
.94455283880234
.99886178970337
.99560976028442
.99739837646484
1.0004878044128
.9712194999059
.96764226754506
.99577236175537
1.0239024162292
.98146343231201
1.0043902397156
1.0518698692322
1.0105690956116
1.0523577133814
.93804877996445
.96471546093623
.95691057046254
.95902438958486
.9626016219457
.96552844842275
.96764228741328
.91593497991562
.9320325255394
.9756097594897
.95886178811391
.94130080938339
.88406503200531
.9261788725853
.92943090200424
1.0385365486145
.96731706460317
1.0073170661926
.91528457403183
.92065042257309
.97495935360591
.98699188232422
.94601625204086
.96650405724843
.93577235937119
.96390245358149
.91674796740214
.97414634625117
.98943090438843
.98926830291748
.94780486822128
.90796748797099
.9910569190979
.98325204849243
.92227643728256
.9468292593956
.97495933373769
.96894309918086
.95739837487539
.89707314968109
1.1326829195023
1.0074796676636
.99024391174316
.96292682488759
.97593496243159
.97349594036738
.98227643966675
.98260162274043
.95707315206528
.93658536672592
.87463414669037
.94195121526718
.94243901968002
.93430894613266
.96211379766464
.9852032661438
.91967479387919
.93447154760361
.99008131027222
.95512195428212
.9557723402977
.94422763586044
.95463413000107
.96422763665517
.97512195507685
.94357722997665
.97869918743769
.98991870880127
.93739837408066
.97447154919306
.98048780361811
.9478048880895
.90617885192235
.9258536696434
.96455283959707
.9814634124438
.93447154760361
.99300813674927
.96081300576528
.95528453588486
.98016262054443
.96487806240718
.97739839553833
.9725203315417
.97349594036738
.98699188232422
.94195121526718
1.0502438545227
.96048780282338
1.0097560882568
.96439023812612
.96504064400991
.93609756231308
.96065040429433
1.0009756088257
.94699186086655
.95105689764023
1
.93918699026108
.97333333889643
.94243901968002
.97219510873159
.95154470205307
.9468292593956
.93235772848129
.99430894851685
.96764228741328
1.0235772132874
.93154472112656
1.0136585235596
.95691055059433
.94601625204086
.94650407632192
.95203250646591
.97658534844716
.95560975869497
.9347967505455
.89691056807836
.93317073583603
.91512195269267
.96195121606191
.9032520254453
.93300813436508
.95788615942001
.9468292593956
.97317073742549
.97089429696401
1.012357711792
.90504064162572
1
.97756097714106
.97349594036738
.95382112264633
.97723577419917
.9169105887413
.93609756231308
.94780486822128
.96504064400991
.95951217412949
.94243901968002
.9588617682457
.97121951977412
.97674796978633
.91024390856425
.99121952056885
.96634145577749
.95056909322739
.99170732498169
.91869920492172
1
.97382114330928
.97934959332148
.94780486822128
.94699188073476
.92016261816025
.92861789464951
.94569106896718
.93804877996445
.92455285787582
.97414634625117
.94260162115097
.96552844842275
1.0047154426575
.95658534765244
.94162601232529
.96341462930044
.94081300497055
.90829269091288
.89447154601415
.94813007116318
.92959350347519
.99788618087769
.88569104671478
.92520326375961
.93902438879013
.92780488729477
1.0128455162048
.94276422262192
.9626016219457
.98601627349854
.97723577419917
.9409756064415
.99837398529053
.93609756231308
.93333333730698
.94829267263412
1.0365853309631
.996910572052
.96113818883896
.96406503518422
.9824390411377
.99463415145874
.89837398131688
.99121952056885
.97040651241938
.9347967505455
.9378861784935
.97284553448359
.94162601232529
.95886178811391
.87414634227753
1.0110569000244
.87414634227753
1.0078048706055
.96373981237411
.96731706460317
.91918700933456
.92780488729477
.93951219320297
.96959350506465
.92796748876572
.95186990499496
.95008128881454
.93073171377182
.94390243291855
.98048780361811
.98861789703369
.95121949911118
.91756099462509
.91008128722509
.95317073663076
.99544715881348
.91089431444804
.98715448379517
.99203252792358
.97479675213496
.96016258001328
.92796748876572
1.0146341323853
1.0165853500366
.96081300576528
.96016258001328
.94796746969223
.94747966527939
.99544715881348
.94016259908676
.9848780632019
.94764226675034
.95170730352402
.95284551382065
.94585365056992
.88130080699921
.99886178970337
.94552844762802
.94666665792465
.96731706460317
.9347967505455
.9762601852417
.92162601153056
.94959350426992
.95902436971664
.94455283880234
.98455286026001
.92260162035624
1.0003252029419
.96764226754506
.94975608587265
.91951219240824
.93691056966782
1.0008130073547
.99268293380737
.94552844762802
.91626018285751
.94520326455434
.99772357940674
.96130081017812
.98845529556274
.9261788725853
.93739837408066
.98195121685664
.91414632399877
.97138210137685
.9465040564537
.95869918664296
.86894309520721
.92601627111435
.878861784935
.99300813674927
.97691059112549
.9134959379832
.94943088293076
.9725203315417
.96146339178085
.98260164260864
.94439023733139
.94569104909897
.97723579406738
.92292684316635
.93853658437729
1.0099186897278
.88682925701141
.93691056966782
.95609754323959
.97073171536128
.94764226675034
.93918699026108
.93430894613266
1.0224390029907
.98780488967896
.96910568078359
.96260160207748
.9104065100352
.96341462930044
.95040649175644
.90455283721288
.94634147485097
.97609756390254
.93837398290634
.95902436971664
.95658534765244
1.0131707191467
.9320325255394
.9141463637352
.96975608666738
1.0260162353516
.90146340926488
.96292682488759
.92341464757919
.95658534765244
.99317073822021
.90845527251561
.97707319259644
.89788617690404
.98471546173096
.96292682488759
.92048782110214
.9882926940918
.96146339178085
.9721951285998
.97495935360591
.94585365056992
.96780488888423
.93804877996445
.92016261816025
.97642278671265
.97869920730591
1.0102438926697
.99951219558716
1.0323577125867
.98390243450801
.86048781871796
.95121951897939
1.0076422691345
.92991870641708
.96813009182612
.96455285946528
.98552846908569
.95398372411728
.96243902047475
.90975610415141
.99821138381958
.93121951818466
.8640650510788
.94731706380844
.92130080858866
.92081302404404
.92227643728256
.96926830212275
.93300813436508
.8977235754331
.93105691671371
.99837398529053
.94520324468613
.95967477560043
.97365854183833
.9230894446373
.93999999761581
.9691057006518
.99089431762695
.99121952056885
.94422763586044
.98715448379517
.95219510793686
.93837398290634
.97121951977412
.96813009182612
.95918697118759
.94520324468613
.90585366884867
.97154472271601
.9347967505455
.98959350585937
.96487806240718
1.0126829147339
.93707317113876
1.0047154426575
.90585364898046
.93186992406845
.95252031087875
1.0341463088989
.94243901968002
.91089431444804
.9320325255394
.9351219534874
.95674794912338
.93674796819687
.93593496084213
.99951219558716
.89544715483983
.95804876089096
.96666665871938
.94617885351181
.98032522201538
.91447156667709
.95284553368886
.97268295288086
.89252030849457
.99934959411621
.92845529317856
.9131707350413
.92926830053329
.90959348281225
.91300813357035
.97479677200317
.8730081319809
.92991868654887
.90569106737773
.97512197494507
.95317073663076
.93642276525497
.98032522201538
.9666666785876
.98097562789917
.98227643966675
.96455283959707
1.0304064750671
.90178861220678
.94780486822128
.93869918584824
.88081300258636
.92926830053329
.88861787319183
.88943088054657
.91512197256088
.94178861379623
.91186992327372
.93804877996445
.96406503518422
.94520324468613
.91138211886088
.86308944225311
.96227643887202
.92227643728256
.96162601312002
.89560975631078
1.0029268264771
1.033821105957
.95447152853012
.90406503280004
.99869918823242
.92146342992783
.95105689764023
.9468292593956
.90211381514867
.90211383501689
.95056909322739
.89707316954931
.89869916439056
.89772355556488
.89837396144867
.9588617682457
.95560973882675
.94878047704697
.97658536831538
.8843902349472
.93430894613266
.91658538579941
.93691056966782
.94715446233749
.92715448141098
.91528455416362
.93317073583603
.92682927846909
.93934959173203
.9159349600474
.96357723077138
.95170730352402
.87983739376068
.9261788725853
.9385366042455
.94617885351181
.96747968594233
.92926830053329
.93495935201645
.88487803936005
.93642276525497
.9495934844017
.94325202703476
.92504066228867
.93219512701035
.86585366725922
1.059837381045
.92341464757919
.92634147405624
.91024390856425
.9879674911499
.93089431524277
.96650403738022
.92926830053329
.96487804253896
.9465040564537
.90520326296488
.9557723402977
.96276422341665
.87512195110321
.97008130947749
.91967479387919
.95382112264633
.9762601852417
.96878049770991
.92130082845688
.96699186166128
.93495935201645
.94764226675034
.94471544027328
.95999999841054
.92747968435287
.93349593877792
.90195121367772
.9409756064415
.91008132696152
.93918699026108
.87723577022552
.94780486822128
.90959350268046
.93609756231308
.98065042495728
.97073171536128
.94308942556381
.92130082845688
.98813009262085
1.0034146308899
.94975608587265
.89788617690404
.91024390856425
.88048781951269
.94016259908676
.9227642416954
.90991868575414
.96715448300044
.89284553130468
.90910571813583
.95512193441391
.96991870800654
.89934959014257
.92130082845688
.96894309918086
.95918699105581
.87495934963226
.91495935122172
.93723577260971
.88455283641815
.93902438879013
.91674798727036
.90520326296488
.90829267104467
.98260164260864
.95756097634633
.96585365136464
.94845527410507
.89658534526825
.94601625204086
.91186992327372
.94910567998886
.87479674816132
.93674796819687
.87333333492279
.92747966448466
.95268293221792
.91186994314194
.98390245437622
.89203252394994
.89609756072362
.87170732021332
.85967481136322
.8874796628952
.9172357916832
.97723579406738
.93869918584824
.93365854024887
.92520326375961
.97756099700928
.94845527410507
.90406505266825
.89869916439056
.93804877996445
.869593501091
.95170730352402
.9258536696434
.99284553527832
.85918700695038
.91772359609604
.9152845342954
.92552846670151
.88178861141205
.8878048658371
.91772357622782
.94569104909897
.95382112264633
.89886176586151
.92991870641708
.91983739535014
.87788617610931
.96813007195791
.91365851958593
.8964227437973
.90910569826762
.93674796819687
.92357724905014
.89121949672699
.91577235857646
.96341462930044
.92048782110214
.9437398314476
.92325204610825
.92455285787582
.89235770702362
.95463413000107
.97707319259644
.98227641979853
.84666667381922
.97642278671265
.93056911230087
.95821138223012
.91642278432846
.90439023574193
.90178861220678
.95040649175644
.91447154680888
.95105689764023
.93772357702255
.89349591732025
.90373982985814
.8936585187912
.89398374160131
.90894309679667
.92910569906235
.90813006957372
.86780488491058
.97105691830317
.93382114171982
.94113820791245
.93886178731918
.91300813357035
.8847154378891
.92097560564677
.9347967505455
.92422763506571
.92260164022446
.87983739376068
.93495935201645
.87528455257416
.91609758138657
.95658534765244
.91739837328593
.89170732100805
.91121949752172
.92813009023666
.93154472112656
.90715446074804
.95723577340444
.95170730352402
.91284555196762
.9063414533933
.95186990499496
.91186994314194
.91056911150614
.89186990261078
.878861784935
.90617887179057
.92081300417582
.92813009023666
.92227643728256
.94260162115097
.89886178572973
.91804879903793
.89349591732025
.90845527251562
.90569104750951
.8699187040329
.94325202703476
.85967479149501
.88146342833837
.89593493938446
.90146340926488
.89073169231415
.90650405486425
.90943092107773
.90991872549057
.91967481374741
.90845529238383
.90178861220678
.96178861459096
.96130079030991
.85951220989227
1.0133333603541
.876422782739
.94390243291855
.88959348201752
.88048779964447
.89707314968109
.9289430975914
.84032519658407
.84504065910975
.89382112026215
.93642276525497
.92520326375961
.92113822698593
.89756095409393
.98536586761475
.85463416576385
.88910567760468
.92487806081772
.86975610256195
.9104065100352
.89349591732025
.89414632320404
.88699185848236
.93300813436508
.94861787557602
.87642276287079
.92666667699814
.84943089882533
.86715447902679
.91886180639267
.89983737468719
.97235773007075
.95837396383286
.92243903875351
.97089431683222
.91609758138657
.91512195269267
.88536584377289
.88016259670258
.90601625045141
.89495933055878
.94780486822128
.89723577102025
.84910569588343
.86000001430511
.85365853706996
.88650405406952
.91609756151835
.87186992168427
.95349591970444
.88813006877899
.90390243132909
.90455283721288
.92178863286972
.8964227437973
.92048782110214
.91707319021225
.90032519896825
.86276423931122
.9406504034996
.93105691671371
.86780488491058
.91073171297709
.96081298589706
.92016261816025
.90829269091288
.88276422023773
.91268293062846
.91024390856425
.92666667699814
.91203252474467
.87073171138763
.95593494176865
.88552844524384
.94195121526718
.92634147405624
.84439023335775
.9347967505455
.93593496084213
.89902438720067
.85268292824427
.93284553289413
.90991870562236
.94455283880234
.90845527251562
.87040650844574
.87642276287079
.85024392604828
.88617885112762
.89804877837499
.87772357463837
.90471543868383
.87756097316742
.90504066149394
.92991870641708
.84601626793544
.9258536696434
.92357724905014
.90130078792572
.90634147326152
.88373982906342
.82178860902786
.92780488729477
.91333333651225
.92439025640488
.86731708049774
.93674796819687
.87869918346405
.93365854024887
.89626016219457
.87365853786469
.85609755913417
.96764228741328
.92601627111435
1.0235772132874
.96504064400991
.90162599086761
.83707314729691
.86308944225311
.92601627111435
.90373982985814
.87349593639374
.91788617769877
.82178860902786
.90910569826762
.87560975551605
.92617885271708
.90552846590678
.91414634386698
.89040650924047
.94048780202866
.87073171138763
.91577237844467
.89821135997772
.92065042257309
.93577235937119
.87739837169647
.90471545855204
.90065038204193
.82178860902786
.89495933055878
.87918698787689
.89837396144867
.89609756072362
.86926829814911
.88146340847015
.89138209819794
.87398374080658
.85886178414027
.93560975790024
.92048782110214
.94146341085434
.99398374557495
.88227641582489
.86894309520721
.84894307454427
.87463414669037
.88390243053436
.92731708288193
.91626018285751
.90113820632299
.97040651241938
.96471544106801
1.0229268074036
1.0939837694168
.94829267263412
.92959350347519
.95772355794907
1.0063414573669
.95008128881454
.97447156906128
.99268293380737
.97707317272822
1.0196747779846
.96682926019033
.98975610733032
1.0510569016139
1.0022764205933
.96943088372548
.94943088293076
.98341464996338
.99837398529053
.98650407791138
.95804878075918
1.0452032486598
.96406505505244
.96357723077138
1.0551219383876
.96390243371328
1.0447154045105
.96211381753286
1.0001626014709
1.0271544456482
1.0006504058838
1.009105682373
1.0208129882812
.97138210137685
1.0206503868103
.98113822937012
.95642274618149
.99430894851685
1.0004878044128
.95756097634633
1.0367479324341
1.0426015853882
1.0474796295166
.95577236016591
1.0074796676636
.96390243371328
1.0232520103455
.96601627270381
1.0439023971558
1.0026016235352
.97170732418696
.97821140289307
.98373985290527
1.0284552574158
1.0417885780334
1.0069918632507
1.0039024353027
.9814634124438
.97056909402211
.95934959252675
1.0317072868347
.99089431762695
.98016262054443
1.0019512176514
1.0232520103455
1.0297560691833
1.0013008117676
.97821140289307
1.0089430809021
.90097560485204
1.0204877853394
1.0151219367981
1.0128455162048
.97788618008296
.95414632558823
1.0252032279968
1.0011382102966
.98861789703369
.98341464996338
.97788618008296
1.0613007942835
1.009268283844
1.0066666603088
.98357725143433
1.0295934677124
.98373985290527
.97837400436401
1.0268292427063
.96991870800654
1.0169105529785
1.0773984193802
.97121951977412
.98959350585937
.99512195587158
1.0334959030151
1.0115447044373
1.0128455162048
1.0343089103699
.99186992645264
.96146339178085
1.0385365486145
1.0242276191711
1.0588617722193
.96552844842275
.98471546173096
.99089431762695
.99121952056885
1.1373983621597
1.0495934486389
1.0208129882812
.99772357940674
.95869916677475
1.0157723426819
.99983739852905
1.036910533905
.95398374398549
.98666667938232
.98666667938232
.95804876089096
1.0217885971069
1.0508942604065
.98943088452021
.97837400436401
.99203252792358
1.0217885971069
1.0456910133362
1.0328454971313
1.0043902397156
1.0230894088745
1.0258536338806
.99300813674927
1.024552822113
1.0286178588867
1.018373966217
1.0466666221619
.95105689764023
1.0341463088989
1.0429267883301
.99837398529053
1.0013008117676
1.012195110321
.96439023812612
.97577238082886
1.0069918632507
1.0858536958694
.99512195587158
.97691057125727
1.0481300354004
1.0160975456238
1.0573983192444
1.0105690956116
1.0448780457179
1.0313820838928
.97788619995117
1.0032520294189
1.0014634132385
1.018536567688
1.0157723426819
.93951219320297
1.0170731544495
1.0120325088501
1.0204877853394
1.0084552764893
1.0468292236328
.99479675292969
1.0315446853638
.98504066467285
1.0006504058838
1.0037398338318
1.0356097221375
1.0162601470947
1.0029268264771
.98178863525391
1.0487804412842
.97756097714106
.99853658676147
1.0079674720764
1.0364227294922
1.0014634132385
.95739835500717
.98195123672485
.98341464996338
.98520324627558
1.0567479133606
1.0281300544739
.99138212203979
.98861789703369
1.0006504058838
1.0409755706787
.97512193520864
.99170732498169
.98910570144653
1.0382113456726
.98195123672485
1.0157723426819
1.0744715531667
1.030731678009
1.0743089914322
1.0586991707484
.96455283959707
1.0326828956604
1.0609755913417
1.0310568809509
1.0024390220642
1.0378861427307
1.0460162560145
.97967481613159
1.0115447044373
1.0560975472132
1.0105690956116
1.1235772371292
1.0429267883301
.98731708526611
1.0213007926941
1.0434145927429
1.0429267883301
1.0331707000732
1.0398373603821
1.1160975694656
.98292684555054
1.0208129882812
1.0679674943288
1.0808130502701
1.0917073488235
1.1134959459305
1.046178817749
1.1195122003555
1.0377235412598
.98699188232422
1.0447154045105
1.1004878282547
1.0320324897766
1.0191869735718
1.0388617515564
1.0588617722193
1.0562601486842
1.0531706809998
1.1004878282547
1.0951219797134
1.136585354805
1.0819512605667
1.1660162210464
1.1169105768204
1.1063414812088
1.1154471635818
1.11512196064
1.148780465126
1.1603251695633
1.1756097475688
1.1616259813309
1.2492682933807
1.1523576974869
1.1905691226323
1.1652032136917
1.2255284786224
1.2034146785736
1.2071545124054
1.217561006546
1.2777235507965
1.220813035965
1.245365858078
1.2193496227264
1.2245528697968
1.3469918966293
1.2523577213287
1.3204878568649
1.2973983287811
1.3926829099655
1.3191870450974
1.2754471302032
1.300975561142
1.3611382246017
1.3749593496323
1.320162653923
1.3842276334763
1.3978861570358
1.3492683172226
1.3608130216599
1.4235771894455
1.387967467308
1.3991869688034
1.3478049039841
1.3307317495346
1.3777235746384
1.4102438688278
1.4310568571091
1.4234145879745
1.3762601613998
1.3827642202377
1.4489431381226
1.3969105482101
1.3951219320297
1.4435772498449
1.3839024305344
1.4069918394089
1.4515447616577
1.3990243673325
1.3691056966782
1.3671544790268
1.4026015996933
1.3465040922165
1.4349593718847
1.4578861792882
1.3619512319565
1.3760975599289
1.4063414335251
1.344878077507
1.51544713974
1.369593501091
1.3995121717453
1.3313821554184
1.4009755849838
1.3691056966782
1.357235789299
1.3783739805222
1.3416260480881
1.4344715277354
1.3643902540207
1.3517073392868
1.3079674641291
1.3608130216599
1.3468292951584
1.3243902921677
1.2769105434418
1.3364228010178
1.3164228200912
1.3006503979365
1.3370732069016
1.2643902301788
1.2533333301544
1.3195121685664
1.2367479801178
1.1988617976507
1.2673170566559
1.2383739948273
1.2653658390045
1.2497560977936
1.2386991977692
1.251544713974
1.1944715579351
1.2434146404266
1.1569105386734
1.2170732021332
1.1749593019485
1.1991870005925
1.2092682917913
1.2121951580048
1.2143089771271
1.1934959491094
1.1544715166092
1.1541463136673
1.1814634005229
1.1382113695145
1.1695934534073
1.1000000238419
1.1313821077347
1.142764210701
1.1341463327408
1.1099187135696
1.1478048563004
1.1326829195023
1.1191869974136
1.0707317590714
1.0715447664261
1.0733333428701
1.0759350061417
1.1247154474258
1.0861788988113
1.0827642679214
1.0699187119802
1.012357711792
1.0619512399038
1.0239024162292
1.1039024591446
1.0695935487747
1.0265040397644
1.067479689916
.98422765731812
1.0009756088257
1.0273170471191
.98260164260864
1.0312194824219
1.041463414828
1.0609755913417
1.0455284118652
1.0708943605423
1.012195110321
1.03089427948
1.0317072868347
1.0489430824916
1.0256910324097
1.0341463088989
1.0572357177734
1.0341463088989
1.0196747779846
1.0268292427063
1.0260162353516
1.0193495750427
1.0547967751821
1.0282926559448
1.163902481397
.98910570144653
1.0580487648646
.98162603378296
1.0365853309631
1.0404877662659
1.1307317018509
.99756097793579
1.0331707000732
.99121952056885
1.0240650177002
1.0110569000244
1.052357673645
1.0026016235352
1.0248780250549
1.0492682854335
1.0326828956604
1.0045528411865
1.0297560691833
1.0203251838684
1.0287804603577
1.0198373794556
1.0295934677124
1.0334959030151
1.0331707000732
1.0295934677124
1.0557723045349
1.0230894088745
1.0203251838684
1.0876423120499
.9626016219457
.9824390411377
1.0186991691589
1.0422763824463
1.0572357575099
1.0099186897278
1.009105682373
1.0134959220886
1.0073170661926
1.0627642472585
.96146339178085
.98130083084106
1.0252032279968
1.0118699073792
.9972357749939
.99804878234863
1.03089427948
1.0131707191467
1.0198373794556
1.0639024178187
1.0252032279968
.99788618087769
.98032520214717
.97642278671265
1.0665040810903
1.0861788988113
.96357723077138
.96666665871938
1.0708943208059
1.0312194824219
1.0003252029419
1.0086178779602
.9598373969396
1.0199999809265
1.0347967147827
1.0304064750671
1.0105690956116
1.0500812927882
1.0269918441772
1.012357711792
.98894309997559
.98276424407959
1.0334959030151
1.0286178588867
1.0013008117676
1.0043902397156
1.0237398147583
1.0188617706299
1.0226016044617
1.0321950912476
.98634147644043
.96617885430654
1.0126829147339
.98780488967896
1.1359349489212
1.0271544456482
1.0186991691589
.99089431762695
1.0099186897278
1.0001626014709
1.1193495988846
1.0343089103699
.98439025878906
.95447152853012
1.0317072868347
.97642276684443
1.0284552574158
1.050569097201
1.0087804794312
1.0604877869288
1.027642250061
.98455286026001
1.0133333206177
1.0144715309143
1.0258536338806
1.0481300751368
1.0097560882568
1.0089430809021
.98975610733032
.96227639913559
.9821138381958
1.036910533905
.98504066467285
1.0580487648646
.9824390411377
.97300813595454
1.0604877869288
1.0726829767227
.99739837646484
1.0087804794312
1.0107316970825
.993821144104
1.0125203132629
1.0603251854579
1.074796795845
.96699188152949
.97089429696401
1.064227660497
.99788618087769
1.0300812721252
.996910572052
.94845527410507
.98373985290527
1.0149593353271
1.0284552574158
.97300813595454
1.0435771942139
.96504064400991
1.0302438735962
1.0354471206665
.99333333969116
.9653658469518
.96813007195791
1.0144715309143
1.0043902397156
.96780486901601
1.0128455162048
.94715446233749
.9910569190979
.99869918823242
1.0066666603088
1.0318698883057
.996910572052
.9653658469518
1.0199999809265
1.0115447044373
1.0188617706299
1.077886223793
1.0294308662415
.95414632558823
1.0050406455994
.99284553527832
.97853660583496
1.0330080986023
.96487804253896
.9972357749939
.98552844921748
1.0095934867859
.99577236175537
.9780487815539
1.0170731544495
1.0040650367737
1.0730081399282
.97170732418696
1.0476422309875
1.074959397316
1.0331707000732
1.0058536529541
.98650405804316
1.0084552764893
.98780488967896
.98617887496948
.98715448379517
.98536586761475
.94959350426992
.99528455734253
1.0136585235596
.93723577260971
1.0056910514832
.99869918823242
1.0019512176514
.93138211965561
1.0156097412109
.97691057125727
1.0292682647705
.97040651241938
1.0134959220886
.93284553289413
1.0027642250061
1.0001626014709
.98715448379517
.93593496084213
1.0230894088745
.97934959332148
1.0517073074977
1.0037398338318
.99333333969116
1.0021138191223
.9499186873436
1.0266666412354
1.0208129882812
.9595121939977
1.0299186706543
.98585367202759
1.027804851532
1.0027642250061
1.0250406265259
.99593496322632
1.0081300735474
.97674796978633
1.0118699073792
1.0178861618042
1.0585365692774
.96032520135244
1.0118699073792
1.081138253212
.99788618087769
.99186992645264
.95691055059433
.96211379766464
1.0204878250758
1.0318699280421
1.012195110321
.98601625363032
1.0674796501795
1.0229268074036
1.0390243927638
1.0097560882568
1.0635772148768
1.0465040206909
1.0172357559204
1.0105690956116
.95837396383286
1.0526829163233
1.0346341133118
1.0008130073547
.99252033233643
.96211381753286
1.0048780441284
1.0026016235352
.95056909322739
.93284553289413
.98097562789917
.99544715881348
1.0191869735718
.97544715801875
1.0596747795741
.98097562789917
1.0471544265747
.97008130947749
1.0261788765589
1.0383739471436
1.0151219367981
.97707317272822
.98894309997559
.99154472351074
.99479675292969
.93821140130361
1.0193495750427
.97739839553833
.99203252792358
1.0186991691589
1.0203251838684
1.0413007736206
.996910572052
1.0068292617798
.96894309918086
.96780488888423
.99300813674927
1.0157723426819
1.0172357559204
.97235773007075
.99495935440063
1.0089430809021
1.0517072677612
1.0037398338318
.97593496243159
.98260162274043
1.006178855896
.93382114171982
.99983739852905
1.0191869735718
1.0416259765625
1.0388617515564
.99739837646484
.99593496322632
1.0035772323608
1.0269918441772
1.021463394165
1.0217885971069
1.0442276000977
1.0133333206177
1.0294308662415
.96065040429433
.97853660583496
.98178863525391
.993821144104
1.0385365486145
.97284553448359
1.0069918632507
1.0391869544983
.97089431683222
1.0188617706299
.99008131027222
1.0165853500366
.98650407791138
1.0398373603821
1.015284538269
.9468292593956
.97788619995117
1.0186991691589
.97512195507685
1.0008130073547
1.0608129898707
1.0136585235596
.97349594036738
1.0130081176758
1.0052032470703
1.0349593162537
.99886178970337
1.0573983589808
1.0165853500366
.93691056966782
.96113818883896
1.0173983573914
.97788619995117
1.0079674720764
.98308942715327
1.1055284738541
1.0213007926941
1.0313820838928
1.0318698883057
.95772357781728
.95317073663076
1.0073170661926
.97170730431875
.97739837567012
.97186990578969
.98861789703369
.95186992486318
1.0240650177002
.99495935440063
1.0097560882568
1.0115447044373
1.0079674720764
1.0107316970825
1.018536567688
1.0112195014954
1.0416259765625
.97821140289307
1.0354471206665
.9691057006518
1.0604877869288
.98097560803095
1.0035772323608
1.0443902015686
1.0186991691589
.95138210058212
.97723577419917
1.0117073059082
1.0117073059082
.94764226675034
.98715446392695
1.0465040206909
.9824390411377
1.0487804810206
.99707317352295
.97707319259644
1.0330080986023
1.0047154426575
1.0359349250793
1.0253658294678
.96569106976191
1.0039024353027
1.0172357559204
1.0065040588379
.96487806240718
1.0204877853394
.98715446392695
.96471546093623
.99544715881348
.93869918584824
1.0009756088257
1.0406503677368
.98959350585937
.96975610653559
1.0193495750427
1.0465040206909
1.0347967147827
1.0373983383179
1.0549593369166
.99821138381958
1.0240650177002
.98682928085327
.97382116317749
.99040651321411
.96813007195791
.98406505584717
.94878047704697
.94699186086655
.99967479705811
.98081300656001
1.0255284309387
1.0034146308899
.94422763586044
.98357725143433
1.0004878044128
1.0006504058838
1.0035772323608
.96162601312002
1.0242276191711
1.0347967147827
.99121952056885
.98439025878906
.91642278432846
1.0042276382446
1.0087804794312
1.0144715309143
.97788619995117
1.037073135376
.94715446233749
1.0011382102966
.93252032995224
.98682928085327
.99560976028442
1.0011382102966
1.0156097412109
.99528455734253
1.024715423584
1.0268292427063
.97918701171875
1.0084552764893
1.0508943001429
.9780487815539
.96065040429433
1.0300812721252
1.0201625823975
1.0016260147095
1.0295934677124
1.03089427948
1.0160975456238
.94048780202866
1.0053658485413
.97349594036738
.97951221466064
1.0538210868835
1.0017886161804
.94601627190908
1.0665040810903
.94113820791245
.96439023812612
1.0204877853394
1.0099186897278
.97804880142212
1.027642250061
.94341462850571
1.0024390220642
.97024393081665
.98341463009516
1.0117073059082
1.0009756088257
1.0087804794312
1.003089427948
.94471544027328
.96081300576528
.97008130947749
1.0294308662415
.9666666785876
1.0281300544739
1.0445528030396
.97869920730591
1.0120325088501
.98146343231201
.94032520055771
1.0414633750916
.96113820870717
.96048778295517
.97837400436401
.98991870880127
1.0164227485657
1.0133333206177
.96682928005854
.9622764190038
.97999999920527
1.0195121765137
.98747968673706
1.0087804794312
.93951219320297
.98715448379517
.97447154919306
1.0159349441528
.97089429696401
.99300813674927
.98048782348633
1.0352845191956
.96065040429433
1.0024390220642
.91414634386698
.98195123672485
.95121951897939
.99788618087769
1.0065040588379
1.0565853516261
.95934959252675
.98292682568232
.96666665871938
.97121951977412
.94894307851791
.93723577260971
1.0204877853394
1.0160975456238
.96406503518422
1.0110569000244
.99479675292969
.99349594116211
.98178863525391
.95837398370107
.96780486901601
.98731708526611
.99902439117432
.98699188232422
.93349593877792
.98764228820801
1.0188617706299
.96975608666738
.93609756231308
.94292682409286
.99300813674927
.95105689764023
.98341464996338
.96617887417475
.94926830132802
.97967479626338
1.0063414573669
1.0450406074524
.97707317272822
.99967479705811
1.0081300735474
.94536584615707
.97739837567012
1.0069918632507
.99495935440063
.96243902047475
.95560975869497
.97967481613159
1.0065040588379
.94487804174423
.93219512701035
1.0013008117676
.98292682568232
.97284553448359
1.0531707207362
.93154472112656
.97235773007075
.98878049850464
1
.99073171615601
.90634147326152
.95593496163686
.99024391174316
.97365854183833
.98926830291748
.98081302642822
.95642274618149
1.0206503868103
.91983739535014
.96146341164907
.93837398290634
1.033983707428
.98439023892085
.97934959332148
1.0065040588379
.97821138302485
.96016258001328
1.021625995636
.93707317113876
.99902439117432
.96715446313222
.96780486901601
.99804878234863
.94926828145981
.88666665554047
.96845529476802
1.0156097412109
.92829269170761
.92910569906235
.98845529556274
.9793496131897
.92422765493393
.99642276763916
.96504064400991
.96650407711665
.99967479705811
.9721951285998
.95756097634633
.96195121606191
.98617887496948
1.0069918632507
.98552846908569
1.0512194633484
.95398372411728
.96747966607412
.89902438720067
.95691059033076
.94308942556381
.9821138381958
1.0134959220886
.96715446313222
.95382114251455
.97495935360591
1.0034146308899
.95837398370107
.8915447195371
.98845529556274
.95626016457876
1.0040650367737
.94292682409286
.96195121606191
.9554471373558
.99154472351074
.94861787557602
.9762601852417
1.0022764205933
.96861787637075
.9557723402977
.97382114330928
.96390243371328
.96699186166128
.99219510952632
.92861789464951
.96747966607412
.96260160207748
.99219512939453
.96146341164907
.95382114251455
.91268291076024
.94048780202866
.94195121526718
.94813007116318
.94829267263412
1.0141463279724
.94195121526718
.94308942556381
.94666665792465
1.0081300735474
.91934961080551
.93577235937119
.98617885510127
.93252032995224
.94910567998886
.96813009182612
.9821138381958
.93349593877792
.94682927926381
.98357725143433
1.0640650192897
1.0297560691833
.89804877837499
.94845527410507
.97219510873159
1.0456910133362
.93528455495834
.96552844842275
.96487804253896
.95723575353622
.98390245437622
1.0157723426819
.99821138381958
.97707317272822
1.0074796676636
.98634147644043
.95967479546865
1.0125203132629
.94536584615707
.92813009023666
.92666667699814
.96016259988149
.95934959252675
.92292684316635
.92341464757919
.9721951285998
.94292682409286
.93967479467392
.97804876168569
.9773983558019
.91382112105687
.93626016378403
.95886178811391
.93219512701035
.98146343231201
.89235770702362
.93447154760361
.95528455575307
.93658536672592
.95447152853012
1.0191869735718
.94520324468613
.97203250726064
.98292684555054
.93495935201645
.89479672908783
.9141463637352
.94292682409286
.96341462930044
.90634147326152
.96422761678696
.96813007195791
.91333333651225
.92910569906235
1.0087804794312
.92455285787582
.94520324468613
.98276422421137
.8754471540451
.95626014471054
.90065040191015
.9289430975914
.90699185927709
.89512193202972
.90276422103246
.869593501091
.86861789226532
.91024390856425
.9134959379832
.92471545934677
.91918698946635
.91056911150614
.96666665871938
.91544715563456
.90699185927709
.8785365819931
.91333333651225
.8847154378891
.96113820870717
.89707316954931
.90991870562236
.89479674895604
.93983739614487
.88422763347626
.88747968276342
.9647154211998
.89024390776952
.85918700695038
.91772357622782
.91284555196762
.95821136236191
.91918700933456
.84227641423543
.90471543868383
.87642276287079
.90634147326152
.92455285787582
.91382114092509
.81821137666702
.89707316954931
.89609754085541
.92471545934677
.88959348201752
.87365853786469
.85951220989227
.8414634068807
.84682925542196
.91056911150614
.91869920492172
.85853660106659
.87902438640594
.85642278194427
.86081302165985
.90373982985814
.86585366725922
.89642276366552
.88666665554047
.93333333730698
.80260161558787
.9227642416954
.90747968355815
.90178863207499
.89739835262299
.82796746492386
.8973983724912
.86016259590785
.89821137984594
.91837400197983
.80504065752029
.83902436494827
.82292681932449
.92260162035624
.87333333492279
.91219512621562
.82926829655965
.83869918187459
.82130082448324
.85902440547943
.85626018047333
.85479674736659
.80227643251419
.84634149074554
.86520326137543
.87219512462616
.81170731782913
.85203252236048
.87024390697479
.83284552892049
.86796746651332
.87463414669037
.82032519578934
.9091056783994
.8551219701767
.83479674657186
.89869916439056
.81626015901566
.81869918107986
0
0
0
0
0
0
0
0
0
0
0
0
0
0
0
0
0
0
0
0
0
0
0
0
0
0
0
0
0
0
0
0
0
0
0
0
0
0
0
0
0
0
0
0
0
0
0
0
0
0
0
0
0
0
0
0
0
0
0
0
0
0
0
0
0
0
0
0
0
0
0
0
0
0
0
0
0
0
0
0
0
0
0
0
0
0
0
0
0
0
0
0
0
0
0
0
0
0
0
0
0
0
0
0
0
0
0
0
0
0
0
0
0
0
0
0
0
0
0
0
0
0
0
0
0
0
0
0
0
0
0
0
0
0
0
0
0
0
0
0
0
0
0
0
0
0
0
0
0
0
0
0
0
0
0
0
0
0
0
0
0
0
0
0
0
0
0
0
0
0
0
0
0
0
0
0
0
0
0
0
0
0
0
0
0
0
0
0
0
0
0
0
0
0
0
0
0
0
0
0
0
0
0
0
0
0
0
0
0
0
0
0
0
0
0
0
0
0
0
0
0
0
0
0
0
0
0
0
0
0
0
0
0
0
0
0
0
0
0
0
0
0
0
0
0
0
0
0
0
0
0
0
0
0
0
0
0
0
0
0
0
0
0
0
0
0
0
0
0
0
0
0
0
0
0
0
0
0
0
0
0
0
0
0
0
0
0
0
0
0
0
0
0
0
0
0
0
0
0
0
0
0
0
0
0
0
0
0
0
0
0
0
0
0
0
0
0
0
0
0
0
0
0
0
0
0
0
0
0
0
0
0
0
0
0
0
0
0
0
0
0
0
0
0
0
0
0
0
0
0
0
0
0
0
0
0
0
0
0
0
0
0
0
0
0
0
0
0
0
0
0
0
0
0
0
0
0
0
0
0
0
0
0
0
0
0
0
0
0
0
0
0
0
0
0
0
0
0
0
0
0
0
0
0
0
0
0
0
0
0
0
0
0
0
0
0
0
0
0
0
0
0
0
0
0
0
0
0
0
0
0
0
0
0
0
0
0
0
0
0
0
0
0
0
0
0
0
0
0
0
0
0
0
0
0
0
0
0
0
0
0
0
0
0
0
0
0
0
0
0
0
0
0
0
0
0
0
0
0
0
0
0
0
0
0
0
0
0
0
0
0
0
0
0
0
0
0
0
0
0
0
0
0
0
0
0
0
0
0
0
0
0
0
0
0
0
0
0
0
0
0
0
0
0
0
0
0
0
0
0
0
0
0
0
0
0
0
0
0
0
0
0
0
0
0
0
0
0
0
0
0
0
0
0
0
0
0
0
0
0
0
0
0
0
0
0
0
0
0
0
0
0
0
0
0
0
0
0
0
0
0
0
0
0
0
0
0
0
0
0
0
0
0
0
0
0
0
0
0
0
0
0
0
0
0
0
0
0
0
0
0
0
0
0
0
0
0
0
0
0
0
0
0
0
0
0
0
0
0
0
0
0
0
0
0
0
0
0
0
0
0
0
0
0
0
0
0
0
0
0
0
0
0
0
0
0
0
0
0
0
0
0
0
0
0
0
0
0
0
0
0
0
0
0
0
0
0
0
0
0
0
0
0
0
0
0
0
0
0
0
0
0
0
0
0
0
0
0
0
0
0
0
0
0
0
0
0
0
0
0
0
0
0
0
0
0
0
0
0
0
0
0
0
0
0
0
0
0
0
0
0
0
0
0
0
0
0
0
0
0
0
0
0
0
0
0
0
0
0
0
0
0
0
0
0
0
0
0
0
0
0
0
0
0
0
0
0
0
0
0
0
0
0
0
0
0
0
0
0
0
0
0
0
0
0
0
0
0
0
0
0
0
0
0
0
0
0
0
0
0
0
0
0
0
0
0
0
0
0
0
0
0
0
0
0
0
0
0
0
0
0
0
0
0
0
0
0
0
0
0
0
0
0
0
0
0
0
0
0
0
0
0
0
0
0
0
0
0
0
0
0
0
0
0
0
0
0
0
0
0
0
0
0
0
0
0
0
0
0
0
0
0
0
0
0
0
0
0
0
0
0
0
0
0
0
0
0
0
0
0
0
0
0
0
0
0
0
0
0
0
0
0
0
0
0
0
0
0
0
0
0
0
0
0
0
0
0
0
0
0
0
0
0
0
0
0
0
0
0
0
0
0
0
0
0
0
0
0
0
0
0
0
0
0
0
0
0
0
0
0
0
0
0
0
0
0
0
0
0
0
0
0
0
0
0
0
0
0
0
0
0
0
0
0
0
0
0
0
0
0
0
0
0
0
0
0
0
0
0
0
0
0
0
0
0
0
0
0
0
0
0
0
0
0
0
0
0
0
0
0
0
0
0
0
0
0
0
0
0
0
0
0
0
0
0
0
0
0
0
0
0
0
0
0
0
0
0
0
0
0
0
0
0
0
0
0
0
0
0
0
0
0
0
0
0
0
0
0
0
0
0
0
0
0
0
0
0
0
0
0
0
0
0
0
0
0
0
0
0
0
0
0
0
0
0
0
0
0
0
0
0
0
0
0
0
0
0
0
0
0
0
0
0
0
0
0
0
0
0
0
0
0
0
0
0
0
0
0
0
0
0
0
0
0
0
0
0
0
0
0
0
0
0
0
0
0
0
0
0
0
0
0
0
0
0
0
0
0
0
0
0
0
0
0
0
0
0
0
0
0
0
0
0
0
0
0
0
0
0
0
0
0
0
0
0
0
0
0
0
0
0
0
0
0
0
0
0
0
0
0
0
0
0
0
0
0
0
0
0
0
0
0
0
0
0
0
0
0
0
0
0
0
0
0
0
0
0
0
0
0
0
0
0
0
0
0
0
0
0
0
0
0
0
0
0
0
0
0
0
0
0
0
0
0
0
0
0
0
0
0
0
0
0
0
0
0
0
0
0
0
0
0
0
0
0
0
0
0
0
0
0
0
0
0
0
0
0
0
0
0
0
0
0
0
0
0
0
0
0
0
0
0
0
0
0
0
0
0
0
0
0
0
0
0
0
0
0
0
0
0
0
0
0
0
0
0
0
0
0
0
0
0
0
0
0
0
0
0
0
0
0
0
0
0
0
0
0
0
0
0
0
0
0
0
0
0
0
0
0
0
0
0
0
0
0
0
0
0
0
0
0
0
0
0
0
0
0
0
0
0
0
0
0
0
0
0
0
0
0
0
0
0
0
0
0
0
0
0
0
0
0
0
0
0
0
0
0
0
0
0
0
0
0
0
0
0
0
0
0
0
0
0
0
0
0
0
0
0
0
0
0
0
0
0
0
0
0
0
0
0
0
0
0
0
0
0
0
0
0
0
0
0
0
0
0
0
0
0
0
0
0
0
0
0
0
0
0
0
0
0
0
0
0
0
0
0
0
0
0
0
0
0
0
0
0
0
0
0
0
0
0
0
0
0
0
0
0
0
0
0
0
0
0
0
0
0
0
0
0
0
0
0
0
0
0
0
0
0
0
0
0
0
0
0
0
0
0
0
0
0
0
0
0
0
0
0
0
0
0
0
0
0
0
0
0
0
0
0
0
0
0
0
0
0
0
0
0
0
0
0
0
0
0
0
0
0
0
0
0
0
0
0
0
0
0
0
0
0
0
0
0
0
0
0
0
0
0
0
0
0
0
0
0
0
0
0
0
0
0
0
0
0
0
0
0
0
0
0
0
0
0
0
0
0
0
0
0
0
0
0
0
0
0
0
0
0
0
0
0
0
0
0
0
0
0
0
0
0
0
0
0
0
0
0
0
0
0
0
0
0
0
0
0
0
0
0
0
0
