.81086599826813
.79724945624669
.80269608894984
.80473858118057
.78499456246694
.79806645711263
.80855121215185
.79724945624669
.80106210708618
.79983659585317
.79425382614136
.80160673459371
.8041938940684
.8101851940155
.81032135089238
.81427013874054
.79833879073461
.80936817328135
.80650871992111
.80909585952759
.80133442083995
.81290849049886
.80746187766393
.81631263097127
.80868736902873
.79956426223119
.79193900028865
.81045752763748
.80637256304423
.79888345797857
.79929194847743
.78472222884496
.79166666666667
.79125817616781
.8101851940155
.79221133391062
.79166666666667
.80446622769038
.79833877086639
.79861110448837
.79534314076106
.78867101669312
.78853485981623
.79915577173233
.79425380627314
.80419391393661
.80582787593206
.79275600115458
.79793028036753
.80637254317602
.79820261398951
.79833877086639
.80569171905518
.79071350892385
.79684094587962
.81004901727041
.79438996315002
.80324073632558
.79983659585317
.79507080713908
.80746185779572
.80664487679799
.80174291133881
.8032407561938
.81168299913406
.79901961485545
.81590414047241
.82189544041951
.80569173892339
.80065359671911
.8148148059845
.80024508635203
.80637254317602
.81535949309667
.8043300708135
.80800652503967
.80433005094528
.79030501842499
.80827887852987
.80405773719152
.79724945624669
.79820261398951
.80814270178477
.79711329936981
.79942810535431
.7949346502622
.78676472107569
.79888343811035
.80160675446192
.78404138485591
.79221133391062
.82244008779526
.79616012175878
.79942812522252
.79765794674555
.80582789580027
.79724943637848
.80038126309713
.81236384312312
.80705338716507
.80473856131236
.81971677144368
.80433005094528
.81018517414729
.81345317761103
.80487471818924
.8018790880839
.81522331635157
.8031045794487
.79806645711263
.80582789580027
.79738561312358
.80405773719152
.80732570091883
.80119826396306
.79684094587962
.80868736902873
.80106208721797
.80215142170588
.8114106853803
.80160675446192
.80078975359599
.80487473805745
.79779412349065
.80174293120702
.80460240443548
.80242375532786
.80623638629913
.81072984139125
.80487471818924
.80269608894984
.80895968278249
.80255991220474
.80528322855632
.8043300708135
.79833879073461
.81032135089238
.81740196545919
.80078975359599
.80296842257182
.80065357685089
.79861112435659
.81127452850342
.81249998013179
.79547929763794
.80841503540675
.81726578871409
.79438998301824
.80051741997401
.80160675446192
.79983659585317
.81004901727041
.81277233362198
.79493463039398
.7982025941213
.8137254913648
.81032133102417
.802015264829
.80078975359599
.81032135089238
.79738561312358
.80296842257182
.80392156044642
.7938453356425
.80351306994756
.80501089493434
.8054193854332
.79153048992157
.80610020955404
.78322440385818
.79343682527542
.80746185779572
.79234751065572
.80092593034108
.80269608894984
.79929194847743
.79942810535431
.80759805440903
.80065359671911
.79970043897629
.80501089493434
.79125817616781
.80664489666621
.80637254317602
.79833877086639
.81032135089239
.79234749078751
.79970043897629
.80759803454081
.80269608894984
.79820261398951
.80405773719152
.81454249223073
.79234749078751
.80364924669266
.80637254317602
.81086601813634
.79956426223119
.81072984139125
.79207517703374
.80787036816279
.81127452850342
.79466231664022
.79970043897629
.80133440097173
.7937091588974
.80283224582672
.81045752763748
.80038126309713
.80868736902873
.80746187766393
.80746187766393
.81658494472504
.80446622769038
.80433005094528
.80106208721797
.8032407561938
.80201524496078
.80283226569494
.81209150950114
.80664487679799
.79983659585317
.79724945624669
.80691721041997
.79411764939626
.80038126309713
.81045750776927
.8029684027036
.79207515716553
.8041938940684
.80746185779572
.79275598128637
.8054193854332
.79098582267761
.81059368451436
.80392158031464
.7982025941213
.79602398475011
.80800652503967
.79997275273005
.80487471818924
.80868734916051
.79806643724442
.80010892947515
.8029684027036
.79030501842499
.79343680540721
.80174291133881
.80528322855632
.79547929763794
.79724945624669
.79874726136525
.80092593034108
.80269606908162
.80364924669266
.80092591047287
.81168299913406
.79793028036753
.80705338716507
.80964052677155
.79861110448837
.80596405267715
.80705336729685
.78962417443593
.80228757858276
.80283222595851
.79942810535431
.8065087000529
.8101851940155
.80378540356954
.80038124322891
.80977668364843
.80024508635203
.80378540356954
.8052832086881
.79861110448837
.80882352590561
.79575163125992
.80678103367488
.79820261398951
.79398147265116
.80964050690333
.80433005094528
.80147057771683
.8101851940155
.80732570091883
.79970043897629
.82448256015778
.80501089493434
.81059368451436
.82393789291382
.81072984139125
.80977668364843
.81318082412084
.80160675446192
.80718954404195
.82216777404149
.80419391393661
.80991288026174
.81222766637802
.80569171905518
.81154684225718
.81209150950114
.80678105354309
.81290849049886
.82461873690287
.80650871992111
.80187906821569
.81808278958003
.8101851940155
.81427013874054
.8125
.81072984139125
.81522333621979
.82516340414683
.80895970265071
.80296842257182
.80991286039352
.81072986125946
.81045750776927
.8041938940684
.80637256304423
.80501087506612
.80964050690333
.79398147265116
.80051741997401
.80228757858276
.79343682527542
.79520696401596
.79983661572138
.80174293120702
.80010894934336
.8123638232549
.79942810535431
.8054193854332
.80487471818924
.80065359671911
.80705336729685
.80705338716507
.8031045794487
.79929192860921
.79643245538076
.80174293120702
.79697714249293
.80228757858276
.80841503540675
.80106208721797
.81495098272959
.81835512320201
.80106210708618
.80215142170588
.79765794674555
.79656861225764
.7938453356425
.80487473805745
.80283224582672
.79806643724442
.80228757858276
.80936819314957
.81072984139125
.80664487679799
.79656863212585
.80569171905518
.80841503540675
.8029684027036
.80991284052531
.80650871992111
.79942810535431
.80637254317602
.80106210708618
.79752177000046
.79153050978978
.80405773719152
.78921568393707
.79289213816325
.80501089493434
.79956428209941
.79656861225764
.80283224582672
.80051741997401
.80038126309713
.81195533275604
.80337691307068
.79752177000046
.80800654490789
.79466231664022
.80051743984222
.8029684027036
.79901961485545
.80759803454081
.80895970265071
.80228757858276
.79534312089284
.80283222595851
.79493463039398
.79398147265116
.80637254317602
.79793028036753
.79547929763794
.79684094587962
.80718954404195
.80024510622025
.80841503540675
.80405773719152
.80187906821569
.79942808548609
.80364924669266
.79711329936981
.80147059758504
.81236384312312
.80092591047287
.80119824409485
.80473856131236
.80038126309713
.80296842257182
.80405773719152
.80473856131236
.80310455958049
.80501089493434
.80010892947515
.80092591047287
.81100215514501
.79861112435659
.80269608894984
.81045752763748
.79793028036753
.80215142170588
.80868736902873
.79479845364889
.79765794674555
.79861108462016
.79643245538076
.80433005094528
.80582789580027
.78717321157455
.80528322855632
.80514707167943
.80773419141769
.80473856131236
.80473856131236
.79452613989512
.79656861225764
.81454247236252
.79520696401596
.79861110448837
.80623636643092
.79289215803146
.7924836675326
.80664487679799
.80038126309713
.80582789580027
.80255991220474
.8041938940684
.79030501842499
.80895970265071
.80895970265071
.81236384312312
.80487473805745
.79684094587962
.79057735204697
.79643245538076
.79697712262472
.79629629850388
.79833877086639
.79983659585317
.80092593034108
.80460238456726
.80528322855632
.80351308981578
.81154684225718
.81617647409439
.80705336729685
.80664487679799
.82162308692932
.81318082412084
.80964052677155
.81944445768992
.79888343811035
.81658498446147
.80827887852987
.79874726136525
.80923201640447
.81222766637802
.8065087000529
.79738563299179
.81876361370087
.80269606908162
.794662296772
.81195533275604
.80610022942225
.80827885866165
.81427017847697
.79970041910807
.81141066551208
.81113835175832
.8031045794487
.80228757858276
.80473856131236
.79847494761149
.80460238456726
.80405773719152
.79616012175878
.80242375532786
.80637254317602
.84953703482946
.87105119228363
.81345317761103
.8137254913648
.79629629850388
.80010892947515
.79534312089284
.81304466724396
.80501089493434
.8043300708135
.81113833189011
.81195533275604
.79779412349065
.80923201640447
.81876361370087
.80228757858276
.81617647409439
.80787036816279
.81318082412084
.81345317761103
.8041938940684
.81508713960648
.80718954404195
.80487471818924
.81427013874054
.80255991220474
.81236384312312
.81195535262426
.80419391393661
.80351306994756
.80841503540675
.81086599826813
.80678103367488
.8125
.79861110448837
.80351308981578
.81059368451436
.79588780800502
.80255991220474
.82230391105016
.79207517703374
.8031045794487
.81590414047241
.80487471818924
.8031045794487
.81127452850342
.802015264829
.81141066551208
.80487473805745
.79929194847743
.79942808548609
.80841503540675
.78989652792613
.79561547438304
.80528322855632
.79289215803146
.80215142170588
.81263615687688
.80174291133881
.79575163125992
.80882354577382
.8021514415741
.80623638629913
.81222768624624
.80514707167943
.81195533275604
.81604029734929
.82584422826767
.80841503540675
.80718954404195
.79833877086639
.81168301900228
.81631263097127
.80977668364843
.80637254317602
.80950435002645
.80364922682444
.79861110448837
.81113835175832
.81222768624624
.79765796661377
.80228757858276
.80950435002645
.80324073632558
.80174293120702
.79956426223119
.79888343811035
.79901959498723
.80623640616735
.79820263385773
.79180284341176
.80119826396306
.80228755871455
.80637254317602
.81290849049886
.78921568393707
.79888343811035
.80691721041997
.79847494761149
.80038126309713
.80950435002645
.79125815629959
.80446624755859
.8031045794487
.79112199942271
.80364922682444
.81835512320201
.79793028036753
.8031045794487
.81753812233607
.79956428209941
.81454249223073
.80759803454081
.80283224582672
.80691719055176
.7982025941213
.79888343811035
.79697712262472
.79711329936981
.79684096574783
.78907950719198
.80446622769038
.80814270178477
.80732570091883
.80201524496078
.80038124322891
.80337691307068
.80664489666621
.80637254317602
.80827885866165
.80514705181122
.79779412349065
.80555556217829
.79997277259827
.79316447178523
.80133444070816
.80255993207296
.79724945624669
.81168299913406
.80147057771683
.80746185779572
.80855121215185
.80147059758504
.8041938940684
.80160675446192
.79983661572138
.82502724726995
.80269606908162
.80024510622025
.80882352590561
.80637256304423
.8040577173233
.81263615687688
.8043300708135
.80773419141769
.82529958089193
.80855119228363
.81045750776927
.8184912999471
.80882352590561
.80759803454081
.8209422826767
.80882352590561
.81168301900228
.82802287737528
.80895970265071
.81045750776927
.8218954205513
.81045752763748
.81903594732285
.82992919286092
.80596405267715
.80705338716507
.81604029734929
.80269606908162
.81331698099772
.80596405267715
.80433005094528
.80705338716507
.81399780511856
.81549564997355
.81576796372732
.81617647409439
.80473856131236
.82257626454035
.81971677144368
.81930826107661
.79983661572138
.82107843955358
.8148148059845
.81685731808345
.81454249223073
.80228757858276
.80337691307068
.81971677144369
.79820261398951
.80637254317602
.82325708866119
.8007897734642
.80923203627268
.80637256304423
.81794661283493
.81604029734929
.8195806145668
.82393793265025
.80800652503967
.81195533275604
.82012526194255
.81794661283493
.80283224582672
.822984735171
.81236384312312
.81685727834702
.81781045595805
.81576798359553
.82843136787415
.8242102265358
.80705336729685
.80718954404195
.82393791278203
.8148148059845
.81304466724396
.81331700086594
.80215140183767
.80773421128591
.81072984139125
.82679738601049
.81522331635157
.81876363356908
.80868736902873
.80787036816279
.82434640328089
.81059368451436
.8184912999471
.82012528181076
.81045750776927
.81753812233607
.81399780511856
.81372547149658
.81549564997355
.82652507225672
.81658496459325
.81345315774282
.80977668364843
.81495098272959
.80473856131236
.81876361370087
.80732568105062
.81086601813634
.81290851036708
.80950435002645
.81304466724396
.80991284052531
.80160675446192
.80078975359599
.80637254317602
.79724945624669
.80746187766393
.83061003684998
.80664487679799
.81072984139125
.81413398186366
.82911219199498
.80868736902873
.82284857829412
.82584422826767
.81644880771637
.82638887564341
.81876361370087
.81849128007889
.81508713960648
.8228485584259
.81549564997355
.81522329648336
.81794663270315
.80528324842453
.80773419141769
.82107845942179
.81549563010534
.81644880771637
.82529956102371
.81290849049886
.81781045595805
.80950435002645
.80473856131236
.80405773719152
.82012528181076
.80950436989466
.81835510333379
.82380175590515
.81318080425262
.81658496459325
.81835512320201
.81004903713862
.80841501553853
.82162308692932
.81495098272959
.82380175590515
.81767427921295
.81481482585271
.82448258002599
.81985294818878
.82039759556452
.8174019853274
.83864378929138
.82693354288737
.82897605498632
.83687363068263
.82965685923894
.82965687910716
.83156317472458
.82407406965892
.83660131692886
.84123092889786
.84313726425171
.83469498157501
.84272875388463
.84858387708664
.85457515716553
.86274508635203
.86369826396306
.87241286039352
.88779958089193
.89528866608938
.89991829792658
.90413943926493
.91516886154811
.91394335031509
.92470043897629
.94716775417328
.93395970265071
.9376361767451
.95778866608938
.94839324553808
.96623092889786
.98066447178523
.97617101669312
.98760892947515
1.0027233163516
.99428105354309
1.0012254714966
1.0196078618368
1.0291394392649
1.0322712262472
1.0498365958532
1.050245086352
1.0586873690287
1.0738017161687
1.0693082809448
1.073529402415
1.0842864910762
1.0772058566411
1.0917755762736
1.1013072331746
1.0900054375331
1.0988562107086
1.1085239648819
1.1077070236206
1.1139705578486
1.1232298612595
1.1063452959061
1.1100217898687
1.1277233362198
1.1149237553279
1.1199618577957
1.125
1.1171024243037
1.1147875785828
1.1135621070862
1.1157407363256
1.1113834381104
1.1149237155914
1.1151960690816
1.1072984536489
1.1239106655121
1.1107025941213
1.1107025941213
1.1143790880839
1.1053921381632
1.1096132993698
1.1094771226247
1.1011710166931
1.1120642820994
1.1109749078751
1.1146514018377
1.1089324951172
1.1077069441477
1.1113834381104
1.0996732314428
1.118600209554
1.1038943131765
1.1021241744359
1.1003540356954
1.0953158934911
1.1033496856689
1.1000816822052
1.0999455054601
1.0951797564824
1.0983115434647
1.0915032625198
1.078295191129
1.0823801755905
1.0902777910233
1.0811547040939
1.0853758255641
1.0812908411026
1.0791122118632
1.0838780005773
1.0859204530716
1.0638616482417
1.067674279213
1.0708061059316
1.0487472613653
1.0541938940684
1.0630446275075
1.0518790880839
1.0540577570597
1.0522876183192
1.0458877881368
1.0336328744888
1.0426198244095
1.0230119625727
1.0242375135422
1.0242374738057
1.0098039309184
1.001225511233
1.0036764542262
.98638345797857
.98393245538076
.98488561312358
.98066449165344
.9656862616539
.95806099971135
.94961873690287
.94648693005244
.94975489377975
.93695533275604
.93341503540675
.93436817328135
.92565359671911
.9221132795016
.92415575186412
.91734751065572
.91407952706019
.92034314076106
.90400328238805
.90223310391108
.90019063154856
.90005447467168
.89923747380575
.89202070236206
.90087147553762
.8834422826767
.87636164824168
.88494008779526
.87826798359553
.87949345509211
.90441177288691
.86478755871455
.87118736902873
.87922114133835
.85920480887095
.8737745086352
.86860020955404
.85702613989512
.86192810535431
.85757080713908
.86070261398951
.86165577173233
.86860022942225
.85403050978978
.85552831490835
.86642156044642
.86519606908162
.85920478900274
.86941723028819
.840822438399
.8488561908404
.8560729821523
.8479030529658
.85103485981623
.85035403569539
.84940087795258
.84068628152212
.85035401582718
.84313724438349
.86220043897629
.84844772020976
.83891612291336
.83101850748062
.85294117530187
.84123094876607
.83932463328044
.83564815918605
.83061001698176
.83251635233561
.84449891249339
.83537582556407
.83415031433105
.85688996315002
.83483115832011
.83782678842545
.84191177288691
.84340959787369
.8325163324674
.84395424524943
.84123094876607
.83442264795303
.84204792976379
.84531589349111
.83455882469813
.82938454548518
.83660129706065
.81821896632512
.82434642314911
.84109477202098
.83891610304515
.82924836874008
.83346949021022
.82693354288737
.84409040212631
.88439544041951
.82775054375331
.83061001698176
.82992919286092
.83741829792658
.83714596430461
.83455882469813
.82965685923894
.82284857829412
.83469500144323
.82012526194255
.82679738601049
.830337703228
.81767429908117
.83101852734884
.83278866608938
.82053377230962
.83006536960602
.83442264795303
.8208061059316
.82856754461924
.82666122913361
.82121459643046
.83523964881897
.83374184370041
.81998910506566
.82012526194255
.82570807139079
.81862745682398
.81440633535385
.81903594732285
.81535947322845
.80923201640447
.82638889551163
.80718954404195
.81604031721751
.82216775417328
.81672114133835
.81495098272959
.81781045595805
.81563180685043
.81808278958003
.82815903425217
.82352942228317
.80950436989466
.81018517414729
.81604029734929
.81086603800456
.82162308692932
.82162310679754
.81699345509211
.82638889551163
.8278867204984
.82026143868764
.81889977057775
.83074617385864
.81290851036708
.80610020955404
.82012528181076
.80596407254537
.8208061059316
.81958059469859
.8041938940684
.81127452850342
.81808278958003
.81563180685043
.81876361370087
.83319715658824
.81604031721751
.81658496459325
.81794661283493
.81290849049886
.81726580858231
.82053377230962
.81154684225718
.80868736902873
.80991284052531
.80242375532786
.80746187766393
.80936817328135
.80351305007935
.81318082412084
.82244006792704
.80705338716507
.81263615687688
.81590414047241
.80324073632558
.81617645422618
.82611656188965
.80473858118057
.81467864910762
.81644880771637
.81113835175832
.80936819314957
.81113833189011
.80065357685089
.80787036816279
.80582789580027
.79861112435659
.80174293120702
.80787034829458
.79847496747971
.79724945624669
.80460238456726
.80201524496078
.8101851940155
.81535949309667
.81072986125946
.80460240443548
.80855121215185
.81195533275604
.80814270178477
.80868734916051
.80787036816279
.79765794674555
.80637256304423
.81086599826813
.79983659585317
.7960239648819
.80936819314957
.79820261398951
.80119826396306
.81086599826813
.80337691307068
.80732570091883
.80746187766393
.79575163125992
.80283224582672
.80637254317602
.80909585952759
.8114106853803
.80964050690333
.80610020955404
.80759803454081
.81495096286138
.80569171905518
.81100217501322
.81753812233607
.80923201640447
.81250001986821
.81236384312312
.81086601813634
.8148148059845
.81631265083949
.80610020955404
.82121459643046
.81481482585271
.79901961485545
.80514705181122
.8112745086352
.80528322855632
.81440631548564
.81740196545919
.81604031721751
.80773419141769
.81835512320201
.81712963183721
.81590414047241
.81032135089239
.81209150950114
.8115468621254
.81086601813634
.81209148963292
.81617647409439
.81576796372732
.80392158031464
.81767427921295
.80841503540675
.81440631548564
.81113835175832
.81767429908117
.82012528181076
.81018517414729
.81018517414729
.8184912999471
.80473854144414
.81794663270315
.82407406965892
.802015264829
.81563182671865
.81590414047241
.80691721041997
.8101851940155
.81304466724396
.80092593034109
.80473856131236
.81576798359553
.80732570091883
.80460238456726
.82652503252029
.80909585952759
.8112745086352
.8112745086352
.80160675446192
.80977668364843
.81386164824168
.80133442083995
.80446622769038
.80460240443548
.79820261398951
.8041938940684
.81399782498678
.80446622769038
.80160673459371
.81386164824168
.8112745086352
.80010892947515
.81631263097127
.80283222595851
.80269606908162
.80909585952759
.79793028036753
.79983659585317
.80895970265071
.79616012175878
.7947984735171
.80378540356954
.80569169918696
.80215140183767
.80650871992111
.81004901727041
.79983659585317
.81277233362198
.80977668364843
.81631263097127
.80569171905518
.7935729821523
.79398149251938
.80024510622025
.81644878784815
.80433005094528
.80950435002645
.81454247236252
.80718952417374
.81563180685043
.81726580858231
.80446622769038
.80841503540675
.8112745086352
.79779412349065
.8134531378746
.81889977057775
.80827885866165
.80147057771683
.80950435002645
.79970043897629
.80174293120702
.79901959498723
.79425380627314
.80038126309713
.79629629850388
.79711329936981
.80269606908162
.80501089493434
.79180282354355
.79847492774328
.80909585952759
.79942810535431
.80201524496078
.80977668364843
.80201524496078
.80460238456726
.80718954404195
.80473856131236
.80991284052531
.80814270178477
.80078975359599
.80378538370132
.80610020955404
.79833877086639
.80827887852987
.80514705181122
.80337689320246
.80473858118057
.81399782498678
.80174291133881
.80446624755859
.80759803454081
.80473856131236
.80501087506612
.81209150950114
.79261982440948
.80419387420018
.81399782498678
.8031045794487
.80623638629913
.80950435002645
.79915577173233
.79643245538076
.79779412349065
.81712963183721
.79547929763794
.80746187766393
.81481482585271
.80473856131236
.80310455958048
.81181915601095
.80324073632558
.81672112147013
.80964052677155
.79684096574783
.8018790880839
.80718952417374
.79343682527542
.79221133391062
.802015264829
.79861110448837
.80392156044642
.80718954404195
.81726578871409
.81209150950114
.81345315774282
.79602394501368
.79466231664022
.80596405267715
.80296842257182
.80664487679799
.81549563010534
.7947984735171
.79793026049932
.80637256304423
.79261982440948
.80487473805745
.79956426223119
.79616014162699
.80024508635203
.81045750776927
.79411766926448
.78976033131282
.80977668364843
.78894335031509
.79929194847743
.79520696401596
.78690087795258
.79275598128637
.78907952706019
.79234749078751
.78322440385818
.7938453356425
.78104575475057
.7971132795016
.79561547438304
.78485836585363
.78118191162745
.78608387708664
.78349671761195
.78131808837255
.78839870293935
.77192264795303
.77369280656179
.77627994616826
.77042484283447
.76688454548518
.77151415745417
.7747821410497
.7617102265358
.80242375532786
.8137254913648
.80991286039352
.80351306994756
.80582787593206
.79956426223119
.80351306994756
.80787036816279
.80473856131236
.80147057771683
.81631265083949
.80610020955404
.79929194847743
.81767429908117
.80215142170588
.80460240443548
.81127452850342
.80392156044642
.80855119228363
.80923203627268
.80351306994756
.80623638629913
.8549836675326
.8018790880839
.78921566406886
.80787036816279
.802015264829
.79956426223119
.79820263385773
.80038124322891
.80841503540675
.80732570091883
.80174293120702
.80228757858276
.81072984139125
.80160675446192
.79697714249293
.80950435002645
.79166666666667
.79765794674555
.80337691307068
.79820261398951
.8018790880839
.80501091480255
.80024508635203
.80051743984222
.80092593034109
.80024510622025
.79874728123347
.80732572078705
.79888343811035
.79956428209941
.80814270178477
.80092593034108
.79820261398951
.79779410362244
.80759803454081
.79861112435659
.80392156044642
.80705336729685
.80078975359599
.8031045794487
.81549564997355
.8065087000529
.80759805440903
.80868734916051
.80147057771683
.81535947322845
.81304466724396
.80228757858276
.80909585952759
.8007897734642
.79057733217875
.80351306994756
.79874728123347
.78907952706019
.79534314076106
.82121459643046
.80841503540675
.80827885866165
.81576796372732
.80038126309713
.80242375532786
.80705336729685
.80487471818924
.8054193854332
.80759803454081
.80705338716507
.80364922682444
.8114106853803
.80147059758504
.80895970265071
.81821894645691
.79166666666667
.80923203627268
.80909585952759
.80664487679799
.7960239648819
.81808278958003
.8018790880839
.80787038803101
.80923203627268
.79956428209941
.79670478900274
.79888345797857
.80201524496078
.79302833477656
.79901961485545
.79534314076106
.80174291133881
.80555556217829
.79942810535431
.8031045794487
.80364924669266
.7924836675326
.83714598417282
.7935729821523
.8125
.80623640616735
.79956426223119
.81195533275604
.8018790880839
.80964052677155
.81318084398905
.79153048992157
.80446622769038
.80746187766393
.8018790880839
.80269606908162
.80623638629913
.80065357685089
.79861110448837
.80855119228363
.80269608894984
.79861110448837
.81072984139125
.79316449165344
.80610020955404
.80800654490789
.79153048992157
.80460238456726
.80855117241542
.79765796661377
.80242375532786
.80596405267715
.79207517703374
.79793028036753
.80051743984222
.79861112435659
.79833877086639
.79833877086639
.80337691307068
.79221131404241
.80759803454081
.79207515716553
.78717321157455
.80160675446192
.79942810535431
.79547929763794
.79983661572138
.80419391393661
.79738561312358
.81277231375376
.79370913902919
.80269606908162
.80378540356954
.79806645711263
.80119826396306
.80623636643092
.78921566406886
.80283226569494
.83401415745417
.80433005094528
.80187906821569
.81086601813634
.80187906821569
.80419391393661
.80528322855632
.79724943637848
.80392156044642
.81318082412084
.81045752763748
.79534314076106
.79915577173233
.81059366464615
.80596403280894
.80596405267715
.81100217501322
.80446622769038
.82516340414683
.83673747380575
.8031045794487
.81699347496033
.80759803454081
.80337691307068
.80446622769038
.81454247236252
.79915577173233
.81195533275604
.80528322855632
.80378538370132
.80242375532786
.81522331635157
.80269608894984
.80800654490789
.82257624467214
.80555556217829
.81059368451436
.81386166810989
.80623638629913
.80909585952759
.81209150950114
.80433005094528
.80160673459371
.80964052677155
.80378540356954
.80283222595851
.80269608894984
.80078973372777
.81181917587916
.81154684225718
.80855119228363
.8054193854332
.80868736902873
.80242375532786
.79806645711263
.81535947322845
.79575163125992
.81113833189011
.81072984139125
.79888345797857
.8029684027036
.81290851036708
.80637254317602
.80773419141769
.81195533275604
.80106208721797
.82325708866119
.81481482585271
.80487471818924
.80147059758504
.81631265083949
.80664489666621
.79425380627314
.80405773719152
.81072986125946
.80269606908162
.79956428209941
.80841503540675
.80950435002645
.80460238456726
.81522331635157
.80501087506612
.80678103367488
.80664485692978
.80351308981578
.80732572078705
.80882354577382
.80555554231008
.80078975359599
.80446622769038
.81154684225718
.8029684027036
.80964052677155
.80718954404195
.80623638629913
.80623636643092
.80242373545965
.80473854144414
.81399780511856
.79929192860921
.79983659585317
.81181917587916
.80201524496078
.80147059758504
.80269606908162
.81889979044596
.80392156044642
.80446622769038
.80378540356954
.79411762952805
.80650871992111
.79942812522252
.80337689320246
.81604031721751
.79534314076106
.80977668364843
.80623638629913
.80895968278249
.80691721041997
.81522331635157
.79970041910807
.80119826396306
.79970043897629
.79588780800501
.80610020955404
.81917210419973
.80092593034108
.80514707167943
.80746189753215
.81821896632512
.81345315774282
.81100217501322
.80977670351664
.83374182383219
.80405773719152
.81086601813634
.79752177000046
.79956426223119
.81072984139125
.79398147265116
.7971132795016
.81508715947469
.79411764939626
.80895970265071
.81032135089238
.8031045794487
.80038128296534
.81440631548564
.7924836675326
.80882352590561
.81045752763748
.80895970265071
.80133442083995
.81440631548564
.80650871992111
.78376907110214
.82257626454035
.79547931750615
.80473856131236
.80827885866165
.81154684225718
.80092591047287
.81495098272959
.80991286039352
.80718952417374
.802015264829
.80351306994756
.80092593034108
.80977668364843
.81331698099772
.80691721041997
.80691721041997
.82734205325445
.80991286039352
.81808278958003
.80337691307068
.80051741997401
.81345315774282
.80378542343775
.80787036816279
.80650871992111
.80827885866165
.80501087506612
.79888345797857
.79616014162699
.8065087000529
.81427017847697
.80923201640447
.80555554231008
.80078975359599
.80909585952759
.81059368451436
.79547929763794
.8112745086352
.80174291133881
.80964052677155
.81767427921295
.79779410362244
.81195533275604
.80841503540675
.79901959498723
.8029684027036
.81535947322845
.80895970265071
.80242375532786
.80678103367488
.79983661572138
.8125
.80773421128591
.80419391393661
.80501089493434
.81086599826813
.81086601813634
.79697712262472
.8101851940155
.80596405267715
.81004903713862
.80460240443548
.80024510622025
.80010894934336
.80038126309713
.79670476913452
.81386166810989
.8125
.80936819314957
.80187906821569
.81113835175832
.80147059758504
.81440631548564
.81590414047241
.79711329936981
.79765794674555
.80569171905518
.79643245538076
.80092593034108
.8148148059845
.80596403280894
.80827887852987
.81849128007889
.80460240443548
.80228757858276
.80977668364843
.81154684225718
.80909585952759
.80964052677155
.80855121215185
.8125
.80160673459371
.80759805440903
.80283224582672
.81644880771637
.81917212406794
.81508715947469
.81876361370087
.82366557916005
.80010892947515
.81018517414729
.82203157742818
.81004901727041
.80528322855632
.80895968278249
.81141066551208
.80909585952759
.81726580858231
.80841503540675
.81685729821523
.81440631548564
.80855121215185
.81903594732285
.81386166810989
.79820261398951
.8114106853803
.81154684225718
.79765792687734
.80732572078705
.82094226280848
.79289215803146
.81181917587916
.8114106853803
.80787036816279
.80228757858276
.81113833189011
.80759803454081
.81072984139125
.81467866897583
.81004901727041
.79670478900274
.81495098272959
.79752178986867
.79616012175878
.80746187766393
.7960239648819
.79629629850388
.8032407561938
.79221131404241
.78976035118103
.80133440097173
.79629629850388
.80337691307068
.80732570091883
.79343680540721
.80255991220474
.81045750776927
.7958877881368
.80351305007935
.81495098272959
.79670478900274
.79697712262472
.80623638629913
.80010892947515
.80460238456726
.81753812233607
.8289760351181
.81086599826813
.80174291133881
.81467864910762
.79656861225764
.80582789580027
.81004899740219
.80501089493434
.79153050978978
.81045750776927
.79343680540721
.8065087000529
.80310455958048
.7960239648819
.80773419141769
.80337691307068
.80147059758504
.81045752763748
.80678103367488
.80610022942225
.80242373545965
.81154684225718
.79847492774328
.80405773719152
.8052832086881
.79071348905563
.80746185779572
.81781043608983
.79656861225764
.8123638232549
.80610022942225
.79643245538076
.79684096574783
.80936819314957
.79425380627314
.81358933448792
.80147059758504
.79752178986867
.79547929763794
.80841503540675
.79261982440948
.79874728123347
.80582787593206
.79302831490835
.79983659585317
.80473856131236
.79779410362244
.80269606908162
.79901961485545
.80038126309713
.80078975359599
.80337689320246
.77805010477702
.79997277259827
.79343682527542
.79384531577428
.80119824409485
.79847494761149
.79302831490835
.8040577173233
.80923201640447
.80895968278249
.80038126309713
.8054193854332
.80419391393661
.79234751065572
.80160675446192
.81113833189011
.79752178986867
.80528322855632
.81072986125946
.8031045794487
.79983659585317
.8103213707606
.79997277259827
.79724945624669
.79697712262472
.79616012175878
.7958877881368
.80691721041997
.79561547438304
.79411764939626
.80324073632558
.80187906821569
.79534314076106
.81086599826813
.81113835175832
.79098582267761
.80215142170588
.79330064853032
.79874728123347
.80283224582672
.80378540356954
.81195533275604
.80787036816279
.80106208721797
.79956426223119
.81059368451436
.79016884167989
.80800654490789
.80841503540675
.80174291133881
.79629629850388
.80541940530141
.79656863212585
.80324073632558
.80351308981578
.79779410362244
.8031045794487
.81032135089239
.8031045794487
.81413400173187
.80678105354309
.7935729821523
.81113835175832
.81508713960648
.7971132795016
.79861108462016
.80936821301778
.78894337018331
.80269608894984
.80065361658732
.80814270178477
.79833879073461
.7947984735171
.80460238456726
.79180282354355
.79765794674555
.80487471818924
.78867101669312
.79030499855677
.80201524496078
.78159042199453
.79016884167989
.79588780800502
.78608385721842
.78240742286046
.77995642026265
.7760076324145
.77968408664068
.78867101669312
.77913943926493
.77873094876607
.7947984735171
.78458605209986
.7852668762207
.79956428209941
.76593136787415
.77151415745417
.78172657887141
.77096951007843
.77015248934428
.77450980742772
.76633987824122
.75694443782171
.76633987824122
.74822984139125
.76348038514455
.7593954205513
.74904682238897
.74509803454081
.75694443782171
.73924291133881
.73529410362244
.72834968566895
.7241285443306
.72358387708664
.72426470120748
.70955882469813
.70016340414683
.71350761254628
.69512528181076
.68532135089238
.69253812233607
.67851305007935
.67238563299179
.67047929763794
.65590957800547
.64651415745417
.63848040501277
.62636164824168
.62363835175832
.60117101669312
.5802015264829
.6499183177948
0
0
0
0
0
0
0
0
0
0
0
0
0
0
0
0
0
0
0
0
0
0
0
0
0
0
0
0
0
0
0
0
0
0
0
0
0
0
0
0
0
0
0
0
0
0
0
0
0
0
0
0
0
0
0
0
0
0
0
0
0
0
0
0
0
0
0
0
0
0
0
0
0
0
0
0
0
0
0
0
0
0
0
0
0
0
0
0
0
0
0
0
0
0
0
0
0
0
0
0
0
0
0
0
0
0
0
0
0
0
0
0
0
0
0
0
0
0
0
0
0
0
0
0
0
0
0
0
0
0
0
0
0
0
0
0
0
0
0
0
0
0
0
0
0
0
0
0
0
0
0
0
0
0
0
0
0
0
0
0
0
0
0
0
0
0
0
0
0
0
0
0
0
0
0
0
0
0
0
0
0
0
0
0
0
0
0
0
0
0
0
0
0
0
0
0
0
0
0
0
0
0
0
0
0
0
0
0
0
0
0
0
0
0
0
0
0
0
0
0
0
0
0
0
0
0
0
0
0
0
0
0
0
0
0
0
0
0
0
0
0
0
0
0
0
0
0
0
0
0
0
0
0
0
0
0
0
0
0
0
0
0
0
0
0
0
0
0
0
0
0
0
0
0
0
0
0
0
0
0
0
0
0
0
0
0
0
0
0
0
0
0
0
0
0
0
0
0
0
0
0
0
0
0
0
0
0
0
0
0
0
0
0
0
0
0
0
0
0
0
0
0
0
0
0
0
0
0
0
0
0
0
0
0
0
0
0
0
0
0
0
0
0
0
0
0
0
0
0
0
0
0
0
0
0
0
0
0
0
0
0
0
0
0
0
0
0
0
0
0
0
0
0
0
0
0
0
0
0
0
0
0
0
0
0
0
0
0
0
0
0
0
0
0
0
0
0
0
0
0
0
0
0
0
0
0
0
0
0
0
0
0
0
0
0
0
0
0
0
0
0
0
0
0
0
0
0
0
0
0
0
0
0
0
0
0
0
0
0
0
0
0
0
0
0
0
0
0
0
0
0
0
0
0
0
0
0
0
0
0
0
0
0
0
0
0
0
0
0
0
0
0
0
0
0
0
0
0
0
0
0
0
0
0
0
0
0
0
0
0
0
0
0
0
0
0
0
0
0
0
0
0
0
0
0
0
0
0
0
0
0
0
0
0
0
0
0
0
0
0
0
0
0
0
0
0
0
0
0
0
0
0
0
0
0
0
0
0
0
0
0
0
0
0
0
0
0
0
0
0
0
0
0
0
0
0
0
0
0
0
0
0
0
0
0
0
0
0
0
0
0
0
0
0
0
0
0
0
0
0
0
0
0
0
0
0
0
0
0
0
0
0
0
0
0
0
0
0
0
0
0
0
0
0
0
0
0
0
0
0
0
0
0
0
0
0
0
0
0
0
0
0
0
0
0
0
0
0
0
0
0
0
0
0
0
0
0
0
0
0
0
0
0
0
0
0
0
0
0
0
0
0
0
0
0
0
0
0
0
0
0
0
0
0
0
0
0
0
0
0
0
0
0
0
0
0
0
0
0
0
0
0
0
0
0
0
0
0
0
0
0
0
0
0
0
0
0
0
0
0
0
0
0
0
0
0
0
0
0
0
0
0
0
0
0
0
0
0
0
0
0
0
0
0
0
0
0
0
0
0
0
0
0
0
0
0
0
0
0
0
0
0
0
0
0
0
0
0
0
0
0
0
0
0
0
0
0
0
0
0
0
0
0
0
0
0
0
0
0
0
0
0
0
0
0
0
0
0
0
0
0
0
0
0
0
0
0
0
0
0
0
0
0
0
0
0
0
0
0
0
0
0
0
0
0
0
0
0
0
0
0
0
0
0
0
0
0
0
0
0
0
0
0
0
0
0
0
0
0
0
0
0
0
0
0
0
0
0
0
0
0
0
0
0
0
0
0
0
0
0
0
0
0
0
0
0
0
0
0
0
0
0
0
0
0
0
0
0
0
0
0
0
0
0
0
0
0
0
0
0
0
0
0
0
0
0
0
0
0
0
0
0
0
0
0
0
0
0
0
0
0
0
0
0
0
0
0
0
0
0
0
0
0
0
0
0
0
0
0
0
0
0
0
0
0
0
0
0
0
0
0
0
0
0
0
0
0
0
0
0
0
0
0
0
0
0
0
0
0
0
0
0
0
0
0
0
0
0
0
0
0
0
0
0
0
0
0
0
0
0
0
0
0
0
0
0
0
0
0
0
0
0
0
0
0
0
0
0
0
0
0
0
0
0
0
0
0
0
0
0
0
0
0
0
0
0
0
0
0
0
0
0
0
0
0
0
0
0
0
0
0
0
0
0
0
0
0
0
0
0
0
0
0
0
0
0
0
0
0
0
0
0
0
0
0
0
0
0
0
0
0
0
0
0
0
0
0
0
0
0
0
0
0
0
0
0
0
0
0
0
0
0
0
0
0
0
0
0
0
0
0
0
0
0
0
0
0
0
0
0
0
0
0
0
0
0
0
0
0
0
0
0
0
0
0
0
0
0
0
0
0
0
0
0
0
0
0
0
0
0
0
0
0
0
0
0
0
0
0
0
0
0
0
0
0
0
0
0
0
0
0
0
0
0
0
0
0
0
0
0
0
0
0
0
0
0
0
0
0
0
0
0
0
0
0
0
0
0
0
0
0
0
0
0
0
0
0
0
0
0
0
0
0
0
0
0
0
0
0
0
0
0
0
0
0
0
0
0
0
0
0
0
0
0
0
0
0
0
0
0
0
0
0
0
0
0
0
0
0
0
0
0
0
0
0
0
0
0
0
0
0
0
0
0
0
0
0
0
0
0
0
0
0
0
0
0
0
0
0
0
0
0
0
0
0
0
0
0
0
0
0
0
0
0
0
0
0
0
0
0
0
0
0
0
0
0
0
0
0
0
0
0
0
0
0
0
0
0
0
0
0
0
0
0
0
0
0
0
0
0
0
0
0
0
0
0
0
0
0
0
0
0
0
0
0
0
0
0
0
0
0
0
0
0
0
0
0
0
0
0
0
0
0
0
0
0
0
0
0
0
0
0
0
0
0
0
0
0
0
0
0
0
0
0
0
0
0
0
0
0
0
0
0
0
0
0
0
0
0
0
0
0
0
0
0
0
0
0
0
0
0
0
0
0
0
0
0
0
0
0
0
0
0
0
0
0
0
0
0
0
0
0
0
0
0
0
0
0
0
0
0
0
0
0
0
0
0
0
0
0
0
0
0
0
0
0
0
0
0
0
0
0
0
0
0
0
0
0
0
0
0
0
0
0
0
0
0
0
0
0
0
0
0
0
0
0
0
0
0
0
0
0
0
0
0
0
0
0
0
0
0
0
0
0
0
0
0
0
0
0
0
0
0
0
0
0
0
0
0
0
0
0
0
0
0
0
0
0
0
0
0
0
0
0
0
0
0
0
0
0
0
0
0
0
0
0
0
0
0
0
0
0
0
0
0
0
0
0
0
0
0
0
0
0
0
0
0
0
0
0
0
0
0
0
0
0
0
0
0
0
0
0
0
0
0
0
0
0
0
0
0
0
0
0
0
0
0
0
0
0
0
0
0
0
0
0
0
0
0
0
0
0
0
0
0
0
0
0
0
0
0
0
0
0
0
0
0
0
0
0
0
0
0
0
0
0
0
0
0
0
0
0
0
0
0
0
0
0
0
0
0
0
0
0
0
0
0
0
0
0
0
0
0
0
0
0
0
0
0
0
0
0
0
0
0
0
0
0
0
0
0
0
0
0
0
0
0
0
0
0
0
0
0
0
0
0
0
0
0
0
0
0
0
0
0
0
0
0
0
0
0
0
0
0
0
0
0
0
0
0
0
0
0
0
0
0
0
0
0
0
0
0
0
0
0
0
0
0
0
0
0
0
0
0
0
0
0
0
0
0
0
0
0
0
0
0
0
0
0
0
0
0
0
0
0
0
0
0
0
0
0
0
0
0
0
0
0
0
0
0
0
0
0
0
0
0
0
0
0
0
0
0
0
0
0
0
0
0
0
0
0
0
0
0
0
0
0
0
0
0
0
0
0
0
0
0
0
0
0
0
0
0
0
0
0
0
0
0
0
0
0
0
0
0
0
0
0
0
0
0
0
0
0
0
0
0
0
0
0
0
0
0
0
0
0
0
0
0
0
0
0
0
0
0
0
0
0
0
0
0
0
0
0
0
0
0
0
0
0
0
0
0
0
0
0
0
0
0
0
0
0
0
0
0
0
0
0
0
0
0
0
0
0
0
0
0
0
0
0
0
0
0
0
0
0
0
0
0
0
0
0
0
0
0
0
0
0
0
0
0
0
0
0
0
0
0
0
0
0
0
0
0
0
0
0
0
0
0
0
0
0
0
0
0
0
0
0
0
0
0
0
0
0
0
0
0
0
0
0
0
0
0
0
0
0
0
0
0
0
0
0
0
0
0
0
0
0
0
0
0
0
0
0
0
0
0
0
0
0
0
0
0
0
0
0
0
0
0
0
0
0
0
0
0
0
0
0
0
0
0
0
0
0
0
0
0
0
0
0
0
0
0
0
0
0
0
0
0
0
0
0
0
0
0
0
0
0
0
0
0
0
0
0
0
0
0
0
0
0
0
0
0
0
0
0
0
0
0
0
0
0
0
0
0
0
0
