.81018517414729
.81236384312312
.80569171905518
.80650871992111
.8009259502093
.81930828094482
.80787036816279
.80038128296534
.80324073632558
.80909585952759
.79861110448837
.81440633535385
.81045750776927
.80909585952759
.80773419141769
.80950435002645
.79466231664022
.80977666378021
.80841501553853
.8054193854332
.80718954404195
.8101851940155
.80895970265071
.80732570091883
.82012528181076
.81113835175832
.80637254317602
.81304464737574
.80446622769038
.80242375532786
.80473856131236
.80977668364843
.8054193854332
.80405775705973
.81358933448792
.80718954404195
.80650871992111
.81535947322845
.8031045794487
.80119826396306
.8101851940155
.79793028036753
.80596405267715
.80746187766393
.80555556217829
.80051741997401
.80718954404195
.79547929763794
.80446624755859
.80324073632558
.79806643724442
.80147059758504
.81195535262426
.79275598128637
.79779410362244
.81386164824168
.80242375532786
.8029684027036
.81236384312312
.80351305007935
.80528322855632
.80827887852987
.79942808548609
.80228757858276
.80855119228363
.80160675446192
.80405773719152
.88820805152257
.81535945336024
.80746187766393
.80977668364843
.80242373545965
.80460238456726
.80718952417374
.79234749078751
.8101851940155
.80909585952759
.80514707167943
.81045750776927
.8148148059845
.80787036816279
.79616012175878
.80732570091883
.79738563299179
.8043300708135
.81386164824168
.80950436989466
.81004901727041
.81998910506566
.8041938940684
.81767427921295
.82965687910716
.84953703482946
.81209150950114
.80800652503967
.81209148963292
.81045752763748
.81195533275604
.81631263097127
.79452613989512
.8054193854332
.80705336729685
.79629629850388
.79670478900274
.80691721041997
.79765796661377
.80392158031464
.80800654490789
.79629629850388
.80610022942225
.81726578871409
.80106208721797
.81032135089238
.80596403280894
.8054193854332
.79030499855677
.80255991220474
.80201524496078
.81413400173187
.80419391393661
.80310455958048
.80664489666621
.81263615687688
.80405773719152
.80977670351664
.81045750776927
.80487471818924
.80909585952759
.81563182671865
.80718956391017
.80936819314957
.80691721041997
.81290849049886
.79997277259827
.80637254317602
.80378540356954
.80909585952759
.82407406965892
.80841501553853
.8112745086352
.81930826107661
.80092591047287
.8029684027036
.80841503540675
.79970043897629
.80065359671911
.80855121215185
.79847494761149
.81100217501322
.81209150950114
.79507080713908
.80678105354309
.80487471818924
.80228757858276
.79343682527542
.79970041910807
.81454249223073
.79997277259827
.8031045794487
.80759803454081
.80460240443548
.81263615687688
.81440629561742
.80010892947515
.80119824409485
.80923201640447
.81086601813634
.80691721041997
.80038126309713
.79915577173233
.80528322855632
.80569171905518
.81195535262426
.8125
.81113835175832
.80528322855632
.80460238456726
.80637254317602
.79384531577428
.80160673459371
.80637254317602
.79234749078751
.79765796661377
.81113833189011
.80160673459371
.80555556217829
.80473858118057
.80024508635203
.80691721041997
.81059366464615
.79438998301824
.80514707167943
.80215142170588
.80228755871455
.79629629850388
.81141066551208
.80078975359599
.80092593034108
.80215142170588
.79534314076106
.80814270178477
.81032135089239
.79915577173233
.80759803454081
.80460238456726
.80038126309713
.79738561312358
.80487471818924
.8054193854332
.79724947611491
.80936819314957
.8031045794487
.80691723028819
.81222768624624
.80392156044642
.79929194847743
.80800652503967
.80732572078705
.80528322855632
.80787036816279
.80582787593206
.80473854144414
.80024508635203
.8031045794487
.79575163125992
.79684096574783
.81263615687688
.79915577173233
.80664487679799
.8135893146197
.79547929763794
.80664487679799
.81372547149658
.80746185779572
.81141066551208
.79874728123347
.80691721041997
.80678105354309
.81576796372732
.80242373545965
.80255991220474
.81508715947469
.79588780800501
.80827887852987
.81821894645691
.79861110448837
.80024508635203
.81100215514501
.80460240443548
.8123638232549
.81004903713862
.8043300708135
.80773419141769
.8126361767451
.8029684027036
.79656861225764
.81889977057775
.80718954404195
.82271242141724
.80610022942225
.80351308981578
.80705338716507
.81032135089238
.79684096574783
.80759803454081
.81522331635157
.80487471818924
.80106208721797
.80977668364843
.79806643724442
.81685729821523
.80473856131236
.79970043897629
.80405773719152
.81726580858231
.80255991220474
.80038128296534
.81413398186366
.81086603800456
.80936819314957
.81168299913406
.81059368451436
.81154684225718
.80364924669266
.81372551123301
.81386164824168
.8043300708135
.8231209119161
.80855119228363
.80773419141769
.80773421128591
.80269606908162
.80378538370132
.81549563010534
.80868734916051
.80555556217829
.80473854144414
.80174293120702
.79901961485545
.81617645422618
.79343682527542
.79139433304469
.81032133102417
.8031045794487
.80392156044642
.80964052677155
.80392156044642
.79847494761149
.81168299913406
.79888343811035
.80174291133881
.8112745086352
.80460238456726
.81209150950114
.8112745086352
.80718954404195
.80024510622025
.81508713960648
.80800652503967
.80324073632558
.81699345509211
.79820263385773
.80718954404195
.80732570091883
.79779412349065
.80460238456726
.80678105354309
.79997277259827
.80773421128591
.80514707167943
.80637254317602
.80201524496078
.80718954404195
.80664487679799
.80787036816279
.8146786292394
.79901961485545
.80514707167943
.80868734916051
.81413398186366
.80269608894984
.80610020955404
.8125
.79942810535431
.79942810535431
.81209150950114
.79493463039398
.80759803454081
.81290851036708
.79724945624669
.81658498446147
.80936819314957
.79616014162699
.81985292832057
.80582789580027
.81318082412084
.81386164824168
.81113835175832
.80759803454081
.80991284052531
.81209150950114
.79833879073461
.80133442083995
.80882354577382
.79221133391062
.80337691307068
.81168299913406
.80487471818924
.80868734916051
.80555556217829
.8029684027036
.8029684027036
.80337691307068
.8029684027036
.80174293120702
.81086601813634
.8029684027036
.8029684027036
.80487473805745
.79071348905563
.79874728123347
.80787036816279
.79289213816325
.80065359671911
.79507080713908
.7935729821523
.80133442083995
.80582787593206
.7866285443306
.80228757858276
.80664487679799
.80664487679799
.79997277259827
.81209150950114
.79425380627314
.80446622769038
.81236384312312
.80501089493434
.80487471818924
.8125
.81318080425262
.80405773719152
.81045752763748
.81835510333379
.79507080713908
.79752177000046
.81685729821523
.80378540356954
.80746185779572
.81658496459325
.80283226569494
.79384531577428
.80460240443548
.80147059758504
.80528322855632
.81086601813634
.80473856131236
.79752178986867
.80596405267715
.80364922682444
.80024508635203
.80596405267715
.80923201640447
.81168299913406
.80010894934336
.80351306994756
.802015264829
.8065087000529
.80814270178477
.80610022942225
.81086601813634
.79929194847743
.80242375532786
.80215142170588
.79398147265116
.80691723028819
.81644878784815
.79752177000046
.80065359671911
.81072984139125
.79302833477656
.79942810535431
.79520698388418
.80746187766393
.79793028036753
.80814270178477
.79942810535431
.80623638629913
.81427013874054
.79888343811035
.80664489666621
.81059368451436
.80473856131236
.80746185779572
.81821896632512
.80664487679799
.80759803454081
.82094226280848
.80759803454081
.80841501553853
.8125
.80215142170588
.80841505527496
.8112745086352
.80841501553853
.81072986125946
.80868734916051
.81045750776927
.7947984735171
.80147059758504
.80351306994756
.80759805440903
.80174293120702
.79793028036753
.79044117530187
.79656863212585
.80800652503967
.80092591047287
.79561547438304
.81100217501322
.80024508635203
.79452613989512
.81563180685043
.81181915601095
.81440629561742
.80596403280894
.7937091588974
.80569171905518
.80678105354309
.80759803454081
.79997277259827
.81685729821523
.80296842257182
.8041938940684
.81576798359553
.81413398186366
.8065087000529
.80691721041997
.81113835175832
.81181917587916
.81181917587916
.80678103367488
.81876363356908
.8135893146197
.80051743984222
.80746187766393
.80691721041997
.80364924669266
.8125
.8148148059845
.80201524496078
.81086601813634
.81617647409439
.8041938940684
.81045750776927
.82393791278203
.80800652503967
.81113835175832
.81985292832057
.81168299913406
.8112745086352
.81072986125946
.81821894645691
.81290849049886
.81072984139125
.81658496459325
.80868736902873
.81222764650981
.81985294818878
.80487471818924
.80936817328135
.81903596719106
.80868736902873
.81467864910762
.82924836874008
.81712961196899
.8123638232549
.82135077317556
.80895968278249
.80501089493434
.81508713960648
.79861110448837
.81032135089239
.81427015860875
.80895970265071
.80950436989466
.81168299913406
.81032135089238
.81781047582626
.81535947322845
.80487473805745
.81672112147013
.81508715947469
.81331700086594
.80364922682444
.8126361767451
.8054193854332
.80800654490789
.81998910506566
.80800652503967
.80882352590561
.80923203627268
.79956428209941
.80991286039352
.8197167913119
.80868734916051
.81467866897583
.81222768624624
.80950435002645
.80787036816279
.81508713960648
.80909585952759
.81318082412084
.81712963183721
.80855119228363
.80446624755859
.81876359383265
.80269606908162
.81495098272959
.80882352590561
.80378540356954
.80964050690333
.80977670351664
.81331700086594
.80555556217829
.80814272165298
.81563180685043
.80514705181122
.80814270178477
.80923203627268
.80378540356954
.81032135089238
.80718954404195
.80991284052531
.81849128007889
.81372551123301
.79983659585317
.81195533275604
.81304466724396
.81767431894938
.80596405267715
.8112745086352
.80555554231008
.80977670351664
.80950436989466
.80065357685089
.80255989233653
.80855119228363
.80501089493434
.80378540356954
.80882352590561
.79929194847743
.80351306994756
.81304466724396
.81004901727041
.8112745086352
.82475489377975
.80718954404195
.81481482585271
.82407406965892
.80977670351664
.80977670351664
.80923201640447
.80078975359599
.80977668364843
.81086599826813
.80569171905518
.81113835175832
.81467866897583
.80678103367488
.80637254317602
.81018517414729
.80650871992111
.80814270178477
.81086601813634
.79561547438304
.80841503540675
.81195535262426
.80337691307068
.8112745086352
.81672112147013
.81413400173187
.80678103367488
.81849128007889
.81808278958003
.81290851036708
.82039761543274
.81672114133835
.81631263097127
.80242375532786
.82516340414683
.8206699291865
.81726578871409
.82693354288737
.8126361767451
.82775054375331
.82911219199498
.82516342401505
.81699345509211
.8218954205513
.80637254317602
.81481482585271
.81454247236252
.81154684225718
.81304464737574
.81889979044596
.81113833189011
.82352942228317
.83319717645645
.8041938940684
.81658494472504
.8209422826767
.8206699291865
.8252995411555
.82325708866119
.80555556217829
.80446622769038
.81195533275604
.81699345509211
.80827885866165
.8137254913648
.80691721041997
.81059366464615
.81290849049886
.80446624755859
.81876361370087
.81331700086594
.80569171905518
.81004901727041
.81318084398905
.79793030023575
.8018790880839
.81304466724396
.79656863212585
.81059370438258
.80827887852987
.81331700086594
.80078975359599
.8041938940684
.79983661572138
.80773419141769
.82094226280848
.80855119228363
.81985294818878
.82094226280848
.82121459643046
.81345315774282
.81794663270315
.82312089204788
.81467864910762
.81644878784815
.82625273863475
.81481482585271
.82271242141724
.82434640328089
.83428649107615
.82135075330734
.82557189464569
.8184912999471
.82475489377975
.8312908411026
.8101851940155
.81209148963292
.83183552821477
.81413398186366
.82107841968536
.82162310679754
.81209150950114
.81712965170542
.83714596430461
.84368191162745
.88289761543274
.8231209119161
.82407408952713
.82121459643046
.83210786183675
.8218954205513
.83210782210032
.83238017559052
.82230391105016
.83387800057729
.82965685923894
.82706971963247
.83156317472458
.83932461341222
.82039759556452
.8206699291865
.83006536960602
.83796294530233
.83238017559052
.84232026338577
.82598038514455
.82366557916005
.84068628152211
.83823529879252
.82843138774236
.84123094876607
.83592049280802
.85879629850388
.84694989522298
.86410673459371
.84654138485591
.85539213816325
.85171568393707
.85511982440948
.85471133391062
.87064270178477
.85988561312358
.87363833189011
.87854029734929
.87200436989466
.86751089493434
.875
.87105121215185
.88575706879298
.87472766637802
.87636166810989
.87772331635157
.87595317761103
.87935729821523
.89065903425217
.87799564997355
.8831699291865
.88970587650935
.89488017559052
.89515250921249
.89596951007843
.90400326251984
.90223310391108
.89855664968491
.89855664968491
.88997821013133
.89542484283447
.91775600115458
.89610566695531
.90264161427816
.90373094876607
.90373092889786
.91448801755905
.91857300202052
.90767973661423
.91666666666667
.91843682527542
.91898149251938
.92470043897629
.92851306994756
.91843684514364
.90781591335932
.93246187766393
.9163943529129
.92170478900274
.93368736902873
.92401959498723
.93613833189011
.95098038514455
.93150871992111
.94008713960648
.94117647409439
.93259803454081
.9362745086352
.94934640328089
.92878540356954
.94308278958003
.94648693005244
.94104029734929
.94199345509211
.94185731808345
.95833333333333
.9409041206042
.95915033419927
.96064815918605
.94825706879298
.94498910506566
.95969500144323
.94008715947469
.94008715947469
.94621459643046
.94539761543274
.94866557916005
.94989107052485
.93790851036708
.94771242141724
.95819715658824
.94635075330734
.9468954205513
.94430830081304
.95016340414683
.95179738601049
.95193354288737
.94172114133835
.93327885866165
.95057189464569
.93409585952759
.94349128007889
.94839324553808
.94185729821523
.93886164824168
.94662310679754
.94498910506566
.94989107052485
.9539760351181
.94662308692932
.95492919286092
.94498910506566
.93436817328135
.94212963183721
.93613833189011
.9351851940155
.93069171905518
.94635075330734
.94172114133835
.95098038514455
.95356754461924
.93858933448792
.94934640328089
.9456699291865
.94035947322845
.9281045794487
.96241829792658
.93954247236252
.94362745682398
.94308278958003
.93586601813634
.93069171905518
.94389979044596
.94362743695577
.93355119228363
.93423203627268
.9468954205513
.93110020955404
.93995098272959
.94880175590515
.93055556217829
.94975489377975
.94049563010534
.93627452850342
.93082787593206
.9550653497378
.94444445768992
.94349128007889
.93695533275604
.93477668364843
.94049564997355
.94526143868764
.93722766637802
.95166122913361
.95738017559052
.94471677144369
.95193356275558
.94553377230962
.93641066551208
.94308276971181
.94635075330734
.9291938940684
.94212963183721
.93831698099772
.9315087000529
.93886164824168
.93232570091883
.93341503540675
.92851306994756
.93763615687688
.92715142170588
.93967864910762
.9459422826767
.93232572078705
.93450435002645
.94117645422618
.92320261398951
.92565359671911
.93178105354309
.93123638629913
.92415575186412
.93178105354309
.9304193854332
.93123636643092
.93450436989466
.91680282354355
.92769606908162
.92401959498723
.92007082700729
.9257897734642
.92892158031464
.92224945624669
.92034314076106
.93164487679799
.91013071934382
.92061547438304
.92020696401596
.92551743984222
.92715142170588
.92143247524897
.91544117530187
.91203703482946
.92429194847743
.92061547438304
.91421568393707
.92211329936981
.93028322855632
.91108387708664
.91448801755905
.92470041910807
.91503268480301
.90767973661423
.91081154346466
.90577342112859
.90645424524943
.903322438399
.90277777115504
.90849671761195
.91135621070862
.90454792976379
.91353485981623
.91339870293935
.90400328238805
.90318628152211
.90209692716599
.89528868595759
.892837703228
.90305010477702
.89855664968491
.90767973661423
.90781591335932
.8914760351181
.89392699797948
.8939270178477
.89474399884542
.9010076324145
.8939270178477
.88480393091838
.87854029734929
.88385077317556
.88494008779526
.89025054375331
.89311001698176
.87227668364843
.87772329648336
.88698256015778
.87254901727041
.88044663270315
.87962961196899
.86764707167943
.87227670351664
.87173201640447
.86832787593206
.8656045794487
.87935729821523
.86955338716507
.86451524496078
.86369824409485
.87200436989466
.86301741997401
.87200435002645
.87881263097127
.85416666666667
.8583877881368
.86996187766393
.85294117530187
.86478759845098
.86614924669266
.85294117530187
.85947712262472
.86587691307068
.84776689608892
.85716231664022
.85661764939626
.84872003396352
.86369826396306
.86492375532786
.85702613989512
.8560729821523
.85879627863566
.84994552532832
.8397331237793
.85484751065572
.83646514018377
.85906861225764
.85103483994802
.84422657887141
.84776689608892
.83850761254629
.84490740299225
.83660131692886
.85144335031509
.83728212118149
.84109479188919
.84940087795258
.83346949021022
.83510349194209
.84844772020976
.83564815918605
.87282135089238
.84980936845144
.85185186068217
.83932463328044
.84218410650889
.83646514018377
.83687363068263
.84504357973735
.840822438399
.84027779102325
.83428651094437
.82448256015778
.82638889551163
.84082245826721
.82625271876653
.8314270178477
.83224401871363
.83877994616826
.84041394790014
.84504355986913
.84586056073507
.83101852734884
.8395969470342
.84027777115504
.83387800057729
.83891612291336
.84245642026265
.84232026338577
.83333333333333
.84368191162745
.82461873690287
.83877996603648
.84735838572184
.82775054375331
.84381808837255
.84722222884496
.82652507225672
.83455884456635
.84790303309759
.83442264795303
.83387798070908
.83796296517054
.82883987824122
.83782678842545
.84000545740128
.81644880771637
.81535949309667
.82461873690287
.81644880771637
.82979301611582
.83632898330688
.82148693005244
.8289760351181
.84409042199453
.82257626454035
.83537582556407
.83741829792658
.82175926367442
.830337703228
.8374183177948
.81590414047241
.82856754461924
.82039761543274
.8206699291865
.82216775417328
.82706971963247
.82693354288737
.8242102265358
.82952068249385
.83210784196854
.81944443782171
.82570807139079
.81658496459325
.82216775417328
.83496731519699
.82148693005244
.82053377230962
.84041396776835
.82652503252029
.82393791278203
.82570805152257
.83333333333333
.81658496459325
.81740196545919
.82543573776881
.82339324553808
.81753812233607
.83278866608938
.81563180685043
.8206699291865
.82421024640401
.81712963183721
.8137254913648
.82012528181076
.81413398186366
.81631265083949
.83238017559052
.81985294818878
.82570805152257
.83033768335978
.81808278958003
.82598040501277
.83646512031555
.82666120926539
.82802287737528
.8218954205513
.82257624467214
.82135075330734
.82529956102371
.8101851940155
.81971677144368
.8325163324674
.82053377230962
.82135075330734
.82815903425217
.82720587650935
.82053375244141
.82434640328089
.8208061059316
.82162310679754
.82666122913361
.81277233362198
.81563180685043
.81427015860875
.80705336729685
.81903596719106
.83891612291336
.85321350892385
.82679738601049
.84177559614182
.81113835175832
.8208061059316
.82652505238851
.81086601813634
.8195806145668
.82039761543274
.80718954404195
.81290849049886
.82175926367442
.81427013874054
.81958059469859
.82135075330734
.82380175590515
.80841501553853
.81222768624624
.82829521099726
.81549564997355
.81481482585271
.82516340414683
.81808278958003
.82135075330734
.82026143868764
.81467864910762
.81712961196899
.82502722740173
.80623638629913
.82529956102371
.82529956102371
.80746185779572
.80923203627268
.81059366464615
.80378540356954
.81998910506566
.81835512320201
.80092593034109
.81141066551208
.81100217501322
.80623638629913
.81113833189011
.81631263097127
.80678105354309
.81304466724396
.81903594732285
.81631263097127
.81699347496033
.81849128007889
.81563180685043
.80895970265071
.81821894645691
.80119826396306
.81454249223073
.81998910506566
.8018790880839
.81958063443502
.82393791278203
.80841503540675
.8208061059316
.81862745682398
.81794663270315
.8137254913648
.81876363356908
.81794661283493
.81045750776927
.82230393091838
.81985294818878
.82148693005244
.81794661283493
.80841501553853
.82230393091838
.82448258002599
.80814268191655
.81604031721751
.81535947322845
.82298475503922
.81113835175832
.8148148059845
.8208061059316
.80460240443548
.81318082412084
.81617647409439
.8052832086881
.80051741997401
.81331700086594
.80950436989466
.81685729821523
.81998910506566
.81277233362198
.80664489666621
.81549563010534
.80364924669266
.80092593034108
.82053377230962
.80841501553853
.81699345509211
.81181917587916
.8115468621254
.8114106853803
.81549564997355
.79670478900274
.8054193854332
.8125
.80405773719152
.80514705181122
.80868734916051
.80487473805745
.80092593034108
.81086601813634
.80201524496078
.80718954404195
.81100217501322
.8018790880839
.80664489666621
.82053377230962
.81113835175832
.80936817328135
.81604029734929
.81699345509211
.80555554231008
.81304466724396
.80283224582672
.80596403280894
.81168299913406
.79915577173233
.81045752763748
.80746187766393
.80446624755859
.80814268191655
.81740194559097
.81672112147013
.80895970265071
.81427015860875
.80746187766393
.79929192860921
.80133442083995
.81930828094482
.80569171905518
.81699345509211
.81821894645691
.80269608894984
.79942810535431
.81998912493388
.81672112147013
.81113835175832
.82434640328089
.79820261398951
.79874728123347
.80855119228363
.79234749078751
.80991284052531
.81181915601095
.8043300708135
.80555556217829
.81930828094482
.80514705181122
.81236384312312
.81985292832057
.80473856131236
.80337691307068
.8137254913648
.79452613989512
.79738561312358
.81318082412084
.79180282354355
.80283224582672
.81495098272959
.79888343811035
.80732572078705
.81427015860875
.80800654490789
.79534316062927
.82148693005244
.81100217501322
.79942810535431
.80582789580027
.80038126309713
.80787036816279
.82175926367442
.81481482585271
.80051743984222
.8220315972964
.80759803454081
.8148148059845
.81794661283493
.80800654490789
.80650871992111
.80855121215185
.8043300708135
.80909585952759
.82175926367442
.81045752763748
.80705338716507
.80637254317602
.79915577173233
.846677561601
.80460240443548
.80746187766393
.80378538370132
.80732570091883
.80174293120702
.80283224582672
.80106210708618
.80841503540675
.79670476913452
.79289213816325
.80378540356954
.79275598128637
.80610022942225
.81440631548564
.80460240443548
.80405773719152
.81658496459325
.79942810535431
.79970041910807
.8218954205513
.80746187766393
.80119826396306
.81535947322845
.80841503540675
.8114106853803
.81821896632512
.81508715947469
.81427015860875
.81113833189011
.81753812233607
.81004901727041
.8146786292394
.79779410362244
.80283224582672
.81808278958003
.80827887852987
.82244008779526
.81277233362198
.79983659585317
.80596403280894
.79806643724442
.80255991220474
.79847492774328
.81209150950114
.80473858118057
.85157952706019
.81862745682398
.79629631837209
.8065087000529
.81604031721751
.80460240443548
.80787036816279
.79901959498723
.80501087506612
.80446620782216
.81195535262426
.80623638629913
.80119826396306
.81059368451436
.81072986125946
.80814270178477
.80160675446192
.81222768624624
.80364922682444
.80732570091883
.81753812233607
.81290851036708
.81141066551208
.81644880771637
.8148148059845
.80528322855632
.81236384312312
.80378540356954
.80555554231008
.81345315774282
.80964052677155
.80501089493434
.80242375532786
.80841503540675
.80215142170588
.81672112147013
.80024508635203
.80610020955404
.81181917587916
.80010892947515
.80746185779572
.80868736902873
.78976033131282
.80051741997401
.80582787593206
.8054193854332
.80610022942225
.81427015860875
.80160675446192
.81127448876699
.81467866897583
.80610020955404
.80433005094528
.80827887852987
.79901959498723
.81413398186366
.80855121215185
.80160675446192
.80364922682444
.81576796372732
.8031045794487
.80446622769038
.81672114133835
.80623638629913
.80732570091883
.81835512320201
.80623638629913
.80827887852987
.80269606908162
.80351308981578
.79970041910807
.80678105354309
.79125817616781
.80024510622025
.80405773719152
.79793028036753
.80419391393661
.80882352590561
.80460238456726
.79520696401596
.8065087000529
.81318084398905
.80759805440903
.80623636643092
.81086601813634
.79833879073461
.80691721041997
.80773419141769
.79929192860921
.79915575186412
.81985292832057
.79684096574783
.80010892947515
.8101851940155
.79561547438304
.79656863212585
.8146786292394
.79602398475011
.80364924669266
.8101851940155
.79221133391062
.79901961485545
.80582787593206
.80364924669266
.80528322855632
.80868736902873
.79874726136525
.79425382614136
.80038128296534
.79793028036753
.79752178986867
.79970043897629
.79901959498723
.79507080713908
.80392156044642
.79343682527542
.79738561312358
.80446622769038
.79139433304469
.8031045794487
.81467864910762
.81399782498678
.80991286039352
.81236384312312
.81209148963292
.80746187766393
.81876359383265
.80814268191655
.81249998013178
.81508713960648
.80364924669266
.80514705181122
.81454249223073
.80501089493434
.80746187766393
.81522329648336
.79057733217875
.81481482585271
.80787038803101
.80569173892339
.80024508635203
.80991284052531
.81331700086594
.81386164824168
.8065087000529
.81195533275604
.80337691307068
.80827885866165
.82135077317556
.81100217501322
.80610020955404
.8101851940155
.8065087000529
.81658496459325
.81672112147013
.80555554231008
.80514707167943
.82121459643046
.80637254317602
.81263615687688
.80868734916051
.80283224582672
.8090958793958
.80732570091883
.81454249223073
.82039759556452
.81141066551208
.8043300708135
.80487473805745
.81522331635157
.80746187766393
.81004903713862
.81032135089239
.79956426223119
.80855121215185
.81549563010534
.81181919574738
.83333335320155
.81753812233607
.80705338716507
.80664487679799
.82584420839945
.80201524496078
.81195533275604
.80936819314957
.80392158031464
.80759803454081
.81767429908117
.82393791278203
.81617647409439
.81522331635157
.81277233362198
.81032135089238
.80065361658732
.79806645711263
.81590414047241
.8125
.8041938940684
.79929194847743
.80936819314957
.80868736902873
.80010892947515
.80405773719152
.81399782498678
.79724947611491
.80106210708618
.81930826107661
.81100219488144
.80215142170588
.80514707167943
.80255993207296
.81304464737574
.81876361370087
.79711329936981
.80501091480255
.81535947322845
.80637254317602
.80324073632558
.81004901727041
.79833877086639
.79452613989512
.80078975359599
.80228757858276
.7957516113917
.79888343811035
.80909585952759
.79793028036753
.80337691307068
.80610020955404
.80378540356954
.80841503540675
.8065087000529
.81059368451436
.81590414047241
.80473856131236
.79643245538076
.79547931750615
.80051743984222
.80065357685089
.81113833189011
.79942810535431
.79847494761149
.80324073632558
.79261982440948
.79384531577428
.79915577173233
.7926198442777
.8040577173233
.80936819314957
.79670476913452
.80378540356954
.8112745086352
.80147059758504
.80051743984222
.81753810246785
.80923201640447
.80691721041997
.82012528181076
.8041938940684
.81495098272959
.80800652503967
.81917210419973
.8125
.81658496459325
.8218954205513
.81522329648336
.81304466724396
.82284859816233
.81358933448792
.8103213707606
.8112745086352
.80078975359599
.80827885866165
.82856752475103
.81086599826813
.81889979044596
.80787036816279
.80977668364843
.80759803454081
.81889977057775
.80759805440903
.80255991220474
.82162308692932
.80555554231008
.80610020955404
.81399782498678
.79833877086639
.79861110448837
.79970043897629
.79234749078751
.80078975359599
.80718954404195
.80051743984222
.79602398475011
.79915577173233
.79997277259827
.79071350892385
.81930826107661
.79071348905563
.79997277259827
.802015264829
.78948801755905
.78703703482946
.79697712262472
.78907952706019
.78976035118103
.80228759845098
.80133442083995
.7937091588974
.79697712262472
.80092593034109
.80078975359599
.79956426223119
.7935729821523
.81072984139125
.80814268191655
.79765796661377
.8125
.81345315774282
.80419391393661
.80392156044642
.80501089493434
.81209150950114
.8126361767451
.79670478900274
.80460238456726
.79507078727086
.80242375532786
.81236384312312
.80923201640447
.79888345797857
.81399782498678
.80078973372777
.80296842257182
.80855121215185
.80433005094528
.79970041910807
.80637254317602
.8043300708135
.8043300708135
.80596405267715
.80487471818924
.81004901727041
.80569169918696
.80065359671911
.80310455958049
.8041938940684
.79929194847743
.80514707167943
.80010892947515
.79411766926448
.79193900028865
.81427013874054
.80364924669266
.82121459643046
.81781045595805
.8114106853803
.80882352590561
.81862743695577
.79534314076106
.79888343811035
.81141066551208
.8054193854332
.8018790880839
.80610020955404
.80718956391017
.81495098272959
.81985294818878
.80977668364843
.81236384312312
.81563180685043
.80582789580027
.80705338716507
.82026145855586
.80732570091883
.80705338716507
.81903594732285
.80174291133881
.80337691307068
.80269606908162
.80514707167943
.7971132795016
.80841503540675
.81495098272959
.8032407561938
.79752177000046
.80092593034108
.78812636931737
.8018790880839
.80392158031464
.79806645711263
.80800652503967
.81045750776927
.80855119228363
.80814268191655
.81849128007889
.80691719055176
.80623636643092
.80964052677155
.80814270178477
.81767429908117
.82121459643046
.81209152936935
.82162308692932
.82570805152257
.79738561312358
.80174291133881
.81018517414729
.7982025941213
.80623638629913
.80106210708618
.79888345797857
.80855119228363
.80827885866165
.79289215803146
.80283222595851
.81072986125946
.8054193854332
.8148148059845
.81821896632512
.80392156044642
.80242375532786
.81222766637802
.79929192860921
.80487471818924
.8137254913648
.80732570091883
.80895968278249
.81086601813634
.80351306994756
.79956428209941
.8065087000529
.79261982440948
.79901959498723
.8041938940684
.80051743984222
.79479845364889
.80460238456726
.79098582267761
.80051741997401
.7924836675326
.79289213816325
.80255991220474
.80392156044642
.80991284052531
.8029684027036
.80364922682444
.80827885866165
.7864923675855
.79983659585317
.80147057771683
.8054193854332
.79779412349065
.80582789580027
.80174291133881
.79997277259827
.80637256304423
.80038126309713
.80923203627268
.81413400173187
.80147057771683
.80078975359599
.80746187766393
.80215140183767
.79901959498723
.80364924669266
.79275600115458
.80065359671911
.81304464737574
.79643247524897
.81522331635157
.81549563010534
.79452613989512
.8065087000529
.81440633535385
.79847492774328
.80610020955404
.79861110448837
.79003266493479
.80051741997401
.8018790880839
.80133442083995
.79765794674555
.80051743984222
.79016884167989
.81004903713862
.81427015860875
.79915577173233
.79806645711263
.80841501553853
.80364922682444
.80909585952759
.80242373545965
.79861110448837
.80514707167943
.81100219488144
.80623636643092
.80147059758504
.80746187766393
.79425380627314
.79153048992157
.80473856131236
.80582789580027
.80119826396306
.80528322855632
.81100217501322
.80446624755859
.81481482585271
.81467864910762
.81399782498678
.81508715947469
.8137254913648
.80718954404195
.80623638629913
.81209150950114
.80569171905518
.81399782498678
.81318084398905
.80827885866165
.79561545451482
.80746187766393
.80065357685089
.79561547438304
.81113835175832
.80528324842453
.81563180685043
.81998910506566
.81222766637802
.81100217501322
.82244008779526
.81222766637802
.81345317761103
.81481482585271
.80855121215185
.80038126309713
.79997275273005
.81209150950114
.80596405267715
.81495098272959
.80773421128591
.8031045794487
.82189544041952
.80650871992111
.81168301900228
.8065087000529
.80555556217829
.80392158031464
.80841503540675
.81277233362198
.79534314076106
.8115468621254
.80147057771683
.8031045794487
.80378538370132
.80310455958049
.79507080713908
.80487469832102
.8029684027036
.79057733217875
.80909585952759
.80078975359599
.7960239648819
.79901959498723
.78785403569539
.79833879073461
.80119826396306
.81549564997355
.79302831490835
.80596405267715
.79942810535431
.80269608894984
.80433005094528
.80718954404195
.7843137383461
.80324071645737
.79534312089284
.79520696401596
.79575163125992
.80405773719152
.78690085808436
.794662296772
.79302831490835
.79193902015686
.78785401582718
.78703703482946
.78744552532832
.78785403569539
.79044117530187
.77641612291336
.78131808837255
.78349673748016
.77437365055084
.77655229965846
.7854030529658
.77028868595759
.77777779102325
.78444989522298
.78077342112859
.77627996603648
.77233117818832
.76211873690287
.76361656188965
.76021242141724
.75667210419973
.76620370149612
.76443354288737
.75136164824168
.74605119228363
.75544661283493
.74005991220474
.74754901727041
.73992373545965
.72562634944916
.72753268480301
.72099673748016
.70955882469813
.71391614278158
.71023964881897
.69008713960648
.69362745682398
.68178103367488
.66884531577428
.65699891249339
.66680282354355
.62690631548564
.64583333333333
.62459148963292
.58660131692886
.67007080713908
0
0
0
0
0
0
0
0
0
0
0
0
0
0
0
0
0
0
0
0
0
0
0
0
0
0
0
0
0
0
0
0
0
0
0
0
0
0
0
0
0
0
0
0
0
0
0
0
0
0
0
0
0
0
0
0
0
0
0
0
0
0
0
0
0
0
0
0
0
0
0
0
0
0
0
0
0
0
0
0
0
0
0
0
0
0
0
0
0
0
0
0
0
0
0
0
0
0
0
0
0
0
0
0
0
0
0
0
0
0
0
0
0
0
0
0
0
0
0
0
0
0
0
0
0
0
0
0
0
0
0
0
0
0
0
0
0
0
0
0
0
0
0
0
0
0
0
0
0
0
0
0
0
0
0
0
0
0
0
0
0
0
0
0
0
0
0
0
0
0
0
0
0
0
0
0
0
0
0
0
0
0
0
0
0
0
0
0
0
0
0
0
0
0
0
0
0
0
0
0
0
0
0
0
0
0
0
0
0
0
0
0
0
0
0
0
0
0
0
0
0
0
0
0
0
0
0
0
0
0
0
0
0
0
0
0
0
0
0
0
0
0
0
0
0
0
0
0
0
0
0
0
0
0
0
0
0
0
0
0
0
0
0
0
0
0
0
0
0
0
0
0
0
0
0
0
0
0
0
0
0
0
0
0
0
0
0
0
0
0
0
0
0
0
0
0
0
0
0
0
0
0
0
0
0
0
0
0
0
0
0
0
0
0
0
0
0
0
0
0
0
0
0
0
0
0
0
0
0
0
0
0
0
0
0
0
0
0
0
0
0
0
0
0
0
0
0
0
0
0
0
0
0
0
0
0
0
0
0
0
0
0
0
0
0
0
0
0
0
0
0
0
0
0
0
0
0
0
0
0
0
0
0
0
0
0
0
0
0
0
0
0
0
0
0
0
0
0
0
0
0
0
0
0
0
0
0
0
0
0
0
0
0
0
0
0
0
0
0
0
0
0
0
0
0
0
0
0
0
0
0
0
0
0
0
0
0
0
0
0
0
0
0
0
0
0
0
0
0
0
0
0
0
0
0
0
0
0
0
0
0
0
0
0
0
0
0
0
0
0
0
0
0
0
0
0
0
0
0
0
0
0
0
0
0
0
0
0
0
0
0
0
0
0
0
0
0
0
0
0
0
0
0
0
0
0
0
0
0
0
0
0
0
0
0
0
0
0
0
0
0
0
0
0
0
0
0
0
0
0
0
0
0
0
0
0
0
0
0
0
0
0
0
0
0
0
0
0
0
0
0
0
0
0
0
0
0
0
0
0
0
0
0
0
0
0
0
0
0
0
0
0
0
0
0
0
0
0
0
0
0
0
0
0
0
0
0
0
0
0
0
0
0
0
0
0
0
0
0
0
0
0
0
0
0
0
0
0
0
0
0
0
0
0
0
0
0
0
0
0
0
0
0
0
0
0
0
0
0
0
0
0
0
0
0
0
0
0
0
0
0
0
0
0
0
0
0
0
0
0
0
0
0
0
0
0
0
0
0
0
0
0
0
0
0
0
0
0
0
0
0
0
0
0
0
0
0
0
0
0
0
0
0
0
0
0
0
0
0
0
0
0
0
0
0
0
0
0
0
0
0
0
0
0
0
0
0
0
0
0
0
0
0
0
0
0
0
0
0
0
0
0
0
0
0
0
0
0
0
0
0
0
0
0
0
0
0
0
0
0
0
0
0
0
0
0
0
0
0
0
0
0
0
0
0
0
0
0
0
0
0
0
0
0
0
0
0
0
0
0
0
0
0
0
0
0
0
0
0
0
0
0
0
0
0
0
0
0
0
0
0
0
0
0
0
0
0
0
0
0
0
0
0
0
0
0
0
0
0
0
0
0
0
0
0
0
0
0
0
0
0
0
0
0
0
0
0
0
0
0
0
0
0
0
0
0
0
0
0
0
0
0
0
0
0
0
0
0
0
0
0
0
0
0
0
0
0
0
0
0
0
0
0
0
0
0
0
0
0
0
0
0
0
0
0
0
0
0
0
0
0
0
0
0
0
0
0
0
0
0
0
0
0
0
0
0
0
0
0
0
0
0
0
0
0
0
0
0
0
0
0
0
0
0
0
0
0
0
0
0
0
0
0
0
0
0
0
0
0
0
0
0
0
0
0
0
0
0
0
0
0
0
0
0
0
0
0
0
0
0
0
0
0
0
0
0
0
0
0
0
0
0
0
0
0
0
0
0
0
0
0
0
0
0
0
0
0
0
0
0
0
0
0
0
0
0
0
0
0
0
0
0
0
0
0
0
0
0
0
0
0
0
0
0
0
0
0
0
0
0
0
0
0
0
0
0
0
0
0
0
0
0
0
0
0
0
0
0
0
0
0
0
0
0
0
0
0
0
0
0
0
0
0
0
0
0
0
0
0
0
0
0
0
0
0
0
0
0
0
0
0
0
0
0
0
0
0
0
0
0
0
0
0
0
0
0
0
0
0
0
0
0
0
0
0
0
0
0
0
0
0
0
0
0
0
0
0
0
0
0
0
0
0
0
0
0
0
0
0
0
0
0
0
0
0
0
0
0
0
0
0
0
0
0
0
0
0
0
0
0
0
0
0
0
0
0
0
0
0
0
0
0
0
0
0
0
0
0
0
0
0
0
0
0
0
0
0
0
0
0
0
0
0
0
0
0
0
0
0
0
0
0
0
0
0
0
0
0
0
0
0
0
0
0
0
0
0
0
0
0
0
0
0
0
0
0
0
0
0
0
0
0
0
0
0
0
0
0
0
0
0
0
0
0
0
0
0
0
0
0
0
0
0
0
0
0
0
0
0
0
0
0
0
0
0
0
0
0
0
0
0
0
0
0
0
0
0
0
0
0
0
0
0
0
0
0
0
0
0
0
0
0
0
0
0
0
0
0
0
0
0
0
0
0
0
0
0
0
0
0
0
0
0
0
0
0
0
0
0
0
0
0
0
0
0
0
0
0
0
0
0
0
0
0
0
0
0
0
0
0
0
0
0
0
0
0
0
0
0
0
0
0
0
0
0
0
0
0
0
0
0
0
0
0
0
0
0
0
0
0
0
0
0
0
0
0
0
0
0
0
0
0
0
0
0
0
0
0
0
0
0
0
0
0
0
0
0
0
0
0
0
0
0
0
0
0
0
0
0
0
0
0
0
0
0
0
0
0
0
0
0
0
0
0
0
0
0
0
0
0
0
0
0
0
0
0
0
0
0
0
0
0
0
0
0
0
0
0
0
0
0
0
0
0
0
0
0
0
0
0
0
0
0
0
0
0
0
0
0
0
0
0
0
0
0
0
0
0
0
0
0
0
0
0
0
0
0
0
0
0
0
0
0
0
0
0
0
0
0
0
0
0
0
0
0
0
0
0
0
0
0
0
0
0
0
0
0
0
0
0
0
0
0
0
0
0
0
0
0
0
0
0
0
0
0
0
0
0
0
0
0
0
0
0
0
0
0
0
0
0
0
0
0
0
0
0
0
0
0
0
0
0
0
0
0
0
0
0
0
0
0
0
0
0
0
0
0
0
0
0
0
0
0
0
0
0
0
0
0
0
0
0
0
0
0
0
0
0
0
0
0
0
0
0
0
0
0
0
0
0
0
0
0
0
0
0
0
0
0
0
0
0
0
0
0
0
0
0
0
0
0
0
0
0
0
0
0
0
0
0
0
0
0
0
0
0
0
0
0
0
0
0
0
0
0
0
0
0
0
0
0
0
0
0
0
0
0
0
0
0
0
0
0
0
0
0
0
0
0
0
0
0
0
0
0
0
0
0
0
0
0
0
0
0
0
0
0
0
0
0
0
0
0
0
0
0
0
0
0
0
0
0
0
0
0
0
0
0
0
0
0
0
0
0
0
0
0
0
0
0
0
0
0
0
0
0
0
0
0
0
0
0
0
0
0
0
0
0
0
0
0
0
0
0
0
0
0
0
0
0
0
0
0
0
0
0
0
0
0
0
0
0
0
0
0
0
0
0
0
0
0
0
0
0
0
0
0
0
0
0
0
0
0
0
0
0
0
0
0
0
0
0
0
0
0
0
0
0
0
0
0
0
0
0
0
0
0
0
0
0
0
0
0
0
0
0
0
0
0
0
0
0
0
0
0
0
0
0
0
0
0
0
0
0
0
0
0
0
0
0
0
0
0
0
0
0
0
0
0
0
0
0
0
0
0
0
0
0
0
0
0
0
0
0
0
0
0
0
0
0
0
0
0
0
0
0
0
0
0
0
0
0
0
0
0
0
0
0
0
0
0
0
0
0
0
0
0
0
0
0
0
0
0
0
0
0
0
0
0
0
0
0
0
0
0
0
0
0
0
0
0
0
0
0
0
0
0
0
0
0
0
0
0
0
0
0
0
0
0
0
0
0
0
0
0
0
0
0
0
0
0
0
0
0
0
0
0
0
0
0
0
0
0
0
0
0
0
0
0
0
0
0
0
0
0
0
0
0
0
0
0
0
0
0
0
0
0
0
0
0
0
0
0
0
0
0
0
0
0
0
0
0
0
0
0
0
0
0
0
0
0
0
0
0
0
0
0
0
0
0
0
0
0
0
0
0
0
0
0
0
0
0
0
0
0
0
0
0
0
0
0
0
0
0
0
0
0
0
0
0
0
0
0
0
0
0
0
0
0
0
0
0
0
0
0
0
