.84308944145838
.79967480897903
.78178862730662
.83934958775838
.79934960603714
.80764228105545
.79723576704661
.82666665315628
.84813008705775
.81691056489944
.83333333333333
.80504065752029
.8133333325386
.82666665315628
.75869917869568
.83430894215902
.82292681932449
.79528456926346
.86081302165985
.86634147167206
.87105689446131
.80032521486282
.91869918505351
.85463414589564
.89414634307226
.80764228105545
.82178860902786
.86276423931122
.81544715166092
.81902438402176
.86764228343964
.84715447823207
.87349593639374
.87512195110321
.869593501091
.86211383342743
.85609757900238
.84504065910975
.88081300258636
.9656910498937
.83121951421102
.87186992168427
.85723578929901
.8816260099411
.85707318782806
.9159349600474
.93495935201645
.8352845509847
.9100813070933
.89203250408173
.8074796795845
.85073171059291
.85235772530238
.89186992247899
.88520324230194
.87008130550385
.89398372173309
.83967479070028
1.0190243721008
.84276423851649
.91577237844467
.88341462612152
.88406503200531
.87707316875458
.90715448061625
.87967479228973
.89577235778173
.90666665633519
.88682925701141
.94780486822128
.98130083084106
.9190243879954
.94536584615707
.87008130550385
.88747968276342
.91463414827983
.93934959173203
.93609756231308
.92926830053329
.93398374319077
.96780488888423
.87707316875458
.88585364818573
.92975610494614
.91658538579941
.87983739376068
.92569106817245
.92747968435287
.87398374080658
.87121951580048
.94569104909897
.92081302404404
.89951221148173
.91658538579941
.88845527172089
.90959348281225
.89756095409393
.92585364977519
.8747967282931
1.1042276620865
1.0063414573669
.9001625974973
.9656910498937
.96861789623896
.9190243879954
.9131707350413
.8933333158493
.96991870800654
.94764226675034
.94211381673813
.97430896759033
.96487804253896
.97723577419917
.98943090438843
.95365852117538
.93317073583603
.95967479546865
.98552846908569
.92390245199203
.92048780123393
.96113818883896
1.1543089151382
.93365854024887
.91869918505351
.98357723156611
.93707317113876
.96357723077138
.98650407791138
.94520324468613
.90747966368993
1.0632520119349
.91609756151835
.91365851958593
.92731708288193
.99642276763916
.93804877996445
.99121952056885
1.0136585235596
1.0284552574158
.98130081097285
.98747968673706
1.0198373794556
1.0286178588867
1.027642250061
.99788618087769
1.0048780441284
.95154470205307
.9508943160375
.98861789703369
.94780486822128
.96373985211054
1.0074796676636
.98308942715327
.92130082845688
1.0086178779602
.93934959173203
.95024389028549
.96048778295517
.95073169469833
.99186992645264
.98569107055664
.9100813070933
.993170718352
1.0099186897278
.95642274618149
.96260160207748
.97365856170654
.9691057006518
.96195123593012
.96894309918086
.94926828145981
.95138212045034
.95170730352402
.94845527410507
1.0058536529541
.96325202782949
.9258536696434
.95804876089096
.9842276374499
.89918698867162
.93756097555161
.9626016219457
.94699186086655
.9227642416954
.98682928085327
1.056910554568
.93723577260971
1.090243935585
1.027642250061
.97886178890864
.99479675292969
.95512193441391
.93853658437729
.92991870641708
.96357723077138
.94569104909897
.93349593877792
.94552844762802
1.0156097412109
.90390243132909
.9734959602356
.98845529556274
.96016259988149
.95788615942001
.93918701012929
1.0144715309143
.97105691830317
.95219510793686
.93219512701035
.94617885351181
.94552844762802
.97951219479243
1.0544715325038
.91154472033183
1.0502438942591
1.0095934867859
.91284553209941
.91154470046361
.97902439037959
.94601625204086
1.009105682373
.98325204849243
.94829267263412
.94845527410507
.94504066308339
.88487803936005
1.0437397956848
.99837400515874
1.0626016060511
.98276422421137
.91186994314194
.98325204849243
.95853658517202
.97398374478022
.993821144104
.99463415145874
.9656910498937
.94666665792465
.95967479546865
.92943090200424
1.0039024353027
.93252032995224
.97967479626338
.9725203315417
1.025853673617
.95609756310781
.98715446392695
.98065040508906
.99609756469727
1.0084552764893
.9684552748998
.95170732339223
.92520326375961
.95626014471054
1.0086178779602
.93528455495834
.96032520135244
.95918699105581
.93918699026108
.9756097594897
.98065040508906
.96276422341665
.97837400436401
.94536584615707
.94796746969223
.96747968594233
.93918699026108
.98455286026001
.95349591970444
.9091056783994
.98617887496948
.97739839553833
.97674798965454
.99284551541011
.96894307931264
.99512195587158
.93186992406845
.98130081097285
.96422763665517
.98276424407959
1.0258536338806
.91886178652445
1.0222764015198
.98081300656001
.94341464837392
1.0157723426819
.99170732498169
.97577236096064
.99869918823242
.94747966527939
.94926828145981
.99268293380737
.97674798965454
.94617885351181
.96471546093623
.95707317193349
.95837398370107
1.0078048706055
.97544715801875
.93008130788803
.93008130788803
.94471544027328
.98569107055664
.91235770781835
.95544715722402
1.0411381721497
.9533333381017
1.0037398338318
1.0095934867859
1.033821105957
.9821138381958
1.0087804794312
.95138212045034
.97138212124507
.98195123672485
.9091056783994
.92471545934677
.99284553527832
.98048782348633
.9852032661438
.92747968435287
.94878049691518
.94780486822128
.95707319180171
1.0437397956848
.92569104830424
.9601626197497
.99463415145874
1.0074796676636
.99886178970337
.95398372411728
.92943090200424
.99252033233643
.88211381435394
.95463414986928
.99674797058105
.99951219558716
.98373985290527
1.0021138191223
.98341463009516
.94780486822128
.94715446233749
.99349594116211
.97577236096064
1.0359349250793
.95317071676254
.96065038442612
.91609758138657
.90943090120951
.94308942556381
.92178861300151
.93333333730698
1.0086178779602
.94146341085434
.99772357940674
.98536586761475
1.0029268264771
1.0133333206177
.96682928005854
.96747966607412
.98780488967896
1.0115447044373
.97853660583496
1.0113821029663
1.050731698672
1.0076422691345
1.0621138016383
.94471544027328
.96699186166128
.95512195428212
.95560973882675
.96406503518422
.96276422341665
.9762601852417
.91512195269267
.92975610494614
.96357723077138
.95398372411728
.93674796819687
.881951212883
.91983741521835
.91658536593119
1.0321950912476
.98178861538569
1.0084552764893
.92162601153056
.92406505346298
.97073171536128
.99674797058105
.95609754323959
.95951217412949
.9320325255394
.97479675213496
.90959350268046
.97382114330928
.98276422421137
.98650405804316
.9378861784935
.8977235754331
.98975610733032
.9879674911499
.9248780409495
.92780488729477
.98455284039179
.95739835500717
.96780488888423
.89512195189794
1.1178861856461
1.01544713974
.97544717788696
.95739837487539
.96991870800654
.97853658596675
.96894307931264
.97983739773432
.94357722997665
.93040649096171
.8754471540451
.9351219534874
.94439023733139
.92487806081772
.97479677200317
.97821140289307
.91674798727036
.94016259908676
.9824390411377
.94325202703476
.95138212045034
.94504064321518
.93967479467392
.96308942635854
.95804878075918
.93544715642929
.97886178890864
1.0039024353027
.92959348360697
.97268293301264
.97382114330928
.93951219320297
.89999999602636
.92097560564677
.96504066387812
.97284551461538
.92260162035624
.98325202862422
.98113822937012
.94764226675034
.97658536831538
.95739837487539
.98699188232422
.96357721090317
.99512195587158
.99089431762695
.93414634466171
1.0284552574158
.95804876089096
1.0230894088745
.9495934844017
.9588617682457
.93121951818466
.93999999761581
.98715448379517
.95739835500717
.95756097634633
.98406503597895
.92813007036845
.9756097594897
.93430894613266
.97609756390254
.94780486822128
.95170732339223
.94325202703476
.98780488967896
.95154470205307
1.0191869735718
.92715448141098
1.021463394165
.96243902047475
.92471545934677
.94666665792465
.9557723402977
.9879674911499
.95723575353622
.92146342992783
.88731706142426
.90959350268046
.91560977697372
.9725203315417
.90113818645477
.9406504034996
.94731706380844
.93349593877792
.98146343231201
.96373983224233
1.0274796485901
.89756097396215
.99235773086548
.97918701171875
.96243904034297
.95869918664296
.98195123672485
.9230894446373
.93495935201645
.94813007116318
.97869920730591
.95008128881454
.97056911389033
.97398374478022
.97918701171875
.95756097634633
.89934959014257
.9972357749939
.9663414756457
.95219510793686
.97804880142212
.9131707350413
.97658538818359
1.0024390419324
.99756095806758
.95430892705917
.94699186086655
.92325202624003
.91219514608383
.94536584615707
.9440650343895
.91967481374741
.9910569190979
.92227643728256
.96780486901601
.99658536911011
.95626014471054
.92682925860087
.95967479546865
.93853658437729
.91723577181498
.88065040111542
.95821138223012
.92536586523056
.99626016616821
.88341462612152
.91869920492172
.93837398290634
.93219512701035
1.0302438735962
.94975608587265
.95008128881454
.98373985290527
.9762601852417
.94357724984487
.98666667938232
.93414634466171
.94357722997665
.94243901968002
1.0443902015686
.99284553527832
.96373983224233
.9725203315417
.97040649255117
1.0071544647217
.89268292983373
.97967481613159
.9746341307958
.93186992406845
.94130080938339
.9752845565478
.94780486822128
.95479673147202
.869593501091
.99853658676147
.87219512462616
1.006016254425
.97138210137685
.95707317193349
.91430894533793
.93609756231308
.9351219534874
.96569106976191
.94699186086655
.94910567998886
.93772357702255
.92146341005961
.9604878226916
.99186992645264
.97642276684443
.94113820791245
.91609756151835
.8977235754331
.95691057046254
1.0047154426575
.90162601073583
.96211379766464
.99219512939453
.9643902182579
.9585365653038
.9317073225975
1.0151219367981
1.0029268264771
.96520326534907
.94910567998886
.95138210058212
.93983739614487
.98276424407959
.92634147405624
.99626016616821
.95707317193349
.94780486822128
.94747966527939
.94276422262192
.87707316875458
.98699188232422
.93382114171982
.9378861784935
.97447156906128
.9310568968455
.96520324548086
.92325204610825
.95203250646591
.94943088293076
.94813007116318
.97723577419917
.92569106817245
.99512195587158
.97430894772212
.96048780282338
.9172357916832
.93008130788803
.99772357940674
.99560976028442
.94211381673813
.91317075490952
.94292682409286
.98845529556274
.95040649175644
.97333333889643
.92471545934677
.95024389028549
.9622764190038
.91626018285751
.94747966527939
.93121951818466
.95707315206528
.87723577022552
.94113820791245
.88390243053436
.99430894851685
.97203250726064
.91674796740214
.95121949911118
.96699186166128
.95756095647812
.97414636611938
.94276422262192
.9258536696434
.96764228741328
.91609758138657
.93382114171982
.99609756469727
.90520324309667
.93999999761581
.9437398314476
.95772357781728
.95024391015371
.93674796819687
.93593496084213
1.0001626014709
.98455286026001
.95739837487539
.96487804253896
.91268295049667
.97056909402211
.9468292593956
.92016261816025
.9499186873436
.96715446313222
.92943090200424
.95365852117538
.96747966607412
1.0107316970825
.94276422262192
.90504066149394
.95609754323959
1.0323576927185
.89951219161352
.96747966607412
.9261788725853
.93008130788803
.97089431683222
.87056910991669
.96471544106801
.89073169231415
.9756097594897
.95398372411728
.92097562551498
.98666667938232
.98178863525391
.98813009262085
.97853660583496
.94504064321518
.95105689764023
.93382114171982
.92975610494614
.98569107055664
.98634145657221
.99772357940674
.96341462930044
.9814634124438
.9656910498937
.86325204372406
.94894307851791
.99447154998779
.93089431524277
.96048778295517
.96829267342885
.98211381832759
.95918697118759
.96796747048696
.9045528570811
.99609756469727
.92260164022446
.86292684078217
.95674794912338
.91869920492172
.90682927767436
.90845529238383
.9626016219457
.92780488729477
.8915447195371
.92666667699814
.98308944702148
.95349591970444
.95723575353622
.96390243371328
.92780488729477
.9289430975914
.97495935360591
.98113822937012
1.0047154426575
.95495933294296
.98195123672485
.95170730352402
.94357722997665
.96650407711665
.96276422341665
.96065038442612
.93804877996445
.90617885192235
.95284551382065
.93560975790024
.9824390411377
.95349593957265
1.0008130073547
.93447154760361
.9972357749939
.90292682250341
.94585365056992
.94585365056992
1.0256910324097
.94195121526718
.91772359609604
.94032520055771
.92861789464951
.94178861379623
.91707317034403
.93756097555161
.99512195587158
.89008128643036
.95528453588486
.96780486901601
.93723577260971
.97821140289307
.92991870641708
.94715446233749
.98390245437622
.89073171218236
.99821138381958
.92569106817245
.90439025561015
.92292684316635
.90178863207499
.90504064162572
.99073171615601
.87349593639374
.92390245199203
.89544713497162
.96520322561264
.95544715722402
.93365854024887
.96455281972885
.93983739614487
.9694309035937
.97886178890864
.95967479546865
1.0458536148071
.89495933055878
.94113820791245
.9347967505455
.88943088054657
.92650407552719
.90341464678446
.89723577102025
.91967481374741
.92796748876572
.90959350268046
.94878047704697
.96747968594233
.93138211965561
.90682927767436
.84894309441249
.96113818883896
.92796748876572
.95333331823349
.8843902349472
.993821144104
1.0328454971313
.94048780202866
.89837398131688
1.012195110321
.9203252196312
.94325202703476
.95121949911118
.90260161956151
.90260161956151
.93691056966782
.90764228502909
.89707314968109
.88308942317963
.90162601073583
.97024391094844
.94504064321518
.95333331823349
.97967479626338
.88487803936005
.92341462771098
.92081300417582
.91495937108994
.94536584615707
.9347967505455
.9104065100352
.95414632558823
.91235772768656
.93138211965561
.90666667620341
.95008128881454
.94260162115097
.87707316875458
.91739839315414
.91772359609604
.93934959173203
.96813009182612
.93219512701035
.93447154760361
.88504064083099
.93707317113876
.95821140209834
.93382114171982
.91170734167099
.92666667699814
.86162602901459
1.0486178398132
.91886180639267
.93365854024887
.90065040191015
.98780488967896
.91756097475688
.96097560723623
.93024390935898
.96894309918086
.95495935281118
.89186990261078
.95739835500717
.95609754323959
.87821137905121
.96341462930044
.90682927767436
.94243901968002
.99300811688105
.96325202782949
.92764228582382
.98390241463979
.93024390935898
.94520324468613
.93691056966782
.94878047704697
.93235772848129
.92715448141098
.90146340926488
.99203252792358
.90943090120951
.94243901968002
.87284553050995
.93674796819687
.89886178572973
.93528455495834
.98130083084106
.9588617682457
.93951219320297
.90682927767436
.98504066467285
.99073171615601
.95089429616928
.88422763347626
.90569104750951
.87788617610931
.93398374319077
.92178863286972
.89821137984594
.96162601312002
.88065042098363
.90569106737773
.95073169469833
.96975608666738
.88666665554047
.91577237844467
.96276422341665
.94910567998886
.8640650510788
.91707319021225
.92243901888529
.87902438640594
.9378861784935
.92861789464951
.91284555196762
.89398372173309
.96520324548086
.96016258001328
.95040649175644
.94243901968002
.88829267024994
.92471545934677
.89609756072362
.96113818883896
.87138211727142
.92796748876572
.869593501091
.91951221227646
.93252032995224
.89821137984594
.97804880142212
.88585364818573
.94520326455434
.87447154521942
.85691058635712
.85918700695038
.91333333651225
.96617885430654
.9499186873436
.92195123434067
.90666667620341
.99333333969116
.94569104909897
.9011382261912
.89821137984594
.92861789464951
.869593501091
.94439023733139
.92715448141098
.98455286026001
.85821139812469
.89967477321625
.90016257762909
.92552846670151
.87203252315521
.8785365819931
.91284553209941
.91626018285751
.94390243291855
.90065040191015
.92439025640488
.9258536696434
.8847154378891
.96894307931264
.92081302404404
.88764228423437
.91821138064067
.93138211965561
.92130082845688
.89967479308446
.9169105887413
.9530081152916
.91886178652445
.93821138143539
.9159349600474
.92520326375961
.89382112026215
.97186994552612
.96682926019033
.97983741760254
.85073171059291
.96926830212275
.91560977697372
.95626016457876
.90390243132909
.91528455416362
.89186990261078
.95040649175644
.91121951738993
.93707317113876
.93886178731918
.89691054821014
.90504064162572
.87902438640594
.9004878004392
.90471543868383
.92130082845688
.90065040191015
.87252032756805
.96357723077138
.93219510714213
.93333333730698
.92406505346298
.91577235857646
.88991868495941
.91837400197983
.92926830053329
.90959350268046
.91056909163793
.88943088054657
.92959350347519
.87463414669037
.91154472033183
.95691055059433
.90747966368993
.87902438640594
.90471543868383
.92878049612045
.93138211965561
.90146340926488
.95951217412949
.96081298589706
.91284555196762
.88910567760468
.94926828145981
.91040652990341
.92796748876572
.89918698867162
.8973983724912
.9069918791453
.93317073583603
.92130080858866
.90471543868383
.9499186873436
.89577233791351
.90878049532572
.90585366884867
.91154472033183
.90308942397436
.87756097316742
.94829267263412
.85983741283417
.87398374080658
.89788617690404
.90341462691625
.90390243132909
.88845527172089
.91089431444804
.90943090120951
.93544715642929
.9134959379832
.89983737468719
.96065040429433
.95235770940781
.86146342754364
.98617885510127
.86032521724701
.93463414907455
.88130080699921
.88634147246679
.89154469966888
.94016259908676
.84764226277669
.85463414589564
.89186992247899
.93983739614487
.92861789464951
.91869920492172
.88341462612152
.98650407791138
.84666667381922
.88504064083099
.92552844683329
.87040650844574
.89788617690404
.88585364818573
.8946341474851
.89853658278783
.95512193441391
.93756097555161
.87414634227753
.90943090120951
.84227641423543
.86861789226532
.91756099462509
.89154469966888
.96926828225454
.96081300576528
.93382114171982
.95512193441391
.92422765493393
.91495937108994
.88325204451879
.89317071437836
.8912195165952
.8816260099411
.94796746969223
.89560973644257
.85430896282196
.85105693340302
.85902440547943
.89642276366552
.90308942397436
.87333333492279
.95560975869497
.89105689525604
.91024390856425
.91056911150614
.92715448141098
.87934958934784
.9289430975914
.91577235857646
.89756097396215
.87430894374847
.94552844762802
.93349593877792
.88113820552826
.91203254461288
.9598373969396
.92357724905014
.89495935042699
.87804877758026
.91869920492172
.90991870562236
.92065042257309
.90650407473246
.8699187040329
.95447152853012
.89203252394994
.94569104909897
.91577235857646
.84097560246785
.93593496084213
.91479674975077
.9113821387291
.84959350029627
.92715448141098
.89056911071142
.95593494176865
.91463412841161
.86926829814911
.87918698787689
.86032521724701
.88910567760468
.89317071437836
.88130080699921
.90048778057098
.87235772609711
.90065040191015
.92910569906235
.85869920253754
.92455285787582
.91544715563456
.88292682170868
.88699187835058
.88065040111542
.8195121884346
.9317073225975
.90243901809057
.91495935122172
.87056910991669
.9261788725853
.87252032756805
.9193495909373
.91056913137436
.87365853786469
.86341464519501
.97024391094844
.9230894446373
1.0356097221375
.95040651162465
.90878051519394
.83934958775838
.84422765175502
.92455285787582
.88943088054657
.86292684078217
.9141463637352
.82373982667923
.90959350268046
.87284553050995
.90455283721288
.88943088054657
.91235774755478
.86325204372406
.94715446233749
.84764228264491
.91365851958593
.89609756072362
.90829267104467
.92959350347519
.86617887020111
.89252032836278
.88861787319183
.81886178255081
.86634147167206
.86569106578827
.89512193202972
.89105689525604
.87560975551605
.86845529079437
.88260161876678
.8699187040329
.86552846431732
.94504064321518
.91089433431625
.94975608587265
.99252033233643
.88585364818573
.86504065990448
.84861789147059
.87674796581268
.87560973564784
.90975612401962
.90617887179057
.90195121367772
.95414632558823
.97658536831538
1.024552822113
1.0874797105789
.95869916677475
.92829269170761
.94878047704697
1.0004878044128
.95479675134023
.97626016537348
.99154472351074
.96146339178085
1.0081300735474
.97707317272822
.99528455734253
1.0312194824219
.99902439117432
.9666666785876
.95577236016591
.97772357861201
.98666667938232
.9852032661438
.94601625204086
1.0351219177246
.9691057006518
.96520324548086
1.0486178795497
.94845527410507
1.0372357368469
.96520324548086
.98130081097285
1.0105690956116
.98406503597895
1.0039024353027
1.0003252029419
.96243902047475
1.0087804794312
.97544715801875
.9626016219457
.99609756469727
.99138212203979
.95024389028549
1.0305690765381
1.0386991500854
1.0471544663111
.94422763586044
1.0013008117676
.96731706460317
1.0144715309143
.95934959252675
1.0508943001429
1.0055284500122
.97235771020253
.96178861459096
.99008131027222
1.0130081176758
1.0255284309387
1.018373966217
.98682928085327
.95934959252675
.95495933294296
.9567479689916
1.024715423584
.98097562789917
.97674796978633
.98308944702148
1.0120325088501
1.006178855896
1.0021138191223
.95658534765244
1.0237398147583
.90406503280004
1.0180487632751
1.0021138191223
1.0045528411865
.9656910498937
.93886178731918
1.0117073059082
.99186992645264
.993821144104
1.0268292824427
.98617887496948
1.0416259765625
.99869918823242
.99772357940674
.96764226754506
1.0261788368225
.97203252712886
.95999997854233
1.0065040588379
.95089429616928
1.0048780441284
1.0751219987869
.96845529476802
.96731706460317
.98910570144653
1.0281300544739
.99772357940674
1.0195121765137
1.0351219177246
.9882926940918
.95138210058212
1.0165853500366
1.0146341323853
1.0773983399073
.96016259988149
.97691059112549
.98764228820801
.98325204849243
1.1375609636307
1.0409756104151
.99268293380737
.99024391174316
.9530081152916
.99593496322632
.97447154919306
1.0352845191956
.96796747048696
.97560977935791
.97739837567012
.94764226675034
1.0100812911987
1.0547967354457
.97658538818359
.9694309035937
.98048780361811
1.0097560882568
1.0313820838928
1.0199999809265
.98861789703369
1.0100812911987
1.0087804794312
.97886178890864
1.0108942985535
1.0239024162292
1.009268283844
1.0300812721252
.94471544027328
1.0256910324097
1.0188617706299
1.0024390220642
.99772357940674
1.0009756088257
.95138210058212
.96845529476802
.98455286026001
1.0700813134511
.9879674911499
.96861789623896
1.0344715118408
.99853658676147
1.0404878060023
1.0058536529541
1.0284552574158
1.0621138016383
.97479675213496
.99772357940674
.98276424407959
1.0073170661926
1.0017886161804
.93317073583603
1.009268283844
1.0066666603088
1.0162601470947
1.0042276382446
1.0482926766078
.97723579406738
1.0182113647461
.98943090438843
1.0099186897278
1.0092683037122
1.024715423584
.99186990658442
.98926830291748
.98341463009516
1.0398373603821
.97853660583496
.99333333969116
1.0086178779602
1.0198373794556
1.0086178779602
.94861787557602
.96878049770991
.97593496243159
.96162601312002
1.046178817749
1.0292682647705
1.0009756088257
.98601627349854
.99333333969116
1.03089427948
.98016260067622
.99593496322632
.99365854263306
1.0539836883545
.99284553527832
1.0133333206177
1.0817886590958
1.0206503868103
1.0739837884903
1.0551219383876
.96715448300044
1.0468292236328
1.0770731767019
1.0255284309387
1.0289430618286
1.0491056442261
1.0635772546132
.99040651321411
1.0203251838684
1.0595121781031
1.0226016044617
1.1495934724808
1.0533332824707
1.0102438926697
1.0416259765625
1.0715447664261
1.0639024178187
1.0645528634389
1.0624390443166
1.1599999666214
1.0177235603333
1.0546341339747
1.0944715738297
1.1170731782913
1.1352845430374
1.0969105958939
1.0783740282059
1.1562601327896
1.0650406678518
1.0186991691589
1.0741463899612
1.114959359169
1.0549592971802
1.0491056442261
1.068617939949
1.0895935297012
1.0910569429398
1.0829268693924
1.1326829195023
1.1294308900833
1.170569062233
1.1240650415421
1.2092683315277
1.1848780314128
1.1751219034195
1.2063415050507
1.2388617992401
1.2899186611176
1.3570731878281
1.426341454188
1.4582114219666
1.584065079689
1.5692683458328
1.6691056887309
1.7338211536407
1.8676422834396
1.93869916598
2.0569105148315
2.1793496608734
2.3404877185822
2.4180488586426
2.5621138413747
2.6292682488759
2.7065041065216
2.8455283641815
2.7097561359406
2.7333333492279
2.610243956248
2.5910569032033
2.3478048642476
2.1570731798808
2.0351219177246
1.9521951278051
1.8399999936422
1.6788617769877
1.6149593194326
1.5373983780543
1.4230894247691
1.3791869878769
1.3822764158249
1.3027641773224
1.2734959125519
1.2149593830109
1.1596747636795
1.1892682711283
1.2079675197601
1.2204878330231
1.1889431079229
1.1372357606888
1.1282926797867
1.1897560755412
1.1139837503433
1.1053658723831
1.1614633798599
1.1017886400223
1.1097561120987
1.1614634195964
1.0910569429398
1.0728455384572
1.0622764031092
1.0876423120499
1.0230894088745
1.1138211488724
1.1328455209732
1.040162563324
1.0593496163686
1.0648780663808
1.0253658294678
1.170569062233
1.0315446853638
1.0515447060267
1.0102438926697
1.0845528841019
1.0380487442017
1.0266666412354
1.0557723442713
1.0159349441528
1.1229268312454
1.0500812530518
1.0442276000977
1.0073170661926
1.0777236223221
1.0419511795044
1.0473170677821
1.0037398338318
1.0734959840775
1.0593496163686
1.0440649986267
1.0764228105545
1.0115447044373
1.0027642250061
1.0783740282059
1.0120325088501
.96780486901601
1.0406503677368
1.0170731544495
1.0424389839172
1.030731678009
1.0269918441772
1.0655284722646
.99495935440063
1.0478048324585
.97138212124507
1.0422764221827
1.0115447044373
1.0175609588623
1.0489430427551
1.0458536148071
1.0478048324585
1.0315446853638
1.0045528411865
1.012195110321
1.0471544663111
.99967479705811
1.0460162162781
.98894309997559
1.0143089294434
1.0479674339294
1.0146341323853
1.0138211250305
1.058211406072
1.0279674530029
1.0479674339294
.99642276763916
.98959350585937
1.0071544647217
1.0055284500122
1.0632520516713
1.036910533905
1.0252032279968
1.0175609588623
.96081298589706
1.0081300735474
.98162603378296
1.0691057443619
1.0221138000488
.97024393081665
1.0146341323853
.94829267263412
.95333331823349
.98341463009516
.94439023733139
.98943090438843
1.0029268264771
1.0167479515076
1.0130081176758
1.0237398147583
.97918699185053
1.0079674720764
1.0029268264771
1.0177235603333
.99203252792358
1.0013008117676
1.0169105529785
1.0125203132629
.98260164260864
.9821138381958
.9904064933459
.98162601391474
1.0403251647949
.99235773086548
1.0647154251734
.97365854183833
1.0333333015442
.95609754323959
1.024715423584
1.0234146118164
1.1032520532608
.96520324548086
1.0157723426819
.96780486901601
1.0104064941406
.98325204849243
1.0328454971313
.97918701171875
1.0222764015198
1.0243902206421
1.0076422691345
.9811382095019
.99365854263306
.98991870880127
.99756095806758
.99430894851685
.99479675292969
1.0001626014709
1.0115447044373
1.01544713974
1.0299186706543
1.0056910514832
.9879674911499
1.0588617722193
.97463415066401
.95658536752065
1.0108942985535
1.0221138000488
1.052357673645
.9882926940918
.98146343231201
1.0019512176514
.99024391174316
1.0456910133362
.94130080938339
.96552844842275
1.0118699073792
1.0050406455994
.98406505584717
.96861787637075
1.0286178588867
.98878049850464
.99902439117432
1.049268245697
1.0294308662415
.98390245437622
.95707317193349
.96585367123286
1.0497560898463
1.0692683060964
.94910567998886
.94894307851791
1.0398373603821
1.0156097412109
1.0052032470703
1.0047154426575
.95999999841054
1.0076422691345
1.0149593353271
1.0204877853394
1.0089430809021
1.0258536338806
1.0165853500366
1.0043902397156
.99317073822021
.97203252712886
1.0243902206421
1.018536567688
.97756099700928
1.0034146308899
1.0213007926941
1.0180487632751
1.0115447044373
1.0299186706543
.98487804333369
.96048780282338
.99089431762695
.9848780632019
1.1258536577225
1.0063414573669
1.0134959220886
.98617887496948
1.0043902397156
.99317073822021
1.1066666841507
1.0341463088989
.97414634625117
.93674796819687
1.0305690765381
.97821138302485
1.0292682647705
1.0533333222071
1.0056910514832
1.0469918251038
1.012357711792
.98146343231201
1.0079674720764
.9972357749939
1.0112195014954
1.0297560691833
.993821144104
1.0105690956116
.97073171536128
.97447154919306
.97073171536128
1.021625995636
.98130081097285
1.0546340942383
.97268293301264
.96845529476802
1.0476422309875
1.0751219590505
.9882926940918
1.0022764205933
.99544715881348
.98666667938232
1.0120325088501
1.0617886384328
1.0845528841019
.96894309918086
.96292682488759
1.0596747795741
.99138212203979
1.0364227294922
.99333333969116
.93593496084213
.97609756390254
1.0024390220642
1.0253658294678
.96682926019033
1.0549593369166
.94243901968002
1.0390243530273
1.0055284500122
.99333333969116
.9526829123497
.96715448300044
1.0043902397156
1.009268283844
.95414632558823
.99951219558716
.94666665792465
.98439023892085
.99056911468506
.99252033233643
1.0204877853394
.993821144104
.98699188232422
1.0063414573669
1.0016260147095
1.0042276382446
1.0645528237025
1.0138211250305
.95121949911118
1.0180487632751
.98276424407959
.96357723077138
1.024715423584
.97284553448359
.9941463470459
.97479675213496
1.0102438926697
.99430894851685
.97658536831538
1.024715423584
1.0128455162048
1.0653658707937
.97024389108022
1.0334959030151
1.0741463502248
1.0385365486145
.98959350585937
.97333335876465
1.0099186897278
.9821138381958
.9756097594897
.98991870880127
.98861789703369
.95642274618149
.98325204849243
1.0055284500122
.93544715642929
1.0014634132385
.99739837646484
1.0021138191223
.93756097555161
1.0263414382935
.97837400436401
1.0239024162292
.96016258001328
1.0146341323853
.94276422262192
1.0094308853149
.99349594116211
.98032522201538
.94195121526718
1.040162563324
.97382114330928
1.0487804412842
1.0047154426575
.98943090438843
1.0084552764893
.94357722997665
1.0195121765137
1.0125203132629
.9663414756457
1.0108942985535
.99138212203979
1.0157723426819
.98731708526611
1.0172357559204
1.0001626014709
1.0001626014709
.97430894772212
1.0035772323608
1.0120325088501
1.0570731560389
.95040649175644
1.0074796676636
1.066178838412
.99609756469727
.98975610733032
.96699186166128
.96878049770991
.98048780361811
.9687804778417
1.0042276382446
.98406505584717
1.0684552987417
1.0182113647461
1.0151219367981
.99626016616821
1.0491056442261
1.0521950721741
1.0315446853638
1.0039024353027
.96487804253896
1.0362601280212
1.0279674530029
1.0110569000244
1.0082926750183
.95349593957265
1.003089427948
1.0115447044373
.95739835500717
.92406505346298
.97186992565791
.98747968673706
1.0173983573914
.97252035140991
1.059999982516
.9616259932518
1.0434145927429
.97658538818359
.99674797058105
1.0133333206177
1.006016254425
.98081300656001
.9910569190979
.98715448379517
.99317073822021
.94146341085434
1.0024390220642
.96764226754506
1.0027642250061
1.0146341323853
1.0356097221375
1.0520325104396
.99463415145874
1.0134959220886
.96048780282338
.96292682488759
1.0013008117676
1.0266666412354
1.024552822113
.97951221466064
1.0042276382446
1.0115447044373
1.0479674339294
.99089431762695
.96601627270381
.97707317272822
1.0042276382446
.92634147405624
1.0097560882568
1.0227642059326
1.0591869751612
1.0426015853882
.99170732498169
1.0063414573669
1.0052032470703
1.0138211250305
1.0211381912231
1.0032520294189
1.0422763824463
1.0151219367981
1.033983707428
.95674794912338
.9848780632019
.98910570144653
1.0042276382446
1.0333333015442
.97967479626338
1.0034146308899
1.0328454971313
.97138212124507
1.0102438926697
1.0042276382446
.9879674911499
.98113822937012
1.0504064957301
1.0100812911987
.95073169469833
.98113822937012
1.0196747779846
.96991870800654
.99902439117432
1.0580487648646
.99674797058105
.96861787637075
1.0110569000244
1.009105682373
1.0347967147827
.98422765731812
1.0359349250793
1.0173983573914
.94634145498276
.95804878075918
1.0167479515076
.96341462930044
1.0019512176514
.98032522201538
1.1216260194778
1.0344715515772
1.0481300751368
1.0318698883057
.96146341164907
.94113820791245
1.0175609588623
.95999997854233
.97658538818359
.9554471373558
.99512195587158
.94699186086655
1.0169105529785
.99593496322632
.99658536911011
1.0217885971069
1.0170731544495
1.0094308853149
1.0206503868103
1.0167479515076
1.0325202941895
.97414634625117
1.0320324897766
.97723579406738
1.0695935090383
.9694309035937
1.0136585235596
1.0461788574855
1.0102438926697
.94601625204086
.96195121606191
1.0156097412109
1.0279674530029
.94243901968002
.98471546173096
1.036910533905
.98373983303706
1.0455284118652
.99821138381958
.96910568078359
1.0305690765381
1.0518699089686
1.0385365486145
1.015284538269
.9567479689916
.9879674911499
.986991862456
1.0063414573669
.97203252712886
1.0086178779602
.99447154998779
.96406503518422
.98878049850464
.93723577260971
1.0143089294434
1.0403251647949
.986991862456
.96650405724843
1.0094308853149
1.0448780059814
1.0318698883057
1.0229268074036
1.0484552383423
.99642276763916
1.0167479515076
.9882926940918
.98195123672485
1.0014634132385
.96715446313222
.99804878234863
.95463413000107
.94422763586044
1.0055284500122
.98195121685664
1.0312194824219
.98943090438843
.95008130868276
.98471546173096
1.0017886161804
.99430894851685
1.0048780441284
.99268291393916
1.0237398147583
1.0242276191711
.99983739852905
.98373985290527
.90520324309667
1.0136585235596
1.0172357559204
1.0284552574158
1.0572357972463
1.0456910530726
.93642276525497
.99593496322632
.94487804174423
.98081300656001
1.0052032470703
.9972357749939
1.0172357559204
.98894309997559
1.0226016044617
1.043251991272
.97983741760254
.99430894851685
1.0450406074524
.9721951285998
.96081300576528
1.0211381912231
1.024715423584
1.0295935074488
1.0320324897766
1.0287804603577
1.012357711792
.95349591970444
1.0281300942103
.9715447028478
.98016262054443
1.0455284118652
.98975610733032
.97577236096064
1.0614633957545
.93821138143539
.95333331823349
1.0172357559204
1.0157723426819
.97967481613159
1.021625995636
.95170730352402
.98715448379517
.96048778295517
.99040651321411
1.0094308853149
.99138212203979
1.0048780441284
1.0019512176514
.94894307851791
.95577236016591
.97739839553833
1.0265040397644
.9725203315417
1.0195121765137
1.046178817749
.96861787637075
1.0131707191467
.98422765731812
.93869918584824
1.0510569016139
.96178861459096
.93821138143539
.98260162274043
1.0017886161804
1.0042276382446
1.0108942985535
.96032520135244
.96552844842275
.98162603378296
1.0323576927185
1.0008130073547
.99739837646484
.95463413000107
.993821144104
.97349594036738
1.0089430809021
.96487802267075
.98650407791138
.97593496243159
1.0362601280212
.95138210058212
1.0159349441528
.91365855932236
.96032520135244
.95609754323959
1.0050406455994
.99577236175537
1.0619512399038
.94894307851791
.99918699264526
.97154472271601
.95512193441391
.95073169469833
.93430894613266
1.033983707428
1.0026016235352
.96195121606191
1.0048780441284
.98747968673706
.9882926940918
.98536584774653
.94357722997665
.97430894772212
.9656910498937
.9972357749939
.98195121685664
.93739837408066
.98178861538569
1.0229268074036
.95089429616928
.94910567998886
.95138210058212
.98341464996338
.94146341085434
.99089431762695
.96455283959707
.94699186086655
.97382114330928
.99983739852905
1.0242276191711
.96764226754506
.99658536911011
1.0089430809021
.92422765493393
.98455286026001
.9910569190979
.993821144104
.93642276525497
.96617885430654
.97593496243159
1.0001626014709
.93983739614487
.9378861784935
.98471546173096
.9759349822998
.96211383740107
1.0484552780787
.93056911230087
.97268293301264
.97512197494507
.99967479705811
.99463415145874
.89691056807836
.95203250646591
.99300813674927
.96455283959707
.98195121685664
.97691057125727
.93804877996445
1.021463394165
.90097560485204
.95235770940781
.93447154760361
1.0273170471191
.96991870800654
.96552846829096
.99804878234863
.98162601391474
.96520324548086
1.0313820838928
.94715446233749
.99756097793579
.96715446313222
.9694309035937
.99252033233643
.93804877996445
.8905690908432
.97821140289307
1.0193495750427
.92536586523056
.90959350268046
1.0026016235352
.97658536831538
.92162603139877
.97918699185053
.9721951285998
.96357723077138
1.0034146308899
.96780486901601
.95691055059433
.95999997854233
.9814634124438
.99853658676147
.98308942715327
1.0256910324097
.94341462850571
.95089429616928
.90764226516088
.94390243291855
.94211381673813
.99170732498169
1.0100812911987
.97902439037959
.95886178811391
.9656910498937
.99609756469727
.9567479689916
.91723577181498
.97999999920527
.9622764190038
1.0004878044128
.94878047704697
.95739837487539
.95837398370107
.98455286026001
.95073169469833
.96796747048696
1.0024390220642
.95398372411728
.95138210058212
.99121952056885
.95593496163686
.96747966607412
.99512195587158
.91674798727036
.95284553368886
.95073169469833
.99056911468506
.97138212124507
.94813007116318
.90536584456762
.93430894613266
.9437398314476
.93918699026108
.93821138143539
1.0039024353027
.93886178731918
.94813007116318
.95040651162465
1.0027642250061
.92666667699814
.93073171377182
.98552846908569
.92813009023666
.9530081152916
.96048780282338
.97918701171875
.92471545934677
.94390243291855
.97788619995117
1.0788618326187
1.0156097412109
.89008128643036
.95609754323959
.97691059112549
1.0577235619227
.92959350347519
.96406501531601
.96195121606191
.95560975869497
.96975608666738
1.0081300735474
.99528455734253
.98081302642822
1.006016254425
.98032522201538
.96422761678696
1.0042276382446
.93121951818466
.93008130788803
.94341462850571
.93869918584824
.96162603298823
.91886180639267
.91886180639267
.95674794912338
.93821138143539
.93626016378403
.94195121526718
.95723575353622
.89967479308446
.94016259908676
.94357722997665
.93008130788803
.98845527569453
.89739835262299
.93040651082993
.95691055059433
.93349593877792
.95967479546865
1.024715423584
.94601625204086
.96650405724843
.98390245437622
.92552846670151
.88422763347626
.9159349600474
.93560975790024
.95788615942001
.89707316954931
.96910568078359
.95349591970444
.90552844603856
.93252032995224
.99902439117432
.9190243879954
.93593496084213
.97934959332148
.87203252315521
.95463413000107
.89593493938446
.94276422262192
.92097562551498
.89040648937225
.89414632320404
.87658536434174
.86796748638153
.92341464757919
.90585366884867
.93999999761581
.91056911150614
.90520324309667
.96292682488759
.92016259829203
.88666667540868
.87495934963226
.91186992327372
.87999999523163
.9598373969396
.88390243053436
.91365855932236
.8847154378891
.93365854024887
.90065040191015
.88276422023773
.9712194999059
.87707316875458
.86227643489838
.92113822698593
.91739839315414
.95934959252675
.9190243879954
.83626015981038
.90243901809057
.88975608348846
.90081302324931
.92357724905014
.9032520254453
.81300812959671
.90065040191015
.89479672908783
.90910569826762
.88260161876678
.8754471540451
.86000001430511
.85951219002406
.85300815105438
.91170732180278
.91479674975077
.85398374001185
.88813006877899
.85268292824427
.86650405327479
.9011382261912
.85886180400848
.89040648937225
.88959348201752
.93040651082993
.79934960603714
.91203252474467
.90065040191015
.89203250408173
.90113820632299
.83317071199417
.89056911071142
.86243903636932
.90373984972636
.92211383581161
.80650407075882
.8343089222908
.83154471715291
.89821137984594
.88178861141205
.90845529238383
.82878047227859
.84699187676112
.82471543550491
.86130082607269
.87382113933563
.8452032605807
.80861788988113
.84959352016449
.85219512383143
.85365853706996
.80764228105545
.85121951500575
.86878049373627
.83056910832723
.86699187755585
.88894307613373
.82325202226639
.89756097396215
.85056912899017
.83219510316849
.90130080779394
.81430894136429
.80764228105545
0
0
0
0
0
0
0
0
0
0
0
0
0
0
0
0
0
0
0
0
0
0
0
0
0
0
0
0
0
0
0
0
0
0
0
0
0
0
0
0
0
0
0
0
0
0
0
0
0
0
0
0
0
0
0
0
0
0
0
0
0
0
0
0
0
0
0
0
0
0
0
0
0
0
0
0
0
0
0
0
0
0
0
0
0
0
0
0
0
0
0
0
0
0
0
0
0
0
0
0
0
0
0
0
0
0
0
0
0
0
0
0
0
0
0
0
0
0
0
0
0
0
0
0
0
0
0
0
0
0
0
0
0
0
0
0
0
0
0
0
0
0
0
0
0
0
0
0
0
0
0
0
0
0
0
0
0
0
0
0
0
0
0
0
0
0
0
0
0
0
0
0
0
0
0
0
0
0
0
0
0
0
0
0
0
0
0
0
0
0
0
0
0
0
0
0
0
0
0
0
0
0
0
0
0
0
0
0
0
0
0
0
0
0
0
0
0
0
0
0
0
0
0
0
0
0
0
0
0
0
0
0
0
0
0
0
0
0
0
0
0
0
0
0
0
0
0
0
0
0
0
0
0
0
0
0
0
0
0
0
0
0
0
0
0
0
0
0
0
0
0
0
0
0
0
0
0
0
0
0
0
0
0
0
0
0
0
0
0
0
0
0
0
0
0
0
0
0
0
0
0
0
0
0
0
0
0
0
0
0
0
0
0
0
0
0
0
0
0
0
0
0
0
0
0
0
0
0
0
0
0
0
0
0
0
0
0
0
0
0
0
0
0
0
0
0
0
0
0
0
0
0
0
0
0
0
0
0
0
0
0
0
0
0
0
0
0
0
0
0
0
0
0
0
0
0
0
0
0
0
0
0
0
0
0
0
0
0
0
0
0
0
0
0
0
0
0
0
0
0
0
0
0
0
0
0
0
0
0
0
0
0
0
0
0
0
0
0
0
0
0
0
0
0
0
0
0
0
0
0
0
0
0
0
0
0
0
0
0
0
0
0
0
0
0
0
0
0
0
0
0
0
0
0
0
0
0
0
0
0
0
0
0
0
0
0
0
0
0
0
0
0
0
0
0
0
0
0
0
0
0
0
0
0
0
0
0
0
0
0
0
0
0
0
0
0
0
0
0
0
0
0
0
0
0
0
0
0
0
0
0
0
0
0
0
0
0
0
0
0
0
0
0
0
0
0
0
0
0
0
0
0
0
0
0
0
0
0
0
0
0
0
0
0
0
0
0
0
0
0
0
0
0
0
0
0
0
0
0
0
0
0
0
0
0
0
0
0
0
0
0
0
0
0
0
0
0
0
0
0
0
0
0
0
0
0
0
0
0
0
0
0
0
0
0
0
0
0
0
0
0
0
0
0
0
0
0
0
0
0
0
0
0
0
0
0
0
0
0
0
0
0
0
0
0
0
0
0
0
0
0
0
0
0
0
0
0
0
0
0
0
0
0
0
0
0
0
0
0
0
0
0
0
0
0
0
0
0
0
0
0
0
0
0
0
0
0
0
0
0
0
0
0
0
0
0
0
0
0
0
0
0
0
0
0
0
0
0
0
0
0
0
0
0
0
0
0
0
0
0
0
0
0
0
0
0
0
0
0
0
0
0
0
0
0
0
0
0
0
0
0
0
0
0
0
0
0
0
0
0
0
0
0
0
0
0
0
0
0
0
0
0
0
0
0
0
0
0
0
0
0
0
0
0
0
0
0
0
0
0
0
0
0
0
0
0
0
0
0
0
0
0
0
0
0
0
0
0
0
0
0
0
0
0
0
0
0
0
0
0
0
0
0
0
0
0
0
0
0
0
0
0
0
0
0
0
0
0
0
0
0
0
0
0
0
0
0
0
0
0
0
0
0
0
0
0
0
0
0
0
0
0
0
0
0
0
0
0
0
0
0
0
0
0
0
0
0
0
0
0
0
0
0
0
0
0
0
0
0
0
0
0
0
0
0
0
0
0
0
0
0
0
0
0
0
0
0
0
0
0
0
0
0
0
0
0
0
0
0
0
0
0
0
0
0
0
0
0
0
0
0
0
0
0
0
0
0
0
0
0
0
0
0
0
0
0
0
0
0
0
0
0
0
0
0
0
0
0
0
0
0
0
0
0
0
0
0
0
0
0
0
0
0
0
0
0
0
0
0
0
0
0
0
0
0
0
0
0
0
0
0
0
0
0
0
0
0
0
0
0
0
0
0
0
0
0
0
0
0
0
0
0
0
0
0
0
0
0
0
0
0
0
0
0
0
0
0
0
0
0
0
0
0
0
0
0
0
0
0
0
0
0
0
0
0
0
0
0
0
0
0
0
0
0
0
0
0
0
0
0
0
0
0
0
0
0
0
0
0
0
0
0
0
0
0
0
0
0
0
0
0
0
0
0
0
0
0
0
0
0
0
0
0
0
0
0
0
0
0
0
0
0
0
0
0
0
0
0
0
0
0
0
0
0
0
0
0
0
0
0
0
0
0
0
0
0
0
0
0
0
0
0
0
0
0
0
0
0
0
0
0
0
0
0
0
0
0
0
0
0
0
0
0
0
0
0
0
0
0
0
0
0
0
0
0
0
0
0
0
0
0
0
0
0
0
0
0
0
0
0
0
0
0
0
0
0
0
0
0
0
0
0
0
0
0
0
0
0
0
0
0
0
0
0
0
0
0
0
0
0
0
0
0
0
0
0
0
0
0
0
0
0
0
0
0
0
0
0
0
0
0
0
0
0
0
0
0
0
0
0
0
0
0
0
0
0
0
0
0
0
0
0
0
0
0
0
0
0
0
0
0
0
0
0
0
0
0
0
0
0
0
0
0
0
0
0
0
0
0
0
0
0
0
0
0
0
0
0
0
0
0
0
0
0
0
0
0
0
0
0
0
0
0
0
0
0
0
0
0
0
0
0
0
0
0
0
0
0
0
0
0
0
0
0
0
0
0
0
0
0
0
0
0
0
0
0
0
0
0
0
0
0
0
0
0
0
0
0
0
0
0
0
0
0
0
0
0
0
0
0
0
0
0
0
0
0
0
0
0
0
0
0
0
0
0
0
0
0
0
0
0
0
0
0
0
0
0
0
0
0
0
0
0
0
0
0
0
0
0
0
0
0
0
0
0
0
0
0
0
0
0
0
0
0
0
0
0
0
0
0
0
0
0
0
0
0
0
0
0
0
0
0
0
0
0
0
0
0
0
0
0
0
0
0
0
0
0
0
0
0
0
0
0
0
0
0
0
0
0
0
0
0
0
0
0
0
0
0
0
0
0
0
0
0
0
0
0
0
0
0
0
0
0
0
0
0
0
0
0
0
0
0
0
0
0
0
0
0
0
0
0
0
0
0
0
0
0
0
0
0
0
0
0
0
0
0
0
0
0
0
0
0
0
0
0
0
0
0
0
0
0
0
0
0
0
0
0
0
0
0
0
0
0
0
0
0
0
0
0
0
0
0
0
0
0
0
0
0
0
0
0
0
0
0
0
0
0
0
0
0
0
0
0
0
0
0
0
0
0
0
0
0
0
0
0
0
0
0
0
0
0
0
0
0
0
0
0
0
0
0
0
0
0
0
0
0
0
0
0
0
0
0
0
0
0
0
0
0
0
0
0
0
0
0
0
0
0
0
0
0
0
0
0
0
0
0
0
0
0
0
0
0
0
0
0
0
0
0
0
0
0
0
0
0
0
0
0
0
0
0
0
0
0
0
0
0
0
0
0
0
0
0
0
0
0
0
0
0
