.81113833189011
.80324073632558
.80501091480255
.8090958793958
.79316449165344
.80078975359599
.81249998013178
.78730936845144
.80269608894984
.81004901727041
.80582789580027
.79330064853032
.81236384312312
.80514705181122
.80487471818924
.81386166810989
.80882352590561
.80773421128591
.81998910506566
.80119824409485
.80078975359599
.81726580858231
.80582787593206
.79520696401596
.80351306994756
.79861112435659
.79956426223119
.80569171905518
.79833877086639
.79752177000046
.81113835175832
.79275598128637
.79861110448837
.80242373545965
.79411764939626
.80228757858276
.79929192860921
.80106208721797
.80569171905518
.8041938940684
.81004899740219
.80773419141769
.79833877086639
.81576798359553
.79942808548609
.80446622769038
.81168301900228
.81209150950114
.80228759845098
.81427015860875
.79534314076106
.80528322855632
.81467864910762
.79833877086639
.80160675446192
.80596405267715
.79997275273005
.80541940530141
.79806645711263
.79942810535431
.80827887852987
.80392156044642
.80010892947515
.79724945624669
.80759803454081
.7949346502622
.80255991220474
.81100219488144
.79793028036753
.79030501842499
.80759803454081
.78581154346466
.80337689320246
.81072984139125
.79997277259827
.80106210708618
.80977668364843
.80746185779572
.81195535262426
.8123638232549
.80106208721797
.81181917587916
.81522331635157
.80106208721797
.79806643724442
.80759803454081
.79779410362244
.80664487679799
.80514705181122
.80909585952759
.80991286039352
.80283224582672
.79425380627314
.80324073632558
.7937091588974
.80746187766393
.80623640616735
.80378540356954
.80078975359599
.79139433304469
.80078975359599
.81386164824168
.79316449165344
.79112199942271
.79561547438304
.79861112435659
.79711329936981
.80814270178477
.80705338716507
.8041938940684
.80514705181122
.79643245538076
.79343682527542
.81209148963292
.79507080713908
.80024508635203
.80664487679799
.80133442083995
.80215142170588
.81045750776927
.80487471818924
.81290849049886
.81086599826813
.80814272165298
.80746187766393
.80827887852987
.79098584254583
.80746187766393
.80991286039352
.79942810535431
.81004901727041
.80718954404195
.79861110448837
.80174291133881
.80405773719152
.79302829504013
.79724945624669
.81222766637802
.79997275273005
.794662296772
.80909585952759
.79125817616781
.80487473805745
.81304466724396
.80269608894984
.80133442083995
.81808278958003
.8065087000529
.80787036816279
.80446624755859
.8054193854332
.81045750776927
.80964052677155
.80691719055176
.80759805440903
.79997277259827
.81794663270315
.8043300708135
.8043300708135
.80718954404195
.79534314076106
.79643247524897
.81467866897583
.79670480887095
.79983657598495
.80991286039352
.79806645711263
.80024508635203
.80324071645737
.80065359671911
.80228757858276
.80895970265071
.80555556217829
.79915577173233
.8148148059845
.80623636643092
.79493463039398
.81522331635157
.80133442083995
.80991286039352
.80882350603739
.7937091588974
.80909585952759
.81563180685043
.80024508635203
.80664489666621
.81712963183721
.79670480887095
.80637254317602
.81522329648336
.79643245538076
.80596405267715
.80977668364843
.80228757858276
.80923203627268
.80800654490789
.79847494761149
.81072984139125
.80487471818924
.81086599826813
.80092593034108
.80800654490789
.79888345797857
.80650871992111
.80732570091883
.79207515716553
.79561547438304
.80746187766393
.80133442083995
.80814270178477
.8031045794487
.80038126309713
.8041938940684
.81072984139125
.81086599826813
.80569171905518
.81168301900228
.81644878784815
.80364922682444
.80501089493434
.8137254913648
.79901959498723
.80555556217829
.80977670351664
.80024510622025
.80514707167943
.81604031721751
.80296842257182
.79874726136525
.81808278958003
.8007897734642
.80582789580027
.81304464737574
.80637254317602
.81209150950114
.80936819314957
.79684094587962
.79929192860921
.81168299913406
.79425380627314
.79874728123347
.8114106853803
.79929194847743
.80855119228363
.82094226280848
.8090958793958
.80269608894984
.80460240443548
.79738561312358
.79874728123347
.80637254317602
.8040577173233
.80841503540675
.8043300708135
.80351308981578
.80174291133881
.80895968278249
.80051741997401
.82570807139079
.80855117241542
.80446624755859
.80147057771683
.81032135089238
.80705336729685
.80773421128591
.80773419141769
.79956426223119
.8040577173233
.80882352590561
.82870370149612
.80841503540675
.81086601813634
.80787038803101
.80215140183767
.82257624467214
.8372821410497
.81454249223073
.81154684225718
.80800652503967
.80610020955404
.81358933448792
.82461875677109
.80991286039352
.81386166810989
.81549564997355
.79793030023575
.80718954404195
.82026143868764
.81454249223073
.80664489666621
.81495100259781
.7935729821523
.81045750776927
.81549564997355
.80473856131236
.80337689320246
.79738561312358
.80596405267715
.80882352590561
.81454247236252
.79942810535431
.80610022942225
.81072986125946
.79929194847743
.80637256304423
.83455882469813
.81644880771637
.80378540356954
.81427015860875
.80487471818924
.83619280656179
.81481482585271
.80950436989466
.80814268191655
.80773419141769
.7960239648819
.79929194847743
.81862743695577
.80255991220474
.80051743984222
.80691721041997
.79888345797857
.81059368451436
.80732572078705
.79411764939626
.81045752763748
.80718954404195
.79561545451482
.8040577173233
.80065357685089
.80310455958049
.80623638629913
.80855121215185
.80269606908162
.80923201640447
.80678105354309
.80051741997401
.80364922682444
.80718952417374
.81712961196899
.79670478900274
.80746187766393
.81726580858231
.80364922682444
.81004901727041
.81576798359553
.80065357685089
.80501089493434
.80855119228363
.79901959498723
.80977668364843
.8218954205513
.8054193854332
.82298475503922
.81631261110306
.79901959498723
.81631263097127
.81617645422618
.81508713960648
.80691723028819
.81440631548564
.80705336729685
.8021514415741
.80078975359599
.80664487679799
.8065087000529
.80392158031464
.80337689320246
.81454247236252
.80718954404195
.79765794674555
.80555554231008
.8043300708135
.79248364766439
.80133442083995
.81209150950114
.80337691307068
.8125
.80746187766393
.79765794674555
.81508713960648
.80133442083995
.80051741997401
.80147059758504
.8041938940684
.80746187766393
.80691721041997
.80800654490789
.81821896632512
.80610020955404
.80814270178477
.79765794674555
.80010890960693
.81100217501322
.78907950719198
.80378538370132
.82094226280848
.80787036816279
.8455882469813
.80637254317602
.81590414047241
.79929192860921
.80855121215185
.80841503540675
.80133442083995
.80855119228363
.80514707167943
.79398147265116
.80691721041997
.80855119228363
.7924836675326
.79452613989512
.80746187766393
.80555556217829
.8065087000529
.8123638232549
.80174291133881
.80610022942225
.82012528181076
.79670478900274
.80773419141769
.82339326540629
.80923203627268
.80841503540675
.81386164824168
.80010890960693
.80991286039352
.81372551123301
.81195533275604
.81658496459325
.80977668364843
.80882352590561
.81386166810989
.81481482585271
.81236384312312
.80501089493434
.80705336729685
.80732572078705
.8054193854332
.80378540356954
.80269608894984
.80269608894984
.79915577173233
.79656863212585
.8018790880839
.80868734916051
.80160675446192
.80078975359599
.80855119228363
.80501089493434
.80119826396306
.81617647409439
.8075980146726
.8052832086881
.80936817328135
.79929194847743
.79983659585317
.80759803454081
.80051741997401
.8103213707606
.80773421128591
.82135075330734
.81903594732285
.82244006792704
.81467864910762
.79942810535431
.80936819314957
.80133442083995
.79561547438304
.80528322855632
.80678105354309
.79833877086639
.80201524496078
.80773419141769
.80582787593206
.80814270178477
.81086599826813
.79942810535431
.80501089493434
.81413398186366
.80909585952759
.80514707167943
.80242373545965
.7971132795016
.79656861225764
.80650871992111
.79384531577428
.80337691307068
.80705338716507
.80106208721797
.79547929763794
.81290849049886
.79384531577428
.81835510333379
.81535947322845
.81004899740219
.8065087000529
.81290851036708
.81154684225718
.80950435002645
.81699347496033
.81535947322845
.81318082412084
.81113835175832
.80596405267715
.81835512320201
.81263615687688
.81154684225718
.80705338716507
.81059366464615
.80269606908162
.80787036816279
.81413398186366
.81004901727041
.8114106853803
.8209422826767
.80160675446192
.81440629561742
.80228757858276
.80038126309713
.80909585952759
.80678103367488
.82121459643046
.8125
.81032133102417
.81862745682398
.8125
.80868736902873
.82012526194255
.81413398186366
.81508713960648
.81345315774282
.80637254317602
.80691721041997
.81672112147013
.81168299913406
.81726578871409
.81944445768992
.80678105354309
.80909585952759
.81617645422618
.80950435002645
.81154684225718
.81522331635157
.81154684225718
.80324073632558
.81072984139125
.80882352590561
.80664489666621
.81113833189011
.80419391393661
.80433005094528
.80473856131236
.80147057771683
.80718954404195
.81318082412084
.8054193854332
.80514707167943
.81018517414729
.80623640616735
.80773421128591
.82039759556452
.80882350603739
.81794661283493
.81195533275604
.81495098272959
.81086601813634
.8206699291865
.79956428209941
.81113835175832
.8278867204984
.80841503540675
.81876361370087
.81345315774282
.80718952417374
.81576798359553
.81440631548564
.8041938940684
.81195535262426
.81331698099772
.80650871992111
.81917210419973
.80473856131236
.82244010766347
.80610020955404
.81644880771637
.82053375244141
.81386164824168
.83346951007843
.81658496459325
.81113833189011
.81631261110306
.81590416034063
.80514707167943
.80650871992111
.8126361767451
.81331700086594
.80705336729685
.82230393091838
.80950436989466
.81045752763748
.81930826107661
.81454249223073
.81059368451436
.81454247236252
.81318082412084
.81100217501322
.81290851036708
.79942810535431
.79616014162699
.82039761543274
.79125817616781
.81331700086594
.80596403280894
.80378540356954
.80882354577382
.80977670351664
.80610020955404
.80787038803101
.80487473805745
.80623638629913
.8031045794487
.8065087000529
.79411762952805
.78935184081395
.8029684027036
.80460240443548
.81195533275604
.80555554231008
.79411764939626
.80582789580027
.80337691307068
.80528322855632
.79670478900274
.81413400173187
.79942810535431
.79466231664022
.80351308981578
.80160675446192
.80610020955404
.80473856131236
.79575165112813
.80119826396306
.80678105354309
.81168301900228
.81113835175832
.81712963183721
.81522331635157
.81440631548564
.80514705181122
.8291122118632
.802015264829
.81386164824168
.82271242141724
.80364922682444
.80923201640447
.81168299913406
.80991286039352
.80909585952759
.81767427921295
.81345315774282
.81849128007889
.8208061059316
.81100217501322
.81835514307022
.81971677144368
.81250001986821
.81699345509211
.82366555929184
.81712963183721
.81604029734929
.81767429908117
.81413398186366
.82162310679754
.82666120926539
.80460240443548
.81821896632512
.81644880771637
.81617645422618
.81032135089239
.82175926367442
.80773421128591
.80718954404195
.81508713960648
.81113833189011
.81753814220428
.81781045595805
.81998912493388
.81549564997355
.81998910506566
.81631263097127
.81495096286138
.81590416034063
.81195535262426
.80324073632558
.81794661283493
.80446622769038
.81440631548564
.81821894645691
.8148148059845
.80255993207296
.81781047582626
.80392158031464
.81004901727041
.81168299913406
.81386166810989
.8206699291865
.82189544041951
.8242102265358
.81576796372732
.82012526194255
.82175926367442
.80923201640447
.81889979044596
.82107843955358
.80705336729685
.81113833189011
.8218954205513
.8114106853803
.80950435002645
.82244008779526
.81168299913406
.81427015860875
.81753812233607
.80351306994756
.80787038803101
.83074619372686
.80324073632558
.81100219488144
.83428649107615
.80964052677155
.80759803454081
.81672114133835
.80787036816279
.81508713960648
.82856754461924
.81059370438258
.80378540356954
.82271242141724
.8043300708135
.82203157742818
.82026143868764
.81141066551208
.81672112147013
.81386166810989
.81072984139125
.81290851036708
.82693356275558
.81222766637802
.80814270178477
.83197168509165
.81290849049886
.81808280944824
.83061001698176
.80718954404195
.82230393091838
.82543571790059
.83047386010488
.82638889551163
.822984735171
.82638891537984
.83469498157501
.83442266782125
.83619280656179
.82815903425217
.83619280656179
.84599673748016
.83551200230916
.84218410650889
.85117101669312
.83646514018377
.84844770034154
.85906861225764
.84041394790014
.85334966580073
.86015792687734
.85797927776972
.85648145278295
.85757078727086
.85348584254583
.85389433304469
.85988561312358
.85307733217875
.86900871992111
.87813180685043
.86628540356954
.88494010766347
.88167212406794
.87826796372732
.88071894645691
.88534859816233
.87649782498678
.88058278958003
.88602940241496
.88139979044596
.89065905412038
.90168845653534
.88303377230962
.9031862616539
.90740740299225
.88834422826767
.89542484283447
.90182461341222
.89705882469813
.90767973661423
.91952615976334
.9113561908404
.91775600115458
.92524510622025
.9104030529658
.94253812233607
.94022331635157
.92470043897629
.93191723028819
.93191721041997
.93967864910762
.93790849049886
.94444441795349
.94417210419973
.94757624467214
.95955882469813
.94362745682398
.96364376942317
.96051198244095
.95833333333333
.95996731519699
.97099673748016
.97344770034154
.96909044186274
.96786493062973
.97848582267761
.96663941939672
.97222222884496
.98161762952805
.97576252619425
.97549019257228
.9833877881368
.99210240443548
.97848586241404
.97739650805791
.98311545451482
.989515264829
.99782135089239
.98011982440948
.99196622769038
.99251089493434
.98025600115458
.99128538370132
.99577885866165
.99645968278249
.99972764650981
1.0024509429932
.98679192860921
1.0012254913648
.99809370438258
.98747277259827
.98924293120702
.99836601813634
.98720041910807
.9916938940684
.98720043897629
.98679192860921
.98992373545965
1.0046296318372
.98651961485545
.9976851940155
.99373638629913
.97453703482946
.9918300708135
.98434096574783
.98515792687734
.99577887852987
.9916938940684
.98066449165344
.98570261398951
.99019604921341
.98161764939626
.97263071934382
.97208605209986
.96963506937027
.96745642026265
.98420478900274
.97072440385818
.9719499150912
.97263071934382
.97726035118103
.96990742286046
.98393245538076
.97698801755905
.96691177288691
.97004357973735
.97903050978978
.96146514018377
.96377996603648
.97372003396352
.97399238745371
.97426472107569
.97235840559006
.96732028325399
.96405229965846
.97385621070862
.971677561601
.97167754173279
.96949891249339
.95111654202143
.96718408664068
.9635076324145
.95724399884542
.96146514018377
.95778868595759
.95424836874008
.94744008779526
.96214598417282
.95329521099726
.96677561601003
.96881808837255
.95683550834656
.96636708577474
.97303920984268
.95874182383219
.9635076324145
.96759259700775
.95288670063019
.95479303598404
.97290303309758
.9564270178477
.96527779102325
.97058822711309
.96051198244095
.96800108750661
.97113289435705
.95057189464569
.95846949021022
.96895424524943
.95533768335978
.95901415745417
.94553377230962
.95356754461924
.95411219199498
.95438454548518
.95070805152257
.95492919286092
.96732024351756
.94403594732285
.96173747380575
.96200978755951
.95533768335978
.94212963183721
.95928649107615
.94989107052485
.94539761543274
.94498910506566
.94417212406794
.93654684225718
.93763615687688
.93899782498678
.93327885866165
.9398148059845
.9456699291865
.94049564997355
.92769608894984
.93232570091883
.92851306994756
.9281045794487
.92047929763794
.91693900028865
.91503268480301
.92987473805745
.90005445480347
.9104030529658
.91162852446238
.89515250921249
.90699891249339
.91108385721842
.90781591335932
.88916122913361
.90699891249339
.89515250921249
.89760349194209
.90413941939672
.88494008779526
.8925653497378
.88671024640401
.88153594732285
.88766340414683
.89093138774236
.88793573776881
.88548475503922
.88058278958003
.8773148059845
.88671024640401
.8833061059316
.87772329648336
.87894880771637
.87145970265071
.86328973372777
.86737473805745
.8656045794487
.86505991220474
.86832787593206
.87813180685043
.86397059758504
.86751089493434
.86492375532786
.87023421128591
.85893245538076
.86628538370132
.85566449165344
.86043028036753
.85879629850388
.86614922682444
.85103485981623
.85171566406886
.86968952417374
.85280501842499
.84803920984268
.85403050978978
.84572440385818
.84572440385818
.8643790880839
.84640522797902
.84517973661423
.86288124322891
.84858387708664
.83319715658824
.84640522797902
.83837147553762
.84123092889786
.83782680829366
.84123092889786
.83061001698176
.8372821410497
.83932461341222
.83088237047195
.84245644013087
.82720587650935
.83129086097081
.83741829792658
.82529956102371
.83197168509165
.83592049280802
.81944445768992
.82720589637756
.840822438399
.82706969976425
.82706971963247
.83469500144323
.82924836874008
.84068628152211
.84136708577474
.8300653497378
.85062634944916
.84381806850433
.82244008779526
.82761438687642
.82938454548518
.82284859816233
.82611656188965
.83401417732239
.82066990931829
.82924834887187
.84477124611537
.8220315972964
.81876363356908
.83292484283447
.81821896632512
.83210784196854
.83864378929138
.83319717645645
.84504357973735
.82284857829412
.83877994616826
.82339324553808
.82775054375331
.83278866608938
.81998910506566
.82529956102371
.83918845653534
.82815903425217
.82352940241496
.83769063154856
.83088235060374
.8300653497378
.82666120926539
.81699345509211
.82366557916005
.82625273863475
.81563180685043
.82216775417328
.83006536960602
.81794661283493
.82407406965892
.83306101957957
.81672112147013
.82652505238851
.82393791278203
.8112745086352
.82570805152257
.822984735171
.82529956102371
.82094224294027
.8231209119161
.83741829792658
.81386164824168
.82747821013133
.81617647409439
.82039759556452
.83469498157501
.81154684225718
.82271242141724
.82584420839945
.81794663270315
.81699347496033
.83333333333333
.81808278958003
.82325708866119
.82516340414683
.82502722740173
.83251635233561
.82053377230962
.81685731808345
.81876361370087
.83700980742772
.81318084398905
.81726578871409
.82393789291382
.82475489377975
.81753812233607
.82148691018422
.82230393091838
.81781043608983
.83183550834656
.83061001698176
.80950435002645
.82216775417328
.83265248934428
.81658496459325
.82489105065664
.83592049280802
.81685731808345
.82407406965892
.81767429908117
.82257624467214
.83047386010488
.83183550834656
.82407406965892
.82625273863475
.82815903425217
.81658496459325
.81808278958003
.83278866608938
.82053377230962
.81753812233607
.81849128007889
.81386166810989
.81753812233607
.82162308692932
.81971677144369
.82393791278203
.81903592745463
.81549563010534
.82693354288737
.82257624467214
.81168301900228
.81113833189011
.81794661283493
.81794663270315
.80514705181122
.8231209119161
.81195533275604
.81222766637802
.81454247236252
.8197167913119
.81454249223073
.82434640328089
.81862745682398
.8220315972964
.82448256015778
.80909585952759
.81835512320201
.81304464737574
.80923203627268
.81454249223073
.82625273863475
.82257626454035
.80977668364843
.82625271876653
.81168299913406
.80691721041997
.82135077317556
.81794663270315
.81413400173187
.80882352590561
.83101850748062
.80174291133881
.80473858118057
.81740196545919
.80895970265071
.80814270178477
.82162308692932
.81413400173187
.8148148059845
.83210784196854
.80610020955404
.82107843955358
.82788670063019
.8126361767451
.80936817328135
.82271244128545
.81903592745463
.81930826107661
.81209150950114
.80718954404195
.81045752763748
.81917210419973
.80528322855632
.80514705181122
.81358933448792
.80895970265071
.81100217501322
.81277233362198
.802015264829
.81508711973826
.82053377230962
.80936819314957
.81563178698222
.82216775417328
.80637254317602
.81508715947469
.8054193854332
.80024510622025
.81876359383265
.81726578871409
.80977670351664
.81209150950114
.82584420839945
.81018517414729
.8101851940155
.81277231375376
.80419391393661
.80977668364843
.81753814220428
.80283224582672
.80705336729685
.80364922682444
.79793028036753
.80936819314957
.80991284052531
.80378538370132
.80201524496078
.81644880771637
.83088235060374
.82121459643046
.81522331635157
.82652503252029
.82679738601049
.82598038514455
.82802287737528
.81127452850342
.8135893146197
.82625273863475
.81045752763748
.81712963183721
.82162310679754
.81222766637802
.81903596719106
.82638887564341
.81209150950114
.80664487679799
.83101850748062
.80678103367488
.80392156044642
.81304464737574
.80800654490789
.81386164824168
.8206699291865
.80392156044642
.81427013874054
.81263615687688
.80855119228363
.80555556217829
.8112745086352
.81345315774282
.8137254913648
.82393789291382
.8197167913119
.82107843955358
.80337691307068
.80827887852987
.81358933448792
.82162310679754
.80950435002645
.80610020955404
.81563180685043
.80909585952759
.80596407254537
.82162308692932
.80378538370132
.82121459643046
.82638887564341
.81631265083949
.8135893146197
.82080608606338
.80487471818924
.81821894645691
.81018517414729
.80351306994756
.80637254317602
.81835512320201
.80038126309713
.81672114133835
.81753812233607
.81086601813634
.80269606908162
.81304466724396
.81290849049886
.79997275273005
.82257626454035
.82066994905472
.81331700086594
.81767429908117
.82175926367442
.81181917587916
.81141066551208
.81072986125946
.80337691307068
.80487471818924
.81631265083949
.80051743984222
.80569171905518
.82230391105016
.79983659585317
.80065359671911
.81195533275604
.80392156044642
.80174291133881
.81495098272959
.80024510622025
.80255991220474
.80950436989466
.8032407561938
.80991284052531
.82271242141724
.80610020955404
.81604029734929
.81740194559097
.82216775417328
.81971677144368
.82107841968536
.8043300708135
.82366555929184
.8184912999471
.80283222595851
.80841503540675
.81930826107661
.80773421128591
.81072984139125
.81563182671865
.81631263097127
.81358933448792
.80827887852987
.80596405267715
.81767429908117
.82012528181076
.80950435002645
.80242375532786
.80841503540675
.79684096574783
.79724947611491
.81345315774282
.79044117530187
.79929194847743
.80895970265071
.80528322855632
.80950435002645
.79970043897629
.80092593034109
.802015264829
.80514705181122
.81781045595805
.80964052677155
.80977670351664
.81154682238897
.79711329936981
.79956428209941
.81345315774282
.80364924669266
.8209422826767
.81222766637802
.80215142170588
.81113835175832
.82216777404149
.80909585952759
.80269608894984
.82625273863475
.81781045595805
.80814270178477
.80841501553853
.79724945624669
.8032407561938
.80147057771683
.79847492774328
.79520696401596
.79806645711263
.80296838283539
.79643247524897
.80964052677155
.8031045794487
.80610022942225
.81181917587916
.80269608894984
.81113833189011
.81141066551208
.83224401871363
.80255989233653
.80691721041997
.81154682238897
.80147059758504
.80800654490789
.80732570091883
.80936819314957
.81590414047241
.81045750776927
.80446622769038
.81481482585271
.79901961485545
.80827885866165
.80718956391017
.79561547438304
.79901961485545
.81168301900228
.80596405267715
.80337689320246
.78921568393707
.79357300202052
.80324073632558
.80678105354309
.81481482585271
.80160673459371
.80787036816279
.80650871992111
.80351308981578
.80541940530141
.81209150950114
.81086601813634
.80787036816279
.81072986125946
.79575165112813
.80065359671911
.81862745682398
.81045752763748
.8148148059845
.82625271876653
.81195533275604
.81508715947469
.8135893146197
.80855121215185
.80283224582672
.81508713960648
.80637256304423
.80473856131236
.81059368451436
.8018790880839
.80664487679799
.81209150950114
.79997275273005
.81413400173187
.8148148059845
.79901961485545
.80255991220474
.81917210419973
.81563180685043
.802015264829
.81508713960648
.8126361767451
.80582789580027
.80460238456726
.81740194559097
.80351306994756
.80909585952759
.79221133391062
.81181915601095
.81100217501322
.80351308981578
.82175928354263
.82625271876653
.80950436989466
.83197166522344
.8137254913648
.79806645711263
.80868736902873
.8137254913648
.80160675446192
.81821894645691
.81195535262426
.80283224582672
.81072984139125
.81617647409439
.81958059469859
.80678103367488
.81767429908117
.81753814220428
.80446622769038
.80936819314957
.81059368451436
.81168301900228
.82557189464569
.81508713960648
.80637254317602
.80977670351664
.81903594732285
.80582787593206
.8125
.81454249223073
.81753812233607
.80637254317602
.82693356275558
.8112745086352
.80964050690333
.81372547149658
.80746185779572
.80610020955404
.8195806145668
.79629627863566
.80078975359599
.80623638629913
.79343682527542
.80364922682444
.8123638232549
.80528322855632
.80501089493434
.81086599826813
.79221133391062
.80133442083995
.80255991220474
.79398149251938
.80051743984222
.81604031721751
.8125
.80555554231008
.80133442083995
.81753812233607
.79983659585317
.80732572078705
.80283224582672
.80964052677155
.81440631548564
.8041938940684
.80392156044642
.80827885866165
.81154684225718
.79983661572138
.81113833189011
.80269606908162
.80501089493434
.81209148963292
.8043300708135
.80895968278249
.80868736902873
.82121457656225
.80378540356954
.80773421128591
.81889979044596
.80800652503967
.8125
.80460240443548
.8029684027036
.81154684225718
.83755447467168
.79670480887095
.80610020955404
.80582789580027
.79330064853032
.79997275273005
.81004901727041
.80705338716507
.79752178986867
.81862745682398
.80147059758504
.80555554231008
.80269606908162
.80855119228363
.80460240443548
.81372547149658
.80664487679799
.79861112435659
.81454247236252
.80610022942225
.80827885866165
.80051741997401
.80637254317602
.8031045794487
.80732570091883
.80446622769038
.79997275273005
.81535949309667
.79452615976334
.8054193854332
.81604031721751
.78935186068217
.80201524496078
.79874728123347
.7924836675326
.80324073632558
.81440631548564
.79643245538076
.80160675446192
.80827887852987
.7935729821523
.8054193854332
.81399782498678
.7960239648819
.80678105354309
.80732570091883
.8101851940155
.80174291133881
.80364924669266
.80106210708618
.80038126309713
.80528322855632
.80596407254537
.80569171905518
.80569173892339
.81413398186366
.80038124322891
.80582789580027
.81440631548564
.81345315774282
.80732572078705
.80106208721797
.80637254317602
.79779412349065
.80269606908162
.79575163125992
.8054193854332
.8135893146197
.79561545451482
.80637256304423
.80787038803101
.8065087000529
.80555556217829
.81345315774282
.79289215803146
.79861110448837
.80841501553853
.79616014162699
.80732570091883
.81236384312312
.79384531577428
.79616012175878
.8114106853803
.80024508635203
.80405773719152
.80936819314957
.79547929763794
.80582787593206
.80446622769038
.80160675446192
.80691721041997
.80419391393661
.79752177000046
.79275598128637
.80664489666621
.79629629850388
.79874726136525
.80528322855632
.79997277259827
.8041938940684
.80610020955404
.80773419141769
.80351306994756
.81072986125946
.80092591047287
.80637254317602
.81399780511856
.79234749078751
.78730936845144
.79833879073461
.79561547438304
.79398149251938
.81168301900228
.80868736902873
.80501089493434
.80405773719152
.80133442083995
.79901961485545
.7960239648819
.80977668364843
.80514707167943
.80882352590561
.80950436989466
.80147057771683
.80010892947515
.8101851940155
.80732570091883
.81018517414729
.80855119228363
.79670478900274
.80255991220474
.80718954404195
.79302831490835
.80827885866165
.81753812233607
.79684096574783
.79915577173233
.80936819314957
.80705338716507
.80555556217829
.80895970265071
.79261982440948
.80092591047287
.80514705181122
.79901961485545
.80106208721797
.81427015860875
.79779412349065
.80392158031464
.82529956102371
.80119826396306
.80337689320246
.80337689320246
.79724945624669
.79874726136525
.7958877881368
.79112199942271
.79398147265116
.80895970265071
.7947984735171
.80623638629913
.81263615687688
.8041938940684
.79616014162699
.80555556217829
.79534316062927
.80269606908162
.79806645711263
.80310459931691
.80814270178477
.80610022942225
.8032407561938
.81141066551208
.79956426223119
.80582787593206
.80065357685089
.79970043897629
.80800654490789
.84381808837255
.7843137383461
.82107843955358
.78948799769084
.8112745086352
.81345315774282
.79493463039398
.79901959498723
.80255993207296
.7947984735171
.79752178986867
.79057733217875
.80283224582672
.79153048992157
.8031045794487
.79357300202052
.79956426223119
.80433005094528
.79016884167989
.79112199942271
.8101851940155
.79670478900274
.78921568393707
.80718954404195
.79711329936981
.79112199942271
.80106208721797
.79547929763794
.79901961485545
.79343680540721
.79602394501368
.80092593034108
.80324073632558
.79507080713908
.79643245538076
.81781047582626
.80582789580027
.80310455958049
.80337691307068
.7971132795016
.79030499855677
.81290849049886
.7935729821523
.79411764939626
.81903592745463
.80487471818924
.80324071645737
.80119824409485
.80378540356954
.79929192860921
.80936819314957
.80623638629913
.81249998013179
.81209150950114
.80923203627268
.80160675446192
.80964052677155
.80446622769038
.79438998301824
.80405773719152
.81209150950114
.79861112435659
.81195535262426
.81427013874054
.80324073632558
.80759805440903
.80501089493434
.7937091588974
.80582789580027
.81141066551208
.78894335031509
.80596405267715
.80637256304423
.79697712262472
.80977668364843
.81358933448792
.80964050690333
.80895970265071
.80895968278249
.80092591047287
.80174291133881
.82039759556452
.7947984735171
.81794663270315
.8041938940684
.79684094587962
.80174293120702
.81862745682398
.80650871992111
.81100217501322
.81290849049886
.8054193854332
.81971677144368
.81726578871409
.80895968278249
.81100217501322
.81644880771637
.80296842257182
.81113833189011
.8242102265358
.81985294818878
.80678103367488
.80909583965937
.80610020955404
.79915577173233
.80514705181122
.80147059758504
.80691721041997
.80868736902873
.80664489666621
.81590416034063
.80909585952759
.80351306994756
.80324073632558
.81413398186366
.80936819314957
.80405775705973
.80596405267715
.79289215803146
.80555556217829
.80732570091883
.81331700086594
.80378538370132
.80569171905518
.81576796372732
.80936821301778
.80501089493434
.80392158031464
.80800652503967
.80269606908162
.80827885866165
.79289213816325
.80596405267715
.80269608894984
.79684094587962
.80038124322891
.80555556217829
.79384531577428
.80473856131236
.80569173892339
.80610022942225
.80392156044642
.81413398186366
.80351308981578
.81535949309667
.81318082412084
.80010892947515
.80024508635203
.8103213707606
.7947984735171
.80119826396306
.80718954404195
.79752178986867
.80691723028819
.79833879073461
.79765796661377
.80460240443548
.82094226280848
.80555556217829
.80283224582672
.80242375532786
.80895970265071
.80201524496078
.80814270178477
.79983657598495
.80637254317602
.81100215514501
.80868734916051
.80364924669266
.80473856131236
.80242375532786
.8018790880839
.81086601813634
.80106208721797
.79820261398951
.80923203627268
.80364922682444
.79956426223119
.80732572078705
.80514705181122
.81903594732285
.81386164824168
.81113835175832
.81576796372732
.81168301900228
.81930828094482
.80242375532786
.81154684225718
.82516338427862
.81032135089238
.80855119228363
.81345315774282
.80678103367488
.80514705181122
.80664487679799
.79575163125992
.80800654490789
.80283224582672
.8041938940684
.80378538370132
.81113833189011
.79983661572138
.80215142170588
.79956426223119
.79874730110168
.8018790880839
.80773423115412
.78622003396352
.8031045794487
.80392156044642
.79561545451482
.80160673459371
.80855119228363
.79398149251938
.79057735204697
.79616012175878
.79534312089284
.79084966580073
.79942812522252
.79752177000046
.79820263385773
.80351306994756
.7937091588974
.79575163125992
.80078975359599
.79125815629959
.80051743984222
.79983661572138
.78499456246694
.79112197955449
.79874726136525
.78240742286046
.79711329936981
.80501089493434
.78758170207342
.79670478900274
.79670478900274
.78254355986913
.794662296772
.79275600115458
.81018517414729
.79302833477656
.79547929763794
.80337689320246
.78744554519653
.78172657887141
.79248364766439
.78894335031509
.80950433015823
.80228755871455
.80215142170588
.79398147265116
.8029684027036
.79670478900274
.79983659585317
.79139433304469
.79084968566895
.79234749078751
.78867101669312
.78444989522298
.79153050978978
.78907952706019
.77995642026265
.78104575475057
.79602398475011
.78227124611537
.78948799769084
.78363291422526
.77546296517054
.78390522797902
.76960784196854
.75748910506566
.76497821013133
.77927559614182
.75571894645691
.76348040501277
.76334422826767
.75081700086594
.74251089493434
.76674836874008
.74632350603739
.73965142170588
.74468954404195
.73720041910807
.73379629850388
.7310729821523
.7147331237793
.70928649107615
.71759257713954
.70166122913361
.69839324553808
.71391614278158
.67987471818924
.67211329936981
.67075163125992
.65972222884496
.66353483994802
.6508714556694
.63167210419973
.62677015860875
.60471131404241
.57107841968536
.6520969470342
0
0
0
0
0
0
0
0
0
0
0
0
0
0
0
0
0
0
0
0
0
0
0
0
0
0
0
0
0
0
0
0
0
0
0
0
0
0
0
0
0
0
0
0
0
0
0
0
0
0
0
0
0
0
0
0
0
0
0
0
0
0
0
0
0
0
0
0
0
0
0
0
0
0
0
0
0
0
0
0
0
0
0
0
0
0
0
0
0
0
0
0
0
0
0
0
0
0
0
0
0
0
0
0
0
0
0
0
0
0
0
0
0
0
0
0
0
0
0
0
0
0
0
0
0
0
0
0
0
0
0
0
0
0
0
0
0
0
0
0
0
0
0
0
0
0
0
0
0
0
0
0
0
0
0
0
0
0
0
0
0
0
0
0
0
0
0
0
0
0
0
0
0
0
0
0
0
0
0
0
0
0
0
0
0
0
0
0
0
0
0
0
0
0
0
0
0
0
0
0
0
0
0
0
0
0
0
0
0
0
0
0
0
0
0
0
0
0
0
0
0
0
0
0
0
0
0
0
0
0
0
0
0
0
0
0
0
0
0
0
0
0
0
0
0
0
0
0
0
0
0
0
0
0
0
0
0
0
0
0
0
0
0
0
0
0
0
0
0
0
0
0
0
0
0
0
0
0
0
0
0
0
0
0
0
0
0
0
0
0
0
0
0
0
0
0
0
0
0
0
0
0
0
0
0
0
0
0
0
0
0
0
0
0
0
0
0
0
0
0
0
0
0
0
0
0
0
0
0
0
0
0
0
0
0
0
0
0
0
0
0
0
0
0
0
0
0
0
0
0
0
0
0
0
0
0
0
0
0
0
0
0
0
0
0
0
0
0
0
0
0
0
0
0
0
0
0
0
0
0
0
0
0
0
0
0
0
0
0
0
0
0
0
0
0
0
0
0
0
0
0
0
0
0
0
0
0
0
0
0
0
0
0
0
0
0
0
0
0
0
0
0
0
0
0
0
0
0
0
0
0
0
0
0
0
0
0
0
0
0
0
0
0
0
0
0
0
0
0
0
0
0
0
0
0
0
0
0
0
0
0
0
0
0
0
0
0
0
0
0
0
0
0
0
0
0
0
0
0
0
0
0
0
0
0
0
0
0
0
0
0
0
0
0
0
0
0
0
0
0
0
0
0
0
0
0
0
0
0
0
0
0
0
0
0
0
0
0
0
0
0
0
0
0
0
0
0
0
0
0
0
0
0
0
0
0
0
0
0
0
0
0
0
0
0
0
0
0
0
0
0
0
0
0
0
0
0
0
0
0
0
0
0
0
0
0
0
0
0
0
0
0
0
0
0
0
0
0
0
0
0
0
0
0
0
0
0
0
0
0
0
0
0
0
0
0
0
0
0
0
0
0
0
0
0
0
0
0
0
0
0
0
0
0
0
0
0
0
0
0
0
0
0
0
0
0
0
0
0
0
0
0
0
0
0
0
0
0
0
0
0
0
0
0
0
0
0
0
0
0
0
0
0
0
0
0
0
0
0
0
0
0
0
0
0
0
0
0
0
0
0
0
0
0
0
0
0
0
0
0
0
0
0
0
0
0
0
0
0
0
0
0
0
0
0
0
0
0
0
0
0
0
0
0
0
0
0
0
0
0
0
0
0
0
0
0
0
0
0
0
0
0
0
0
0
0
0
0
0
0
0
0
0
0
0
0
0
0
0
0
0
0
0
0
0
0
0
0
0
0
0
0
0
0
0
0
0
0
0
0
0
0
0
0
0
0
0
0
0
0
0
0
0
0
0
0
0
0
0
0
0
0
0
0
0
0
0
0
0
0
0
0
0
0
0
0
0
0
0
0
0
0
0
0
0
0
0
0
0
0
0
0
0
0
0
0
0
0
0
0
0
0
0
0
0
0
0
0
0
0
0
0
0
0
0
0
0
0
0
0
0
0
0
0
0
0
0
0
0
0
0
0
0
0
0
0
0
0
0
0
0
0
0
0
0
0
0
0
0
0
0
0
0
0
0
0
0
0
0
0
0
0
0
0
0
0
0
0
0
0
0
0
0
0
0
0
0
0
0
0
0
0
0
0
0
0
0
0
0
0
0
0
0
0
0
0
0
0
0
0
0
0
0
0
0
0
0
0
0
0
0
0
0
0
0
0
0
0
0
0
0
0
0
0
0
0
0
0
0
0
0
0
0
0
0
0
0
0
0
0
0
0
0
0
0
0
0
0
0
0
0
0
0
0
0
0
0
0
0
0
0
0
0
0
0
0
0
0
0
0
0
0
0
0
0
0
0
0
0
0
0
0
0
0
0
0
0
0
0
0
0
0
0
0
0
0
0
0
0
0
0
0
0
0
0
0
0
0
0
0
0
0
0
0
0
0
0
0
0
0
0
0
0
0
0
0
0
0
0
0
0
0
0
0
0
0
0
0
0
0
0
0
0
0
0
0
0
0
0
0
0
0
0
0
0
0
0
0
0
0
0
0
0
0
0
0
0
0
0
0
0
0
0
0
0
0
0
0
0
0
0
0
0
0
0
0
0
0
0
0
0
0
0
0
0
0
0
0
0
0
0
0
0
0
0
0
0
0
0
0
0
0
0
0
0
0
0
0
0
0
0
0
0
0
0
0
0
0
0
0
0
0
0
0
0
0
0
0
0
0
0
0
0
0
0
0
0
0
0
0
0
0
0
0
0
0
0
0
0
0
0
0
0
0
0
0
0
0
0
0
0
0
0
0
0
0
0
0
0
0
0
0
0
0
0
0
0
0
0
0
0
0
0
0
0
0
0
0
0
0
0
0
0
0
0
0
0
0
0
0
0
0
0
0
0
0
0
0
0
0
0
0
0
0
0
0
0
0
0
0
0
0
0
0
0
0
0
0
0
0
0
0
0
0
0
0
0
0
0
0
0
0
0
0
0
0
0
0
0
0
0
0
0
0
0
0
0
0
0
0
0
0
0
0
0
0
0
0
0
0
0
0
0
0
0
0
0
0
0
0
0
0
0
0
0
0
0
0
0
0
0
0
0
0
0
0
0
0
0
0
0
0
0
0
0
0
0
0
0
0
0
0
0
0
0
0
0
0
0
0
0
0
0
0
0
0
0
0
0
0
0
0
0
0
0
0
0
0
0
0
0
0
0
0
0
0
0
0
0
0
0
0
0
0
0
0
0
0
0
0
0
0
0
0
0
0
0
0
0
0
0
0
0
0
0
0
0
0
0
0
0
0
0
0
0
0
0
0
0
0
0
0
0
0
0
0
0
0
0
0
0
0
0
0
0
0
0
0
0
0
0
0
0
0
0
0
0
0
0
0
0
0
0
0
0
0
0
0
0
0
0
0
0
0
0
0
0
0
0
0
0
0
0
0
0
0
0
0
0
0
0
0
0
0
0
0
0
0
0
0
0
0
0
0
0
0
0
0
0
0
0
0
0
0
0
0
0
0
0
0
0
0
0
0
0
0
0
0
0
0
0
0
0
0
0
0
0
0
0
0
0
0
0
0
0
0
0
0
0
0
0
0
0
0
0
0
0
0
0
0
0
0
0
0
0
0
0
0
0
0
0
0
0
0
0
0
0
0
0
0
0
0
0
0
0
0
0
0
0
0
0
0
0
0
0
0
0
0
0
0
0
0
0
0
0
0
0
0
0
0
0
0
0
0
0
0
0
0
0
0
0
0
0
0
0
0
0
0
0
0
0
0
0
0
0
0
0
0
0
0
0
0
0
0
0
0
0
0
0
0
0
0
0
0
0
0
0
0
0
0
0
0
0
0
0
0
0
0
0
0
0
0
0
0
0
0
0
0
0
0
0
0
0
0
0
0
0
0
0
0
0
0
0
0
0
0
0
0
0
0
0
0
0
0
0
0
0
0
0
0
0
0
0
0
0
0
0
0
0
0
0
0
0
0
0
0
0
0
0
0
0
0
0
0
0
0
0
0
0
0
0
0
0
0
0
0
0
0
0
0
0
0
0
0
0
0
0
0
0
0
0
0
0
0
0
0
0
0
0
0
0
0
0
0
0
0
0
0
0
0
0
0
0
0
0
0
0
0
0
0
0
0
0
0
0
0
0
0
0
0
0
0
0
0
0
0
0
0
0
0
0
0
0
0
0
0
0
0
0
0
0
0
0
0
0
0
0
0
0
0
0
0
0
0
0
0
0
0
0
0
0
0
0
0
0
0
0
0
0
0
0
0
0
0
0
0
0
0
0
0
0
0
0
0
0
0
0
0
0
0
0
0
0
0
0
0
0
0
0
0
0
0
0
0
0
0
0
0
0
0
0
0
0
0
0
0
0
0
0
0
0
0
0
0
0
0
0
0
0
0
0
0
0
0
0
0
0
0
0
0
0
0
0
0
0
0
0
0
0
0
0
0
0
0
0
0
0
0
0
0
0
0
0
0
0
0
0
0
0
0
0
0
0
0
0
0
0
0
0
0
0
0
0
0
0
0
0
0
0
0
0
0
0
0
0
0
0
0
0
0
0
0
0
0
0
0
0
0
0
0
0
0
0
0
0
0
0
0
0
0
0
0
0
0
0
0
0
0
0
0
0
0
0
0
0
0
0
0
0
0
0
0
0
0
0
0
0
0
0
0
0
0
0
0
0
0
0
0
0
0
0
0
0
0
0
0
0
0
0
0
0
0
0
0
0
0
