.80473856131236
.78581152359645
.79847494761149
.8029684027036
.79724943637848
.79779410362244
.8043300708135
.79316449165344
.79398147265116
.80160675446192
.79684096574783
.80392156044642
.80718954404195
.80051743984222
.80092593034108
.81100217501322
.79888343811035
.79901961485545
.81181915601095
.80351306994756
.8054193854332
.80923203627268
.79561545451482
.8054193854332
.80895970265071
.80378540356954
.7971132795016
.80787036816279
.8289760351181
.81821896632512
.80433005094528
.79752177000046
.78948801755905
.80038126309713
.80555554231008
.81113835175832
.79942810535431
.80555554231008
.79874726136525
.79316447178523
.79997275273005
.79779412349065
.80841503540675
.80800654490789
.79547929763794
.80460240443548
.81072984139125
.8031045794487
.81072986125946
.80882354577382
.79670480887095
.80324073632558
.80909585952759
.79438998301824
.80242373545965
.80446622769038
.7924836675326
.79357300202052
.80487471818924
.79738561312358
.80283224582672
.80446622769038
.79983659585317
.80964052677155
.81617647409439
.80310455958049
.80950435002645
.81876361370087
.79398149251938
.80841503540675
.79833879073461
.80473856131236
.79616012175878
.81658496459325
.79942812522252
.80324073632558
.81304466724396
.80051741997401
.81004903713862
.81277233362198
.80065359671911
.8041938940684
.80514705181122
.79030499855677
.79806643724442
.81195533275604
.80460240443548
.79153048992157
.80351306994756
.79616012175878
.79384531577428
.80419391393661
.79398147265116
.80337691307068
.80923203627268
.80024508635203
.80065359671911
.79316447178523
.80800652503967
.78839870293935
.79030499855677
.81141066551208
.79398149251938
.79452613989512
.8174019853274
.79970041910807
.80405773719152
.80827883879344
.79874728123347
.80147059758504
.80310455958049
.80596403280894
.81100217501322
.81277233362198
.79983659585317
.80092593034108
.80555556217829
.79915577173233
.8065087000529
.80950435002645
.80228755871455
.80964050690333
.80569171905518
.7924836675326
.79302829504013
.80664487679799
.78989650805791
.79752177000046
.80119824409485
.78281589349111
.79752178986867
.79901961485545
.78730936845144
.79207517703374
.80051743984222
.78799019257228
.79888345797857
.80337691307068
.7937091588974
.7958877881368
.80895970265071
.80228757858276
.79452615976334
.80841503540675
.79616012175878
.80228759845098
.80351306994756
.80637254317602
.7926198442777
.80814270178477
.80133442083995
.80078975359599
.80623638629913
.79575163125992
.79684094587962
.80895968278249
.82012528181076
.80092591047287
.8063725233078
.80814268191655
.80215142170588
.8018790880839
.79643245538076
.78799021244049
.79016884167989
.80147057771683
.79057733217875
.7958877881368
.80364924669266
.80133444070816
.79888345797857
.80691721041997
.79479845364889
.80705336729685
.79983661572138
.79330066839854
.7935729821523
.80582787593206
.78703703482946
.79003270467122
.79820261398951
.79221133391062
.79180284341176
.79724945624669
.78921568393707
.80133442083995
.79847494761149
.79221131404241
.79275600115458
.80610020955404
.79098584254583
.81427015860875
.79793026049932
.80147059758504
.79806643724442
.80010892947515
.80024508635203
.79670478900274
.80936819314957
.8123638232549
.79670478900274
.80446622769038
.80215140183767
.80814270178477
.80433005094528
.80065359671911
.80936819314957
.81100217501322
.79547931750615
.80610022942225
.80895970265071
.80814270178477
.80473856131236
.80950436989466
.7971132795016
.80106210708618
.79888343811035
.80814268191655
.80364922682444
.80569171905518
.81195533275604
.80106208721797
.79915577173233
.80296842257182
.79398149251938
.80324073632558
.80923203627268
.81086601813634
.80460240443548
.81672114133835
.80446622769038
.80678103367488
.80555554231008
.79983661572138
.80324073632558
.8090958793958
.80228757858276
.80555556217829
.80419391393661
.79670478900274
.81072984139125
.81304464737574
.80378540356954
.80487471818924
.80582789580027
.8018790880839
.8029684027036
.81100219488144
.80473858118057
.80215142170588
.8112745086352
.79970043897629
.80051741997401
.81290849049886
.79411766926448
.80324073632558
.80582787593206
.79370913902919
.80160675446192
.81263615687688
.7957516113917
.80637256304423
.80950436989466
.80718954404195
.79765794674555
.81195533275604
.79861112435659
.79044117530187
.80255993207296
.7935729821523
.80364924669266
.80895970265071
.7958877881368
.80242375532786
.80147059758504
.79193900028865
.80119826396306
.80882352590561
.80800652503967
.79616012175878
.79970041910807
.81985292832057
.80446620782216
.80827885866165
.81086599826813
.80991286039352
.80228757858276
.8220315972964
.79398147265116
.80119826396306
.80827885866165
.8031045794487
.80283222595851
.81086601813634
.80623638629913
.80800654490789
.81345315774282
.81399782498678
.80174289147059
.80637254317602
.79833879073461
.80201524496078
.80637256304423
.79670476913452
.80392158031464
.8137254913648
.79888343811035
.80119824409485
.80827885866165
.80010894934336
.80378540356954
.80759803454081
.79616012175878
.79507080713908
.81195533275604
.80337689320246
.80841503540675
.8125
.79616012175878
.79752178986867
.80827887852987
.79520696401596
.7958877881368
.80718954404195
.79221131404241
.80569173892339
.81032135089238
.79643247524897
.80460240443548
.81903594732285
.79656861225764
.79765794674555
.8041938940684
.79384531577428
.79438996315002
.80827885866165
.78907950719198
.79861110448837
.80773421128591
.80569173892339
.80759803454081
.81781045595805
.81658496459325
.80269606908162
.80487473805745
.81263615687688
.80991286039352
.80038126309713
.81590414047241
.80664487679799
.81386164824168
.81154684225718
.81018517414729
.80923201640447
.82148693005244
.802015264829
.80718954404195
.81563180685043
.7971132795016
.80705336729685
.81903594732285
.80555554231008
.80582789580027
.80569171905518
.79561547438304
.7935729821523
.80473856131236
.79520696401596
.80923201640447
.80555554231008
.80065359671911
.81113833189011
.80814270178477
.80977668364843
.79847494761149
.80964052677155
.80310455958049
.8054193854332
.81209150950114
.79915577173233
.80514707167943
.79915577173233
.80160677433014
.80460240443548
.80487471818924
.79779412349065
.80555556217829
.81045752763748
.80228757858276
.81222766637802
.80610020955404
.80201524496078
.79724945624669
.80487473805745
.79575163125992
.80378540356954
.80855119228363
.78853485981623
.79847494761149
.79738561312358
.80882352590561
.79289213816325
.80895970265071
.81113833189011
.80228757858276
.80487471818924
.80923201640447
.80718956391017
.80351306994756
.80405773719152
.78989650805791
.79112199942271
.80501089493434
.79970043897629
.79888343811035
.80460238456726
.80160675446192
.79983659585317
.81072984139125
.8007897734642
.81154684225718
.81100215514501
.80501091480255
.80351306994756
.81345315774282
.80392156044642
.81004901727041
.82570807139079
.80623638629913
.8126361767451
.80705336729685
.79643247524897
.79997275273005
.80950435002645
.80065359671911
.80637254317602
.81876361370087
.80814270178477
.80324073632558
.81032135089238
.79016884167989
.80201524496078
.80923201640447
.8043300708135
.80065357685089
.80324073632558
.79901961485545
.81617647409439
.81535949309667
.80855119228363
.79765796661377
.80964052677155
.79929192860921
.8043300708135
.81386164824168
.79874728123347
.80855121215185
.81045750776927
.79016886154811
.79874726136525
.79261980454127
.81127448876699
.79302831490835
.8123638232549
.81821894645691
.80678103367488
.80133442083995
.80787036816279
.80773419141769
.7960239648819
.80242375532786
.79942810535431
.80092593034108
.80038126309713
.79452615976334
.79697712262472
.79888345797857
.80596405267715
.80242373545965
.80691721041997
.80147057771683
.8112745086352
.80732570091883
.81277233362198
.79847494761149
.80923203627268
.79901959498723
.81195535262426
.80718954404195
.80623638629913
.8041938940684
.81522331635157
.80514705181122
.80841505527496
.82352942228317
.80800652503967
.79575163125992
.81617647409439
.79833879073461
.80909585952759
.81440633535385
.81127448876699
.80678103367488
.8126361767451
.79861110448837
.81467864910762
.80119824409485
.79343682527542
.80610020955404
.81318084398905
.80596407254537
.80337691307068
.80637256304423
.80433005094528
.81059366464615
.81304466724396
.80460240443548
.79547931750615
.81726580858231
.8125
.80378540356954
.81004901727041
.81794663270315
.80092591047287
.81236384312312
.81318082412084
.80378538370132
.81372547149658
.84136708577474
.82747822999954
.81386164824168
.80977668364843
.80977668364843
.80746185779572
.80977670351664
.80596403280894
.79738563299179
.80610022942225
.79697712262472
.80936819314957
.81440633535385
.80705336729685
.81726580858231
.8125
.80582787593206
.80964050690333
.80936819314957
.8043300708135
.80269606908162
.81168299913406
.8112745086352
.80337691307068
.81290851036708
.8135893146197
.81440633535385
.81495098272959
.80296842257182
.80895970265071
.82448258002599
.81154684225718
.80255991220474
.81930830081304
.80991286039352
.80787038803101
.80596405267715
.79697714249293
.79125815629959
.81277231375376
.79438996315002
.8029684027036
.82666122913361
.83714596430461
.80446622769038
.80378538370132
.79588780800501
.80528322855632
.80991286039352
.79493463039398
.80051743984222
.81835512320201
.80909585952759
.81277233362198
.79643247524897
.80324073632558
.80610020955404
.80364924669266
.8114106853803
.80378540356954
.81195535262426
.81249998013179
.81209150950114
.80827885866165
.81331698099772
.80800654490789
.80950435002645
.81481482585271
.80228759845098
.81699345509211
.81767427921295
.81127452850342
.80950436989466
.81154684225718
.79833879073461
.80433005094528
.81699347496033
.80732572078705
.81331698099772
.81386164824168
.80201524496078
.81331698099772
.81658496459325
.81849128007889
.81168299913406
.8208061059316
.80650871992111
.81903596719106
.81454249223073
.8137254913648
.81617645422618
.82638889551163
.80950436989466
.81113835175832
.82434638341268
.80337691307068
.81345317761103
.81685727834702
.81100217501322
.81617647409439
.80569171905518
.79806643724442
.80664487679799
.81086601813634
.79561545451482
.81018517414729
.81113833189011
.80773421128591
.81331698099772
.81440631548564
.80460238456726
.79983659585317
.8125
.80678103367488
.80623638629913
.80378540356954
.80718954404195
.81549563010534
.81631265083949
.83769063154856
.81563182671865
.82135075330734
.82883987824122
.81889977057775
.8159041206042
.82584422826767
.81195533275604
.82380173603694
.81781045595805
.8135893146197
.8126361767451
.81726578871409
.81113833189011
.81563180685043
.81821894645691
.81631263097127
.81304466724396
.81467864910762
.81086599826813
.80732572078705
.81767429908117
.80610020955404
.81767427921295
.81209150950114
.81318084398905
.81467864910762
.81399782498678
.80215142170588
.80637254317602
.81127452850342
.80582789580027
.81018517414729
.8137254913648
.80882350603739
.81386166810989
.82121461629868
.80678103367488
.82012526194255
.81440631548564
.81059368451436
.81045752763748
.81644880771637
.80964050690333
.80746187766393
.81712963183721
.81427015860875
.81236384312312
.82026143868764
.80787038803101
.81944443782171
.82598038514455
.82148693005244
.81917212406794
.82257626454035
.80269606908162
.8101851940155
.81522331635157
.8291122118632
.81222766637802
.81222766637802
.8314270178477
.81209148963292
.83088235060374
.82203157742818
.82107843955358
.81821896632512
.81712961196899
.81876361370087
.81413400173187
.81712963183721
.8125
.81059366464615
.81685731808345
.8114106853803
.81658498446147
.81386164824168
.81876359383265
.81413398186366
.82230393091838
.82284857829412
.82189544041952
.82380173603694
.81930828094482
.81522331635157
.81685729821523
.81712961196899
.81522331635157
.83169933160146
.82380175590515
.82135075330734
.82543571790059
.80950435002645
.8184912999471
.82107841968536
.81508713960648
.8125
.8242102265358
.81427015860875
.81712963183721
.81903594732285
.81930828094482
.82502724726995
.82298475503922
.8148148059845
.82107843955358
.82938454548518
.8101851940155
.81331700086594
.82162308692932
.8231209119161
.81903596719106
.81958059469859
.81794663270315
.80650871992111
.82761436700821
.81658496459325
.82121459643046
.81413396199544
.83306097984314
.82461873690287
.82148693005244
.82421024640401
.81072986125946
.81454247236252
.83306101957957
.81753812233607
.82325706879298
.83374182383219
.8220315972964
.82461875677109
.83646516005198
.8218954205513
.830337703228
.82883987824122
.82230393091838
.82407406965892
.84667754173279
.83483115832011
.84531589349111
.85566449165344
.84286491076152
.84763073921204
.86846405267715
.84926470120748
.8477668762207
.86546842257182
.86696622769038
.86288128296534
.86260892947515
.8583877881368
.8690087000529
.88112745682398
.87418299913406
.87826798359553
.89188454548518
.87962963183721
.89011436700821
.90618189175924
.88575708866119
.90127996603648
.91094772020976
.90563724438349
.91707515716553
.92279412349065
.91299019257228
.92851308981578
.93205338716507
.91911766926448
.92892156044642
.93273421128591
.94035947322845
.94648693005244
.95601850748062
.94512526194255
.965822438399
.96541392803192
.97385621070862
.96391612291336
.97862201929092
.9832516113917
.9718137383461
.98188998301824
1.0013616879781
.98747277259827
1.0038126309713
1.0149782101313
.99918297926585
1.0001361568769
1.0223311583201
1.0016339818637
1.0136165420214
1.0164760549863
1.0174291928609
1.0106209119161
1.0168844858805
1.0438453356425
1.0260076522827
1.0284586350123
1.0197440385818
1.0291394392649
1.0246459643046
1.0261437892914
1.0408496459325
1.0435729821523
1.0255991220474
1.0442537864049
1.0333605607351
1.0279139677684
1.0276415745417
1.0324074029922
1.0298202435176
1.0333605607351
1.0396242141724
1.0287309090296
1.0275054375331
1.0349945624669
1.0276416142782
1.036356250445
1.0343137184779
1.0211056470871
1.0243736505508
1.0351306994756
1.0334967374802
1.0383987029394
1.0281863212585
1.0140250921249
1.0078975955645
1.0241012970606
1.017565369606
1.0140250523885
1.0208333333333
1.016339858373
1.0212418238322
1.0359477202098
1.0111655791601
1.0096677939097
1.0206971565882
1.0213780005773
1.0205609798431
1.0219226678212
1.0145697395007
1.0016339818637
1.0089869101842
1.0194716453552
1.0171568791072
1.0068082809448
1.0104847749074
1.0038126508395
1.015795191129
1.0160675446192
1.0032679637273
1.0006808439891
1.0085784594218
1.0005446871122
1.0063997705777
1.0034041404724
.99360022942225
1.0021786292394
1.007080634435
1.0068082809448
.99768517414729
1.0006808241208
.9989106853803
1.00953155756
1.0119825998942
1.0035403172175
.99196622769038
.99564272165298
.99605119228363
1.0013616681099
1.0089869300524
1.0028594732285
.99972766637802
1.0072168111801
.99332789580027
.99128540356954
.99659585952759
.99264705181122
.98366014162699
.99400871992111
.99645966291428
.99850215514501
.98978759845098
.99183005094528
.99101306994756
.99278322855632
.98406863212585
.98093682527542
.97903048992157
.96840957800547
.97739650805791
.98461329936981
.9647331237793
.97372003396352
.9739923675855
.96323531866074
.96391612291336
.96732026338577
.95683550834656
.95806101957957
.96555010477702
.95315903425217
.93913398186366
.94117647409439
.93491284052531
.92551741997401
.93436819314957
.92497277259827
.92252177000046
.92116014162699
.92361110448837
.92647059758504
.91680282354355
.91721131404241
.90904140472412
.91053920984268
.90509257713954
.89692266782125
.89079523086548
.88643791278203
.8820806145668
.88902505238851
.8927015264829
.88371461629868
.9020969470342
.88521244128545
.86996185779572
.87350217501322
.8654684027036
.87581700086594
.87391066551208
.87050652503967
.86192810535431
.85906863212585
.86628540356954
.86165577173233
.85770698388418
.86601308981578
.85879629850388
.84708607196808
.86124728123347
.85416666666667
.84626907110214
.84926472107569
.84517971674601
.84967319170634
.86179194847743
.84395426511765
.8502178589503
.84409042199453
.84831154346466
.85348584254583
.84449891249339
.83551198244095
.85171570380529
.84354573488235
.83415033419927
.84912856419881
.83741829792658
.82870370149612
.84136710564295
.84749454259872
.84844770034154
.83605664968491
.8372821410497
.83469500144323
.8372821410497
.83387800057729
.84055010477702
.82883987824122
.83020154635112
.84000543753306
.84422657887141
.82992921272914
.84667754173279
.82244008779526
.82911219199498
.8372821410497
.84027777115504
.84123092889786
.84136710564295
.83469498157501
.83047386010488
.8325163324674
.8231209119161
.8291122118632
.82883985837301
.82611654202143
.83265252908071
.82802287737528
.82625271876653
.83346949021022
.84150328238805
.82638887564341
.83074617385864
.84204792976379
.83047386010488
.82652507225672
.83129086097082
.82734203338623
.82638889551163
.83510349194209
.82121459643046
.83292482296626
.840822438399
.83088235060374
.81862745682398
.82026143868764
.82434640328089
.81576796372732
.8372821410497
.81481482585271
.80678105354309
.82720589637756
.8137254913648
.82788670063019
.83292484283447
.81304466724396
.84041394790014
.83415033419927
.82502722740173
.8195806145668
.82543571790059
.82815903425217
.82352942228317
.82094226280848
.83047386010488
.8278867204984
.83415031433105
.83632898330688
.81862743695577
.81767429908117
.8252995411555
.81944445768992
.81644880771637
.82584422826767
.81903594732285
.81345315774282
.82489107052485
.81930828094482
.81944445768992
.82053377230962
.81876363356908
.81985294818878
.82734205325445
.81318082412084
.81277233362198
.82012528181076
.80705336729685
.81889977057775
.83673747380575
.82352942228317
.82557189464569
.82244008779526
.81535947322845
.81672114133835
.82720587650935
.81889979044596
.82026143868764
.8217592438062
.81440631548564
.81576796372732
.82257626454035
.81495098272959
.82121459643046
.8312908411026
.81399782498678
.81576796372732
.82203157742818
.81427013874054
.82761438687642
.82802287737528
.81345317761103
.81331700086594
.82189544041952
.82039759556452
.81998910506566
.8231209119161
.81045750776927
.81495098272959
.82352942228317
.82380175590515
.81181917587916
.81522331635157
.8220315972964
.82094226280848
.8217592438062
.82543571790059
.81958059469859
.81399784485499
.82720589637756
.80868736902873
.81576796372732
.82148694992065
.81835512320201
.82175926367442
.82856752475103
.81862745682398
.81726578871409
.81195533275604
.81386164824168
.81985292832057
.82339324553808
.81386166810989
.82693354288737
.8112745086352
.82012528181076
.81576796372732
.82598038514455
.81331698099772
.81781045595805
.81563180685043
.80732570091883
.81372547149658
.81971677144368
.80010890960693
.81250001986821
.81454249223073
.79915577173233
.81086601813634
.81345315774282
.80119824409485
.81563180685043
.81835512320201
.80882354577382
.81508715947469
.81413398186366
.80991286039352
.82012528181076
.81808278958003
.80310455958048
.82135075330734
.82257624467214
.80555556217829
.80814268191655
.81481482585271
.80119826396306
.80228757858276
.81032135089238
.80637254317602
.81127452850342
.81563180685043
.81794661283493
.81726578871409
.81399782498678
.81944443782171
.81740196545919
.81590414047241
.82734205325445
.81032133102417
.80705336729685
.82053377230962
.81072984139125
.82393791278203
.82039759556452
.80895968278249
.81604029734929
.81454249223073
.8137254913648
.82257624467214
.82502720753352
.82652503252029
.82271244128545
.82652505238851
.82039761543274
.81304466724396
.82053377230962
.8231209119161
.82489107052485
.84980936845144
.82162310679754
.81127452850342
.81726580858231
.81835512320201
.81168301900228
.80882352590561
.80337689320246
.81617647409439
.82638889551163
.80038126309713
.80623636643092
.82516340414683
.79847494761149
.80596405267715
.79915577173233
.80827885866165
.79888343811035
.81318082412084
.80827887852987
.81440631548564
.82461875677109
.80092591047287
.80991284052531
.80610022942225
.80024510622025
.80010892947515
.80664489666621
.81209148963292
.79724945624669
.81304466724396
.79929192860921
.80392156044642
.80569171905518
.80160673459371
.80269606908162
.80678103367488
.80991284052531
.80773419141769
.80718954404195
.8148148059845
.81440631548564
.81358933448792
.81617647409439
.8148148059845
.81059368451436
.82843136787415
.8052832086881
.81100217501322
.81712963183721
.81168299913406
.81644880771637
.81563180685043
.80419387420018
.81318084398905
.80895970265071
.8123638232549
.80855119228363
.81930828094482
.81195533275604
.81495098272959
.81535947322845
.81181917587916
.81467864910762
.81781043608983
.80364922682444
.80868734916051
.82380173603694
.81100217501322
.81672112147013
.81821894645691
.81113835175832
.81127452850342
.82475491364797
.80623638629913
.81522331635157
.80678105354309
.80637256304423
.80310455958049
.81100217501322
.80473856131236
.80814272165298
.81481482585271
.80814270178477
.79915577173233
.80569171905518
.81508713960648
.81209150950114
.82570807139079
.8029684027036
.79806645711263
.80147059758504
.79166668653488
.79888343811035
.80528322855632
.80773421128591
.80255991220474
.80773419141769
.81209148963292
.80378540356954
.81563180685043
.81944443782171
.81222766637802
.81222766637802
.8195806145668
.81086599826813
.80678105354309
.81712961196899
.80582787593206
.81454249223073
.81767429908117
.8184912999471
.81249998013179
.81794663270315
.80460238456726
.81141066551208
.80868736902873
.80882350603739
.81236384312312
.81181917587916
.80446620782216
.80555554231008
.81386166810989
.81522331635157
.81072984139125
.81944443782171
.80977668364843
.80882352590561
.81222766637802
.79684094587962
.80855119228363
.81508713960648
.80678105354309
.80351306994756
.80964052677155
.81358933448792
.81658494472504
.81998910506566
.80555556217829
.80773419141769
.80269606908162
.80106210708618
.79997277259827
.81644880771637
.80160675446192
.80065357685089
.81168299913406
.7926198442777
.81168301900228
.8137254913648
.80487473805745
.8007897734642
.80378540356954
.80133442083995
.79752178986867
.81821896632512
.80855121215185
.80759803454081
.80296842257182
.81454249223073
.802015264829
.80841501553853
.81222768624624
.79507080713908
.81113833189011
.81154684225718
.80637254317602
.7971132795016
.80895968278249
.80024508635203
.81331698099772
.81113835175832
.80147057771683
.80555556217829
.81440631548564
.79942810535431
.80201524496078
.81045750776927
.80827885866165
.79425380627314
.80827887852987
.81154684225718
.80637254317602
.80841503540675
.80895968278249
.80841503540675
.80705336729685
.8123638232549
.79438998301824
.81563180685043
.79901961485545
.79684094587962
.80787036816279
.78622003396352
.81304466724396
.82312093178431
.80038128296534
.80378540356954
.80065359671911
.80433005094528
.80324073632558
.80868736902873
.79629629850388
.80514705181122
.8115468621254
.80759805440903
.80596405267715
.82489105065664
.8112745086352
.80065359671911
.81277233362198
.80501089493434
.81032133102417
.81549564997355
.79656863212585
.81100217501322
.81563180685043
.80364924669266
.81495098272959
.80705338716507
.8195806145668
.80283222595851
.81345315774282
.80283224582672
.80746187766393
.8063725233078
.81154684225718
.80718954404195
.8054193854332
.80882352590561
.80201524496078
.81263615687688
.80977668364843
.7937091588974
.81168301900228
.80501089493434
.79970043897629
.79752178986867
.81086601813634
.81181915601095
.81209150950114
.82039759556452
.80501089493434
.80610022942225
.81345315774282
.80460238456726
.80596405267715
.80378540356954
.80718954404195
.79752178986867
.81127448876699
.79452613989512
.8018790880839
.81181917587916
.79929194847743
.80977668364843
.81440631548564
.80678103367488
.81549564997355
.8135893146197
.8054193854332
.81318084398905
.8114106853803
.81318082412084
.846677561601
.80936819314957
.80691721041997
.80868736902873
.80569171905518
.80746187766393
.81345315774282
.80787038803101
.79643245538076
.81508713960648
.81113835175832
.81427013874054
.80909585952759
.81318082412084
.83483115832011
.8267974058787
.80800652503967
.80977668364843
.80364924669266
.81767427921295
.81427013874054
.80841501553853
.80310455958048
.8123638232549
.8041938940684
.79793030023575
.80718954404195
.80106208721797
.79357296228409
.80664485692978
.80255993207296
.80038126309713
.80337689320246
.79411764939626
.80610022942225
.8041938940684
.80010892947515
.80255991220474
.80541936556498
.7935729821523
.80460240443548
.80950436989466
.80147057771683
.80024510622025
.80582787593206
.78622003396352
.80705336729685
.80569173892339
.79997275273005
.80501089493434
.80555554231008
.80051743984222
.80337691307068
.80855119228363
.80106210708618
.78921570380529
.80555556217829
.79370913902919
.79520696401596
.80147059758504
.80405773719152
.80051741997401
.79752178986867
.79016884167989
.79915577173233
.80392156044642
.79942808548609
.79643247524897
.80392156044642
.80460238456726
.80283224582672
.80800654490789
.79520696401596
.80283224582672
.80133442083995
.79997277259827
.80405773719152
.80718954404195
.81495098272959
.79942810535431
.81345315774282
.81726580858231
.80119826396306
.80800652503967
.81181917587916
.80610020955404
.80732570091883
.81849128007889
.80718954404195
.80106210708618
.81726580858231
.80691721041997
.80650871992111
.80991286039352
.80705336729685
.80147057771683
.81862745682398
.80392156044642
.80991286039352
.81440631548564
.80255991220474
.80882352590561
.81168301900228
.80732570091883
.80814270178477
.80964052677155
.79956428209941
.8040577173233
.80800654490789
.80650871992111
.81004903713862
.81617645422618
.80855119228363
.80964052677155
.81835512320201
.79847494761149
.8031045794487
.80555556217829
.80024510622025
.82162310679754
.81209150950114
.80337689320246
.80324073632558
.81141066551208
.8018790880839
.80637256304423
.82162308692932
.80269608894984
.80487471818924
.79915577173233
.79956426223119
.80038126309713
.81236384312312
.80133442083995
.81672112147013
.80841503540675
.79956426223119
.80187906821569
.81263615687688
.81141066551208
.79983659585317
.79493463039398
.81427017847697
.80337691307068
.81563182671865
.80800652503967
.80637256304423
.79956426223119
.80324073632558
.79983657598495
.79180284341176
.80732570091883
.79302831490835
.81467864910762
.81631263097127
.81318082412084
.80038126309713
.81699347496033
.80119826396306
.81386166810989
.81440631548564
.80691721041997
.8114106853803
.82570805152257
.81331698099772
.80732572078705
.82148693005244
.80787036816279
.80569169918696
.81263615687688
.8101851940155
.80092591047287
.81508713960648
.79779412349065
.80923201640447
.8125
.80119824409485
.81358933448792
.80950435002645
.80610020955404
.8195806145668
.81399782498678
.8112745086352
.80923201640447
.80718952417374
.80650871992111
.79874728123347
.81631263097127
.79942810535431
.81508715947469
.81386166810989
.79888341824214
.80759803454081
.8184912999471
.79888343811035
.80759803454081
.81032135089238
.8018790880839
.81045750776927
.80827887852987
.82448256015778
.80269606908162
.79602394501368
.81304464737574
.80787036816279
.80242375532786
.80487473805745
.79915577173233
.8031045794487
.82012526194255
.79970043897629
.80623636643092
.8126361767451
.79221131404241
.80337691307068
.80201524496078
.79997275273005
.80092591047287
.80964052677155
.7958877881368
.79861110448837
.81032133102417
.80664487679799
.81712961196899
.81236384312312
.80337689320246
.80106208721797
.80555554231008
.79656861225764
.78989652792613
.80746187766393
.80269606908162
.80351306994756
.79970041910807
.79016884167989
.79929192860921
.80664489666621
.79629629850388
.80078975359599
.79806645711263
.80582789580027
.79697712262472
.80705338716507
.80228757858276
.79588780800501
.802015264829
.79656863212585
.80119826396306
.81195533275604
.80215140183767
.80718954404195
.80364924669266
.79112199942271
.8043300708135
.81930828094482
.81113835175832
.80678105354309
.81127448876699
.80610020955404
.80569171905518
.80119824409485
.81576796372732
.80691721041997
.80092591047287
.81304466724396
.7937091588974
.80119824409485
.8137254913648
.80106208721797
.80174289147059
.80841505527496
.79207515716553
.80065357685089
.81549564997355
.78989650805791
.80827885866165
.80773421128591
.79071350892385
.80378540356954
.81113833189011
.79452615976334
.80201524496078
.81781045595805
.80718954404195
.80596405267715
.81930828094482
.79575163125992
.80664489666621
.80895968278249
.80582787593206
.79670478900274
.80433005094528
.8032407561938
.80364922682444
.80351308981578
.79970041910807
.8125
.81794663270315
.81304466724396
.80078975359599
.8135893146197
.80650871992111
.81427015860875
.80555556217829
.79670480887095
.80964050690333
.80473858118057
.79888343811035
.78894335031509
.80255989233653
.80010892947515
.81032135089238
.81535947322845
.80147059758504
.81454249223073
.81181917587916
.80514705181122
.80678103367488
.81672116120656
.8065087000529
.8041938940684
.80718954404195
.81617647409439
.79738563299179
.80923203627268
.80664489666621
.79493463039398
.8018790880839
.81290851036708
.78989650805791
.80841503540675
.80487473805745
.79793026049932
.80405773719152
.80337691307068
.79221133391062
.79493463039398
.80487471818924
.78921570380529
.79738561312358
.80378540356954
.79384531577428
.78976033131282
.80473856131236
.7866285443306
.79384531577428
.80623638629913
.78676470120748
.79970043897629
.79643245538076
.78976035118103
.79738561312358
.78976035118103
.78690085808436
.78485840559006
.79330064853032
.77505445480347
.78717321157455
.78730936845144
.77464596430461
.76783768335978
.77913941939672
.76402503252029
.78145424524943
.78036493062973
.77328431606293
.77450978755951
.77314813931783
.78839870293935
.79125817616781
.81331698099772
.78771783908208
.78976035118103
.79193898042043
.79153050978978
.79193900028865
.80051741997401
.79425380627314
.79656861225764
.79425380627314
.79438998301824
.8043300708135
.80827885866165
.80119826396306
.79139431317647
.79302831490835
.79398147265116
.78935184081395
.78281591335932
.79547931750615
.78376905123393
.79684096574783
.8018790880839
.79534314076106
.78826252619425
.80242373545965
.79316447178523
.81168299913406
.81495098272959
.80787036816279
.8041938940684
.80582789580027
.80024510622025
.80242375532786
.80759803454081
.80092591047287
.80010892947515
.79997277259827
.79316449165344
.79765796661377
.80038128296534
.79983659585317
.80718954404195
.80147057771683
.7971132795016
.80215140183767
.80392158031464
.79398149251938
.79221133391062
.80759805440903
.79384531577428
.79983659585317
.80691721041997
.79452613989512
.80460240443548
.79507080713908
.80160675446192
.79438998301824
.80337689320246
.78948801755905
.79289217789968
.80814270178477
.79643247524897
.7947984735171
.79166668653488
.78499456246694
.79071350892385
.80936819314957
.7864923675855
.79806645711263
.80623638629913
.79847494761149
.80174291133881
.80433005094528
.80746187766393
.80133442083995
.80351308981578
.80215140183767
.78240742286046
.78867103656133
.80337689320246
.79438998301824
.7958877881368
.80868736902873
.79316449165344
.81181917587916
.80691721041997
.80024510622025
.81195535262426
.80732570091883
.79003266493479
.7971132795016
.80787036816279
.7924836675326
.80038126309713
.81154684225718
.79888341824214
.80024508635203
.81399782498678
.79942812522252
.80283226569494
.81113833189011
.80065359671911
.81004901727041
.81944443782171
.79752178986867
.80596405267715
.80269608894984
.79847494761149
.78581154346466
.80501089493434
.78976037104925
.80119826396306
.80691721041997
.79738561312358
.79684096574783
.80024510622025
.80827885866165
.80119826396306
.80392158031464
.79874726136525
.80705336729685
.80610022942225
.79534314076106
.80078975359599
.79779410362244
.79534314076106
.80174291133881
.81100217501322
.80664487679799
.82216775417328
.80787036816279
.79793028036753
.80473858118057
.80610020955404
.80732570091883
.79125815629959
.79970043897629
.80092591047287
.78921570380529
.78662852446238
.794662296772
.78281591335932
.78730934858322
.79670478900274
.78581154346466
.79874728123347
.79793026049932
.77559912204742
.79507080713908
.80623638629913
.79098584254583
.7864923675855
.78880719343821
.79153048992157
.79248364766439
.78444989522298
.784177561601
.77369280656179
.78608387708664
.77178649107615
.78159042199453
.78744554519653
.77137800057729
.77519063154856
.77627996603648
.76266340414683
.77083331346512
.76443354288737
.75748910506566
.76307189464569
.77124182383219
.75571896632512
.75721677144368
.74550652503967
.74332789580027
.73978759845098
.77464596430461
.76075708866119
.73651961485545
.72739652792613
.71309912204742
.72589870293935
.72372003396352
.70492919286092
.69335510333379
.69553377230962
.68654684225718
.67061545451482
.66938996315002
.66040303309758
.65127996603648
.63997821013133
.61819171905518
.62254899740219
.6168300708135
.57788670063019
.65277777115504
0
0
0
0
0
0
0
0
0
0
0
0
0
0
0
0
0
0
0
0
0
0
0
0
0
0
0
0
0
0
0
0
0
0
0
0
0
0
0
0
0
0
0
0
0
0
0
0
0
0
0
0
0
0
0
0
0
0
0
0
0
0
0
0
0
0
0
0
0
0
0
0
0
0
0
0
0
0
0
0
0
0
0
0
0
0
0
0
0
0
0
0
0
0
0
0
0
0
0
0
0
0
0
0
0
0
0
0
0
0
0
0
0
0
0
0
0
0
0
0
0
0
0
0
0
0
0
0
0
0
0
0
0
0
0
0
0
0
0
0
0
0
0
0
0
0
0
0
0
0
0
0
0
0
0
0
0
0
0
0
0
0
0
0
0
0
0
0
0
0
0
0
0
0
0
0
0
0
0
0
0
0
0
0
0
0
0
0
0
0
0
0
0
0
0
0
0
0
0
0
0
0
0
0
0
0
0
0
0
0
0
0
0
0
0
0
0
0
0
0
0
0
0
0
0
0
0
0
0
0
0
0
0
0
0
0
0
0
0
0
0
0
0
0
0
0
0
0
0
0
0
0
0
0
0
0
0
0
0
0
0
0
0
0
0
0
0
0
0
0
0
0
0
0
0
0
0
0
0
0
0
0
0
0
0
0
0
0
0
0
0
0
0
0
0
0
0
0
0
0
0
0
0
0
0
0
0
0
0
0
0
0
0
0
0
0
0
0
0
0
0
0
0
0
0
0
0
0
0
0
0
0
0
0
0
0
0
0
0
0
0
0
0
0
0
0
0
0
0
0
0
0
0
0
0
0
0
0
0
0
0
0
0
0
0
0
0
0
0
0
0
0
0
0
0
0
0
0
0
0
0
0
0
0
0
0
0
0
0
0
0
0
0
0
0
0
0
0
0
0
0
0
0
0
0
0
0
0
0
0
0
0
0
0
0
0
0
0
0
0
0
0
0
0
0
0
0
0
0
0
0
0
0
0
0
0
0
0
0
0
0
0
0
0
0
0
0
0
0
0
0
0
0
0
0
0
0
0
0
0
0
0
0
0
0
0
0
0
0
0
0
0
0
0
0
0
0
0
0
0
0
0
0
0
0
0
0
0
0
0
0
0
0
0
0
0
0
0
0
0
0
0
0
0
0
0
0
0
0
0
0
0
0
0
0
0
0
0
0
0
0
0
0
0
0
0
0
0
0
0
0
0
0
0
0
0
0
0
0
0
0
0
0
0
0
0
0
0
0
0
0
0
0
0
0
0
0
0
0
0
0
0
0
0
0
0
0
0
0
0
0
0
0
0
0
0
0
0
0
0
0
0
0
0
0
0
0
0
0
0
0
0
0
0
0
0
0
0
0
0
0
0
0
0
0
0
0
0
0
0
0
0
0
0
0
0
0
0
0
0
0
0
0
0
0
0
0
0
0
0
0
0
0
0
0
0
0
0
0
0
0
0
0
0
0
0
0
0
0
0
0
0
0
0
0
0
0
0
0
0
0
0
0
0
0
0
0
0
0
0
0
0
0
0
0
0
0
0
0
0
0
0
0
0
0
0
0
0
0
0
0
0
0
0
0
0
0
0
0
0
0
0
0
0
0
0
0
0
0
0
0
0
0
0
0
0
0
0
0
0
0
0
0
0
0
0
0
0
0
0
0
0
0
0
0
0
0
0
0
0
0
0
0
0
0
0
0
0
0
0
0
0
0
0
0
0
0
0
0
0
0
0
0
0
0
0
0
0
0
0
0
0
0
0
0
0
0
0
0
0
0
0
0
0
0
0
0
0
0
0
0
0
0
0
0
0
0
0
0
0
0
0
0
0
0
0
0
0
0
0
0
0
0
0
0
0
0
0
0
0
0
0
0
0
0
0
0
0
0
0
0
0
0
0
0
0
0
0
0
0
0
0
0
0
0
0
0
0
0
0
0
0
0
0
0
0
0
0
0
0
0
0
0
0
0
0
0
0
0
0
0
0
0
0
0
0
0
0
0
0
0
0
0
0
0
0
0
0
0
0
0
0
0
0
0
0
0
0
0
0
0
0
0
0
0
0
0
0
0
0
0
0
0
0
0
0
0
0
0
0
0
0
0
0
0
0
0
0
0
0
0
0
0
0
0
0
0
0
0
0
0
0
0
0
0
0
0
0
0
0
0
0
0
0
0
0
0
0
0
0
0
0
0
0
0
0
0
0
0
0
0
0
0
0
0
0
0
0
0
0
0
0
0
0
0
0
0
0
0
0
0
0
0
0
0
0
0
0
0
0
0
0
0
0
0
0
0
0
0
0
0
0
0
0
0
0
0
0
0
0
0
0
0
0
0
0
0
0
0
0
0
0
0
0
0
0
0
0
0
0
0
0
0
0
0
0
0
0
0
0
0
0
0
0
0
0
0
0
0
0
0
0
0
0
0
0
0
0
0
0
0
0
0
0
0
0
0
0
0
0
0
0
0
0
0
0
0
0
0
0
0
0
0
0
0
0
0
0
0
0
0
0
0
0
0
0
0
0
0
0
0
0
0
0
0
0
0
0
0
0
0
0
0
0
0
0
0
0
0
0
0
0
0
0
0
0
0
0
0
0
0
0
0
0
0
0
0
0
0
0
0
0
0
0
0
0
0
0
0
0
0
0
0
0
0
0
0
0
0
0
0
0
0
0
0
0
0
0
0
0
0
0
0
0
0
0
0
0
0
0
0
0
0
0
0
0
0
0
0
0
0
0
0
0
0
0
0
0
0
0
0
0
0
0
0
0
0
0
0
0
0
0
0
0
0
0
0
0
0
0
0
0
0
0
0
0
0
0
0
0
0
0
0
0
0
0
0
0
0
0
0
0
0
0
0
0
0
0
0
0
0
0
0
0
0
0
0
0
0
0
0
0
0
0
0
0
0
0
0
0
0
0
0
0
0
0
0
0
0
0
0
0
0
0
0
0
0
0
0
0
0
0
0
0
0
0
0
0
0
0
0
0
0
0
0
0
0
0
0
0
0
0
0
0
0
0
0
0
0
0
0
0
0
0
0
0
0
0
0
0
0
0
0
0
0
0
0
0
0
0
0
0
0
0
0
0
0
0
0
0
0
0
0
0
0
0
0
0
0
0
0
0
0
0
0
0
0
0
0
0
0
0
0
0
0
0
0
0
0
0
0
0
0
0
0
0
0
0
0
0
0
0
0
0
0
0
0
0
0
0
0
0
0
0
0
0
0
0
0
0
0
0
0
0
0
0
0
0
0
0
0
0
0
0
0
0
0
0
0
0
0
0
0
0
0
0
0
0
0
0
0
0
0
0
0
0
0
0
0
0
0
0
0
0
0
0
0
0
0
0
0
0
0
0
0
0
0
0
0
0
0
0
0
0
0
0
0
0
0
0
0
0
0
0
0
0
0
0
0
0
0
0
0
0
0
0
0
0
0
0
0
0
0
0
0
0
0
0
0
0
0
0
0
0
0
0
0
0
0
0
0
0
0
0
0
0
0
0
0
0
0
0
0
0
0
0
0
0
0
0
0
0
0
0
0
0
0
0
0
0
0
0
0
0
0
0
0
0
0
0
0
0
0
0
0
0
0
0
0
0
0
0
0
0
0
0
0
0
0
0
0
0
0
0
0
0
0
0
0
0
0
0
0
0
0
0
0
0
0
0
0
0
0
0
0
0
0
0
0
0
0
0
0
0
0
0
0
0
0
0
0
0
0
0
0
0
0
0
0
0
0
0
0
0
0
0
0
0
0
0
0
0
0
0
0
0
0
0
0
0
0
0
0
0
0
0
0
0
0
0
0
0
0
0
0
0
0
0
0
0
0
0
0
0
0
0
0
0
0
0
0
0
0
0
0
0
0
0
0
0
0
0
0
0
0
0
0
0
0
0
0
0
0
0
0
0
0
0
0
0
0
0
0
0
0
0
0
0
0
0
0
0
0
0
0
0
0
0
0
0
0
0
0
0
0
0
0
0
0
0
0
0
0
0
0
0
0
0
0
0
0
0
0
0
0
0
0
0
0
0
0
0
0
0
0
0
0
0
0
0
0
0
0
0
0
0
0
0
0
0
0
0
0
0
0
0
0
0
0
0
0
0
0
0
0
0
0
0
0
0
0
0
0
0
0
0
0
0
0
0
0
0
0
0
0
0
0
0
0
0
0
0
0
0
0
0
0
0
0
0
0
0
0
0
0
0
0
0
0
0
0
0
0
0
0
0
0
0
0
0
0
0
0
0
0
0
0
0
0
0
0
0
0
0
0
0
0
0
0
0
0
0
0
0
0
0
0
0
0
0
0
0
0
0
0
0
0
0
0
0
0
0
0
0
0
0
0
0
0
0
0
0
0
0
0
0
0
0
0
0
0
0
0
0
0
0
0
0
0
0
0
0
0
0
0
0
0
0
0
0
0
0
0
0
0
0
0
0
0
0
0
0
0
0
0
0
0
0
0
0
0
0
0
0
0
0
0
0
0
0
0
0
0
0
0
0
0
0
0
0
0
0
0
0
0
0
0
0
0
0
0
0
0
0
0
0
0
0
0
0
0
0
0
0
0
0
0
0
0
0
0
0
0
0
0
0
0
0
0
0
0
0
0
0
0
0
0
0
0
0
0
0
0
0
0
0
0
0
0
0
0
0
0
0
0
0
