.81209150950114
.79874728123347
.80119826396306
.8208061059316
.80255991220474
.80473856131236
.81222766637802
.79234747091929
.80460240443548
.8114106853803
.80065359671911
.80024508635203
.80691721041997
.80596405267715
.81413398186366
.80610020955404
.80569171905518
.81032135089238
.80909585952759
.79847496747971
.80487471818924
.81508713960648
.80065359671911
.81263615687688
.81495096286138
.81699345509211
.80718954404195
.80936819314957
.79643245538076
.79997275273005
.80569171905518
.79929194847743
.80623638629913
.79561547438304
.81617647409439
.8043300708135
.80065357685089
.80923203627268
.79752178986867
.80351306994756
.81604029734929
.80759803454081
.81018517414729
.81467864910762
.79289215803146
.80855121215185
.80868736902873
.80950436989466
.81059366464615
.81004901727041
.81195533275604
.81127452850342
.81386164824168
.80596403280894
.81032133102417
.8208061059316
.80746187766393
.81440631548564
.81862745682398
.82516340414683
.81304466724396
.81998910506566
.80814270178477
.80827885866165
.80964052677155
.80950436989466
.80773419141769
.81631263097127
.80977670351664
.80977668364843
.81644880771637
.8041938940684
.80787036816279
.82121461629868
.81195533275604
.81781045595805
.82911219199498
.80446622769038
.8137254913648
.81195533275604
.80800652503967
.80065361658732
.81195535262426
.80923201640447
.8052832086881
.8054193854332
.79507080713908
.81154684225718
.81004901727041
.80378540356954
.80119826396306
.79929194847743
.80596405267715
.80283224582672
.79874726136525
.81209148963292
.79588780800502
.8018790880839
.80691721041997
.7949346502622
.79561545451482
.81644880771637
.79820261398951
.79670478900274
.81726578871409
.79983661572138
.80215142170588
.80038128296534
.80501091480255
.80936819314957
.80923201640447
.79207517703374
.80351305007935
.7938453356425
.79057733217875
.79547929763794
.80623638629913
.79616014162699
.80718954404195
.79942808548609
.79970043897629
.80446622769038
.80010894934336
.80269606908162
.80664487679799
.80310455958048
.79139431317647
.79942812522252
.80228755871455
.80119824409485
.81059368451436
.81304466724396
.79534314076106
.78853485981623
.80364924669266
.79125819603602
.79738561312358
.80691721041997
.79479849338531
.79575163125992
.80759803454081
.80269606908162
.79820261398951
.81604029734929
.8041938940684
.80664487679799
.81495096286138
.80827887852987
.80718956391017
.80569171905518
.80201524496078
.80746187766393
.80610020955404
.80119826396306
.79833877086639
.80106208721797
.81249998013179
.80582787593206
.80678103367488
.8208061059316
.80555556217829
.80501087506612
.80582787593206
.81059368451436
.80514705181122
.81263615687688
.80664489666621
.80691721041997
.81086601813634
.80691723028819
.80678105354309
.82775054375331
.8054193854332
.81181915601095
.8148148059845
.80473856131236
.80895970265071
.81467864910762
.79901961485545
.81508715947469
.80405773719152
.80378538370132
.80637254317602
.81467864910762
.79901961485545
.80637256304423
.81644880771637
.80950436989466
.81372551123301
.81522331635157
.79724945624669
.80337691307068
.81386166810989
.80473856131236
.8065087000529
.81549563010534
.79547931750615
.80215142170588
.81522333621979
.7913943529129
.80255991220474
.79670478900274
.7982025941213
.80855121215185
.8043300708135
.79738561312358
.79793028036753
.81072984139125
.80800654490789
.82012528181076
.80446622769038
.79044119517008
.79112199942271
.80855117241542
.8031045794487
.80378540356954
.8040577173233
.80950436989466
.8041938940684
.80433005094528
.81304466724396
.80255993207296
.80351306994756
.80882352590561
.80269608894984
.80092591047287
.80977670351664
.81086601813634
.80119826396306
.81345315774282
.80977670351664
.81113835175832
.80664487679799
.81018517414729
.80569169918696
.80392156044642
.7947984735171
.79847494761149
.80147059758504
.79697712262472
.79997275273005
.80936819314957
.79793026049932
.79779412349065
.80787036816279
.7958877881368
.80378542343775
.8137254913648
.79820261398951
.80827887852987
.8043300708135
.80133442083995
.80964052677155
.81549564997355
.79411764939626
.80133444070816
.80637254317602
.79507078727086
.80610022942225
.80460240443548
.79261982440948
.79901961485545
.81304464737574
.79520696401596
.79629629850388
.79983659585317
.7913943529129
.80909583965937
.80582789580027
.79275600115458
.80160677433014
.80487471818924
.80051743984222
.80473856131236
.80691721041997
.80678105354309
.81059368451436
.79684096574783
.81045750776927
.80324073632558
.81195533275604
.82148691018422
.80269606908162
.80324073632558
.80364922682444
.79888345797857
.80746187766393
.8135893146197
.79765794674555
.81345317761103
.81086601813634
.80827887852987
.79724945624669
.81059366464615
.80269606908162
.81277231375376
.81413398186366
.79343680540721
.79793028036753
.80691721041997
.80446622769038
.80841503540675
.80623638629913
.80078973372777
.79752177000046
.80732570091883
.80147059758504
.80664489666621
.80827885866165
.81059368451436
.80324073632558
.8195806145668
.80296842257182
.80718954404195
.81535949309667
.80582789580027
.81154682238897
.80596405267715
.80541940530141
.79697712262472
.80827887852987
.80759805440903
.80637254317602
.81481482585271
.79901959498723
.81004901727041
.81481482585271
.80092593034108
.7937091588974
.80868734916051
.80351306994756
.80228757858276
.79956426223119
.79221131404241
.79915577173233
.79888343811035
.79970043897629
.80092591047287
.7949346502622
.80582789580027
.8043300708135
.79779412349065
.81399782498678
.8029684027036
.80038126309713
.81072986125946
.80201524496078
.7949346502622
.80855119228363
.79493463039398
.79765796661377
.82148693005244
.802015264829
.80569171905518
.81045750776927
.80650871992111
.80364922682444
.79915577173233
.80174291133881
.80691721041997
.8137254913648
.80337689320246
.80678105354309
.80705336729685
.80746187766393
.8101851940155
.82529956102371
.81195533275604
.81127448876699
.81753812233607
.80841503540675
.81427015860875
.82121461629868
.83551198244095
.82883985837301
.81604031721751
.80650871992111
.80814270178477
.81944443782171
.79302831490835
.8054193854332
.81127452850342
.79656863212585
.80065359671911
.8043300708135
.80106210708618
.79847496747971
.80283224582672
.80664487679799
.84899238745372
.80950436989466
.8063725233078
.80283224582672
.80977670351664
.80405773719152
.80119824409485
.81454249223073
.80746185779572
.80950435002645
.81821896632512
.81563180685043
.80092591047287
.83714596430461
.81604031721751
.79820261398951
.79724945624669
.80855119228363
.79779410362244
.80051741997401
.81141066551208
.80106208721797
.80174291133881
.80800654490789
.79983659585317
.80038126309713
.81059368451436
.79929192860921
.80800654490789
.80882352590561
.79983659585317
.80405773719152
.81413400173187
.80378540356954
.80895968278249
.80773421128591
.81917212406794
.79793028036753
.8115468621254
.79398147265116
.80746185779572
.80024510622025
.80201524496078
.79901959498723
.81072984139125
.79452615976334
.80215140183767
.80501089493434
.80078973372777
.79343682527542
.80923201640447
.80555556217829
.79670478900274
.80773421128591
.7997004588445
.80582787593206
.81985294818878
.80596405267715
.79629631837209
.80119824409485
.80242375532786
.85076252619425
.80746187766393
.79656863212585
.80106208721797
.80528324842453
.81876361370087
.82992921272914
.81617647409439
.81740196545919
.80610022942225
.80119824409485
.80528322855632
.79833877086639
.84055010477702
.80119826396306
.79384531577428
.79793028036753
.80351306994756
.79139433304469
.79153048992157
.80038126309713
.802015264829
.80882352590561
.80119826396306
.79956426223119
.79861108462016
.80855121215185
.80010892947515
.79316449165344
.81045752763748
.79411762952805
.80255993207296
.81250001986821
.83401417732239
.79452613989512
.80909585952759
.79302831490835
.80800654490789
.81440631548564
.80623638629913
.8148148059845
.80923203627268
.80664489666621
.81045750776927
.80051743984222
.80364924669266
.80909585952759
.81685731808345
.8065087000529
.81100219488144
.81154684225718
.79697712262472
.80392156044642
.80691721041997
.8043300708135
.80555556217829
.80814272165298
.79221133391062
.80324073632558
.81835510333379
.8018790880839
.81563180685043
.83646514018377
.80773419141769
.80582789580027
.82434640328089
.79439000288645
.80936819314957
.82380173603694
.80473854144414
.80596405267715
.80664487679799
.81331700086594
.80705336729685
.81522331635157
.80895970265071
.81127452850342
.81059366464615
.81454247236252
.80514705181122
.80514705181122
.81889977057775
.80936819314957
.80936821301778
.81413398186366
.81018517414729
.81821894645691
.81209150950114
.80746185779572
.81277231375376
.81576796372732
.80678105354309
.80814270178477
.81631265083949
.80678105354309
.80201524496078
.81998910506566
.80324073632558
.82421024640401
.80718954404195
.81113835175832
.8031045794487
.81399784485499
.80977666378021
.80473854144414
.81604029734929
.80923203627268
.81072986125946
.81100217501322
.80827885866165
.80596407254537
.81685729821523
.80664487679799
.81168301900228
.82352942228317
.80623638629913
.81481482585271
.80718954404195
.78880719343821
.80596407254537
.80174291133881
.80569173892339
.80174291133881
.80773419141769
.8031045794487
.79289213816325
.81386166810989
.8029684027036
.81331700086594
.80855121215185
.79847494761149
.8114106853803
.81181917587916
.81086601813634
.80582789580027
.8123638232549
.81154684225718
.79874728123347
.80351305007935
.80787036816279
.80364922682444
.8054193854332
.81045750776927
.80446624755859
.80950435002645
.81427015860875
.81331698099772
.80610020955404
.81399782498678
.81045752763748
.80160675446192
.81318082412084
.80106210708618
.80868736902873
.81331700086594
.80283224582672
.81032133102417
.81808278958003
.80691719055176
.81454249223073
.80991286039352
.8031045794487
.80882352590561
.8195806145668
.80487473805745
.80950435002645
.82080608606338
.80868736902873
.80051741997401
.81508713960648
.81427013874054
.81222766637802
.81508713960648
.81835512320201
.82584422826767
.81549564997355
.81454247236252
.80610022942225
.80351305007935
.80991284052531
.79575163125992
.81576798359553
.81032133102417
.80419391393661
.81753814220428
.80051743984222
.80038126309713
.81454247236252
.80664485692978
.81290849049886
.80936819314957
.80569171905518
.80691723028819
.80228759845098
.81481482585271
.80242373545965
.81345315774282
.82162308692932
.80841501553853
.81113835175832
.82557189464569
.82516340414683
.81781045595805
.82965685923894
.82298475503922
.82611656188965
.83156317472458
.81535949309667
.82257624467214
.81971677144368
.80923201640447
.81658496459325
.81740196545919
.80800652503967
.82434640328089
.8217592438062
.82611656188965
.81930828094482
.82393791278203
.81358933448792
.81753812233607
.8220315972964
.81522329648336
.81522331635157
.82107843955358
.81740196545919
.82652505238851
.82570805152257
.81726580858231
.81685729821523
.81808276971181
.81304466724396
.81658496459325
.82666122913361
.80759805440903
.82012528181076
.82897605498632
.81576798359553
.81889977057775
.83033766349157
.82638887564341
.81059366464615
.81944443782171
.81086599826813
.81617647409439
.83401415745417
.82720587650935
.81917210419973
.82734203338623
.82856752475103
.8209422826767
.82502722740173
.82107843955358
.82516338427862
.82543573776881
.82870370149612
.81753814220428
.82883985837301
.84817538658778
.8217592438062
.83619282643
.82652503252029
.83333333333333
.8278867204984
.8489923675855
.83700978755951
.82570807139079
.83156317472458
.81563178698222
.81549563010534
.82856754461924
.82162308692932
.82244008779526
.83415033419927
.81917212406794
.8300653497378
.84177559614182
.82652507225672
.82911219199498
.83837147553762
.82992919286092
.8395969470342
.84204792976379
.8231209119161
.83483115832011
.8385076324145
.82965685923894
.83510349194209
.8394607702891
.83374184370041
.8280228972435
.83401417732239
.83360568682353
.84395424524943
.83782678842545
.82679738601049
.83169935146968
.83973310391108
.822984735171
.83605664968491
.84191177288691
.83469498157501
.83918845653534
.84858387708664
.83673747380575
.84735838572184
.84681371847789
.84926470120748
.83782678842545
.85253268480301
.84123092889786
.85062634944916
.85552831490835
.85089870293935
.84422659873962
.84640522797902
.85797929763794
.84109475215276
.8479030529658
.86397057771683
.84613289435705
.85443900028865
.85947712262472
.86478757858276
.8596132795016
.87077885866165
.85144333044688
.84885621070862
.87554466724396
.85089870293935
.84940087795258
.86083877086639
.86179194847743
.86070261398951
.87050654490789
.85702613989512
.86546842257182
.86846405267715
.86642158031464
.86846407254537
.88371459643046
.86846405267715
.88044661283493
.88779956102371
.8820806145668
.8843954205513
.89297387997309
.88085512320201
.89937365055084
.9127178589503
.8903867204984
.90277777115504
.90672657887141
.90345859527588
.90904140472412
.92088780800502
.91584966580073
.92606210708618
.93572986125946
.91870913902919
.93205338716507
.9340958793958
.93967864910762
.94907408952713
.94362745682398
.94825708866119
.94825708866119
.95656317472458
.94961873690287
.95860566695531
.96255447467168
.97045207023621
.97453703482946
.99019606908162
.96704792976379
.98883442083995
.99005991220474
.99714052677155
.98488561312358
.99264707167943
.99645970265071
.98842591047287
1.0008169809977
1.0065359473228
1.0013616681099
1.0096677541733
1.0201524893443
1.0032679438591
1.0081699291865
1.0242374738057
1.0238289833069
1.0174292325974
1.0272331237793
1.0155228773753
1.0113017360369
1.0232843160629
1.0201525290807
1.028050104777
1.034449895223
1.0204248428345
1.0246459643046
1.0264161030451
1.0310457547506
1.0291394790014
1.0374455451965
1.0393518606822
1.033905227979
1.0307734012604
1.0435729821523
1.0668572982152
1.0468409458796
1.0303649504979
1.0420751571655
1.0487473011017
1.0340414047241
1.0477941036224
1.0422113339106
1.0325435797373
1.0369008779526
1.0506535768509
1.0484749476115
1.0483387708664
1.0446622769038
1.0445261398951
1.0494281053543
1.0536492268244
1.0494281053543
1.0575980345408
1.0575980345408
1.0506536165873
1.0574618577957
1.0667211214701
1.0611383517583
1.0588235457738
1.0528322458267
1.0494281053543
1.0596405267715
1.0556917190552
1.0664488077164
1.0573256810506
1.0456155141195
1.0529684225718
1.0552832285563
1.068355123202
1.0698529084524
1.0464324553808
1.0589596827825
1.060729821523
1.0600490172704
1.0441176891327
1.0654956499736
1.0457516113917
1.0543301105499
1.0570533672969
1.0445261398951
1.0499727725983
1.043164451917
1.0392156839371
1.0302287737528
1.0435729821523
1.0247821410497
1.0337690909704
1.0313180685043
1.0249183177948
1.0254629453023
1.0291394392649
1.0245097875595
1.0224673350652
1.0151143868764
.99795752763748
.99155773719152
1.005310455958
.99959148963292
.98066449165344
.98706428209941
.97494552532832
.96922657887141
.97780501842499
.95601852734884
.95043571790059
.96078431606293
.93777233362198
.94267429908117
.94757624467214
.92538126309713
.92088780800502
.93232570091883
.91149238745372
.91244552532832
.92197712262472
.90577342112859
.89651415745417
.89637800057729
.88248910506566
.88494008779526
.88126361370087
.88153594732285
.87186819314957
.86914487679799
.88371459643046
.85920478900274
.86819171905518
.85920480887095
.84599673748016
.84776689608892
.84654140472412
.84803920984268
.84055010477702
.84763071934382
.8419117530187
.83115468422572
.83251635233561
.82965685923894
.83864378929138
.85226035118103
.82461873690287
.82679738601049
.83088235060374
.81440631548564
.81876361370087
.82815905412038
.81604029734929
.82162308692932
.83877994616826
.82284857829412
.82230391105016
.83183550834656
.81440631548564
.82053377230962
.82094226280848
.81290851036708
.81781045595805
.8209422826767
.82148693005244
.81004899740219
.82475489377975
.81399782498678
.80473858118057
.80977668364843
.80964050690333
.82502724726995
.81004901727041
.80160675446192
.81549564997355
.82216775417328
.81100217501322
.82175926367442
.8114106853803
.8126361767451
.81998908519745
.80582787593206
.81141066551208
.81876361370087
.82325708866119
.81508713960648
.82339324553808
.8112745086352
.81072984139125
.81331700086594
.80746187766393
.82638887564341
.8126361767451
.80187906821569
.81086601813634
.81195533275604
.80882352590561
.80691721041997
.80405773719152
.80460238456726
.81467864910762
.81004901727041
.80705336729685
.81631265083949
.81658498446147
.81549563010534
.822984735171
.80814270178477
.82135075330734
.81440631548564
.79724943637848
.81236384312312
.86996187766393
.8289760351181
.80637254317602
.82271242141724
.81154684225718
.81004901727041
.81413398186366
.80460240443548
.8123638232549
.81862745682398
.81209150950114
.80950435002645
.81576798359553
.80596405267715
.80201524496078
.81604031721751
.80909585952759
.80555554231008
.81753812233607
.80623638629913
.81181915601095
.81168299913406
.8372821410497
.80800654490789
.81794661283493
.80446622769038
.80773421128591
.81699347496033
.80582787593206
.79520696401596
.8184912999471
.79438996315002
.80446624755859
.80691719055176
.80255993207296
.79942810535431
.81168299913406
.79956426223119
.80868736902873
.79915575186412
.81917212406794
.80147059758504
.8043300708135
.80732572078705
.81045752763748
.80201524496078
.80759803454081
.80174291133881
.81304466724396
.81508715947469
.80678103367488
.81113833189011
.81917212406794
.80392156044642
.80936819314957
.81889977057775
.80678103367488
.81045750776927
.8206699291865
.80814272165298
.81808278958003
.81699345509211
.79970043897629
.80705338716507
.81399782498678
.79806643724442
.80174293120702
.81304466724396
.81290851036708
.81004903713862
.80895970265071
.80691719055176
.80909585952759
.81604031721751
.81168299913406
.80242375532786
.82230391105016
.81004901727041
.81195533275604
.81726580858231
.80882354577382
.81535949309667
.8220315972964
.80678105354309
.80324073632558
.81549564997355
.8103213707606
.8125
.81753812233607
.80010892947515
.79983659585317
.81781045595805
.81467864910762
.80215142170588
.81318082412084
.80950435002645
.80569171905518
.81113833189011
.80283224582672
.80501089493434
.80364922682444
.80827887852987
.80936821301778
.80909585952759
.81958059469859
.81263615687688
.81113833189011
.82107843955358
.81263615687688
.8242102265358
.81685729821523
.80827887852987
.80242373545965
.8195806145668
.81072984139125
.80691721041997
.81699345509211
.80787036816279
.81222766637802
.81576798359553
.80950435002645
.80895970265071
.8208061059316
.80991284052531
.80882352590561
.80936819314957
.80174291133881
.80596405267715
.80964052677155
.80787036816279
.80855119228363
.80800652503967
.8148148059845
.80324073632558
.81072986125946
.80078975359599
.80936819314957
.81495096286138
.80351305007935
.79507080713908
.8007897734642
.7926198442777
.79071350892385
.81072984139125
.80446622769038
.80106206734975
.81072986125946
.80528322855632
.8007897734642
.80364922682444
.79847494761149
.80514705181122
.80024508635203
.78948801755905
.79820261398951
.794662296772
.79234749078751
.79398149251938
.80964054663976
.80405773719152
.80610020955404
.80868736902873
.81631263097127
.7938453356425
.80147057771683
.80705336729685
.80092591047287
.80283224582672
.81154682238897
.79643245538076
.80678105354309
.8137254913648
.79929192860921
.79956426223119
.81576796372732
.80010892947515
.8065087000529
.80814268191655
.80147059758504
.79547929763794
.80351308981578
.80215142170588
.80160675446192
.80419387420019
.802015264829
.79888343811035
.80800654490789
.79833877086639
.8009259502093
.81386164824168
.80215142170588
.80596405267715
.81263615687688
.79983661572138
.80269606908162
.81141066551208
.79833877086639
.80487471818924
.81209148963292
.79793028036753
.79575163125992
.8206699291865
.81032135089238
.80923201640447
.81072984139125
.81236384312312
.80460240443548
.8101851940155
.80623638629913
.80678105354309
.80242375532786
.79956428209941
.80501089493434
.81004901727041
.79248364766439
.79071350892385
.80514705181122
.80324073632558
.80065359671911
.8135893146197
.79724945624669
.79153048992157
.80501087506612
.81113835175832
.80528322855632
.80773421128591
.80868736902873
.79534314076106
.80841503540675
.81277233362198
.81195535262426
.8137254913648
.80187910795212
.79575163125992
.80378540356954
.80283224582672
.79452613989512
.80119824409485
.79929192860921
.79629629850388
.79616014162699
.80392158031464
.79234749078751
.80800654490789
.81495098272959
.80855121215185
.80841503540675
.81726578871409
.79547929763794
.81631263097127
.82543573776881
.80705336729685
.81495098272959
.80950435002645
.80419391393661
.81767429908117
.82380173603694
.79670480887095
.81658496459325
.81726578871409
.80201524496078
.81045750776927
.81563180685043
.79997275273005
.80664489666621
.81699347496033
.80255989233653
.79793026049932
.80787038803101
.80351306994756
.79125817616781
.80868736902873
.80010890960693
.80623638629913
.80746185779572
.80215142170588
.79983661572138
.82039761543274
.80555554231008
.80106208721797
.80351306994756
.80501089493434
.80433005094528
.79820263385773
.80800654490789
.8041938940684
.83292484283447
.81862743695577
.80010892947515
.80882352590561
.81318082412084
.80106210708618
.8148148059845
.8137254913648
.80351306994756
.79820261398951
.81712963183721
.79411764939626
.7947984735171
.81222766637802
.8043300708135
.80215142170588
.79779410362244
.81045752763748
.8043300708135
.81086601813634
.8041938940684
.8018790880839
.8065087000529
.80228759845098
.80678103367488
.80800654490789
.8043300708135
.81072984139125
.82026143868764
.79806643724442
.82257624467214
.81045752763748
.79820261398951
.80664487679799
.80596407254537
.8041938940684
.80746185779572
.80446622769038
.80010892947515
.80501087506612
.80147057771683
.7866285443306
.7960239648819
.80964052677155
.79575163125992
.79629629850388
.80855121215185
.80078975359599
.80650871992111
.8101851940155
.79942808548609
.80242375532786
.80255993207296
.79929192860921
.79942810535431
.79888345797857
.8007897734642
.80855119228363
.80324073632558
.81195533275604
.80051741997401
.80705338716507
.80147057771683
.80038126309713
.79915577173233
.80473856131236
.79929192860921
.81440631548564
.80991286039352
.80133444070816
.80582789580027
.81358933448792
.80024508635203
.80569171905518
.80882354577382
.80351308981578
.8031045794487
.81304466724396
.80882352590561
.80092593034108
.80855121215185
.80065357685089
.80637254317602
.81495098272959
.79888343811035
.8041938940684
.80827887852987
.80501091480255
.79997277259827
.81318082412084
.80201524496078
.80038126309713
.80977670351664
.80378540356954
.79847492774328
.81304466724396
.80841503540675
.81549564997355
.80705338716507
.80078975359599
.80460240443548
.81590414047241
.80364922682444
.85403050978978
.83428649107615
.80555556217829
.80405773719152
.82720587650935
.80909585952759
.80582789580027
.81903594732285
.8043300708135
.80337689320246
.81467864910762
.80051741997401
.80868734916051
.81100217501322
.80065357685089
.80650871992111
.80718952417374
.80964052677155
.80691721041997
.81113833189011
.8125
.80691721041997
.79643245538076
.81045752763748
.80895968278249
.79752177000046
.81372547149658
.80841503540675
.80664487679799
.80814270178477
.79997277259827
.81222764650981
.80964050690333
.80133442083995
.79330064853032
.81604029734929
.81358933448792
.80487473805745
.81944445768992
.79929194847743
.79915577173233
.81277233362198
.80759803454081
.81277233362198
.81427015860875
.80201524496078
.81222768624624
.81100215514501
.80637254317602
.81522329648336
.80868736902873
.80596407254537
.80364924669266
.80923203627268
.80991286039352
.80228757858276
.80991286039352
.80283224582672
.81522331635157
.80283222595851
.79915579160055
.80991286039352
.80718952417374
.79384529590607
.79779412349065
.80827887852987
.79901961485545
.80746187766393
.80868734916051
.80936821301778
.81903594732285
.80855119228363
.80882352590561
.81113835175832
.81113833189011
.80637254317602
.80936817328135
.80215140183767
.81072986125946
.80092593034108
.81277233362198
.80977670351664
.79793028036753
.81059370438258
.81358933448792
.79248364766439
.80664487679799
.81277233362198
.79752178986867
.8040577173233
.81481482585271
.79330066839854
.80228757858276
.80705336729685
.79343682527542
.80514707167943
.82325708866119
.80555556217829
.79833879073461
.82066994905472
.80569173892339
.80555554231008
.80991284052531
.79711329936981
.80514705181122
.80242373545965
.80106208721797
.80201524496078
.80147057771683
.80582789580027
.80228757858276
.80991286039352
.80351306994756
.80746187766393
.80895970265071
.8007897734642
.80024510622025
.80841501553853
.8041938940684
.80392158031464
.81672114133835
.81753812233607
.80405773719152
.81059368451436
.79330064853032
.80038126309713
.81236384312312
.80351306994756
.80555554231008
.81413398186366
.7947984735171
.7958877881368
.80065359671911
.79384531577428
.80201524496078
.81290849049886
.79520694414775
.80855119228363
.80255991220474
.80882354577382
.79765794674555
.80732570091883
.81467864910762
.79779412349065
.80895970265071
.81508713960648
.78894335031509
.79915577173233
.80487473805745
.80324073632558
.79752177000046
.80078975359599
.80283222595851
.79983659585317
.80746185779572
.80541940530141
.81195533275604
.80691721041997
.80255991220474
.79915577173233
.80106208721797
.8043300708135
.8029684027036
.8112745086352
.79820261398951
.8126361767451
.82148694992065
.79861110448837
.80392156044642
.81154684225718
.79452613989512
.80514705181122
.8112745086352
.79793028036753
.80337691307068
.80923203627268
.80133440097173
.80732572078705
.80800654490789
.79438998301824
.81181917587916
.80664487679799
.78581156333288
.80977668364843
.7971132795016
.79452613989512
.79929192860921
.79684094587962
.79030501842499
.79779412349065
.79602394501368
.79398149251938
.79970041910807
.80569171905518
.79670478900274
.78935186068217
.8114106853803
.79547931750615
.80160675446192
.79942812522252
.80201524496078
.78948801755905
.8103213707606
.8146786292394
.79915577173233
.80324071645737
.80868736902873
.79289215803146
.80501089493434
.80895970265071
.79425380627314
.80147057771683
.80664487679799
.8031045794487
.79670478900274
.80078975359599
.79779412349065
.80160675446192
.80555554231008
.79915577173233
.80827887852987
.80923201640447
.7947984735171
.79874728123347
.81631263097127
.79929192860921
.80610020955404
.82066994905472
.79793028036753
.80691721041997
.80623638629913
.79779410362244
.80732570091883
.80147059758504
.8029684027036
.81004903713862
.81712963183721
.79779412349065
.80868736902873
.81304468711217
.80119824409485
.81113835175832
.81672112147013
.81399782498678
.80800654490789
.81644880771637
.80664485692978
.80705338716507
.81740196545919
.80065359671911
.80528322855632
.80637254317602
.79316447178523
.80664485692978
.80010892947515
.79520696401596
.79874728123347
.80950435002645
.80991286039352
.80283222595851
.79670478900274
.81222766637802
.79180284341176
.8052832086881
.80405773719152
.80787034829458
.79874726136525
.7937091588974
.79697712262472
.80650871992111
.80841503540675
.80119824409485
.8032407561938
.8041938940684
.78567538658778
.79942810535431
.80610022942225
.79752178986867
.80364924669266
.80378540356954
.80433005094528
.80446622769038
.81032135089239
.7949346502622
.80324073632558
.80501089493434
.80038126309713
.80514705181122
.80800652503967
.79915577173233
.80324073632558
.80637256304423
.79901961485545
.80473854144414
.80909585952759
.7949346502622
.79820261398951
.80501089493434
.79261982440948
.79534314076106
.80433005094528
.81304464737574
.79316451152166
.80596405267715
.81059368451436
.81318082412084
.83278866608938
.80405773719152
.8018790880839
.79697714249293
.79316447178523
.80106210708618
.80160677433014
.79261982440948
.79370913902918
.80460238456726
.80923201640447
.80582787593206
.81195535262426
.79901959498723
.79207515716553
.79847492774328
.80582789580027
.81100215514501
.80174291133881
.80446624755859
.79547929763794
.80010892947515
.81222766637802
.79956426223119
.80841503540675
.8054193854332
.80147059758504
.82175926367442
.80909585952759
.80405773719152
.80610020955404
.80664487679799
.8052832086881
.80160675446192
.81072984139125
.78649238745372
.79929192860921
.80950435002645
.80324073632558
.79575163125992
.80610020955404
.8009259502093
.79466231664022
.80746187766393
.79438996315002
.80255991220474
.80569171905518
.79861110448837
.80460240443548
.80923201640447
.79779412349065
.81195533275604
.81631263097127
.79779410362244
.81168301900228
.8218954205513
.79180282354355
.80759803454081
.81685729821523
.79466231664022
.80501087506612
.80895970265071
.79929192860921
.81658496459325
.80977666378021
.81685731808345
.79847494761149
.80678103367488
.80446622769038
.80378540356954
.8125
.79861112435659
.80269606908162
.81168301900228
.80051743984222
.80405773719152
.80895970265071
.80977668364843
.80378540356954
.81304466724396
.81903592745463
.80895968278249
.80991286039352
.80664487679799
.80501089493434
.81644880771637
.81535947322845
.80528322855632
.8054193854332
.81331700086594
.79929194847743
.80092591047287
.8148148059845
.80242375532786
.81154684225718
.80923203627268
.80119826396306
.80950435002645
.81917210419973
.79833877086639
.79861110448837
.81181917587916
.79588780800501
.82230391105016
.84191177288691
.79997277259827
.80705338716507
.81154684225718
.79670478900274
.79724945624669
.80065357685089
.80051741997401
.80051741997401
.80528322855632
.80555554231008
.80215142170588
.81685729821523
.79929194847743
.79561545451482
.81059368451436
.7949346502622
.79847494761149
.80582787593206
.79820261398951
.79330064853032
.8065087000529
.79901961485545
.80010892947515
.80895970265071
.80201524496078
.80215140183767
.79425380627314
.7969771027565
.80092593034109
.80174293120702
.79588780800502
.80610020955404
.80501087506612
.79575163125992
.79343682527542
.80038128296534
.80691721041997
.79670478900274
.80528322855632
.80664489666621
.79207515716553
.8040577173233
.81059366464615
.79915575186412
.7969771027565
.80392156044642
.80228757858276
.79438996315002
.80746187766393
.79084966580073
.79806643724442
.79806643724442
.79330064853032
.80310455958049
.80895970265071
.79970043897629
.79561547438304
.80473856131236
.79806645711263
.80473856131236
.80868736902873
.79806643724442
.80964052677155
.81685731808345
.81195533275604
.80528322855632
.82325708866119
.80827887852987
.80555554231008
.81277233362198
.80392156044642
.80705338716507
.81767427921295
.80269606908162
.79643245538076
.80718952417374
.80405773719152
.79956426223119
.81508715947469
.80378538370132
.80555556217829
.81290851036708
.80378542343775
.79847494761149
.79874728123347
.7937091588974
.79466231664022
.80296842257182
.79588780800501
.79561545451482
.80691721041997
.79779412349065
.8065087000529
.79248364766439
.80555554231008
.8125
.81399782498678
.81222766637802
.8043300708135
.79833877086639
.81753814220428
.8031045794487
.80705338716507
.80555554231008
.8007897734642
.80446624755859
.81032133102417
.80228757858276
.81072984139125
.81576798359553
.80010892947515
.79942810535431
.80678105354309
.80133442083995
.79452615976334
.80841501553853
.80351306994756
.8054193854332
.81386164824168
.8052832086881
.81753814220428
.80065361658732
.80514705181122
.80269608894984
.80787036816279
.80038126309713
.79779412349065
.80133442083995
.8032407561938
.79153050978978
.79793028036753
.79561547438304
.79438998301824
.80501089493434
.80460240443548
.80024508635203
.80732570091883
.78458607196808
.80010892947515
.80814270178477
.80160675446192
.80051743984222
.80814270178477
.7947984735171
.79534314076106
.80160677433014
.78717321157455
.79629627863566
.8090958793958
.79616012175878
.79438996315002
.80119826396306
.78785401582718
.79044115543365
.79207515716553
.8031045794487
.79343682527542
.7949346502622
.79561547438304
.79534314076106
.78594772020976
.79697712262472
.79425380627314
.78744552532832
.80405773719152
.79098584254583
.79643245538076
.80228757858276
.78431371847788
.79956426223119
.80392156044642
.78867103656133
.79561545451482
.78540303309758
.78050110737483
.78676472107569
.80174293120702
.77764161427816
.78186275561651
.80024510622025
.78199891249339
.77845861514409
.78867103656133
.77845861514409
.7781862616539
.78513073921204
.76919933160146
.77151415745417
.77627996603648
.75517429908117
.76184638341268
.76443354288737
.74863835175832
.7595315972964
.75694445768992
.75272331635157
.74210238456726
.73747277259827
.72617101669312
.73529412349065
.73447712262472
.71623092889786
.7135076324145
.70983113845189
.70356754461924
.69825708866119
.69022333621979
.68491284052531
.68055556217829
.6710239648819
.64910129706065
.6520969470342
.64079521099726
.6154684027036
.62758713960648
.61151961485545
.57883987824122
.64910131692886
0
0
0
0
0
0
0
0
0
0
0
0
0
0
0
0
0
0
0
0
0
0
0
0
0
0
0
0
0
0
0
0
0
0
0
0
0
0
0
0
0
0
0
0
0
0
0
0
0
0
0
0
0
0
0
0
0
0
0
0
0
0
0
0
0
0
0
0
0
0
0
0
0
0
0
0
0
0
0
0
0
0
0
0
0
0
0
0
0
0
0
0
0
0
0
0
0
0
0
0
0
0
0
0
0
0
0
0
0
0
0
0
0
0
0
0
0
0
0
0
0
0
0
0
0
0
0
0
0
0
0
0
0
0
0
0
0
0
0
0
0
0
0
0
0
0
0
0
0
0
0
0
0
0
0
0
0
0
0
0
0
0
0
0
0
0
0
0
0
0
0
0
0
0
0
0
0
0
0
0
0
0
0
0
0
0
0
0
0
0
0
0
0
0
0
0
0
0
0
0
0
0
0
0
0
0
0
0
0
0
0
0
0
0
0
0
0
0
0
0
0
0
0
0
0
0
0
0
0
0
0
0
0
0
0
0
0
0
0
0
0
0
0
0
0
0
0
0
0
0
0
0
0
0
0
0
0
0
0
0
0
0
0
0
0
0
0
0
0
0
0
0
0
0
0
0
0
0
0
0
0
0
0
0
0
0
0
0
0
0
0
0
0
0
0
0
0
0
0
0
0
0
0
0
0
0
0
0
0
0
0
0
0
0
0
0
0
0
0
0
0
0
0
0
0
0
0
0
0
0
0
0
0
0
0
0
0
0
0
0
0
0
0
0
0
0
0
0
0
0
0
0
0
0
0
0
0
0
0
0
0
0
0
0
0
0
0
0
0
0
0
0
0
0
0
0
0
0
0
0
0
0
0
0
0
0
0
0
0
0
0
0
0
0
0
0
0
0
0
0
0
0
0
0
0
0
0
0
0
0
0
0
0
0
0
0
0
0
0
0
0
0
0
0
0
0
0
0
0
0
0
0
0
0
0
0
0
0
0
0
0
0
0
0
0
0
0
0
0
0
0
0
0
0
0
0
0
0
0
0
0
0
0
0
0
0
0
0
0
0
0
0
0
0
0
0
0
0
0
0
0
0
0
0
0
0
0
0
0
0
0
0
0
0
0
0
0
0
0
0
0
0
0
0
0
0
0
0
0
0
0
0
0
0
0
0
0
0
0
0
0
0
0
0
0
0
0
0
0
0
0
0
0
0
0
0
0
0
0
0
0
0
0
0
0
0
0
0
0
0
0
0
0
0
0
0
0
0
0
0
0
0
0
0
0
0
0
0
0
0
0
0
0
0
0
0
0
0
0
0
0
0
0
0
0
0
0
0
0
0
0
0
0
0
0
0
0
0
0
0
0
0
0
0
0
0
0
0
0
0
0
0
0
0
0
0
0
0
0
0
0
0
0
0
0
0
0
0
0
0
0
0
0
0
0
0
0
0
0
0
0
0
0
0
0
0
0
0
0
0
0
0
0
0
0
0
0
0
0
0
0
0
0
0
0
0
0
0
0
0
0
0
0
0
0
0
0
0
0
0
0
0
0
0
0
0
0
0
0
0
0
0
0
0
0
0
0
0
0
0
0
0
0
0
0
0
0
0
0
0
0
0
0
0
0
0
0
0
0
0
0
0
0
0
0
0
0
0
0
0
0
0
0
0
0
0
0
0
0
0
0
0
0
0
0
0
0
0
0
0
0
0
0
0
0
0
0
0
0
0
0
0
0
0
0
0
0
0
0
0
0
0
0
0
0
0
0
0
0
0
0
0
0
0
0
0
0
0
0
0
0
0
0
0
0
0
0
0
0
0
0
0
0
0
0
0
0
0
0
0
0
0
0
0
0
0
0
0
0
0
0
0
0
0
0
0
0
0
0
0
0
0
0
0
0
0
0
0
0
0
0
0
0
0
0
0
0
0
0
0
0
0
0
0
0
0
0
0
0
0
0
0
0
0
0
0
0
0
0
0
0
0
0
0
0
0
0
0
0
0
0
0
0
0
0
0
0
0
0
0
0
0
0
0
0
0
0
0
0
0
0
0
0
0
0
0
0
0
0
0
0
0
0
0
0
0
0
0
0
0
0
0
0
0
0
0
0
0
0
0
0
0
0
0
0
0
0
0
0
0
0
0
0
0
0
0
0
0
0
0
0
0
0
0
0
0
0
0
0
0
0
0
0
0
0
0
0
0
0
0
0
0
0
0
0
0
0
0
0
0
0
0
0
0
0
0
0
0
0
0
0
0
0
0
0
0
0
0
0
0
0
0
0
0
0
0
0
0
0
0
0
0
0
0
0
0
0
0
0
0
0
0
0
0
0
0
0
0
0
0
0
0
0
0
0
0
0
0
0
0
0
0
0
0
0
0
0
0
0
0
0
0
0
0
0
0
0
0
0
0
0
0
0
0
0
0
0
0
0
0
0
0
0
0
0
0
0
0
0
0
0
0
0
0
0
0
0
0
0
0
0
0
0
0
0
0
0
0
0
0
0
0
0
0
0
0
0
0
0
0
0
0
0
0
0
0
0
0
0
0
0
0
0
0
0
0
0
0
0
0
0
0
0
0
0
0
0
0
0
0
0
0
0
0
0
0
0
0
0
0
0
0
0
0
0
0
0
0
0
0
0
0
0
0
0
0
0
0
0
0
0
0
0
0
0
0
0
0
0
0
0
0
0
0
0
0
0
0
0
0
0
0
0
0
0
0
0
0
0
0
0
0
0
0
0
0
0
0
0
0
0
0
0
0
0
0
0
0
0
0
0
0
0
0
0
0
0
0
0
0
0
0
0
0
0
0
0
0
0
0
0
0
0
0
0
0
0
0
0
0
0
0
0
0
0
0
0
0
0
0
0
0
0
0
0
0
0
0
0
0
0
0
0
0
0
0
0
0
0
0
0
0
0
0
0
0
0
0
0
0
0
0
0
0
0
0
0
0
0
0
0
0
0
0
0
0
0
0
0
0
0
0
0
0
0
0
0
0
0
0
0
0
0
0
0
0
0
0
0
0
0
0
0
0
0
0
0
0
0
0
0
0
0
0
0
0
0
0
0
0
0
0
0
0
0
0
0
0
0
0
0
0
0
0
0
0
0
0
0
0
0
0
0
0
0
0
0
0
0
0
0
0
0
0
0
0
0
0
0
0
0
0
0
0
0
0
0
0
0
0
0
0
0
0
0
0
0
0
0
0
0
0
0
0
0
0
0
0
0
0
0
0
0
0
0
0
0
0
0
0
0
0
0
0
0
0
0
0
0
0
0
0
0
0
0
0
0
0
0
0
0
0
0
0
0
0
0
0
0
0
0
0
0
0
0
0
0
0
0
0
0
0
0
0
0
0
0
0
0
0
0
0
0
0
0
0
0
0
0
0
0
0
0
0
0
0
0
0
0
0
0
0
0
0
0
0
0
0
0
0
0
0
0
0
0
0
0
0
0
0
0
0
0
0
0
0
0
0
0
0
0
0
0
0
0
0
0
0
0
0
0
0
0
0
0
0
0
0
0
0
0
0
0
0
0
0
0
0
0
0
0
0
0
0
0
0
0
0
0
0
0
0
0
0
0
0
0
0
0
0
0
0
0
0
0
0
0
0
0
0
0
0
0
0
0
0
0
0
0
0
0
0
0
0
0
0
0
0
0
0
0
0
0
0
0
0
0
0
0
0
0
0
0
0
0
0
0
0
0
0
0
0
0
0
0
0
0
0
0
0
0
0
0
0
0
0
0
0
0
0
0
0
0
0
0
0
0
0
0
0
0
0
0
0
0
0
0
0
0
0
0
0
0
0
0
0
0
0
0
0
0
0
0
0
0
0
0
0
0
0
0
0
0
0
0
0
0
0
0
0
0
0
0
0
0
0
0
0
0
0
0
0
0
0
0
0
0
0
0
0
0
0
0
0
0
0
0
0
0
0
0
0
0
0
0
0
0
0
0
0
0
0
0
0
0
0
0
0
0
0
0
0
0
0
0
0
0
0
0
0
0
0
0
0
0
0
0
0
0
0
0
0
0
0
0
0
0
0
0
0
0
0
0
0
0
0
0
0
0
0
0
0
0
0
0
0
0
0
0
0
0
0
0
0
0
0
0
0
0
0
0
0
0
0
0
0
0
0
0
0
0
0
0
0
0
0
0
0
0
0
0
0
0
0
0
0
0
0
0
0
0
0
0
0
0
0
0
0
0
0
0
0
0
0
0
0
0
0
0
0
0
0
0
0
0
0
0
0
0
0
0
0
0
0
0
0
0
0
0
0
0
0
0
0
0
0
0
0
0
0
0
0
0
0
0
0
0
0
0
0
0
0
0
0
0
0
0
0
0
0
0
0
0
0
0
0
0
0
0
0
0
0
0
0
0
0
0
0
0
0
0
0
0
0
0
0
0
0
0
0
0
0
0
0
0
0
0
0
0
0
0
0
0
0
0
0
0
0
0
0
0
0
0
0
0
0
0
0
0
0
0
0
0
0
0
0
0
0
0
0
0
0
0
0
0
0
0
0
0
0
0
0
0
0
0
0
0
0
0
0
0
0
0
0
0
0
0
0
0
0
0
0
0
0
0
0
0
0
0
0
0
0
0
0
0
0
0
0
0
0
0
0
0
0
0
0
0
0
0
0
0
0
0
0
0
0
