.869593501091
.80910569429398
.79219514131546
.84195123116175
.80211383104324
.81268292665482
.79934960603714
.82780486345291
.84959350029627
.79739838838577
.84829266866048
.78390244642893
.82032519578934
.82146340608597
.75544714927673
.84390242894491
.82910567522049
.79707318544388
.86276423931122
.87642276287079
.87170732021332
.81186991930008
.94926828145981
.8609756231308
.90471543868383
.80211383104324
.8256910443306
.87008130550385
.81138211488724
.81967478990555
.85772359371185
.84536586205165
.86162602901459
.87528455257416
.89040648937225
.84032521645228
.86016261577606
.84162600835164
.8874796628952
.93284553289413
.85544717311859
.86715447902679
.85642278194427
.86487805843353
.86113822460175
.91707319021225
.94601625204086
.84373982747396
.91528457403183
.88617885112762
.82276421785355
.86455285549164
.85951220989227
.89609754085541
.90081302324931
.87447154521942
.89186990261078
.81967478990555
1.0434145927429
.83528453111649
.93414634466171
.88341462612152
.89707314968109
.87479674816132
.89040648937225
.8816260099411
.91121951738993
.8915447195371
.89723577102025
.9595121939977
.99447154998779
.92796748876572
.95252031087875
.86780488491058
.91560973723729
.95024391015371
.94699186086655
.93934959173203
.94130080938339
.93268293142319
.98910570144653
.88390243053436
.88894307613373
.91869920492172
.92650407552719
.88341462612152
.94146341085434
.92731708288193
.89154469966888
.87560975551605
.95869916677475
.92650407552719
.91707317034403
.92390245199203
.88666665554047
.91951221227646
.90569106737773
.92666667699814
.87593495845795
1.0930081605911
1.0045528411865
.88325202465057
.96276422341665
.95967477560043
.92731708288193
.89999999602636
.90422763427099
.9526829123497
.95186990499496
.93463414907455
.9842276374499
.97756097714106
.98552846908569
.98260164260864
.96113820870717
.92113822698593
.9783739844958
.98943090438843
.93121951818466
.91300815343857
.95756097634633
1.1616259813309
.93658536672592
.91560977697372
1.0043902397156
.9261788725853
.98341464996338
.97577238082886
.96113820870717
.90910569826762
1.0712195634842
.91804877916972
.92520326375961
.91918700933456
1.0191869735718
.93056911230087
1.0048780441284
1.0149593353271
1.0439023971558
.98357723156611
1.0022764205933
1.0380487442017
1.0486178398132
.99983739852905
1.0056910514832
1.0019512176514
.96796747048696
.95040649175644
.99658536911011
.95317073663076
.96813009182612
.99739837646484
.9793496131897
.92878049612045
.99967479705811
.93967479467392
.9536585410436
.95772357781728
.95382112264633
1.0011382102966
.98471546173096
.91203254461288
1.0040650367737
.99951219558716
.9619511961937
.95837396383286
.98471546173096
.97235773007075
.96357723077138
.96666665871938
.95772355794907
.9499186873436
.96520324548086
.95479673147202
1.0053658485413
.95609756310781
.93414634466171
.96894309918086
.99560976028442
.91203250487645
.95869916677475
.95723577340444
.95837396383286
.91837400197983
.993821144104
1.0573983192444
.94975608587265
1.0782114267349
1.021463394165
.97626016537348
1.0029268264771
.95008128881454
.95430892705917
.91951221227646
.96308942635854
.93642276525497
.95626014471054
.93560975790024
1.0188617706299
.90861789385478
.98699188232422
.96032518148422
.96585367123286
.94910567998886
.95414632558823
1.0131707191467
.98813009262085
.95186990499496
.93073171377182
.96097558736801
.95414632558823
.95999997854233
1.0591869751612
.89430892467499
1.0676422913869
.99674797058105
.92666667699814
.90178861220678
.97739837567012
.94845527410507
1.0118699073792
.97463417053223
.95642274618149
.95121951897939
.96341462930044
.87414634227753
1.0575609604518
.96243902047475
1.0375609397888
.98341464996338
.92065042257309
.9879674911499
.97918701171875
.97951221466064
1.0026016235352
.99252033233643
.9852032661438
.95089429616928
.9595121939977
.93707317113876
1.0113821029663
.93642276525497
.99837398529053
.95821136236191
1.0094308853149
.92439023653666
.98341464996338
.96926830212275
.99138212203979
1.0024390220642
.97008130947749
.95008128881454
.94601625204086
.97154472271601
1.0312194824219
.9289430975914
.97577236096064
.95121949911118
.94699186086655
.96422763665517
.99593496322632
.96926830212275
.97056909402211
.94471544027328
.94081300497055
.95073169469833
.9437398314476
.9821138381958
.96487806240718
.90975610415141
.98682928085327
.97821140289307
.99284553527832
.99821138381958
.99398374557495
.98552846908569
.94569104909897
.97479675213496
.97869918743769
.98081302642822
1.0380487442017
.91138211886088
1.037073135376
.9530081152916
.95040649175644
1.0164227485657
.99642276763916
.96650405724843
1.0115447044373
.96601625283559
1.0063414971034
1.0037398338318
.98357725143433
.92097562551498
.97349594036738
.95967479546865
.96878049770991
1.012357711792
1.0016260147095
.92959350347519
.93886178731918
.94487804174423
1.0024390220642
.91089431444804
.95626014471054
1.0421137809753
.96178859472275
1.0008130073547
1.0222764015198
1.0325202941895
.98926830291748
.99447154998779
.97967481613159
.97300813595454
1.0008130073547
.90845527251562
.92764228582382
.98178863525391
.9814634124438
.98292684555054
.9320325255394
.95349593957265
.97040651241938
.95479673147202
1.0422763824463
.9172357916832
.95398374398549
.99365854263306
1.0105690956116
.99447154998779
.9687804778417
.92390245199203
1.0043902397156
.8843902349472
.96471544106801
.99788618087769
.99056911468506
.98260164260864
1.0284552574158
.98178863525391
.96081298589706
.95463413000107
1.0022764205933
.9622764190038
1.0385365486145
.9440650343895
.96032520135244
.91918700933456
.92065042257309
.95040649175644
.93495935201645
.92731708288193
1.0279674530029
.94357722997665
1.0082926750183
.98813009262085
1.0100812911987
.99869918823242
.96861789623896
.9465040564537
.98845529556274
1.0172357559204
.9941463470459
1.0013008117676
1.0632520119349
.99430894851685
1.0679674943288
.93772357702255
.96991868813833
.95512195428212
.97398374478022
.96650405724843
.97528457641602
.9622764190038
.93056911230087
.94552844762802
.9721951285998
.95252031087875
.94617885351181
.89414632320404
.9351219534874
.92780488729477
1.0404877662659
.96813007195791
1.0050406455994
.91056911150614
.92211383581161
.97333333889643
.99186992645264
.95073169469833
.98260164260864
.93024390935898
.9790244102478
.90650407473246
.97691057125727
.97577236096064
1.0027642250061
.92455285787582
.90081300338109
.9910569190979
.99349594116211
.92097562551498
.96081298589706
.96601625283559
.97772357861201
.96617887417475
.91447156667709
1.1271544694901
1.0069918632507
.98682928085327
.96195121606191
.97414634625117
.99040651321411
.96682926019033
.99252033233643
.94715446233749
.93772357702255
.87463414669037
.95105689764023
.94585365056992
.9258536696434
.97577236096064
.98991870880127
.90422763427099
.94455283880234
.97886180877686
.95186990499496
.93642276525497
.96390241384506
.93886178731918
.97284553448359
.96731708447138
.94211381673813
.96796749035517
.99853658676147
.93073171377182
.99008131027222
.95821138223012
.93821138143539
.89886178572973
.92178863286972
.97203250726064
.98910570144653
.92471545934677
.9852032661438
.96422763665517
.96439025799433
.97463415066401
.96422761678696
.96878049770991
.99756097793579
.98162603378296
.99902439117432
.92439025640488
1.064390261968
.94471544027328
1.0182113647461
.95219510793686
.96666665871938
.93577235937119
.93804877996445
.99544715881348
.9598373969396
.95186990499496
.99008131027222
.93739837408066
.98861789703369
.9378861784935
.97609758377075
.93983739614487
.95170730352402
.94390243291855
1.003089427948
.9588617682457
1.0271544456482
.92991870641708
1.0284552574158
.95609754323959
.93414634466171
.95333331823349
.96829267342885
.97544717788696
.97495937347412
.92829269170761
.89040648937225
.91934961080551
.93073171377182
.98097560803095
.91414634386698
.94601625204086
.95056909322739
.92861789464951
.98861789703369
.96585367123286
1.0265040397644
.88081300258636
1.0086178779602
.96943088372548
.97073171536128
.94943088293076
.98439025878906
.91821140050888
.9317073225975
.94861787557602
.98097562789917
.95333331823349
.96227639913559
.95999999841054
.98048780361811
.95983737707138
.91186992327372
.98325204849243
.98390245437622
.95089429616928
.99252033233643
.90715448061625
1.0008130073547
.95560973882675
.98552846908569
.9347967505455
.95349591970444
.9138211607933
.94373985131582
.95479675134023
.94130080938339
.92016261816025
.99089431762695
.93463414907455
.98585363229116
1.0034146308899
.96406503518422
.9317073225975
.98276424407959
.93414634466171
.91333333651225
.88634145259857
.95382112264633
.92373985052109
1.0182113647461
.88016259670258
.93024390935898
.93300813436508
.93658536672592
1.0287804603577
.96504064400991
.99967477718989
1.0065040588379
.97089431683222
.95349593957265
.98813009262085
.94666665792465
.93235772848129
.9499186873436
1.0344715118408
1.0040650367737
.95999997854233
.98455286026001
.97804880142212
.99040651321411
.89999999602636
1.0045528411865
.96520324548086
.93105691671371
.92731708288193
.97853660583496
.94292682409286
.96276422341665
.86260163784027
1.003089427948
.87691056728363
1.01544713974
.96081300576528
.96926830212275
.9193495909373
.94195121526718
.93056911230087
.97691057125727
.9378861784935
.95772355794907
.9320325255394
.92715448141098
.94634145498276
.99918699264526
.99203252792358
.95138210058212
.92666667699814
.91967481374741
.9595121939977
1.0213007926941
.90178863207499
.98016262054443
.98211381832759
.97170732418696
.9595121939977
.92991870641708
1.0211381912231
1.0226016044617
.95040649175644
.95739835500717
.96032518148422
.95186990499496
.98845529556274
.93772357702255
.95821138223012
.94845527410507
.94878047704697
.94308942556381
.9351219534874
.88487803936005
.98504066467285
.93756097555161
.9406504034996
.97089431683222
.94520324468613
.98910568157832
.91593497991562
.96162601312002
.95089429616928
.94292682409286
.96845529476802
.93154472112656
.98747968673706
.97918701171875
.9347967505455
.91430896520615
.92081300417582
1.0258536338806
.99983739852905
.94780486822128
.91528457403183
.96081298589706
.99739837646484
.95577236016591
.97203252712886
.92780488729477
.9440650343895
.95837398370107
.92097562551498
.9731707572937
.93414634466171
.97219514846802
.85398375988007
.95398372411728
.88682925701141
1.0024390220642
.97008128960927
.9258536696434
.96487804253896
.9721951285998
.95723575353622
.99609756469727
.94617885351181
.92959350347519
.97495937347412
.93902438879013
.93934959173203
1.012195110321
.88926827907562
.94227641820908
.9406504034996
.9762601852417
.94617885351181
.94504064321518
.92878049612045
1.0143089294434
.98130083084106
.97138210137685
.9752845565478
.91479676961899
.95284551382065
.95853658517202
.91056913137436
.95040649175644
.96048778295517
.9230894446373
.95528453588486
.95658534765244
1.012357711792
.94260162115097
.90487804015478
.96650405724843
1.0230894088745
.90227641661962
.96585367123286
.93642276525497
.94471544027328
.96520324548086
.88829267024994
.98325204849243
.88910567760468
.9910569190979
.94813007116318
.92227643728256
.98308944702148
.97300815582275
.97024389108022
.97284553448359
.93853658437729
.9588617682457
.94113820791245
.94552844762802
.98113822937012
.99983739852905
.99821138381958
.98406505584717
.97479675213496
.97398374478022
.86666667461395
.9554471373558
.99804878234863
.92699187994003
.95788615942001
.97479677200317
.97577236096064
.96829267342885
.96991870800654
.91333333651225
.99821138381958
.92016261816025
.86520326137543
.95626014471054
.91772359609604
.90991868575414
.89934959014257
.97268295288086
.92292684316635
.89804877837499
.9320325255394
.9821138381958
.94878047704697
.97528457641602
.96487804253896
.95138210058212
.91967481374741
.97024391094844
.98276422421137
1.0032520294189
.95528453588486
.99317073822021
.94894307851791
.93951219320297
.97138212124507
.9536585410436
.95235770940781
.95333331823349
.91414634386698
.96081298589706
.93674796819687
.98959350585937
.95626014471054
1.0097560882568
.92878049612045
1.0052032470703
.89934959014257
.94829267263412
.95707317193349
1.0383739471436
.9289430975914
.92813009023666
.93252032995224
.95186992486318
.94894307851791
.92943090200424
.92292684316635
1.0053658485413
.88569104671478
.96211381753286
.95756097634633
.94910567998886
.98113822937012
.93658536672592
.94178861379623
.97723577419917
.88276422023773
.99967479705811
.93317073583603
.9258536696434
.9258536696434
.90422763427099
.91414632399877
.97642278671265
.87739837169647
.93333333730698
.90292682250341
.97967481613159
.95121951897939
.91105689605077
.97154472271601
.95203250646591
.98308944702148
.97821140289307
.96471544106801
1.0349593162537
.89658536513646
.96292682488759
.92813009023666
.90308944384257
.91544717550278
.89804877837499
.88829267024994
.92699187994003
.9227642416954
.92634147405624
.93268293142319
.96894309918086
.92926830053329
.90796748797099
.8520325422287
.96747966607412
.91203250487645
.97138214111328
.88292682170868
.99886178970337
1.0315446853638
.95414632558823
.89186990261078
1.0003252029419
.92439025640488
.94617885351181
.94260162115097
.90260161956151
.91544717550278
.9752845565478
.90601625045141
.90341462691625
.88894307613373
.90373980998993
.9526829123497
.94552844762802
.95723577340444
.97365854183833
.88243901729584
.93317073583603
.91089431444804
.92861789464951
.94536584615707
.9317073225975
.91691056887309
.94747966527939
.92097562551498
.93544715642929
.91138211886088
.96617885430654
.95447152853012
.88617885112762
.92601627111435
.92536586523056
.93756097555161
.96796749035517
.92813009023666
.9406504034996
.8730081319809
.93707317113876
.95284553368886
.93837398290634
.92731708288193
.93691056966782
.86910569667816
1.0544714927673
.90601627031962
.93577235937119
.9001625974973
1.0017886161804
.91252032915751
.96666665871938
.93674796819687
.97268295288086
.95951217412949
.91934961080551
.95138210058212
.9557723402977
.87447154521942
.96211381753286
.92926830053329
.95349591970444
.9598373969396
.97056909402211
.92650407552719
.95804876089096
.93674796819687
.94211381673813
.94585365056992
.9554471373558
.94016259908676
.95284551382065
.89609754085541
.94390243291855
.90601625045141
.9554471373558
.88520324230194
.95056909322739
.91008132696152
.93626016378403
.9643902182579
.96471546093623
.93235772848129
.93642276525497
.99138212203979
1.0076422691345
.94910569985708
.89886176586151
.88910567760468
.87105691432953
.93056911230087
.9134959379832
.89382112026215
.96130081017812
.88243901729584
.91284553209941
.95105689764023
.97382114330928
.89203250408173
.91317075490952
.96455283959707
.95560973882675
.86845529079437
.92341464757919
.92439025640488
.881951212883
.9468292593956
.91170732180278
.90308942397436
.91560977697372
.97983741760254
.99512191613515
.9554471373558
.94910567998886
.89918696880341
.9320325255394
.89333333571752
.96016259988149
.86699187755585
.93593496084213
.8847154378891
.91479676961899
.92715448141098
.90390245119731
.9721951285998
.89121949672699
.89577233791351
.88682925701141
.8609756231308
.86130082607269
.91154474020004
.97284555435181
.9378861784935
.91398376226425
.90504064162572
.97024389108022
.93235772848129
.89918696880341
.90601627031962
.92959350347519
.85658538341522
.96341462930044
.92715448141098
.99170732498169
.89398374160131
.91154472033183
.89495935042699
.93317073583603
.86569106578827
.89430892467499
.89593495925268
.93284553289413
.93154472112656
.90211379528046
.90813008944194
.92813009023666
.87235772609711
.97365856170654
.9172357916832
.89284551143646
.91317075490952
.9465040564537
.9169105887413
.89691056807836
.90308942397436
.96487804253896
.92081302404404
.94926828145981
.91252032915751
.91739837328593
.88731706142426
.97788619995117
.97447154919306
.97983741760254
.83252030611038
.98195123672485
.92113822698593
.9656910498937
.89707314968109
.91138211886088
.8964227437973
.94926828145981
.90682925780614
.9564227660497
.94341462850571
.90715448061625
.91300815343857
.89560973644257
.89024388790131
.91609758138657
.9221138159434
.91626018285751
.87869918346405
.96764228741328
.92975610494614
.94260162115097
.93934959173203
.9261788725853
.87495934963226
.92666667699814
.92569106817245
.91430894533793
.91626018285751
.88292682170868
.91447156667709
.86764228343964
.90569104750951
.96699186166128
.91235774755478
.88959348201752
.89788617690404
.9505691130956
.92487806081772
.9104065100352
.96455283959707
.96243902047475
.91853658358256
.90065038204193
.95056909322739
.93430894613266
.9134959379832
.90439023574193
.87447154521942
.90878049532572
.92227643728256
.92390245199203
.90796748797099
.96292682488759
.89658536513646
.92227643728256
.89804875850677
.92048782110214
.90487804015478
.86634145180384
.94634145498276
.88926827907562
.88390243053436
.9032520254453
.91121953725815
.90926829973857
.90406503280004
.91252034902573
.90195121367772
.93593496084213
.90569104750951
.91203252474467
.94357722997665
.95756097634633
.8551219701767
1
.85463416576385
.94048780202866
.89040648937225
.89707314968109
.89024388790131
.93463414907455
.8373983502388
.85902438561122
.90373982985814
.94731706380844
.92959350347519
.93642276525497
.88975608348846
.98650407791138
.86975610256195
.89934959014257
.93398374319077
.87398374080658
.91121949752172
.89512193202972
.89186990261078
.89544713497162
.95040649175644
.94634145498276
.87674796581268
.92536586523056
.84959350029627
.86861789226532
.91707319021225
.90032519896825
.9691057006518
.95642274618149
.92048782110214
.96487804253896
.92260164022446
.9172357916832
.88699185848236
.885691066583
.89577233791351
.90081300338109
.94617885351181
.90829267104467
.85626016060511
.85723578929901
.86081300179164
.89593493938446
.89804877837499
.89170730113983
.94634145498276
.88552844524384
.90455283721288
.91398374239604
.91918700933456
.91837400197983
.92504066228867
.92764228582382
.89837398131688
.89008128643036
.95837396383286
.93138211965561
.86861789226532
.92357724905014
.95544715722402
.92227643728256
.89918698867162
.88861787319183
.92113822698593
.92341464757919
.92243903875351
.90471545855204
.85268294811249
.96487804253896
.88634145259857
.9440650343895
.92211383581161
.85658538341522
.92422765493393
.93154472112656
.91609758138657
.86780488491058
.91707319021225
.90991870562236
.95121949911118
.90682925780614
.888780494531
.89642276366552
.86308944225311
.89934959014257
.89983737468719
.88211381435394
.90130080779394
.88097560405731
.89772355556488
.93300813436508
.86699187755585
.93056911230087
.91447156667709
.90048778057098
.89219510555267
.89886176586151
.81723576784134
.93008130788803
.90422761440277
.92292684316635
.86325204372406
.92227643728256
.87121951580048
.93073171377182
.89951219161352
.87951219081879
.85040652751923
.96130079030991
.9261788725853
1.0523577133814
.9536585410436
.90666667620341
.83674796422323
.87593495845795
.91333333651225
.91170732180278
.86081302165985
.91073171297709
.82991868257523
.91528455416362
.872682929039
.91804879903793
.88699185848236
.91203254461288
.8754471540451
1.0149593353271
.86130082607269
.92016259829203
.88552844524384
.91186994314194
.92146342992783
.86471545696259
.8967479467392
.89268290996552
.82211381196976
.89821137984594
.87382113933563
.90195121367772
.89447154601415
.87691056728363
.87658536434174
.9004878004392
.87105691432953
.86211383342743
.9378861784935
.92178863286972
.94113820791245
.99853658676147
.88325202465057
.88081300258636
.84520324071248
.87512195110321
.86878049373627
.92861789464951
.91073171297709
.90731706221898
.96682926019033
.9691057006518
1.0284552574158
1.0886179208755
.95821136236191
.91934961080551
.96065040429433
.98878047863642
.96065038442612
.98341464996338
1.0082926750183
.9533333381017
1.021625995636
.96260160207748
.98308944702148
1.039999961853
.99560976028442
.96699188152949
.95479675134023
.97983741760254
.99967479705811
.98585367202759
.95674794912338
1.0346341133118
.96699188152949
.95186990499496
1.0487804412842
.95756095647812
1.0346341133118
.96130079030991
.9941463470459
1.0087804794312
.99447154998779
.98943090438843
1.0112195014954
.94422763586044
1.0331707000732
.96796747048696
.96975608666738
1.0032520294189
.99739837646484
.94520324468613
1.037073135376
1.0198373794556
1.0502438545227
.9567479689916
1.0006504058838
.95869918664296
1.0235772132874
.96780488888423
1.0507316589355
1.0047154426575
.98130083084106
.9554471373558
.98406505584717
1.0009756088257
1.0346341133118
1.003089427948
.99593496322632
.97723579406738
.95918697118759
.95105691750844
1.0289430618286
.98585367202759
.98325204849243
1.0004878044128
1.0073170661926
1.0099186897278
.99837398529053
.96243904034297
1.0273170471191
.88504064083099
1.0104064941406
1.0084552764893
1.0297560691833
.97512197494507
.96325202782949
1.0087804794312
.99658536911011
.98991870880127
.99707317352295
.98926830291748
1.0508943001429
1.0043902397156
1.0167479515076
.98845529556274
1.0378861427307
.98032522201538
.97024391094844
1.0034146308899
.96308940649033
1.0094308853149
1.0770732164383
.97642278671265
.98699188232422
.993821144104
1.0448780059814
1.0017886161804
1.0341463088989
1.0302438735962
1.0050406455994
.96715448300044
1.0440649986267
1.0258536338806
1.0843902826309
.97056911389033
1.0039024353027
.99333333969116
.99756097793579
1.1383739709854
1.0588618119558
1.006178855896
1.0199999809265
.96016258001328
1.0297560691833
1.009268283844
1.055609703064
.9721951285998
.99008131027222
.99658536911011
.97024391094844
1.0269918441772
1.0858536958694
.99186992645264
.99365854263306
1.0188617706299
1.0398374001185
1.0712195634842
1.0500812530518
1.0261788368225
1.0473170280457
1.0347967147827
1.0089430809021
1.0305690765381
1.0474796295166
1.0440649986267
1.0806504487991
.97951221466064
1.0613007942835
1.065691113472
1.0398373603821
1.0292682647705
1.0458536148071
.98878049850464
1.0045528411865
1.0333333015442
1.1147967576981
1.0328454971313
1.0227642059326
1.0788618326187
1.0460162162781
1.0834146738052
1.0554471413294
1.0868293046951
1.0913821458817
1.0300812721252
1.0588617324829
1.0398373603821
1.0878049135208
1.0860162973404
1.0323576927185
1.0973984003067
1.1060162782669
1.1159349679947
1.102764248848
1.1513820886612
1.1143089532852
1.1417886018753
1.1230894327164
1.145853638649
1.1603251695633
1.1785365740458
1.1767479578654
1.1652032136917
1.1708942651749
1.2226016521454
1.1637398004532
1.1852032740911
1.2213008403778
1.226991891861
1.2226016521454
1.17349588871
1.2061789035797
1.2019512653351
1.211544752121
1.2786991596222
1.2738211154938
1.248455286026
1.2396748065948
1.2492682933807
1.3133333126704
1.2307317256927
1.2733333110809
1.2642276287079
1.3201626141866
1.2674796581268
1.3019512097041
1.363414645195
1.3204878171285
1.3630894422531
1.3562601804733
1.276097536087
1.3484553098679
1.3790243864059
1.3408130407333
1.3136585553487
1.3684552907944
1.3764227628708
1.3154471715291
1.3430894215902
1.4068292379379
1.3538211584091
1.4671545028687
1.3762601613998
1.332520365715
1.3773983716965
1.4017885923386
1.4112194776535
1.4050406217575
1.3858536481857
1.475447177887
1.3482927083969
1.4006503820419
1.4307316939036
1.4458537101746
1.4486179351807
1.4487804969152
1.3998373746872
1.493983745575
1.3965853452682
1.3536585569382
1.3967479467392
1.4547967910767
1.3843902349472
1.381951212883
1.3718699216843
1.3843902349472
1.3668292760849
1.3746341466904
1.3954471349716
1.3954471349716
1.4201625585556
1.3565853834152
1.4195121526718
1.3861788511276
1.3092682758967
1.3250406980515
1.303902387619
1.3237398862839
1.3271545171738
1.32650411129
1.2809755802155
1.3559349775314
1.2489430904388
1.2811381816864
1.2317073345184
1.260650396347
1.2287805080414
1.2030894756317
1.1938211520513
1.2408130168915
1.1660162210464
1.1845528284709
1.1313821077347
1.1315447092056
1.2094309329987
1.1037398576736
1.145691037178
1.1226016283035
1.1967479785283
1.1065040826797
1.0439023971558
1.0538210868835
1.0939837694168
1.1073170900345
1.0419511795044
1.0816260576248
1.0674797296524
1.0398373603821
1.0294308662415
1.0826016664505
1.0203251838684
1.0512194633484
.99121952056885
.98032520214717
1.0089430809021
1.0396747589111
1.0528455177943
1.0471544265747
1.0037398338318
1.0078048706055
1.0827642679214
1.012357711792
.99674797058105
1.0586992104848
1.0016260147095
1.0175609588623
1.080975651741
1.0188617706299
.98585367202759
.98666667938232
1.0167479515076
.95869916677475
1.0551219383876
1.0990244150162
.98406505584717
1.0297560691833
1.0385365486145
.98894309997559
1.1289430856705
1.0017886161804
1.04634141922
.97349594036738
1.0341463088989
1.012357711792
1.0047154426575
1.0359349250793
.99056911468506
1.1094309091568
1.0434145927429
1.0426015853882
.98341464996338
1.0695935487747
1.0255284309387
1.0243902206421
.98715448379517
1.052357673645
1.03089427948
1.037073135376
1.0639024575551
1.0086178779602
.9910569190979
1.0808130502701
.98845529556274
.96959350506465
1.0295934677124
1.0191869735718
1.0388617515564
1.0356097221375
1.0227642059326
1.0619512001673
.99170732498169
1.0606504281362
.96666663885117
1.0534958839417
1.0013008117676
1.0326828956604
1.0445528030396
1.0694309075673
1.0517072677612
1.0455284118652
1.0073170661926
1.0315446853638
1.0559349457423
1.0224390029907
1.0518699089686
.98260162274043
1.0079674720764
1.0409755706787
1.0196747779846
1.0333333015442
1.0499186515808
1.0497560501099
1.0360975265503
.996910572052
1.0003252029419
1.0186991691589
1.009105682373
1.0627642472585
1.0469918251038
1.0380487442017
1.0027642250061
.9691057006518
1.0087804794312
.99593496322632
1.0730081399282
1.049268245697
.98439025878906
1.039999961853
.94113820791245
.97138212124507
1.0026016235352
.95512193441391
.99544715881348
1.0255284309387
1.0213007926941
1.0357723236084
1.0321950912476
.99626016616821
1.0089430809021
1.0035772323608
1.027642250061
1.012195110321
1.0066666603088
1.0256910324097
1.0108942985535
.99739837646484
.98585367202759
1.012195110321
.97609756390254
1.0372357368469
1.0102438926697
1.0834146738052
.98682928085327
1.0523577133814
.9530081152916
1.0341463088989
1.021463394165
1.1128455400467
.96894307931264
1.018536567688
.97138214111328
1.0113821029663
.9852032661438
1.0281300544739
.9848780632019
1.0297560691833
1.0279674530029
1.0261788368225
.98016262054443
1.015284538269
.996910572052
1.0110569000244
.99219512939453
1.0204877853394
1.0058536529541
1.01544713974
1.018373966217
1.0408129692078
1.0019512176514
1.0110569000244
1.0617885986964
.96926830212275
.94861787557602
1.0040650367737
1.018536567688
1.061138232549
.99154472351074
.99544715881348
1.0063414573669
1.0112195014954
1.0582113265991
.95707315206528
.96926830212275
1.0208129882812
1.0022764205933
.99674797058105
.96926828225454
1.0385365486145
.99056911468506
.996910572052
1.0437397956848
1.0229268074036
.98731708526611
.96813007195791
.95154470205307
1.0551219383876
1.0808130502701
.97056911389033
.94081300497055
1.0426015853882
1.0136585235596
1.009105682373
.98666667938232
.95674794912338
1.0048780441284
1.0373983383179
1.0108942985535
1.0147967338562
1.0221138000488
1.0281300544739
.99756097793579
.98910570144653
.95544715722402
1.0375609397888
1.0190243721008
.98747968673706
1.006178855896
1.0239024162292
.99821138381958
1.0117073059082
1.0115447044373
.9910569190979
.94520324468613
1.0037398338318
.98178863525391
1.1279674768448
1.0115447044373
1.0193495750427
.97398374478022
1.0055284500122
1.0006504058838
1.1112195253372
1.0292682647705
.98308944702148
.93609756231308
1.0346341133118
.97056911389033
1.0304064750671
1.0351219177246
1.0045528411865
1.0447154045105
1.021463394165
.97495937347412
1.0095934867859
.99398374557495
1.0201625823975
1.0300812721252
1.0014634132385
.99869918823242
.97707319259644
.95138210058212
.9780487815539
1.009105682373
.98097562789917
1.0590243736903
.97430896759033
.97056911389033
1.0484552383423
1.0853658914566
.97886180877686
.9972357749939
1.0204877853394
.98276422421137
1.0186991691589
1.0552845398585
1.0830894708633
.9530081152916
.9619511961937
1.0586991707484
1.0003252029419
1.0383739471436
.99577236175537
.93739837408066
.97983741760254
.99821138381958
1.043089389801
.97544717788696
1.0596747795741
.94764226675034
1.0188617706299
1.0156097412109
.99902439117432
.93999999761581
.97609756390254
1.0056910514832
1.0175609588623
.94764226675034
1.0160975456238
.94471544027328
.9879674911499
.97934959332148
1.0039024353027
1.0230894088745
1.0058536529541
.96796749035517
1.0039024353027
1.0022764205933
1.0099186897278
1.0526828765869
1.0240650177002
.94585365056992
1.0146341323853
.98455286026001
.96585365136464
1.0240650177002
.97577238082886
.98146343231201
.99170732498169
.996910572052
.98146343231201
.95756097634633
1.0292682647705
1.0029268264771
1.0608130296071
.97154472271601
1.0367479324341
1.0655284722646
1.0372357368469
.99544715881348
.99902439117432
1.0100812911987
.98634147644043
.97707319259644
.98991870880127
.98634145657221
.95918699105581
.97658538818359
1.0141463279724
.93707317113876
1.0239024162292
.98666667938232
.99674797058105
.93300813436508
1.0191869735718
.96113818883896
1.0404877662659
.96796747048696
1.030731678009
.93268293142319
1.012195110321
.98845529556274
.97756099700928
.94048780202866
1.0512195030848
.96617885430654
1.0510568618774
.99284553527832
1.0037398338318
.99593496322632
.94585365056992
1.0211381912231
1.0074796676636
.95252031087875
1.0226016044617
.98243902126948
1.0056910514832
.99463415145874
1.0234146118164
.9882926940918
.99560976028442
.96471544106801
1.0056910514832
1.0108942985535
1.0531706809998
.94764226675034
1.0167479515076
1.071707367897
.99772357940674
.98682928085327
.96650405724843
.94227641820908
.98910570144653
.96796747048696
1.0099186897278
.96975610653559
1.0671544869741
.99951219558716
1.0198373794556
.990081290404
1.0513820648193
1.0484552383423
1.0175609588623
.98357725143433
.96699186166128
1.0429267883301
1.0395121971766
1.0182114044825
1.0056910514832
.95056909322739
.99479675292969
1.0081300735474
.95154470205307
.92504066228867
.97821140289307
.98357725143433
1.0186991691589
.96666665871938
1.0557723045349
.95853658517202
1.0453658103943
.97121951977412
.99626016616821
1.0003252029419
1.0149593353271
.97674798965454
.99349594116211
.98536586761475
.99739837646484
.93934959173203
1.0239024162292
.96666665871938
1.0089430809021
1.0087804794312
1.0393495559692
1.0416259765625
.99252033233643
1.0052032470703
.96308940649033
.9526829123497
1.0042276382446
1.0138211250305
1.0198373794556
.97203252712886
1.0125203132629
1.0073170661926
1.0604877869288
.9879674911499
.96455283959707
.97804880142212
1.0130081176758
.92162603139877
1.0055284500122
1.0230894088745
1.0455284118652
1.03089427948
1.0016260147095
.99821138381958
1.0056910514832
1.0047154426575
1.012357711792
1.0199999809265
1.0408129692078
1.0146341323853
1.0263414382935
.96032518148422
.98162603378296
.9793496131897
1.0086178779602
1.0289430618286
.9882926940918
1.0087804794312
1.0378861427307
.95544715722402
1.0052032470703
.99821138381958
1.0086178779602
.97918699185053
1.0534959236781
1.006016254425
.94731706380844
.97544717788696
1.0146341323853
.96943088372548
1.0019512176514
1.0437397956848
1.0068292617798
.96178861459096
1.0190243721008
.99365854263306
1.0377235412598
.98422765731812
1.0505690574646
1.0058536529541
.94813007116318
.94455283880234
1.021463394165
.96341460943222
1.009268283844
.97382114330928
1.1004878282547
.99983739852905
1.043251991272
1.0333333015442
.96016258001328
.92959350347519
1.0022764205933
.95934959252675
.98016262054443
.94113820791245
.99544715881348
.93902438879013
1.0175609588623
.99365854263306
1.0042276382446
1.0034146308899
1.0196747779846
.996910572052
1.0250406265259
.99495935440063
1.0478048324585
.9762601852417
1.03089427948
.96341462930044
1.0684552987417
.97105691830317
1.0037398338318
1.0357723236084
1.0136585235596
.95056909322739
.97024391094844
.99528455734253
1.0144715309143
.93869918584824
.98699188232422
1.030731678009
.99073171615601
1.0364227294922
.99674797058105
.95983737707138
1.0302438735962
1.0042276382446
1.033821105957
1.006178855896
.98195121685664
.9972357749939
.99674797058105
1.0016260147095
.98406505584717
1.0001626014709
.98943090438843
.94731706380844
.98471546173096
.9351219534874
1.0110569000244
1.0466666221619
.99219512939453
.96455283959707
1.0172357559204
1.0328454971313
1.0243902206421
1.0243902206421
1.0378861427307
.993821144104
1.0265040397644
.97300813595454
.99918699264526
.97869920730591
.96780488888423
.99560976028442
.93853658437729
.94780486822128
.99951219558716
.97528457641602
1.0173983573914
.98910570144653
.95707317193349
.97154472271601
.99365854263306
.99284553527832
.99512195587158
.96731706460317
1.0252032279968
1.0193495750427
.99642276763916
.98780488967896
.92910569906235
.99008131027222
1.018373966217
1.0125203132629
.98910570144653
1.0195121765137
.93902438879013
.99024391174316
.9406504034996
.97707319259644
1.0053658485413
.99089431762695
1.0242276191711
.98780486981074
1.0300812721252
1.0287804603577
.98471546173096
.98341464996338
1.0489430427551
.96585365136464
.96487804253896
1.024552822113
1.024715423584
1.0011382102966
1.0302438735962
1.0134959220886
1.0208129882812
.95252031087875
1.0097560882568
.97138212124507
.9712194999059
1.0313820838928
1.0079674720764
.93951219320297
1.0591869751612
.9598373969396
.9743089278539
1.0222764015198
1.0289430618286
.96520326534907
1.0199999809265
.93739837408066
.9972357749939
.95691055059433
.98747968673706
1.0104064941406
1.0125203132629
1.0081300735474
1.0032520294189
.93983739614487
.95154472192128
.95447152853012
1.0385365486145
.96292680501938
1.0199999809265
1.0315446853638
.98715448379517
1.0117073059082
.99235773086548
.94439023733139
1.0708943605423
.95414634545644
.94699186086655
.9852032661438
1.0224390029907
.99528455734253
1.0037398338318
.96357723077138
.98000001907349
.96764226754506
1.0344715118408
.96780486901601
1.0100812911987
.93821138143539
1.0013008117676
.96178861459096
1.0134959220886
.95121951897939
1.0024390220642
.97707319259644
1.0351219177246
.94487804174423
1.0117073059082
.90113820632299
.96406501531601
.94715446233749
1.0037398338318
.99739837646484
1.0616259972254
.96487804253896
.98991870880127
.97707317272822
.97333333889643
.94162601232529
.93918699026108
1.0234146118164
1.0087804794312
.9465040564537
1.0143089294434
.99528453747431
.99886178970337
.97560977935791
.95121949911118
.97024393081665
.97837400436401
.98585367202759
.99430894851685
.93398374319077
1
1.0079674720764
.96520322561264
.92081302404404
.94276422262192
.9879674911499
.94601625204086
.96552846829096
.97723577419917
.95154470205307
.98341464996338
1.0022764205933
1.0330080986023
.9622764190038
.99512195587158
1.0050406455994
.94227641820908
.98032522201538
.99869918823242
1.0014634132385
.9564227660497
.96861787637075
.99235773086548
.99138212203979
.9495934844017
.91658536593119
.98943090438843
.9622764190038
.96178859472275
1.0502438545227
.92341464757919
.96813007195791
.98926830291748
.99967479705811
1.0037398338318
.89707314968109
.94943090279897
.97739839553833
.96601625283559
1.0175609985987
.98926830291748
.9468292593956
1.018536567688
.90146340926488
.96325202782949
.93804877996445
1.0326828956604
.97707317272822
.97121951977412
1.0017886161804
.98699188232422
.95902438958486
1.03089427948
.93252032995224
.99886178970337
.95918697118759
.97951219479243
.98650407791138
.94845527410507
.87674796581268
.97983741760254
.99268293380737
.92292684316635
.90487804015478
1.0081300735474
.97170730431875
.92943090200424
.97804880142212
.97138212124507
.97268293301264
1.009268283844
.95219510793686
.95626014471054
.95674794912338
.98113822937012
.9972357749939
.9783739844958
1.0305690765381
.96601625283559
.95544715722402
.88227641582489
.95089429616928
.95430892705917
.96764226754506
1.0352845191956
.9595121939977
.95886178811391
.97577236096064
1.0029268264771
.95349591970444
.92455283800761
.98796747128169
.95837396383286
.99154472351074
.9653658469518
.95284551382065
.94861787557602
.98373985290527
.95691057046254
.96943088372548
1.0160975456238
.95121949911118
.95902436971664
.97674796978633
.95186990499496
.9530081152916
1.0003252029419
.92471545934677
.95918697118759
.94520324468613
1.0032520294189
.95934957265854
.95560973882675
.90569104750951
.94666665792465
.9351219534874
.95934957265854
.93300813436508
1.01544713974
.9468292593956
.96308942635854
.95739835500717
1.0182113647461
.9261788725853
.94357722997665
.97382114330928
.94162601232529
.94504064321518
.97056913375854
.98308944702148
.93040651082993
.92943090200424
.98455286026001
1.070569117864
1.015284538269
.89349591732025
.95365852117538
.96975608666738
1.0448780059814
.93999999761581
.96959350506465
.96650405724843
.96308942635854
.98471544186274
.99756097793579
.97918701171875
.97040651241938
1.0065040588379
.97821140289307
.94829267263412
1.0065040588379
.92650407552719
.91756099462509
.92666667699814
.95967479546865
.96048778295517
.93154472112656
.9162601629893
.95463413000107
.92813009023666
.94975608587265
.94390243291855
.96276422341665
.88130080699921
.9409756064415
.94943088293076
.93252032995224
.98878049850464
.89479674895604
.92699187994003
.96081298589706
.93837398290634
.97008130947749
1.0081300735474
.96130079030991
.95430892705917
.99658536911011
.92634147405624
.89902436733246
.90617885192235
.93739837408066
.94780486822128
.91186992327372
.96195121606191
.96130081017812
.91772357622782
.93089431524277
.99479675292969
.92747968435287
.92520326375961
.98260164260864
.87934958934784
.95414632558823
.88894307613373
.9437398314476
.92504066228867
.89447152614594
.89024388790131
.87593495845795
.85382115840912
.92260164022446
.89609756072362
.93593496084213
.90097560485204
.91203252474467
.95902436971664
.9172357916832
.89333333571752
.87821137905121
.90813006957372
.88731706142426
.96065040429433
.90081300338109
.90341462691625
.88357722759247
.91056911150614
.8843902349472
.88959348201752
.96504064400991
.88081300258636
.85138211647669
.91349595785141
.91414634386698
.93739837408066
.9172357916832
.83203250169754
.90861789385478
.87447154521942
.90878047545751
.92699187994003
.89560973644257
.81804877519608
.88910567760468
.89609756072362
.92032519976298
.88113820552826
.86000001430511
.8414634068807
.85073173046112
.8547967672348
.91512197256088
.89300811290741
.86308944225311
.88666665554047
.85268294811249
.85105693340302
.90504064162572
.84634147087733
.89544713497162
.87772357463837
.93658536672592
.79284554719925
.90894309679667
.90601625045141
.89853656291962
.88016259670258
.83853660027186
.88308942317963
.85528455177943
.89837398131688
.92715446154277
.79382115602493
.83219510316849
.82162600755692
.92162603139877
.86178863048553
.91544717550278
.8291056950887
.84097560246785
.8294308980306
.86178863048553
.90829267104467
.85414636135101
.7895935177803
.85512195030848
.85951220989227
.86650407314301
.79983741044998
.84357722600301
.86845529079437
.83951218922933
.84601624806722
.85967481136322
.8256910443306
.91138211886088
.86276423931122
.83821137746175
.89658536513646
.82504063844681
.81024390459061
0
0
0
0
0
0
0
0
0
0
0
0
0
0
0
0
0
0
0
0
0
0
0
0
0
0
0
0
0
0
0
0
0
0
0
0
0
0
0
0
0
0
0
0
0
0
0
0
0
0
0
0
0
0
0
0
0
0
0
0
0
0
0
0
0
0
0
0
0
0
0
0
0
0
0
0
0
0
0
0
0
0
0
0
0
0
0
0
0
0
0
0
0
0
0
0
0
0
0
0
0
0
0
0
0
0
0
0
0
0
0
0
0
0
0
0
0
0
0
0
0
0
0
0
0
0
0
0
0
0
0
0
0
0
0
0
0
0
0
0
0
0
0
0
0
0
0
0
0
0
0
0
0
0
0
0
0
0
0
0
0
0
0
0
0
0
0
0
0
0
0
0
0
0
0
0
0
0
0
0
0
0
0
0
0
0
0
0
0
0
0
0
0
0
0
0
0
0
0
0
0
0
0
0
0
0
0
0
0
0
0
0
0
0
0
0
0
0
0
0
0
0
0
0
0
0
0
0
0
0
0
0
0
0
0
0
0
0
0
0
0
0
0
0
0
0
0
0
0
0
0
0
0
0
0
0
0
0
0
0
0
0
0
0
0
0
0
0
0
0
0
0
0
0
0
0
0
0
0
0
0
0
0
0
0
0
0
0
0
0
0
0
0
0
0
0
0
0
0
0
0
0
0
0
0
0
0
0
0
0
0
0
0
0
0
0
0
0
0
0
0
0
0
0
0
0
0
0
0
0
0
0
0
0
0
0
0
0
0
0
0
0
0
0
0
0
0
0
0
0
0
0
0
0
0
0
0
0
0
0
0
0
0
0
0
0
0
0
0
0
0
0
0
0
0
0
0
0
0
0
0
0
0
0
0
0
0
0
0
0
0
0
0
0
0
0
0
0
0
0
0
0
0
0
0
0
0
0
0
0
0
0
0
0
0
0
0
0
0
0
0
0
0
0
0
0
0
0
0
0
0
0
0
0
0
0
0
0
0
0
0
0
0
0
0
0
0
0
0
0
0
0
0
0
0
0
0
0
0
0
0
0
0
0
0
0
0
0
0
0
0
0
0
0
0
0
0
0
0
0
0
0
0
0
0
0
0
0
0
0
0
0
0
0
0
0
0
0
0
0
0
0
0
0
0
0
0
0
0
0
0
0
0
0
0
0
0
0
0
0
0
0
0
0
0
0
0
0
0
0
0
0
0
0
0
0
0
0
0
0
0
0
0
0
0
0
0
0
0
0
0
0
0
0
0
0
0
0
0
0
0
0
0
0
0
0
0
0
0
0
0
0
0
0
0
0
0
0
0
0
0
0
0
0
0
0
0
0
0
0
0
0
0
0
0
0
0
0
0
0
0
0
0
0
0
0
0
0
0
0
0
0
0
0
0
0
0
0
0
0
0
0
0
0
0
0
0
0
0
0
0
0
0
0
0
0
0
0
0
0
0
0
0
0
0
0
0
0
0
0
0
0
0
0
0
0
0
0
0
0
0
0
0
0
0
0
0
0
0
0
0
0
0
0
0
0
0
0
0
0
0
0
0
0
0
0
0
0
0
0
0
0
0
0
0
0
0
0
0
0
0
0
0
0
0
0
0
0
0
0
0
0
0
0
0
0
0
0
0
0
0
0
0
0
0
0
0
0
0
0
0
0
0
0
0
0
0
0
0
0
0
0
0
0
0
0
0
0
0
0
0
0
0
0
0
0
0
0
0
0
0
0
0
0
0
0
0
0
0
0
0
0
0
0
0
0
0
0
0
0
0
0
0
0
0
0
0
0
0
0
0
0
0
0
0
0
0
0
0
0
0
0
0
0
0
0
0
0
0
0
0
0
0
0
0
0
0
0
0
0
0
0
0
0
0
0
0
0
0
0
0
0
0
0
0
0
0
0
0
0
0
0
0
0
0
0
0
0
0
0
0
0
0
0
0
0
0
0
0
0
0
0
0
0
0
0
0
0
0
0
0
0
0
0
0
0
0
0
0
0
0
0
0
0
0
0
0
0
0
0
0
0
0
0
0
0
0
0
0
0
0
0
0
0
0
0
0
0
0
0
0
0
0
0
0
0
0
0
0
0
0
0
0
0
0
0
0
0
0
0
0
0
0
0
0
0
0
0
0
0
0
0
0
0
0
0
0
0
0
0
0
0
0
0
0
0
0
0
0
0
0
0
0
0
0
0
0
0
0
0
0
0
0
0
0
0
0
0
0
0
0
0
0
0
0
0
0
0
0
0
0
0
0
0
0
0
0
0
0
0
0
0
0
0
0
0
0
0
0
0
0
0
0
0
0
0
0
0
0
0
0
0
0
0
0
0
0
0
0
0
0
0
0
0
0
0
0
0
0
0
0
0
0
0
0
0
0
0
0
0
0
0
0
0
0
0
0
0
0
0
0
0
0
0
0
0
0
0
0
0
0
0
0
0
0
0
0
0
0
0
0
0
0
0
0
0
0
0
0
0
0
0
0
0
0
0
0
0
0
0
0
0
0
0
0
0
0
0
0
0
0
0
0
0
0
0
0
0
0
0
0
0
0
0
0
0
0
0
0
0
0
0
0
0
0
0
0
0
0
0
0
0
0
0
0
0
0
0
0
0
0
0
0
0
0
0
0
0
0
0
0
0
0
0
0
0
0
0
0
0
0
0
0
0
0
0
0
0
0
0
0
0
0
0
0
0
0
0
0
0
0
0
0
0
0
0
0
0
0
0
0
0
0
0
0
0
0
0
0
0
0
0
0
0
0
0
0
0
0
0
0
0
0
0
0
0
0
0
0
0
0
0
0
0
0
0
0
0
0
0
0
0
0
0
0
0
0
0
0
0
0
0
0
0
0
0
0
0
0
0
0
0
0
0
0
0
0
0
0
0
0
0
0
0
0
0
0
0
0
0
0
0
0
0
0
0
0
0
0
0
0
0
0
0
0
0
0
0
0
0
0
0
0
0
0
0
0
0
0
0
0
0
0
0
0
0
0
0
0
0
0
0
0
0
0
0
0
0
0
0
0
0
0
0
0
0
0
0
0
0
0
0
0
0
0
0
0
0
0
0
0
0
0
0
0
0
0
0
0
0
0
0
0
0
0
0
0
0
0
0
0
0
0
0
0
0
0
0
0
0
0
0
0
0
0
0
0
0
0
0
0
0
0
0
0
0
0
0
0
0
0
0
0
0
0
0
0
0
0
0
0
0
0
0
0
0
0
0
0
0
0
0
0
0
0
0
0
0
0
0
0
0
0
0
0
0
0
0
0
0
0
0
0
0
0
0
0
0
0
0
0
0
0
0
0
0
0
0
0
0
0
0
0
0
0
0
0
0
0
0
0
0
0
0
0
0
0
0
0
0
0
0
0
0
0
0
0
0
0
0
0
0
0
0
0
0
0
0
0
0
0
0
0
0
0
0
0
0
0
0
0
0
0
0
0
0
0
0
0
0
0
0
0
0
0
0
0
0
0
0
0
0
0
0
0
0
0
0
0
0
0
0
0
0
0
0
0
0
0
0
0
0
0
0
0
0
0
0
0
0
0
0
0
0
0
0
0
0
0
0
0
0
0
0
0
0
0
0
0
0
0
0
0
0
0
0
0
0
0
0
0
0
0
0
0
0
0
0
0
0
0
0
0
0
0
0
0
0
0
0
0
0
0
0
0
0
0
0
0
0
0
0
0
0
0
0
0
0
0
0
0
0
0
0
0
0
0
0
0
0
0
0
0
0
0
0
0
0
