.86243903636932
.81170731782913
.80032521486282
.83691054582596
.82211381196976
.80422765016556
.80829268693924
.83642276128133
.85772359371185
.81186991930008
.85121953487396
.79967480897903
.83495934804281
.83056908845901
.76552844047546
.84211379289627
.83723576863607
.80650407075882
.86113822460175
.8606504201889
.87235772609711
.81463414430618
.93804877996445
.87008130550385
.90065040191015
.81821137666702
.80845528841019
.86292684078217
.82487803697586
.81382113695145
.86796748638153
.84878049294154
.87756097316742
.88341462612152
.8754471540451
.85365855693817
.87999999523163
.83495934804281
.89008128643036
.9409756064415
.84861787160238
.87219512462616
.8609756231308
.87463414669037
.87967479228973
.91268291076024
.94439025719961
.84308942159017
.91447156667709
.88959350188573
.81967478990555
.84666665395101
.84796746571859
.88878047466278
.88601624965668
.87447154521942
.9063414533933
.8222764134407
1.0481300751368
.84390242894491
.92520326375961
.86796748638153
.89528453350067
.86975610256195
.90471543868383
.87463414669037
.92341464757919
.89788615703583
.89658536513646
.94422763586044
1.0011382102966
.9131707350413
.95723577340444
.85951220989227
.90292682250341
.92048782110214
.95284553368886
.92959350347519
.94536584615707
.9351219534874
.99642276763916
.88390243053436
.90471543868383
.93528455495834
.91186992327372
.90276422103246
.93934959173203
.9317073225975
.8847154378891
.87170732021332
.95609754323959
.91739839315414
.90731706221898
.91739839315414
.88536584377289
.90975610415141
.89918696880341
.92926830053329
.87040650844574
1.0678049325943
1.0242276191711
.89398372173309
.96178861459096
.96715446313222
.92991870641708
.91121951738993
.91365853945414
.95869916677475
.94894307851791
.92682927846909
.98227643966675
.97544715801875
.97512195507685
.98439025878906
.96878049770991
.92780488729477
.97951217492421
.98536586761475
.92650407552719
.92373985052109
.97121951977412
1.1443902254105
.93300813436508
.92081302404404
.99837398529053
.91756099462509
.97235771020253
.96585365136464
.96357721090317
.92520326375961
1.0803252458572
.91089429457982
.92097560564677
.92601627111435
1.0094308853149
.94390243291855
.99658536911011
1.0069918632507
1.0354471206665
.96943088372548
1.0053658485413
1.0263414382935
1.0362601280212
1.0204877853394
1.0118699073792
1.0011382102966
.9684552748998
.93951219320297
.99512195587158
.94829267263412
.98292684555054
1.0058536529541
.98699188232422
.94032520055771
.98926830291748
.93951219320297
.97317071755727
.98406505584717
.99414630730947
.99495935440063
.99252033233643
.91235772768656
.99821138381958
1.0003252029419
.95853658517202
.9536585410436
.9852032661438
.97447154919306
.95642274618149
.97089431683222
.95739837487539
.94341462850571
.97886180877686
.94016259908676
1.0118699073792
.94747966527939
.93495935201645
.96162601312002
.99772357940674
.91544715563456
.96357723077138
.97121951977412
.96943088372548
.91674798727036
.98926830291748
1.0650407075882
.94422763586044
1.0759349664052
1.0193495750427
.98260164260864
1.0084552764893
.96097560723623
.96032520135244
.92796748876572
.95674794912338
.95138210058212
.96016258001328
.93008130788803
1.0139837265015
.91024388869603
1.003089427948
.96081298589706
.97707319259644
.94292682409286
.95024389028549
1.0027642250061
.99626016616821
.97219514846802
.94130080938339
.9440650343895
.94081300497055
.96845529476802
1.0528454780579
.90211383501689
1.0583739678065
1.0087804794312
.92780488729477
.89821135997772
.97967479626338
.95121949911118
1.0133333206177
.9691057006518
.95951217412949
.93934959173203
.96585365136464
.87398374080658
1.0414633750916
.95317071676254
1.0204877853394
.97821138302485
.92195123434067
.98943090438843
.97821140289307
.98162603378296
.99837398529053
.98097560803095
.97626016537348
.95593494176865
.97398372491201
.92341464757919
1.0279674530029
.93528455495834
1.0650406281153
.96585365136464
1.0250406265259
.92211383581161
.97983741760254
.96780486901601
1.0001626014709
1.0130081176758
.9780487815539
.95707317193349
.95154470205307
.95186992486318
1.0261788368225
.94178861379623
.97837400436401
.95756097634633
.93691056966782
.9656910498937
.98682928085327
.96552844842275
.96617885430654
.93853658437729
.96357723077138
.96780486901601
.94569104909897
.9725203315417
.95138210058212
.92439023653666
1.0112195014954
1.006016254425
.99626016616821
1.012357711792
.99658536911011
.98894309997559
.95788615942001
.96504066387812
.97382114330928
.96747966607412
1.04634141922
.89300811290741
1.0378861427307
.96081300576528
.94617885351181
.99739837646484
1.0032520294189
.97999999920527
1.0167479515076
.95821136236191
.97170732418696
.99024391174316
.97203254699707
.93186992406845
.97642278671265
.93853658437729
.96276422341665
.98666667938232
1.0026016235352
.93073171377182
.93219512701035
.94617885351181
1.0004878044128
.89414632320404
.95967477560043
1.0265040397644
.98195123672485
.99837398529053
1.0252032279968
1.0398373603821
.99252033233643
1.0065040588379
.97821138302485
.98130083084106
.98813009262085
.90617885192235
.93609756231308
.9821138381958
.9848780632019
.97186992565791
.93691056966782
.9347967505455
.95073169469833
.95560973882675
1.0378861427307
.92325204610825
.96308942635854
.99934959411621
1.0144715309143
1.0097560882568
.95626014471054
.91170732180278
1.0068292617798
.87788617610931
.96504062414169
.99674797058105
1.0017886161804
.97577236096064
1.0100812911987
.97430894772212
.95837396383286
.95024389028549
.99252033233643
.96487804253896
1.0360975265503
.95934959252675
.96211379766464
.9159349600474
.93252032995224
.98292684555054
.94439023733139
.94032520055771
1.039999961853
.9468292593956
1.0086178779602
.98601627349854
1.0009756088257
.99268293380737
.97170732418696
.95398372411728
1.0037398338318
1.0232520103455
.99577236175537
1.0056910514832
1.0613007942835
1.0204877853394
1.0617885986964
.94113820791245
.96829267342885
.96308942635854
.9743089278539
.97186992565791
.98552846908569
.95999997854233
.91512197256088
.92130082845688
.97544717788696
.96373981237411
.9468292593956
.87479674816132
.95837398370107
.92520326375961
1.0515446662903
.98032522201538
1.0065040588379
.91837398211161
.9134959379832
.96211381753286
.99154472351074
.96146339178085
.97333335876465
.91902440786362
.96617885430654
.9073170820872
.97463417053223
.97886178890864
1.0201625823975
.93707317113876
.90439023574193
.9848780632019
.98861789703369
.92910569906235
.94861787557602
.97495935360591
.96195121606191
.95804878075918
.92195123434067
1.1879674990972
1.012357711792
.99447154998779
.97398374478022
.96894309918086
.98422765731812
.97414634625117
.99463415145874
.95317071676254
.92650407552719
.88081300258636
.95089429616928
.93691056966782
.9526829123497
.96813009182612
.9793496131897
.9691057006518
.95577236016591
.99626016616821
.97284551461538
.94569104909897
.95739837487539
.94032520055771
.97121951977412
.96308942635854
.94520324468613
.97951221466064
1.0294309059779
.92341464757919
.9941463470459
.97512195507685
.95626014471054
.91040649016698
.95414632558823
.96243902047475
.98975610733032
.92439025640488
.98666667938232
.95837398370107
.96471544106801
.96747966607412
.95154470205307
.99365854263306
1.0008130073547
.96634145577749
1.0024390220642
.93837398290634
1.0583739678065
.94699186086655
1.0141463279724
.94813007116318
.98097560803095
.93999999761581
.93999999761581
.99463415145874
.95739835500717
.95414632558823
1.0089430809021
.92991870641708
.98959350585937
.92097562551498
.98097562789917
.9378861784935
.9619511961937
.94390243291855
.99024391174316
.96146339178085
1.0242276191711
.91495937108994
1.0364227294922
.95463413000107
.94162601232529
.93999999761581
.94796746969223
.99089431762695
.97837400436401
.93983739614487
.90585366884867
.92878049612045
.92097562551498
.96276422341665
.91138209899267
.93918699026108
.97252035140991
.93040651082993
.98634147644043
.95772355794907
1.0287804603577
.9004878004392
1.0084552764893
.98081302642822
.96780486901601
.94455283880234
.98601627349854
.91463416814804
.93999999761581
.9437398314476
.9759349822998
.95934957265854
.96894307931264
.97723577419917
.98617887496948
.96796747048696
.9131707350413
.98715448379517
.98894309997559
.94308942556381
.99430894851685
.91772359609604
.97317073742549
.97479675213496
.97756099700928
.94634145498276
.95235770940781
.91739839315414
.95154470205307
.95203250646591
.94048780202866
.91512197256088
.99495935440063
.94699186086655
.96780488888423
1.0009756088257
.97512195507685
.92731708288193
.97447154919306
.93626016378403
.91772357622782
.9004878004392
.96813007195791
.92487806081772
1.0131707191467
.92894307772319
.91869920492172
.92487806081772
.94162601232529
1.0173983573914
.9585365653038
.95463413000107
.98536586761475
.97658536831538
.95804876089096
.98731708526611
.9495934844017
.92959350347519
.94617885351181
1.030731678009
1.0022764205933
.95918697118759
.99398374557495
.9824390411377
1.0001626014709
.87999999523163
.99821138381958
.9499186873436
.93414634466171
.91951219240824
.98439025878906
.93756097555161
.96634145577749
.87040650844574
1.0175609588623
.88601624965668
1.0162601470947
.96130079030991
.9663414756457
.91219512621562
.93707317113876
.93008130788803
.97008128960927
.94504064321518
.9687804778417
.93528455495834
.92536586523056
.95723575353622
.99609756469727
.98341464996338
.95853658517202
.93853658437729
.9203252196312
.9533333381017
1.0063414573669
.89674796660741
.99512195587158
.99447154998779
.9824390411377
.99918699264526
.93365854024887
1.0221138000488
1.0134959220886
.95560973882675
.94617885351181
.94845527410507
.95040649175644
.99626016616821
.94016259908676
.96991870800654
.94243901968002
.95154470205307
.97349592049917
.96243902047475
.89365853865941
.9762601852417
.94130080938339
.9261788725853
.97707317272822
.94032520055771
.99821138381958
.92520326375961
.95447152853012
.95040649175644
.94910567998886
.96764224767685
.93219512701035
.98975610733032
1.0575610001882
.95837396383286
.93804877996445
.92341464757919
1.0063414573669
.98439025878906
.9567479689916
.92065042257309
.96601625283559
.97723577419917
.95918697118759
.97593496243159
.91284553209941
.9409756064415
.96747966607412
.92439025640488
.97788619995117
.92991870641708
.97707317272822
.87365853786469
.94617885351181
.88569104671478
1.0003252029419
.96894307931264
.92195123434067
.95772355794907
.95967477560043
.95918697118759
.99235773086548
.94634145498276
.94487804174423
.97268293301264
.93463414907455
.9406504034996
1.0078048706055
.9011382261912
.93414634466171
.94162601232529
.96796747048696
.94276422262192
.92536586523056
.92601627111435
1.0209755897522
.97918699185053
.98032522201538
.97300813595454
.92715448141098
.97121951977412
.96032518148422
.92146342992783
.95577236016591
.94422763586044
.94845527410507
.95723577340444
.97463415066401
.99593496322632
.94276422262192
.91951221227646
.96845529476802
1.0282926559448
.90959348281225
.96325202782949
.93040651082993
.93186992406845
.97609758377075
.88991868495941
.97902439037959
.9035772283872
.99170732498169
.95203250646591
.993821144104
.99918699264526
.9721951285998
.97317073742549
.97512195507685
.93951219320297
.95463413000107
.9465040564537
.93447154760361
.97723577419917
.99495935440063
1.0056910514832
.98308944702148
.97674796978633
.98081302642822
.85382115840912
.95268293221792
1.01544713974
.92569106817245
.97447156906128
.96341462930044
.97739839553833
.95723575353622
.94861787557602
.91967481374741
.9882926940918
.92829269170761
.85934960842133
.9687804778417
.9227642416954
.91463414827983
.92146342992783
.97739837567012
.9378861784935
.90373982985814
.93121951818466
.98552846908569
.95365852117538
.95577236016591
.97349594036738
.93414634466171
.93674796819687
.95999999841054
.97056911389033
.99983739852905
.95349591970444
.99853658676147
.95934957265854
.94959350426992
.97577236096064
.96682928005854
.96211381753286
.94780486822128
.91837398211161
.97723575433095
.96764226754506
1.0071544647217
.97967479626338
1.021463394165
.93154472112656
.99821138381958
.89317071437836
.94178861379623
.94439023733139
1.0248780250549
.9317073225975
.9141463637352
.94390243291855
.92813009023666
.95186990499496
.94796746969223
.92227641741435
1.0082926750183
.89235770702362
.95999999841054
.95593494176865
.94764226675034
.9780487815539
.92292684316635
.93528455495834
.99089431762695
.88894307613373
1.0014634132385
.93333333730698
.92764228582382
.92471545934677
.91804877916972
.90845529238383
.98861789703369
.87756097316742
.91869920492172
.89723577102025
.97170732418696
.9622764190038
.9317073225975
.96243900060654
.96016259988149
.97756099700928
.99853658676147
.97804880142212
1.0419511795044
.89999999602636
.95739837487539
.92536586523056
.88617885112762
.92260164022446
.90130080779394
.89983737468719
.92455285787582
.93024390935898
.92504066228867
.94878047704697
.97349594036738
.93024390935898
.91934961080551
.87951219081879
.96991870800654
.92097562551498
.97756097714106
.8964227437973
.99300813674927
1.0325202941895
.95544715722402
.90243899822235
1.0133333206177
.92357724905014
.95138210058212
.93723577260971
.89674796660741
.90747968355815
.96211381753286
.90455283721288
.91219512621562
.88487803936005
.90081300338109
.96747966607412
.95105689764023
.98552846908569
.97918701171875
.88878047466278
.93739837408066
.90471543868383
.94211383660634
.95528453588486
.94016259908676
.90536584456762
.95333331823349
.92569106817245
.94780486822128
.90796746810277
.96357723077138
.9468292593956
.90504064162572
.92048782110214
.94113820791245
.94731706380844
.99073171615601
.92422765493393
.93804877996445
.88829267024994
.95024389028549
.94861787557602
.9746341307958
.96276422341665
.92991870641708
.87447154521942
1.0609756310781
.9261788725853
.93918699026108
.90065042177836
1.0009756088257
.9440650343895
.96959350506465
.92487806081772
.97121953964233
.96504066387812
.90195121367772
.9656910498937
.9687804778417
.87317073345184
.97349592049917
.91756097475688
.94585365056992
.96975610653559
.98032522201538
.93105691671371
.98260164260864
.93008130788803
.95707315206528
.94552844762802
.97398374478022
.94260162115097
.9499186873436
.89268290996552
.95772357781728
.90569106737773
.93528455495834
.87983739376068
.93772357702255
.91934961080551
.93268293142319
.98130083084106
.9499186873436
.93300813436508
.94325202703476
.99837398529053
1.0063414573669
.93495935201645
.9100813070933
.89788615703583
.87902438640594
.93756097555161
.92341464757919
.89967477321625
.97544717788696
.88048779964447
.91512195269267
.95463413000107
.96959348519643
.88926827907562
.92373985052109
.95837398370107
.95593496163686
.87821137905121
.93317073583603
.94308942556381
.89398374160131
.9437398314476
.92910567919413
.90617885192235
.91495933135351
.98471546173096
.96097560723623
.95723575353622
.96016258001328
.89674796660741
.95089429616928
.90341462691625
.95674794912338
.87626016139984
.93252032995224
.88227641582489
.93121951818466
.94130080938339
.91902440786362
.97105691830317
.89252030849457
.88959348201752
.87414634227753
.8452032605807
.87609755992889
.91479676961899
.97268293301264
.94764226675034
.92926830053329
.91544717550278
.98504066467285
.94195121526718
.91560977697372
.90552844603856
.93886178731918
.86487805843353
.9616259932518
.92455285787582
.99658536911011
.86243903636932
.92373985052109
.9169105887413
.92991870641708
.89560975631078
.89252030849457
.93252032995224
.94715446233749
.96195121606191
.90130078792572
.91739837328593
.93642276525497
.88520324230194
.98780488967896
.90601625045141
.89105689525604
.91398376226425
.9378861784935
.92341464757919
.9042276541392
.91593497991562
.97073169549306
.91154472033183
.94195121526718
.91869920492172
.93463414907455
.89756097396215
.97772359848022
.98162603378296
.98845529556274
.85430894295375
.98634147644043
.93186992406845
.97642278671265
.90796748797099
.91756097475688
.90032517910004
.96455283959707
.91918700933456
.9499186873436
.94081300497055
.90959348281225
.9230894446373
.90520324309667
.89707314968109
.92455285787582
.91772359609604
.91203254461288
.87024390697479
.96552844842275
.91560977697372
.94975608587265
.93918699026108
.91918700933456
.88178861141205
.91658538579941
.92455285787582
.92162603139877
.93154472112656
.9045528570811
.93804877996445
.88211381435394
.91235772768656
.95951217412949
.90715448061625
.88796746730804
.90487804015478
.93691056966782
.92666667699814
.92195123434067
.9790244102478
.9684552748998
.92227641741435
.90406503280004
.94715446233749
.93024390935898
.94439023733139
.89609756072362
.89853660265605
.92292682329814
.93219512701035
.93707317113876
.90959350268046
.96520324548086
.8878048658371
.91024388869603
.90747968355815
.93024390935898
.90666667620341
.88520324230194
.94487804174423
.88308942317963
.88146340847015
.91186994314194
.90780488650004
.90959350268046
.91983741521835
.92081302404404
.90292682250341
.93056911230087
.92162603139877
.97219510873159
.96097558736801
.96829267342885
.85934960842133
1.0011382102966
.85853660106659
.9653658469518
.93203250567118
.88764226436615
.89430892467499
.93056911230087
.84585366646449
.86081302165985
.89430892467499
.96065040429433
.93886178731918
.9320325255394
.90666667620341
.99495935440063
.85934960842133
.90975612401962
.9317073225975
.87723577022552
.90747968355815
.9001625974973
.90113820632299
.90081300338109
.94292682409286
.95658534765244
.87756097316742
.92227641741435
.86048781871796
.87999999523163
.92130082845688
.90536584456762
.97642276684443
.97235771020253
.93252032995224
.97382116317749
.92357724905014
.92991870641708
.87739837169647
.88715447982152
.90146340926488
.88406503200531
.94455285867055
.91788619756699
.84243901570638
.86715447902679
.85447156429291
.90113820632299
.92162601153056
.87626016139984
.9530081152916
.89105689525604
.90211381514867
.92227643728256
.93040651082993
.88308942317963
.93284553289413
.93105691671371
.89203252394994
.87918698787689
.96211381753286
.93739837408066
.87414634227753
.92422765493393
.95365852117538
.92845529317856
.89642276366552
.8933333158493
.9104065100352
.92357724905014
.92520326375961
.91934961080551
.85349595546722
.96048778295517
.89723575115204
.9437398314476
.91772359609604
.8599999944369
.94699188073476
.93642278512319
.89918696880341
.87723577022552
.91756099462509
.91788619756699
.96032518148422
.91512195269267
.88585364818573
.89121949672699
.8517073392868
.89447152614594
.89691054821014
.872682929039
.90065038204193
.89024390776952
.89252032836278
.94113820791245
.87463414669037
.93723577260971
.91642276446025
.8964227437973
.90065038204193
.88406503200531
.82910567522049
.93235772848129
.91626018285751
.93918699026108
.84617886940638
.91658538579941
.86520326137543
.92991870641708
.90276422103246
.87593495845795
.8538211385409
.96113820870717
.93739837408066
1.0505690574646
.95073169469833
.93089431524277
.82243901491165
.88325202465057
.9045528570811
.90682925780614
.86552846431732
.90910569826762
.82959347963333
.91463414827983
.87756097316742
.93105691671371
.87902438640594
.91317075490952
.87089431285858
.95089429616928
.84390242894491
.90650405486425
.90162601073583
.92357724905014
.92292684316635
.878861784935
.88308942317963
.8843902349472
.81999999284744
.87626016139984
.88878047466278
.89804875850677
.90308942397436
.8936585187912
.8785365819931
.90829269091288
.88065040111542
.84699187676112
.94699186086655
.90682927767436
.94032520055771
.99934959411621
.88699185848236
.87609755992889
.86195121208827
.88325202465057
.87170732021332
.93934959173203
.90894307692846
.89999997615814
.97788618008296
.9595121939977
1.0325202941895
1.0814634561539
.95333331823349
.91609756151835
.95902436971664
.99739837646484
.95154470205307
.97170734405518
1.0001626014709
.96243900060654
1.0087804794312
.97024389108022
1.0035772323608
1.040162563324
.99170732498169
.96146341164907
.93902438879013
.9824390411377
.99756097793579
.9842276374499
.96861789623896
1.0403251647949
.98813009262085
.94601625204086
1.0601626237233
.95983737707138
1.0437397956848
.95235770940781
.99674797058105
1.0227642059326
1.0065040588379
1.0034146308899
1.0107316970825
.95821138223012
1.006178855896
.96439023812612
.96813007195791
.98845527569453
.99902439117432
.95154470205307
1.0351219177246
1.0465040206909
1.0439023971558
.95317071676254
1.0013008117676
.95609754323959
1.0287804603577
.96146339178085
1.0518698692322
.99609756469727
.9734959602356
.95073169469833
.99983739852905
1.0069918632507
1.0383739471436
1.0021138191223
.98585367202759
.95333331823349
.96146339178085
.95365852117538
1.0199999809265
.97951221466064
.98000001907349
.98894309997559
1.0082926750183
1.0039024353027
.99479675292969
.96292684475581
1.021463394165
.89577235778173
1.0143089294434
1.003089427948
1.0219511985779
.97382114330928
.97186990578969
1.0078048706055
.98065042495728
.99089431762695
.98845529556274
.98325204849243
1.0378861427307
.99203252792358
1.0068292617798
.96878049770991
1.0373983383179
.95723577340444
1.0331707398097
.99512195587158
.9598373969396
.99853658676147
1.0429267883301
.95593494176865
.98504066467285
.97821140289307
1.040162563324
1.0056910514832
1.0250406265259
1.0234146118164
.99219512939453
.9557723402977
1.0305690765381
1.0008130073547
1.0671544869741
.94764226675034
.98000001907349
.97821140289307
.98162603378296
1.1265040636063
1.0456910133362
1.0120325088501
1.0108942985535
.97642274697622
1.0273170471191
.98585367202759
1.043251991272
.96536586682002
.97300813595454
.96861789623896
.95008128881454
1.0130081176758
1.0512194633484
.98260164260864
.98715448379517
.99333333969116
1.0304064750671
1.0455284118652
1.0282926559448
1.0008130073547
1.0141463279724
1.0069918632507
.99219512939453
1.0120325088501
1.0318698883057
1.0211381912231
1.049268245697
.94715446233749
1.0279674927394
1.0417885780334
.99333333969116
.99934959411621
1.0252032279968
.96146341164907
.97463415066401
.99951219558716
1.0813008546829
.99577236175537
.97430896759033
1.043251991272
1.0282926559448
1.0484552383423
1.0282926559448
1.0299186706543
1.0292682647705
.97040649255117
1.0048780441284
.99642276763916
1.0134959220886
1.0001626014709
.9530081152916
1.006178855896
1.0097560882568
1.0188617706299
1.0048780441284
1.0383739471436
.9848780632019
1.009268283844
.98471546173096
.99756097793579
.99056911468506
1.0284552574158
.99918699264526
.98731708526611
1.0063414573669
1.0577235619227
.98682928085327
.98943090438843
1.0131707191467
1.012357711792
1.0034146308899
.94536584615707
.96894307931264
.96829267342885
.96211379766464
1.0378861427307
1.0263414382935
.9752845565478
.9759349822998
1.0087804794312
1.037073135376
.96666665871938
.98227643966675
.97658536831538
1.0411381721497
.96829269329707
1.0136585235596
1.0621138016383
1.0180487632751
1.0669918855031
1.0518699089686
.9465040564537
1.0385365486145
1.064390261968
1.0234146118164
1.0087804794312
1.0396747589111
1.0424389839172
.97430896759033
1.0105690956116
1.0495934486389
.99430894851685
1.1230894327164
1.0443902015686
.99398374557495
1.0481300354004
1.0679674943288
1.0617886384328
1.0637398560842
1.0424389839172
1.1471544504166
1.0066666603088
1.0559349457423
1.1065040826797
1.1060162782669
1.1380487680435
1.1608130137126
1.0978862047195
1.1951220035553
1.1230894327164
1.0967479944229
1.167479634285
1.2266666889191
1.2121951580048
1.2614634037018
1.3213008244832
1.4079674482346
1.4660162528356
1.5645528634389
1.707154472669
1.7596747875214
1.8751219511032
1.9058536688487
2.0560975869497
2.1237397988637
2.1853658358256
2.3177235921224
2.4461788336436
2.6076422532399
2.7907317479451
3.0037398338318
3.1305691401164
3.3721951643626
3.4330081144969
3.5879674752553
3.6039024194082
3.6954472064972
3.6653659343719
3.6552845637004
3.5905690987905
3.5562601089478
3.4541463851929
3.4034146467845
3.2265040874481
3.1422764460246
3.1468292872111
2.9637398719788
2.9190244674683
2.7996747493744
2.8190243244171
2.6614634990692
2.5050406455994
2.4552845954895
2.4388618469238
2.3759349187215
2.2487804889679
2.2219512462616
2.1460163593292
2.0765852928162
2.0173983573914
2.0252032279968
1.9008129835129
1.8925203084946
1.7806503772736
1.7112195491791
1.7092683315277
1.7138211727142
1.6845528284709
1.6300812959671
1.5422763824463
1.5312194824219
1.5546341339747
1.4544715881348
1.4182113409042
1.4450407028198
1.3609756231308
1.3534959554672
1.3557723760605
1.2726829051971
1.2050406932831
1.1648780107498
1.1808129946391
1.0908943414688
1.1572357416153
1.1710569063822
1.0617885986964
1.0770732164383
1.074796795845
1.0286178588867
1.1970731814702
1.037073135376
1.0829268693924
1.006016254425
1.0614634354909
1.039999961853
1.0333333015442
1.0736585855484
1.0014634132385
1.1455284357071
1.0547966957092
1.0533333222071
1.0048780441284
1.0754472017288
1.043089389801
1.0404877662659
.99837398529053
1.0692683060964
1.0429267883301
1.0699186722438
1.1300813357035
1.0082926750183
.98552846908569
1.074796795845
.99577236175537
.9687804778417
1.0217885971069
1.0156097412109
1.0326828956604
1.0377235809962
1.0144715309143
1.0504064957301
.98276424407959
1.0468292236328
.96341462930044
1.0455284118652
.99593496322632
1.0221138000488
1.0344715118408
1.0526829163233
1.0359349250793
1.0372357368469
.98910570144653
1.0082926750183
1.0377235412598
1.0217886368434
1.0458536148071
.97739837567012
1.0003252029419
1.0351219177246
1.0065040588379
1.0160975456238
1.0474796295166
1.0504064559937
1.0284552574158
1.0026016235352
.99154472351074
1.0138211250305
.98455284039179
1.0578861633937
1.0273170471191
1.0256910324097
1.0042276382446
.9643902182579
.99821138381958
.99186992645264
1.0468292236328
1.0365853309631
.9616259932518
1.0282926559448
.93577235937119
.96487806240718
.98406505584717
.95430892705917
.97918699185053
1.0128455162048
1.0042276382446
1.0177235603333
1.0159349441528
.98048780361811
.99544715881348
.99268293380737
1.0208129882812
1.0146341323853
1.0006504058838
1.0201625823975
1.0011382102966
.99951219558716
.99821138381958
1.0097560882568
.98357725143433
1.0621138413747
.99447154998779
1.0824390649796
.97739837567012
1.043089389801
.93951219320297
1.0230894088745
1.0073170661926
1.1073170900345
.98097562789917
1.0190243721008
.96113818883896
1.0169105529785
.98845529556274
1.0143089294434
.97430896759033
1.0159349441528
1.0107316970825
1.0269918441772
.98666667938232
1.0073170661926
1.0026016235352
1.018373966217
.99186992645264
1.0035772323608
1.0113821029663
1.0208129882812
1.0239024162292
1.0312194824219
.99658536911011
1.0043902397156
1.0460162162781
.98162603378296
.96959348519643
1.024715423584
1.0279674530029
1.0590243339539
.99170732498169
.99235773086548
1.0052032470703
1.0081300735474
1.0500812530518
.96406503518422
.96487804253896
1.0289430618286
1.0009756088257
.99398374557495
.96471544106801
1.0294308662415
.98926830291748
1.0026016235352
1.046178817749
1.0211381912231
.96829267342885
.96747968594233
.96699188152949
1.0591869354248
1.0741463502248
.96065040429433
.94666665792465
1.0453658103943
1.0003252029419
.99544715881348
.99886178970337
.95056909322739
.98975610733032
1.0383739471436
1.0224390029907
1.0082926750183
1.0391869544983
1.0230894088745
1.0120325088501
.99983739852905
.96699186166128
1.0271544456482
1.0250406265259
.98504066467285
1.0147967338562
1.0234146118164
1.0466666618983
1.0217885971069
1.0190243721008
.99333333969116
.9656910498937
1.0001626014709
.98373985290527
1.1359349489212
1.0089430809021
1.0234146118164
.98227643966675
1.0034146308899
.98536586761475
1.1162601709366
1.027642250061
.98845529556274
.93869918584824
1.018536567688
.97674798965454
1.0393495559692
1.0326828956604
.99577236175537
1.0437397956848
1.0248780250549
.97609758377075
1.0193495750427
1.0131707191467
1.0239024162292
1.027642250061
1.0050406455994
1.0089430809021
.98682928085327
.97056911389033
.9848780632019
1.0343089103699
.98861789703369
1.0521950721741
.97300813595454
.97756097714106
1.0557723442713
1.0738211472829
.98634147644043
.99707317352295
.99951219558716
.98390245437622
1.0134959220886
1.0604877869288
1.0795121987661
.97024393081665
.97056911389033
1.0585365692774
1.0042276382446
1.0289430618286
.99593496322632
.93691056966782
.99317073822021
1.0032520294189
1.0455284118652
.9821138381958
1.0671544472377
.94894307851791
1.021625995636
1.0170731544495
.99934959411621
.96048778295517
.97252031167348
1.0130081176758
1.0266666412354
.95365852117538
1.0087804794312
.94162601232529
1.0034146308899
.98325204849243
.98682928085327
1.0182113647461
1.0094308853149
.97284553448359
.99707317352295
1.0058536529541
1.0066666603088
1.0465040206909
1.0208129882812
.95674794912338
1.0201625823975
.99235773086548
.95951217412949
1.0492682854335
.97674798965454
1.0052032470703
1.0027642250061
1.0108942985535
.99479675292969
.9700813293457
1.0268292427063
1.0149593353271
1.0743089914322
.9756097594897
1.0839024384816
1.0731707413991
1.0455284118652
.99479675292969
.99528455734253
1.009268283844
.98048782348633
.96764226754506
.9941463470459
.98731708526611
.97268291314443
.98325204849243
1.0191869735718
.92878049612045
1.0079674720764
.98406505584717
1.0203251838684
.92536586523056
1.0347967147827
.96764226754506
1.0458536148071
.95983737707138
1.0310568809509
.92975610494614
1.01544713974
.98650407791138
.98195123672485
.95495933294296
1.0455284118652
1.0201626022657
1.0499186515808
.99902439117432
.99821138381958
1.0040650367737
.92959350347519
1.0172357559204
1.009105682373
.95056909322739
1.0243902206421
.9910569190979
1.0227642059326
.9972357749939
1.0313821236293
1.0126829147339
1.0086178779602
.97804880142212
.99934959411621
.99219512939453
1.0591869751612
.94845527410507
1.0107316970825
1.0832520723343
1.0239024559657
.9941463470459
1.0032520294189
.96178859472275
.99560974041621
.96601625283559
1.0235772132874
.96975610653559
1.0565853516261
1.0133333206177
1.0143089294434
1.0026016235352
1.066178838412
1.0559349457423
1.0138211250305
1.0076422691345
.95788617928823
1.040162563324
1.0526828765869
.99983739852905
1.0055284500122
.9347967505455
.9941463470459
.99934959411621
.95642274618149
.93577235937119
.97203252712886
.98260164260864
1.0203251838684
.96406503518422
1.0817886590958
.95821136236191
1.0482926368713
.96682928005854
1.0094308853149
1.0180487632751
1.0071544647217
.98097560803095
1.0081300735474
.98292684555054
.99951219558716
.94211381673813
1.0118699073792
.97073173522949
1.0094308853149
1.0159349441528
1.021463394165
1.0552845001221
1.0066666603088
1.0081300735474
.98471546173096
.96048780282338
1.0032520294189
1.0027642250061
1.0169105529785
.97268293301264
1.0053658485413
1.0019512176514
1.052357673645
.99821138381958
.97934959332148
.97869918743769
1.0156097412109
.93138211965561
.99252033233643
1.0243902206421
1.0556097428004
1.0442276000977
1.0073170661926
1.0052032470703
.99837398529053
1.0004878044128
1.0164227485657
1.0084552764893
1.0484552383423
1.0079674720764
1.027804851532
.96065038442612
.97658536831538
.98227643966675
1.0125203132629
1.0159349441528
.96715446313222
.98975610733032
1.0520324707031
.95934959252675
1.0286178588867
.99674797058105
1.0094308853149
.98504066467285
1.0513820648193
1.0162601470947
.95999999841054
.97203252712886
1.0230894088745
.97170734405518
1.003089427948
1.0678048928579
1.0100812911987
.95138210058212
1.0073170661926
1.0029268264771
1.0291056632996
.99398374557495
1.0520325104396
1.0016260147095
.96292682488759
.96065038442612
1.0113821029663
.97024391094844
1.0110569000244
.97317073742549
1.111869931221
1.0068292617798
1.043089389801
1.033983707428
.96585365136464
.92504066228867
1.0180487632751
.97203252712886
.97788618008296
.94699186086655
1.0048780441284
.93121951818466
1.0232520103455
.98601627349854
1.0042276382446
1.009268283844
1.0086178779602
1.0034146308899
1.0100812911987
1.0087804794312
1.0502438545227
.98308944702148
1.0504064957301
.9616259932518
1.0668292442958
.97398374478022
1.003089427948
1.0365853309631
1.0226016044617
.95300813515981
.97544717788696
.99837398529053
1.024552822113
.95479673147202
.99203252792358
1.0261788368225
.98959350585937
1.0469918251038
1.0400000015895
.97154472271601
1.0310568809509
1.0151219367981
1.0526829163233
1.0157723426819
.99609756469727
1.0359349648158
1.0809756120046
1.0139837265015
.9821138381958
1.0191869735718
.98943090438843
.9499186873436
.98845529556274
.9378861784935
1.0131707191467
1.040162563324
.99056911468506
.97626016537348
1.0204877853394
1.0403251647949
1.0437397956848
1.0144715309143
1.056910554568
.9882926940918
1.024552822113
.98032520214717
.99008131027222
.97105691830317
.97609758377075
.9824390411377
.95073169469833
.94260162115097
1.0219511985779
.96601625283559
1.0299186706543
.98406505584717
.94666665792465
.9882926940918
1.006178855896
.98178863525391
1.0071544647217
.97008130947749
1.0479674736659
1.0234146118164
1.0079674720764
.99333333969116
.92682927846909
.99073171615601
1.0160975456238
1.0343089103699
.98943090438843
1.0139837265015
.94796746969223
.98731708526611
.95495935281118
.97967481613159
1.0086178779602
.99252033233643
1.0208129882812
.99024391174316
1.0395121574402
1.0534958839417
.98699188232422
1.0001626014709
1.0577236016591
.98016262054443
.96520324548086
1.0386991500854
1.0219511985779
.99512195587158
1.0383739471436
1.0141463279724
1.0230894088745
.95008128881454
1.0079674720764
.97317073742549
.96357721090317
1.0390243530273
1.0035772323608
.94975608587265
1.0632520516713
.92373985052109
.98260164260864
1.0364227692286
1.0346341133118
.97024391094844
1.039999961853
.94455283880234
1.0013008117676
.95479673147202
1.0055284500122
1.0050406455994
1.0139837265015
1.0056910514832
.99918699264526
.94569104909897
.96894309918086
.9626016219457
1.0284552574158
.96081298589706
1.0299186706543
1.0351219177246
.98991870880127
1.0146341323853
.99512195587158
.93333333730698
1.0439024368922
.95593494176865
.95398372411728
.97430894772212
1.0047154426575
.99788618087769
1.0131707191467
.95999999841054
.97739837567012
.98666667938232
1.0304064750671
.98439023892085
1.0105690956116
.94845527410507
1.009105682373
.95626014471054
1.0199999809265
.9567479689916
.9972357749939
.97186990578969
1.0357723236084
.95430894692739
1.0167479515076
.90861789385478
.97756099700928
.9554471373558
1.012195110321
1.0138211250305
1.0648780663808
.95528453588486
.98292684555054
.96130081017812
.96731706460317
.94178861379623
.93414634466171
1.0263414382935
1.0089430809021
.95138210058212
1.024552822113
.98926830291748
1.0014634132385
.97138210137685
.97512197494507
.97398374478022
.97219510873159
.99365854263306
1.0047154426575
.93105691671371
.98861787716548
1.0056910514832
.9622764190038
.93398374319077
.94569104909897
.98894309997559
.94813007116318
.9752845565478
.96276422341665
.95235770940781
.97723579406738
1.0082926750183
1.0304064750671
.96536582708359
1.0131707191467
1.0100812911987
.96292682488759
.96910568078359
1.0126829147339
1.0089430809021
.9437398314476
.95170730352402
.98585367202759
.99170732498169
.93284553289413
.92536586523056
1.0112195014954
.9619511961937
.97105689843496
1.0663414796193
.93691056966782
.96617885430654
.98455286026001
1.0130081176758
.99495935440063
.91024392843246
.96048780282338
.97707317272822
.9622764190038
.98308942715327
.99024391174316
.95024389028549
1.0274796485901
.89252030849457
.96471544106801
.94536586602529
1.0388617515564
.96861789623896
.95674794912338
.98878049850464
.98406505584717
.94845527410507
1.0331707000732
.9320325255394
.99788618087769
.97821138302485
.97707317272822
.99479675292969
.98731704552968
.90211381514867
.97642276684443
.99284553527832
.92699187994003
.91284555196762
.9910569190979
.98764228820801
.93089431524277
.98780488967896
.97967479626338
.9684552748998
1.018373966217
.95235770940781
.95560973882675
.95333331823349
.98699188232422
.993821144104
.99837398529053
1.0266666412354
.95365852117538
.95772357781728
.89284551143646
.96065038442612
.95447154839834
.98162601391474
1.0242276191711
.94715446233749
.97073171536128
.97430894772212
.99560976028442
.9626016219457
.91821138064067
.96682926019033
.96878049770991
.98991870880127
.9585365653038
.95479673147202
.95170732339223
.98861789703369
.96439023812612
.96504064400991
1.0050406455994
.96991870800654
.95105689764023
.97252035140991
.97609756390254
.96032520135244
.99284553527832
.91609758138657
.96032520135244
.94601625204086
1.0104064941406
.97512197494507
1.0082926948865
.90308942397436
.95138210058212
.93105691671371
.95691057046254
.94439023733139
1.0191869735718
.93056911230087
.95479673147202
.9530081152916
.99918699264526
.91593497991562
.95040649175644
.98000001907349
.94113820791245
.95999997854233
.9752845565478
.96747966607412
.93284553289413
.94308942556381
.996910572052
1.1079674959183
1.0131707191467
.88975608348846
.95691055059433
.97691059112549
1.0487804412842
.92975610494614
.97626016537348
.94926828145981
.94455283880234
.9821138381958
1.0144715309143
.98308944702148
.99056911468506
1.0081300735474
.99528455734253
.96146341164907
1.0087804794312
.92699187994003
.92504066228867
.92439025640488
.95739835500717
.96390245358149
.92634147405624
.92650407552719
.95008128881454
.93333333730698
.94130080938339
.9406504034996
.9622764190038
.88715445995331
.94861787557602
.94439023733139
.9317073225975
.98195123672485
.89593493938446
.91772359609604
.95918697118759
.92243903875351
.96666665871938
1.0186991691589
.95821138223012
.9653658469518
.99707317352295
.92243903875351
.89853658278783
.90260163942973
.95040649175644
.93658536672592
.90504064162572
.95918697118759
.96796749035517
.89512195189794
.93691056966782
1.0058536529541
.97089433670044
.93999999761581
.99853658676147
.87967479228973
.95658536752065
.89479672908783
.94260162115097
.91414634386698
.89577233791351
.90195121367772
.87512195110321
.86455285549164
.94341462850571
.91365853945414
.93626016378403
.91203252474467
.91528457403183
.95804876089096
.9478048880895
.89479672908783
.87593495845795
.90178861220678
.89430892467499
.9585365653038
.90130082766215
.90699185927709
.89707316954931
.92796748876572
.8908942937851
.88373982906342
.96373983224233
.88065040111542
.869593501091
.96634149551392
.91999999682109
.95723575353622
.91544717550278
.84439023335775
.90682927767436
.8936585187912
.90943090120951
.91642278432846
.91073169310888
.82731707890828
.89544713497162
.88569104671478
.92081302404404
.87609755992889
.85772359371185
.84910569588343
.84065039952596
.85300815105438
.91951221227646
.89414632320404
.85398375988007
.87626016139984
.86032521724701
.86113822460175
.9134959379832
.85317075252533
.90178861220678
.89252030849457
.93674796819687
.80162600676219
.9200000166893
.8995121717453
.88634145259857
.88178861141205
.85008130470912
.87495934963226
.86699187755585
.8874796628952
.92861789464951
.81121951341629
.87089431285858
.84601624806722
.97983739773432
.94227643807729
.91479676961899
.82146340608597
.8492683172226
.8380487759908
.87008130550385
.86455285549164
.862764219443
.79089432954788
.8489431142807
.85544715325038
.8754471540451
.80357724428177
.85869920253754
.85528455177943
.83756097157796
.84585366646449
.88617885112762
.81414633989334
.89918696880341
.85203252236048
.84065039952596
.88910567760468
.82195121049881
.80341464281082
0
0
0
0
0
0
0
0
0
0
0
0
0
0
0
0
0
0
0
0
0
0
0
0
0
0
0
0
0
0
0
0
0
0
0
0
0
0
0
0
0
0
0
0
0
0
0
0
0
0
0
0
0
0
0
0
0
0
0
0
0
0
0
0
0
0
0
0
0
0
0
0
0
0
0
0
0
0
0
0
0
0
0
0
0
0
0
0
0
0
0
0
0
0
0
0
0
0
0
0
0
0
0
0
0
0
0
0
0
0
0
0
0
0
0
0
0
0
0
0
0
0
0
0
0
0
0
0
0
0
0
0
0
0
0
0
0
0
0
0
0
0
0
0
0
0
0
0
0
0
0
0
0
0
0
0
0
0
0
0
0
0
0
0
0
0
0
0
0
0
0
0
0
0
0
0
0
0
0
0
0
0
0
0
0
0
0
0
0
0
0
0
0
0
0
0
0
0
0
0
0
0
0
0
0
0
0
0
0
0
0
0
0
0
0
0
0
0
0
0
0
0
0
0
0
0
0
0
0
0
0
0
0
0
0
0
0
0
0
0
0
0
0
0
0
0
0
0
0
0
0
0
0
0
0
0
0
0
0
0
0
0
0
0
0
0
0
0
0
0
0
0
0
0
0
0
0
0
0
0
0
0
0
0
0
0
0
0
0
0
0
0
0
0
0
0
0
0
0
0
0
0
0
0
0
0
0
0
0
0
0
0
0
0
0
0
0
0
0
0
0
0
0
0
0
0
0
0
0
0
0
0
0
0
0
0
0
0
0
0
0
0
0
0
0
0
0
0
0
0
0
0
0
0
0
0
0
0
0
0
0
0
0
0
0
0
0
0
0
0
0
0
0
0
0
0
0
0
0
0
0
0
0
0
0
0
0
0
0
0
0
0
0
0
0
0
0
0
0
0
0
0
0
0
0
0
0
0
0
0
0
0
0
0
0
0
0
0
0
0
0
0
0
0
0
0
0
0
0
0
0
0
0
0
0
0
0
0
0
0
0
0
0
0
0
0
0
0
0
0
0
0
0
0
0
0
0
0
0
0
0
0
0
0
0
0
0
0
0
0
0
0
0
0
0
0
0
0
0
0
0
0
0
0
0
0
0
0
0
0
0
0
0
0
0
0
0
0
0
0
0
0
0
0
0
0
0
0
0
0
0
0
0
0
0
0
0
0
0
0
0
0
0
0
0
0
0
0
0
0
0
0
0
0
0
0
0
0
0
0
0
0
0
0
0
0
0
0
0
0
0
0
0
0
0
0
0
0
0
0
0
0
0
0
0
0
0
0
0
0
0
0
0
0
0
0
0
0
0
0
0
0
0
0
0
0
0
0
0
0
0
0
0
0
0
0
0
0
0
0
0
0
0
0
0
0
0
0
0
0
0
0
0
0
0
0
0
0
0
0
0
0
0
0
0
0
0
0
0
0
0
0
0
0
0
0
0
0
0
0
0
0
0
0
0
0
0
0
0
0
0
0
0
0
0
0
0
0
0
0
0
0
0
0
0
0
0
0
0
0
0
0
0
0
0
0
0
0
0
0
0
0
0
0
0
0
0
0
0
0
0
0
0
0
0
0
0
0
0
0
0
0
0
0
0
0
0
0
0
0
0
0
0
0
0
0
0
0
0
0
0
0
0
0
0
0
0
0
0
0
0
0
0
0
0
0
0
0
0
0
0
0
0
0
0
0
0
0
0
0
0
0
0
0
0
0
0
0
0
0
0
0
0
0
0
0
0
0
0
0
0
0
0
0
0
0
0
0
0
0
0
0
0
0
0
0
0
0
0
0
0
0
0
0
0
0
0
0
0
0
0
0
0
0
0
0
0
0
0
0
0
0
0
0
0
0
0
0
0
0
0
0
0
0
0
0
0
0
0
0
0
0
0
0
0
0
0
0
0
0
0
0
0
0
0
0
0
0
0
0
0
0
0
0
0
0
0
0
0
0
0
0
0
0
0
0
0
0
0
0
0
0
0
0
0
0
0
0
0
0
0
0
0
0
0
0
0
0
0
0
0
0
0
0
0
0
0
0
0
0
0
0
0
0
0
0
0
0
0
0
0
0
0
0
0
0
0
0
0
0
0
0
0
0
0
0
0
0
0
0
0
0
0
0
0
0
0
0
0
0
0
0
0
0
0
0
0
0
0
0
0
0
0
0
0
0
0
0
0
0
0
0
0
0
0
0
0
0
0
0
0
0
0
0
0
0
0
0
0
0
0
0
0
0
0
0
0
0
0
0
0
0
0
0
0
0
0
0
0
0
0
0
0
0
0
0
0
0
0
0
0
0
0
0
0
0
0
0
0
0
0
0
0
0
0
0
0
0
0
0
0
0
0
0
0
0
0
0
0
0
0
0
0
0
0
0
0
0
0
0
0
0
0
0
0
0
0
0
0
0
0
0
0
0
0
0
0
0
0
0
0
0
0
0
0
0
0
0
0
0
0
0
0
0
0
0
0
0
0
0
0
0
0
0
0
0
0
0
0
0
0
0
0
0
0
0
0
0
0
0
0
0
0
0
0
0
0
0
0
0
0
0
0
0
0
0
0
0
0
0
0
0
0
0
0
0
0
0
0
0
0
0
0
0
0
0
0
0
0
0
0
0
0
0
0
0
0
0
0
0
0
0
0
0
0
0
0
0
0
0
0
0
0
0
0
0
0
0
0
0
0
0
0
0
0
0
0
0
0
0
0
0
0
0
0
0
0
0
0
0
0
0
0
0
0
0
0
0
0
0
0
0
0
0
0
0
0
0
0
0
0
0
0
0
0
0
0
0
0
0
0
0
0
0
0
0
0
0
0
0
0
0
0
0
0
0
0
0
0
0
0
0
0
0
0
0
0
0
0
0
0
0
0
0
0
0
0
0
0
0
0
0
0
0
0
0
0
0
0
0
0
0
0
0
0
0
0
0
0
0
0
0
0
0
0
0
0
0
0
0
0
0
0
0
0
0
0
0
0
0
0
0
0
0
0
0
0
0
0
0
0
0
0
0
0
0
0
0
0
0
0
0
0
0
0
0
0
0
0
0
0
0
0
0
0
0
0
0
0
0
0
0
0
0
0
0
0
0
0
0
0
0
0
0
0
0
0
0
0
0
0
0
0
0
0
0
0
0
0
0
0
0
0
0
0
0
0
0
0
0
0
0
0
0
0
0
0
0
0
0
0
0
0
0
0
0
0
0
0
0
0
0
0
0
0
0
0
0
0
0
0
0
0
0
0
0
0
0
0
0
0
0
0
0
0
0
0
0
0
0
0
0
0
0
0
0
0
0
0
0
0
0
0
0
0
0
0
0
0
0
0
0
0
0
0
0
0
0
0
0
0
0
0
0
0
0
0
0
0
0
0
0
0
0
0
0
0
0
0
0
0
0
0
0
0
0
0
0
0
0
0
0
0
0
0
0
0
0
0
0
0
0
0
0
0
0
0
0
0
0
0
0
0
0
0
0
0
0
0
0
0
0
0
0
0
0
0
0
0
0
0
0
0
0
0
0
0
0
0
0
0
0
0
0
0
0
0
0
0
0
0
0
0
0
0
0
0
0
0
0
0
0
0
0
0
0
0
0
0
0
0
0
0
0
0
0
0
0
0
0
0
0
0
0
0
0
0
0
0
0
0
0
0
0
0
0
0
0
0
0
0
0
0
0
0
0
0
0
0
0
0
0
0
0
0
0
0
0
0
0
0
0
0
0
0
0
0
0
0
0
0
0
0
0
0
0
0
0
