.84109477202098
.82570807139079
.8654684027036
.83918843666712
.8220315972964
.82216775417328
.84694989522298
.82107843955358
.8112745086352
.83238017559052
.80133444070816
.83455882469813
.85525600115458
.87254903713862
.84831152359645
.86043028036753
.79833877086639
.84354575475057
.82570805152257
.77314815918605
.83782678842545
.8385076324145
.81889977057775
.81386166810989
.83850761254629
.85049019257228
.8455882469813
.81004903713862
.84354573488235
.87145968278249
.83455882469813
.83714598417282
.7935729821523
.77450980742772
.8125
.81862745682398
.80664487679799
.80160675446192
.79997277259827
.82039759556452
.83592049280802
.79425380627314
.81304466724396
.84517973661423
.86832789580027
.85784314076106
.82747821013133
.8208061059316
.84368191162745
.82584422826767
.82611656188965
.8040577173233
.8206699291865
.83278866608938
.80092593034108
.86587691307068
.84368191162745
.81644878784815
.87186819314957
.83129086097082
.84899238745372
.87227668364843
.82421024640401
.84041394790014
.81467864910762
.85688998301824
.85362201929092
.81535947322845
.83932463328044
.88344226280848
.85947712262472
.87200435002645
.84545205036799
.8489923675855
.88344226280848
.87445531288783
.84708605209986
.86465142170588
.85906863212585
.91094770034154
.8668300708135
.85443898042043
.8666938940684
.88153594732285
.8560729821523
.90686275561651
.88793573776881
.88371459643046
.87636166810989
.8585239648819
.89460784196854
.87813180685043
.88194443782171
.83401415745417
.84436273574829
.8289760351181
.84572440385818
.83564813931783
.87527233362198
.85008170207341
.88371459643046
.89215685923894
.84967319170634
.86015794674555
.85403050978978
.84708605209986
.84041392803192
.83469498157501
.83905229965846
.8231209119161
.87527231375376
.81781045595805
.88956971963247
.83224399884542
.85117101669312
.83401417732239
.82298475503922
.80514707167943
.82883987824122
.82992919286092
.81644880771637
.81399782498678
.84654140472412
.85103485981623
.85171568393707
.81740196545919
.80623638629913
.8137254913648
.80364922682444
.85797931750615
.8325163324674
.82516338427862
.83905227979024
.83210784196854
.80446622769038
.83210786183675
.80446622769038
.80215140183767
.82911219199498
.82325708866119
.80691721041997
.84763071934382
.82706971963247
.86601305007935
.84095859527588
.82529956102371
.86996185779572
.81699345509211
.8585239648819
.83278868595759
.84613289435705
.84599673748016
.81862745682398
.79779412349065
.85089868307114
.84354573488235
.82720587650935
.82870370149612
.82516340414683
.8103213707606
.8208061059316
.79888343811035
.83523964881897
.78553920984268
.83333335320155
.81195535262426
.84245644013087
.81522331635157
.8231209119161
.83088235060374
.83455882469813
.80610020955404
.81699345509211
.77450978755951
.7924836675326
.7852668762207
.82979301611582
.76143791278203
.8103213707606
.82638887564341
.81767429908117
.78499454259872
.79044115543365
.80133442083995
.80664487679799
.83809912204742
.82598038514455
.82516340414683
.83387800057729
.85280501842499
.81413398186366
.84340957800547
.80841503540675
.82638889551163
.82257624467214
.79016884167989
.84640522797902
.81304466724396
.79561545451482
.83700980742772
.81576798359553
.85702613989512
.84177559614182
.85988561312358
.82012528181076
.81304466724396
.82952070236206
.80378540356954
.82107841968536
.81699347496033
.83006536960602
.83251635233561
.84041394790014
.89011436700821
.85389433304469
.84994552532832
.85539215803146
.82679738601049
.82706973950068
.79084968566895
.83374182383219
.82039759556452
.80187906821569
.80092593034108
.81522329648336
.78553920984268
.78758170207342
.83510349194209
.81862743695577
.84150326251984
.83278866608938
.83619280656179
.8585239648819
.84817536671956
.84259257713954
.83333335320155
.84667758146922
.84055012464523
.86165577173233
.82625271876653
.82775054375331
.84831154346466
.84123092889786
.83578431606293
.84599671761195
.8585239648819
.85811547438304
.86002177000046
.82107843955358
.81876361370087
.80174291133881
.86015794674555
.85471131404241
.80351306994756
.81712963183721
.8231209119161
.83387800057729
.83088235060374
.82883987824122
.80460238456726
.81290849049886
.81767429908117
.77355662981669
.83169935146968
.82339324553808
.79125815629959
.82121457656225
.77382898330688
.80637254317602
.84422657887141
.82066994905472
.81427013874054
.82924836874008
.82652505238851
.88126361370087
.83905229965846
.83496731519699
.8218954205513
.82366557916005
.87377448876699
.84068628152212
.80024510622025
.85117103656133
.81481482585271
.83687363068263
.82175926367442
.82965683937073
.83074617385864
.83741829792658
.83755447467168
.87690631548564
.8479030529658
.83047386010488
.88180828094482
.84354575475057
.82734205325445
.83687365055084
.85321350892385
.81454247236252
.84980936845144
.86928103367488
.84340957800547
.87881263097127
.84572438398997
.83033768335978
.84899238745372
.85403048992157
.84109477202098
.87554466724396
.86451524496078
.91258170207342
.86151959498723
.88861656188965
.90264161427816
.88630173603694
.89542484283447
.84926470120748
.89705882469813
.84613289435705
.82843138774236
.85307733217875
.83864378929138
.84163943926493
.82121459643046
.81590414047241
.84463508923848
.83741829792658
.83061001698176
.85076254606247
.83074617385864
.84586056073507
.85770698388418
.87077885866165
.81944443782171
.85212419430415
.81672114133835
.78090957800547
.78799021244049
.80010892947515
.85171568393707
.81699345509211
.82271240154902
.82366557916005
.79820261398951
.82393791278203
.8101851940155
.81930828094482
.85334966580073
.8218954205513
.81903594732285
.89297386010488
.84068628152211
.78676470120748
.79724945624669
.78622003396352
.7770969470342
.82053377230962
.7947984735171
.84490742286046
.86465140183767
.81086601813634
.82570805152257
.85117103656133
.86996187766393
.83061001698176
.82720589637756
.8112745086352
.85089868307114
.82529956102371
.83333333333333
.84694989522298
.83428649107615
.82502722740173
.82829521099726
.79874728123347
.8054193854332
.81644880771637
.83387798070908
.81004903713862
.79248364766439
.81181917587916
.81481482585271
.80147059758504
.7913943529129
.83183550834656
.82461873690287
.83714596430461
.88848038514455
.86247277259827
.87826796372732
.85866014162699
.83115468422572
.82802287737528
.83673747380575
.84517973661423
.85920478900274
.87377448876699
.86015794674555
.87241286039352
.86860020955404
.87527233362198
.93110020955404
.89937365055084
.89106754461924
.86356208721797
.89923747380575
.86982570091883
.87813180685043
.87363833189011
.90427559614182
.90972222884496
.87772331635157
.86655773719152
.86710240443548
.87704247236252
.87363835175832
.88997821013133
.87568082412084
.89474401871363
.87377452850342
.86614924669266
.89392699797948
.91108387708664
.91421570380529
.90046298503876
.89011436700821
.91244554519653
.93028322855632
.92470043897629
.92252180973689
.91938998301824
.90495642026265
.93123638629913
.92660675446192
.91462419430415
.92306643724442
.95383985837301
.9398148059845
.92769606908162
.96555010477702
1.0036764542262
.95751635233561
.93722766637802
.99931915601095
.96187363068263
.97467321157455
1.0025871594747
1.0241013169289
1.0345860719681
1.0867374738057
1.0731209119161
1.0268246332804
1.0755718946457
1.0718954404195
1.1006263494492
1.0950435400009
1.1029411951701
1.1070261398951
1.1481481393178
1.1761982440948
1.147739648819
1.1845043500264
1.2174564202627
1.1895424922307
1.2215414047241
1.2260348796844
1.2486383914948
1.2641611893972
1.2693355083466
1.2265795469284
1.2501361767451
1.2784585952759
1.2706971963247
1.3172658284505
1.3333333333333
1.3607025941213
1.3058278958003
1.3364651203156
1.3619281053543
1.3528049786886
1.319580634435
1.3133170207342
1.3647875785828
1.3504902124405
1.3499455451965
1.3553921381632
1.3831699291865
1.4575163523356
1.4350490570068
1.4794389804204
1.4537036816279
1.4271514415741
1.4847494761149
1.4700435400009
1.4820261398951
1.5114379326502
1.4712690512339
1.5001361767451
1.5009531577428
1.5561002492905
1.5454792976379
1.5720315774282
1.5675381422043
1.5452070236206
1.5979030132294
1.5671296517054
1.5672658284505
1.589869260788
1.5739379326502
1.5723038911819
1.5739379326502
1.5649509827296
1.5822439988454
1.6072984536489
1.5750272274017
1.6450163523356
1.6002178589503
1.6136982440948
1.5966775814692
1.6117919286092
1.5631808439891
1.589324593544
1.5811547040939
1.5198801755905
1.5611383517583
1.5664488077164
1.5234204530716
1.5152505238851
1.518790880839
1.5729847749074
1.5398965279261
1.5465686321259
1.4873365958532
1.5209695100784
1.4724945624669
1.5190631945928
1.4797113339106
1.4644608100255
1.4399509827296
1.4512527386347
1.3713235060374
1.3770424922307
1.362745086352
1.4086328744888
1.3671024243037
1.3607026338577
1.3764977852503
1.2967047691345
1.3570261796316
1.3525327046712
1.3232570886612
1.3133170207342
1.2739651203156
1.2603485584259
1.1959422429403
1.1681644916534
1.1427015463511
1.1455610195796
1.1495098272959
1.1444716850917
1.1544117530187
1.1013071934382
1.1100217898687
1.0546023845673
1.0480664173762
1.0744825601578
1.0802015066147
1.0622276862462
1.0615468422572
1.0697167714437
1.0443900028865
1.0314542452494
1.1029411951701
1.0723038911819
1.0287309090296
.98366012175878
1.0255991021792
1.0354030132294
1.0174291928609
1.0318627357483
1.0495642820994
1.0541939338048
1.0333605607351
1.0343137582143
1.0375816822052
1.0162037213643
1.0087145765622
1.0522875785828
1.0561002492905
1.0434368252754
1.0729847749074
1.0151143670082
1.0433006683985
1.0080337921778
1.0068082809448
.98788126309713
1.0091230869293
1.0020424723625
1.0004084904989
1.0514706373215
1.052559932073
1.0731209119161
1.0539215405782
1.0443900028865
1.0607298612595
1.0623638232549
1.0584150155385
1.0309095978737
1.0019063154856
1.0247821410497
1.0035403172175
.99496185779572
.97589870293935
.95275056362152
.99496187766393
.96214596430461
.9564270178477
.97862199942271
.9398148059845
.96827342112859
1.0049019654592
.97467319170634
.96323529879252
.95261436700821
.91489652792613
.92007080713908
.93967864910762
.92170478900274
.94389977057775
.91775600115458
.97004357973735
.92755989233653
.95942264795303
.92946622769038
.91830064853032
.89106752475103
.88289759556452
.89937363068263
.86315359671911
.85062634944916
.84749454259872
.88480391105016
.84817538658778
.85920478900274
.86887254317602
.87037036816279
.86519606908162
.89950980742772
.90318628152211
.84994552532832
.84531591335932
.85661764939626
.79139433304469
.82066994905472
.82965685923894
.84409042199453
.80964052677155
.83387800057729
.84313724438349
.85049017270406
.86002177000046
.88303377230962
.86628540356954
.84449891249339
.87173203627268
.85934096574783
.84177559614182
.84150326251984
.80487471818924
.77954792976379
.82543571790059
.82366559902827
.82638889551163
.81631263097127
.82284857829412
.88071896632512
.81059368451436
.88248912493388
.84490740299225
.88711873690287
.87867647409439
.85525600115458
.85117101669312
.86996185779572
.84000545740128
.78880719343821
.82216775417328
.8643790880839
.81740196545919
.81032135089238
.8549836675326
.84531591335932
.82570805152257
.84272875388463
.81889977057775
.81141066551208
.82162308692932
.84803920984268
.80691721041997
.82829521099726
.86669391393661
.80827887852987
.81617645422618
.85906863212585
.81413400173187
.85511980454127
.84245644013087
.81004901727041
.84967319170634
.7875816822052
.84163943926493
.81141066551208
.82434638341268
.81699345509211
.83428649107615
.85226037104925
.81849128007889
.84654140472412
.85811547438304
.82802285750707
.86601305007935
.8762254913648
.8585239648819
.86860020955404
.8574346502622
.82870368162791
.8029684027036
.80596405267715
.81944443782171
.79425382614136
.83864378929138
.81712963183721
.82053379217784
.82747821013133
.80650871992111
.8135893146197
.80501089493434
.80691721041997
.784177561601
.79901961485545
.79752178986867
.77995644013087
.79765794674555
.84055012464523
.82652505238851
.82012526194255
.81590414047241
.78976035118103
.8311546643575
.79275600115458
.80010892947515
.82080608606338
.80582789580027
.79997277259827
.80664487679799
.82284857829412
.78295207023621
.80501089493434
.82883987824122
.81821894645691
.81454247236252
.84613289435705
.83455882469813
.83728216091792
.82625271876653
.84177559614182
.79084966580073
.81222766637802
.81032135089238
.82815905412038
.79520696401596
.79779412349065
.78867103656133
.8114106853803
.80950435002645
.83428649107615
.78894337018331
.7830882469813
.84041394790014
.84313724438349
.83619280656179
.80378540356954
.83796296517054
.80106210708618
.82339324553808
.846677561601
.82938452561696
.81740194559097
.79153050978978
.82107843955358
.79534314076106
.80119826396306
.83115468422572
.84708605209986
.80814270178477
.81222766637802
.80882352590561
.77028866608938
.80038126309713
.76661219199498
.79343682527542
.79098582267761
.81277233362198
.81576796372732
.83387800057729
.79547929763794
.83319715658824
.82135077317556
.84286493062973
.83360566695531
.81889977057775
.82979301611582
.78050110737483
.84749456246694
.84626907110214
.8643790880839
.84136710564295
.84558822711309
.84613289435705
.82380173603694
.8397331237793
.86587691307068
.81835512320201
.86301743984222
.81072984139125
.81263615687688
.83687365055084
.83809912204742
.78513071934382
.80283224582672
.8043300708135
.83578431606293
.83796296517054
.85226035118103
.8549836675326
.82938452561696
.87214052677155
.81753812233607
.9104030529658
.85716231664022
.82380173603694
.86056643724442
.81658498446147
.84749456246694
.84340957800547
.82679738601049
.82666120926539
.84027777115504
.85185186068217
.85866014162699
.84967321157455
.88085510333379
.87445535262426
.8914760351181
.87350217501322
.85307733217875
.82992919286092
.83714596430461
.87077885866165
.84967321157455
.85144337018331
.85757080713908
.9011438091596
.86124728123347
.87568082412084
.85580064853032
.83877996603648
.84272875388463
.86642156044642
.83210784196854
.85947712262472
.82244008779526
.84218410650889
.85117103656133
.81072984139125
.8123638232549
.82080608606338
.82039761543274
.86274508635203
.83169935146968
.8114106853803
.80610020955404
.84477126598358
.79289215803146
.8029684027036
.80678103367488
.78227124611537
.81998910506566
.7960239648819
.7855392297109
.79302831490835
.79670478900274
.75653592745463
.81100217501322
.83741829792658
.78799019257228
.77845861514409
.79234749078751
.75599128007889
.77124184370041
.7772331237793
.78213506937027
.78063726425171
.76511438687642
.77982026338577
.7960239648819
.81168299913406
.82026143868764
.79983661572138
.87336599826813
.8114106853803
.80187906821569
.7969771027565
.78213506937027
.78199891249339
.77151417732239
.78921568393707
.82012528181076
.7960239648819
.79044117530187
.79438998301824
.81304464737574
.82312093178431
.84831154346466
.85471131404241
.84218410650889
.84014161427816
.82393789291382
.79629629850388
.81889979044596
.85117101669312
.80977668364843
.78935184081395
.86560455958049
.85416666666667
.87037036816279
.81604029734929
.82992919286092
.83769061168035
.80242375532786
.81045752763748
.82434640328089
.87009805440903
.81304466724396
.8551198442777
.84449891249339
.8666938940684
.83537582556407
.85157950719198
.82924834887187
.82107843955358
.81767427921295
.85784314076106
.80678105354309
.83306099971135
.8103213707606
.77805010477702
.80950435002645
.82734205325445
.8208061059316
.81903594732285
.80923201640447
.81944443782171
.79289215803146
.84313726425171
.84599673748016
.89556101957957
.88017427921295
.84477122624715
.83523964881897
.87581698099772
.81481482585271
.82461875677109
.82407406965892
.82911219199498
.81263615687688
.80746187766393
.85906863212585
.80664487679799
.82979303598404
.82679738601049
.83278866608938
.81876361370087
.91734749078751
.83700982729594
.85035403569539
.82475489377975
.85375815629959
.85661764939626
.8560729821523
.83632898330688
.81685729821523
.86356210708618
.84980936845144
.90917758146922
.87186819314957
.84626905123393
.83510347207387
.83483117818832
.80732570091883
.79411764939626
.81644882758458
.82815903425217
.83864378929138
.84123094876607
.83741829792658
.84381808837255
.79915577173233
.81944445768992
.84286493062973
.80936819314957
.81004901727041
.8218954205513
.7960239648819
.83265248934428
.81781047582626
.79180284341176
.83673747380575
.81835512320201
.78472222884496
.8300653497378
.85893245538076
.82529956102371
.84395424524943
.87854029734929
.84599673748016
.85185186068217
.8822167913119
.81440631548564
.8572984735171
.80800654490789
.8477668762207
.86492375532786
.83986930052439
.85321348905563
.83918843666712
.85471133391062
.83782680829366
.85198801755905
.82434640328089
.88289761543274
.87009805440903
.83428649107615
.85729849338531
.81862745682398
.82924836874008
.85130717357
.84967319170634
.81767429908117
.84259257713954
.83918845653534
.87568080425262
.86288126309713
.8314270178477
.84967321157455
.83442266782125
.84245642026265
.80814270178477
.79370913902919
.77437365055084
.83496733506521
.81399782498678
.81658496459325
.82489105065664
.8397331237793
.83183550834656
.82938452561696
.84490742286046
.86751089493434
.86288126309713
.80977670351664
.86928105354309
.85757080713908
.84463506937027
.82761438687642
.86968954404195
.84245644013087
.84994552532832
.84218408664068
.84232026338577
.86642156044642
.86955338716507
.8206699291865
.88480391105016
.8455882469813
.84368191162745
.81876361370087
.84436273574829
.81045752763748
.82448256015778
.85879627863566
.84953703482946
.85580064853032
.8632897734642
.81781043608983
.83346951007843
.83946079015732
.86015794674555
.83319715658824
.80705338716507
.84150328238805
.82638887564341
.82380173603694
.82094226280848
.8668300708135
.8656045794487
.84082245826721
.87840414047241
.8892974058787
.86628540356954
.86519608894984
.87785947322845
.86614924669266
.85770698388418
.85049019257228
.86015794674555
.81849128007889
.864515264829
.82026143868764
.82352940241496
.85416666666667
.86097492774328
.86465142170588
.89910131692886
.8820806145668
.87091503540675
.8740468621254
.90236928065618
.875
.85770698388418
.83469500144323
.80487473805745
.79125815629959
.81290849049886
.80732572078705
.79656863212585
.82421024640401
.80895968278249
.81358933448792
.82679738601049
.81440631548564
.82325708866119
.79507080713908
.7875816822052
.822984735171
.8125
.80623638629913
.81889977057775
.76320805152257
.80201524496078
.79983659585317
.79684094587962
.82366557916005
.81154684225718
.80092591047287
.8112745086352
.78485840559006
.80936819314957
.81168299913406
.79411764939626
.78159042199453
.81535949309667
.79221133391062
.8386438091596
.81263615687688
.83823527892431
.84654138485591
.80827887852987
.85525600115458
.82720587650935
.82829521099726
.80255991220474
.8137254913648
.83891610304515
.79643247524897
.82693356275558
.81100217501322
.83428649107615
.82107841968536
.86179192860921
.82380173603694
.84340959787369
.83823529879252
.82448256015778
.82039761543274
.77913943926493
.81495098272959
.81454249223073
.80977668364843
.80283224582672
.84872003396352
.8134531378746
.82026143868764
.82053377230962
.83047386010488
.83592049280802
.86288128296534
.8195806145668
.85266884167989
.82652505238851
.81644880771637
.81372547149658
.79956426223119
.81386166810989
.79643245538076
.80228759845098
.79221133391062
.84300108750661
.84558822711309
.83537582556407
.86260892947515
.86015796661377
.8751361767451
.85226035118103
.85702613989512
.83483115832011
.84517973661423
.84340959787369
.84885621070862
.81604029734929
.85076252619425
.85198801755905
.85076254606247
.85117103656133
.84940087795258
.86683005094528
.84041394790014
.83782680829366
.84994552532832
.82012528181076
.81358933448792
.79044117530187
.82706971963247
.82135075330734
.82352942228317
.81740196545919
.81631265083949
.8043300708135
.81399780511856
.84136708577474
.83687363068263
.81576796372732
.86710240443548
.82856754461924
.83360566695531
.83156317472458
.84599673748016
.8126361767451
.8289760351181
.81331700086594
.8125
.8395969470342
.85076252619425
.85770698388418
.85552833477656
.83238017559052
.86097492774328
.87309368451436
.83551198244095
.84722222884496
.81889977057775
.83210786183675
.87745098272959
.85280501842499
.84218408664068
.84817538658778
.85811547438304
.87608933448792
.86383442083995
.84940087795258
.85770698388418
.84735838572184
.8950163324674
.83946079015732
.8395969470342
.8385076324145
.8184912999471
.86546842257182
.84232026338577
.83197168509165
.80215142170588
.82475489377975
.84381808837255
.82026143868764
.83469498157501
.84912852446238
.80473856131236
.83891612291336
.83088235060374
.81277233362198
.82979303598404
.80106208721797
.83455882469813
.81944443782171
.82883985837301
.79221133391062
.78703703482946
.81903596719106
.82802285750707
.86533224582672
.80528322855632
.8052832086881
.80841503540675
.83047386010488
.79166666666667
.80582787593206
.81032133102417
.82162310679754
.80501089493434
.81576796372732
.77709696690242
.80555556217829
.83387798070908
.82897601524989
.80718954404195
.79793028036753
.72372005383174
.7698801557223
.76811003684998
.75735292832057
.80841503540675
.8218954205513
.76919935146968
.81195533275604
.80909585952759
.81045750776927
.85157950719198
.80133440097173
.80787036816279
.81427015860875
.8184912999471
.80759803454081
.7747821410497
.76075708866119
.79248364766439
.83523966868718
.80732572078705
.82039759556452
.82352942228317
.82448256015778
.81862745682398
.8562091588974
.79874728123347
.83333333333333
.83986928065618
.85607300202052
.81808276971181
.77369280656179
.77709696690242
.77233115832011
.7949346502622
.81808278958003
.81004901727041
.84272877375285
.86982572078705
.84463508923848
.87881265083949
.82244008779526
.81508713960648
.83564815918605
.83360566695531
.8195806145668
.8489923675855
.86560455958049
.82026143868764
.83197166522344
.84068628152211
.82026143868764
.84259257713954
.86029412349065
.82393789291382
.82135075330734
.81318080425262
.82829521099726
.85280499855677
.83660131692886
.83483115832011
.79684096574783
.82230391105016
.84735838572184
.81971677144368
.83306099971135
.8572984735171
.86097494761149
.80269608894984
.8291122118632
.8146786292394
.81032133102417
.79711329936981
.75816994905472
.79643245538076
.77668845653534
.80392156044642
.77777777115504
.78472220897675
.8220315972964
.84463508923848
.83905227979024
.82856754461924
.79874728123347
.83265250921249
.82720589637756
.78050108750661
.81971677144369
.83946079015732
.83578429619471
.79452613989512
.80718954404195
.81495098272959
.8302015264829
.84994552532832
.83755445480347
.86519606908162
.84531589349111
.83074619372686
.80160675446192
.82938454548518
.85675380627314
.77668845653534
.80024510622025
.77464598417282
.79697712262472
.79207515716553
.82352940241496
.82121459643046
.85157950719198
.84558822711309
.82461873690287
.83442264795303
.83020150661469
.79670480887095
.79071348905563
.82053379217784
.81386164824168
.8052832086881
.83101850748062
.83387798070908
.85266884167989
.86574073632558
.846677561601
.86083879073461
.82979303598404
.84150326251984
.86846405267715
.84531589349111
.84586058060328
.80732570091883
.82339324553808
.80950436989466
.81495098272959
.82706971963247
.79901959498723
.81236384312312
.78839870293935
.79942810535431
.85416666666667
.81481482585271
.85511980454127
.83169935146968
.85893245538076
.84150326251984
.80623640616735
.82298475503922
.84272873401642
.82380173603694
.86819171905518
.822984735171
.78336058060328
.83496731519699
.83197168509165
.8220315972964
.83074619372686
.82979303598404
.82461873690287
.83483115832011
.79670478900274
.86955338716507
.83197168509165
.81835512320201
.79724943637848
.79915579160055
.80065359671911
.80827885866165
.84749456246694
.83523962895075
.82706971963247
.8572984735171
.84817538658778
.82094226280848
.79507080713908
.83415033419927
.78744554519653
.846677561601
.82775052388509
.84218408664068
.80133440097173
.80787036816279
.80283224582672
.83197166522344
.84259257713954
.86860022942225
.80936819314957
.840822438399
.83578431606293
.85661764939626
.82434640328089
.83823529879252
.80501089493434
.80827885866165
.82352940241496
.80310455958049
.82924836874008
.79915579160055
.82121459643046
.81004901727041
.81753814220428
.83564813931783
.80514707167943
.81576796372732
.82135075330734
.8065087000529
.85906865199407
.82012528181076
.8209422826767
.84599671761195
.82121461629868
.81045750776927
.8208061059316
.80228755871455
.83905227979024
.83415031433105
.84204792976379
.81454247236252
.82965685923894
.85089870293935
.8385076324145
.85144337018331
.86315359671911
.81018517414729
.81985294818878
.80296842257182
.8300653497378
.79956428209941
.86846403280894
.87023419141769
.86614922682444
.84259259700775
.81985294818878
.81930828094482
.8502178589503
.82121459643046
.83796296517054
.83946079015732
.84558822711309
.83714598417282
.8075980146726
.81658496459325
.84150326251984
.85580064853032
.85961329936981
.81781045595805
.85866014162699
.85702613989512
.82094226280848
.86519606908162
.83210784196854
.83578431606293
.81658494472504
.82598038514455
.8562091588974
.84872005383174
.83142699797948
.8289760351181
.81454247236252
.79071350892385
.81522333621979
.80868734916051
.76470587650935
.78853483994802
.77614378929138
.79166668653488
.82666122913361
.76688452561696
.80868734916051
.78145422538122
.80936819314957
.78322440385818
.78662852446238
.79697712262472
.80269606908162
.75272331635157
.7971132795016
.8018790880839
.77913943926493
.7770969470342
.77342047293981
.8065087000529
.81004899740219
.79207515716553
.81726578871409
.80051741997401
.80446622769038
.78118193149567
.78077344099681
.81481482585271
.80691721041997
.78090959787369
.78676470120748
.78186275561651
.81059368451436
.79016884167989
.7794117530187
.822984735171
.84967321157455
.81685729821523
.83578431606293
.82475489377975
.83319715658824
.84449891249339
.83074617385864
.85375815629959
.84586056073507
.8135893146197
.78662852446238
.77042484283447
.83333333333333
.84300108750661
.8325163324674
.82094226280848
.82175926367442
.81113835175832
.81454247236252
.78336056073507
.80446622769038
.79752178986867
.83523964881897
.80868736902873
.84354575475057
.84599673748016
.83823527892431
.84177559614182
.84749456246694
.85634529590607
.82843138774236
.84136708577474
.82366557916005
.82148694992065
.82393791278203
.79180282354355
.79833879073461
.78050108750661
.82666120926539
.79616012175878
.76988017559052
.83455882469813
.83728216091792
.86356208721797
.8549836675326
.81086601813634
.83496731519699
.86043028036753
.87077885866165
.86751089493434
.82611656188965
.85688998301824
.78063724438349
.80487471818924
.82965685923894
.81168301900228
.85552833477656
.8220315972964
.78853485981623
.81304466724396
.86424293120702
.84763073921204
.83333331346512
.82693354288737
.84531591335932
.81508713960648
.83428651094437
.80800654490789
.79997277259827
.8041938940684
.78690087795258
.78227122624715
.83864378929138
.84368191162745
.8572984735171
.82598038514455
.86860020955404
.80773419141769
.84381806850433
.82747821013133
.81386166810989
.81576798359553
.86519608894984
.80269608894984
.85675380627314
.81998912493388
.81685731808345
.83592047293981
.84994552532832
.83932461341222
.82843136787415
.81740194559097
.80324073632558
.8184912999471
.81345315774282
.78022875388463
.77805012464523
.76021242141724
.83101850748062
.84218408664068
.85103485981623
.81467866897583
.8314270178477
.81753812233607
.84354575475057
.8231209119161
.79874728123347
.80650871992111
.75994008779526
.81604031721751
.82652503252029
.80759803454081
.80133442083995
.78336056073507
.80909585952759
.82162310679754
.84926472107569
.84858387708664
.83115470409393
.83986930052439
.81249998013178
.81672114133835
.85321350892385
.78240740299225
.82856754461924
.79343680540721
.8101851940155
.78935184081395
.81168299913406
.82883987824122
.83823529879252
.84381806850433
.86873638629913
.84586058060328
.84831154346466
.80664487679799
.8314270178477
.83442264795303
.85648147265116
.86029410362244
.86860020955404
.8114106853803
.83442266782125
.81222766637802
.84272875388463
.82339324553808
.83483115832011
.84055010477702
.84722222884496
.83769063154856
.81195531288783
.84626905123393
.82652505238851
.80555556217829
.83496731519699
.8197167913119
.83728212118149
.81440631548564
.82598038514455
.81903594732285
.83142703771591
.84027777115504
.84259257713954
.82352942228317
.80106208721797
.81222768624624
.77137800057729
.79193900028865
.80882352590561
.80569169918696
.81467864910762
.78295205036799
.80596405267715
.840822438399
.82175926367442
.83687363068263
.81399780511856
.80732572078705
.85362201929092
.80187906821569
.81290849049886
.78499456246694
.82693354288737
.7677015264829
.84463508923848
.78444989522298
.82502722740173
.80991286039352
.81072984139125
.81971677144368
.78472222884496
.80950435002645
.79983659585317
.77641612291336
.83306099971135
.82502724726995
.83469500144323
.80038126309713
.81086601813634
.80337689320246
.80174293120702
.83387800057729
.78676470120748
.83551198244095
.84926470120748
.82380173603694
.83428651094437
.84654140472412
.8383714556694
.80446622769038
.83755447467168
.84858387708664
.83210782210032
.83714598417282
.84327342112859
.85239650805791
.84123092889786
.79057733217875
.8336056470871
.84422657887141
.87459148963292
.83564813931783
.83605664968491
.79997275273005
.85157952706019
.82666122913361
.8209422826767
.78608387708664
.8208061059316
.83700978755951
.84477122624715
.8572984735171
.86097496747971
.84545207023621
.85620913902918
.84422659873962
.85961329936981
.81467864910762
.8417755762736
.79656863212585
.80582789580027
.8291122118632
.80991286039352
.83700980742772
.85484749078751
.8040577173233
.82598038514455
.85961329936981
.83551198244095
.82339324553808
.81740196545919
.82693354288737
.82883987824122
.83673747380575
.84803920984268
.80746187766393
.78976035118103
.7969771027565
.81903592745463
.84395422538122
.81930828094482
.84245644013087
.79193900028865
.84232026338577
.82924836874008
.84749456246694
.85988563299179
.82843138774236
.83905227979024
.83101852734884
.82625271876653
.80051741997401
.82257626454035
.80405773719152
.83877994616826
.85688998301824
.85157950719198
.81889977057775
.83088235060374
.80759805440903
.78281591335932
.8406862616539
.81508713960648
.79588780800502
.83061001698176
.81195533275604
.81930828094482
.82611656188965
.84899238745372
.80460240443548
.84490742286046
.86356208721797
.84000543753306
.83660129706065
.82393789291382
.80405773719152
.8125
.79261982440948
.83033768335978
.81535949309667
.80582789580027
.81876361370087
.80637256304423
.83319717645645
.87145970265071
.80283224582672
.81331698099772
.80487471818924
.80106208721797
.77301198244095
.78635623057683
.84340957800547
.80351306994756
.81222766637802
.78921568393707
.78771787881851
.79901959498723
.79411764939626
.81018517414729
.78826252619425
.7924836675326
.78567538658778
.82216775417328
.81617647409439
.81998910506566
.81018517414729
.79302833477656
.7960239648819
.78404138485591
.84654140472412
.82175926367442
.83905227979024
.84803918997447
.84095861514409
.80610020955404
.81535949309667
.82706969976425
.86138343811035
.85103485981623
.8218954205513
.81985292832057
.8218954205513
.79153050978978
.80147059758504
.8419117530187
.77165033419927
.81604029734929
.80215140183767
.8477668762207
.79602394501368
.80977668364843
.80787038803101
.82761438687642
.81086601813634
.82734205325445
.83932461341222
.82448256015778
.74741284052531
.87595315774282
.83619280656179
.81113835175832
.81658496459325
.82543571790059
.81998910506566
.83877996603648
.8184912999471
.82693356275558
.8206699291865
.80269608894984
.78594772020976
.78172657887141
.84572440385818
.87472766637802
.81644880771637
.80977670351664
.82557189464569
.80582787593206
.8090958793958
.80773421128591
.84667758146922
.82380175590515
.78594770034154
.80664487679799
.81617647409439
.82012528181076
.81141066551208
.78880719343821
.82148693005244
.85797929763794
.83265250921249
.81522331635157
.86383442083995
.83564815918605
.83306099971135
.79670478900274
.84232026338577
.86805556217829
.84354575475057
.85157952706019
.82706971963247
.82039759556452
.86070261398951
.83687365055084
.87282133102417
.8562091588974
.87431919574738
.82666120926539
.84177559614182
.86465142170588
.83428649107615
.83292482296626
.82788670063019
.80855119228363
.82366555929184
.83823529879252
.86832789580027
.84763071934382
.83782680829366
.84068628152211
.83496731519699
.89242921272914
.83837147553762
.81045750776927
.84776689608892
.84803920984268
.8455882469813
.84708607196808
.84272873401642
.83918843666712
.82679738601049
.84844770034154
.83755447467168
.86083877086639
.85934094587962
.86015796661377
.89556099971135
0
0
0
0
0
0
0
0
0
0
0
0
0
0
0
0
0
0
0
0
0
0
0
0
0
0
0
0
0
0
0
0
0
0
0
0
0
0
0
0
0
0
0
0
0
0
0
0
0
0
0
0
0
0
0
0
0
0
0
0
0
0
0
0
0
0
0
0
0
0
0
0
0
0
0
0
0
0
0
0
0
0
0
0
0
0
0
0
0
0
0
0
0
0
0
0
0
0
0
0
0
0
0
0
0
0
0
0
0
0
0
0
0
0
0
0
0
0
0
0
0
0
0
0
0
0
0
0
0
0
0
0
0
0
0
0
0
0
0
0
0
0
0
0
0
0
0
0
0
0
0
0
0
0
0
0
0
0
0
0
0
0
0
0
0
0
0
0
0
0
0
0
0
0
0
0
0
0
0
0
0
0
0
0
0
0
0
0
0
0
0
0
0
0
0
0
0
0
0
0
0
0
0
0
0
0
0
0
0
0
0
0
0
0
0
0
0
0
0
0
0
0
0
0
0
0
0
0
0
0
0
0
0
0
0
0
0
0
0
0
0
0
0
0
0
0
0
0
0
0
0
0
0
0
0
0
0
0
0
0
0
0
0
0
0
0
0
0
0
0
0
0
0
0
0
0
0
0
0
0
0
0
0
0
0
0
0
0
0
0
0
0
0
0
0
0
0
0
0
0
0
0
0
0
0
0
0
0
0
0
0
0
0
0
0
0
0
0
0
0
0
0
0
0
0
0
0
0
0
0
0
0
0
0
0
0
0
0
0
0
0
0
0
0
0
0
0
0
0
0
0
0
0
0
0
0
0
0
0
0
0
0
0
0
0
0
0
0
0
0
0
0
0
0
0
0
0
0
0
0
0
0
0
0
0
0
0
0
0
0
0
0
0
0
0
0
0
0
0
0
0
0
0
0
0
0
0
0
0
0
0
0
0
0
0
0
0
0
0
0
0
0
0
0
0
0
0
0
0
0
0
0
0
0
0
0
0
0
0
0
0
0
0
0
0
0
0
0
0
0
0
0
0
0
0
0
0
0
0
0
0
0
0
0
0
0
0
0
0
0
0
0
0
0
0
0
0
0
0
0
0
0
0
0
0
0
0
0
0
0
0
0
0
0
0
0
0
0
0
0
0
0
0
0
0
0
0
0
0
0
0
0
0
0
0
0
0
0
0
0
0
0
0
0
0
0
0
0
0
0
0
0
0
0
0
0
0
0
0
0
0
0
0
0
0
0
0
0
0
0
0
0
0
0
0
0
0
0
0
0
0
0
0
0
0
0
0
0
0
0
0
0
0
0
0
0
0
0
0
0
0
0
0
0
0
0
0
0
0
0
0
0
0
0
0
0
0
0
0
0
0
0
0
0
0
0
0
0
0
0
0
0
0
0
0
0
0
0
0
0
0
0
0
0
0
0
0
0
0
0
0
0
0
0
0
0
0
0
0
0
0
0
0
0
0
0
0
0
0
0
0
0
0
0
0
0
0
0
0
0
0
0
0
0
0
0
0
0
0
0
0
0
0
0
0
0
0
0
0
0
0
0
0
0
0
0
0
0
0
0
0
0
0
0
0
0
0
0
0
0
0
0
0
0
0
0
0
0
0
0
0
0
0
0
0
0
0
0
0
0
0
0
0
0
0
0
0
0
0
0
0
0
0
0
0
0
0
0
0
0
0
0
0
0
0
0
0
0
0
0
0
0
0
0
0
0
0
0
0
0
0
0
0
0
0
0
0
0
0
0
0
0
0
0
0
0
0
0
0
0
0
0
0
0
0
0
0
0
0
0
0
0
0
0
0
0
0
0
0
0
0
0
0
0
0
0
0
0
0
0
0
0
0
0
0
0
0
0
0
0
0
0
0
0
0
0
0
0
0
0
0
0
0
0
0
0
0
0
0
0
0
0
0
0
0
0
0
0
0
0
0
0
0
0
0
0
0
0
0
0
0
0
0
0
0
0
0
0
0
0
0
0
0
0
0
0
0
0
0
0
0
0
0
0
0
0
0
0
0
0
0
0
0
0
0
0
0
0
0
0
0
0
0
0
0
0
0
0
0
0
0
0
0
0
0
0
0
0
0
0
0
0
0
0
0
0
0
0
0
0
0
0
0
0
0
0
0
0
0
0
0
0
0
0
0
0
0
0
0
0
0
0
0
0
0
0
0
0
0
0
0
0
0
0
0
0
0
0
0
0
0
0
0
0
0
0
0
0
0
0
0
0
0
0
0
0
0
0
0
0
0
0
0
0
0
0
0
0
0
0
0
0
0
0
0
0
0
0
0
0
0
0
0
0
0
0
0
0
0
0
0
0
0
0
0
0
0
0
0
0
0
0
0
0
0
0
0
0
0
0
0
0
0
0
0
0
0
0
0
0
0
0
0
0
0
0
0
0
0
0
0
0
0
0
0
0
0
0
0
0
0
0
0
0
0
0
0
0
0
0
0
0
0
0
0
0
0
0
0
0
0
0
0
0
0
0
0
0
0
0
0
0
0
0
0
0
0
0
0
0
0
0
0
0
0
0
0
0
0
0
0
0
0
0
0
0
0
0
0
0
0
0
0
0
0
0
0
0
0
0
0
0
0
0
0
0
0
0
0
0
0
0
0
0
0
0
0
0
0
0
0
0
0
0
0
0
0
0
0
0
0
0
0
0
0
0
0
0
0
0
0
0
0
0
0
0
0
0
0
0
0
0
0
0
0
0
0
0
0
0
0
0
0
0
0
0
0
0
0
0
0
0
0
0
0
0
0
0
0
0
0
0
0
0
0
0
0
0
0
0
0
0
0
0
0
0
0
0
0
0
0
0
0
0
0
0
0
0
0
0
0
0
0
0
0
0
0
0
0
0
0
0
0
0
0
0
0
0
0
0
0
0
0
0
0
0
0
0
0
0
0
0
0
0
0
0
0
0
0
0
0
0
0
0
0
0
0
0
0
0
0
0
0
0
0
0
0
0
0
0
0
0
0
0
0
0
0
0
0
0
0
0
0
0
0
0
0
0
0
0
0
0
0
0
0
0
0
0
0
0
0
0
0
0
0
0
0
0
0
0
0
0
0
0
0
0
0
0
0
0
0
0
0
0
0
0
0
0
0
0
0
0
0
0
0
0
0
0
0
0
0
0
0
0
0
0
0
0
0
0
0
0
0
0
0
0
0
0
0
0
0
0
0
0
0
0
0
0
0
0
0
0
0
0
0
0
0
0
0
0
0
0
0
0
0
0
0
0
0
0
0
0
0
0
0
0
0
0
0
0
0
0
0
0
0
0
0
0
0
0
0
0
0
0
0
0
0
0
0
0
0
0
0
0
0
0
0
0
0
0
0
0
0
0
0
0
0
0
0
0
0
0
0
0
0
0
0
0
0
0
0
0
0
0
0
0
0
0
0
0
0
0
0
0
0
0
0
0
0
0
0
0
0
0
0
0
0
0
0
0
0
0
0
0
0
0
0
0
0
0
0
0
0
0
0
0
0
0
0
0
0
0
0
0
0
0
0
0
0
0
0
0
0
0
0
0
0
0
0
0
0
0
0
0
0
0
0
0
0
0
0
0
0
0
0
0
0
0
0
0
0
0
0
0
0
0
0
0
0
0
0
0
0
0
0
0
0
0
0
0
0
0
0
0
0
0
0
0
0
0
0
0
0
0
0
0
0
0
0
0
0
0
0
0
0
0
0
0
0
0
0
0
0
0
0
0
0
0
0
0
0
0
0
0
0
0
0
0
0
0
0
0
0
0
0
0
0
0
0
0
0
0
0
0
0
0
0
0
0
0
0
0
0
0
0
0
0
0
0
0
0
0
0
0
0
0
0
0
0
0
0
0
0
0
0
0
0
0
0
0
0
0
0
0
0
0
0
0
0
0
0
0
0
0
0
0
0
0
0
0
0
0
0
0
0
0
0
0
0
0
0
0
0
0
0
0
0
0
0
0
0
0
0
0
0
0
0
0
0
0
0
0
0
0
0
0
0
0
0
0
0
0
0
0
0
0
0
0
0
0
0
0
0
0
0
0
0
0
0
0
0
0
0
0
0
0
0
0
0
0
0
0
0
0
0
0
0
0
0
0
0
0
0
0
0
0
0
0
0
0
0
0
0
0
0
0
0
0
0
0
0
0
0
0
0
0
0
0
0
0
0
0
0
0
0
0
0
0
0
0
0
0
0
0
0
0
0
0
0
0
0
0
0
0
0
0
0
0
0
0
0
0
0
0
0
0
0
0
0
0
0
0
0
0
0
0
0
0
0
0
0
0
0
0
0
0
0
0
0
0
0
0
0
0
0
0
0
0
0
0
0
0
0
0
0
0
0
0
0
0
0
0
0
0
0
0
0
0
0
0
0
0
0
0
0
0
0
0
0
0
0
0
0
0
0
0
0
0
0
0
0
0
0
0
0
0
0
0
0
0
0
0
0
0
0
0
0
0
0
0
0
0
0
0
0
0
0
0
0
0
0
0
0
0
0
0
0
0
0
0
0
0
0
0
0
0
0
0
0
0
0
0
0
0
0
0
0
0
0
0
0
0
0
0
0
0
0
0
0
0
0
0
0
0
0
0
0
0
0
0
0
0
0
0
0
0
0
0
0
0
0
0
0
0
0
0
0
0
0
0
0
0
0
0
0
0
