.86519606908162
.85811547438304
.88507626454035
.85988563299179
.82135077317556
.85770696401596
.8585239648819
.84327342112859
.84477122624715
.83850761254628
.82461871703466
.85185186068217
.86451524496078
.91516884167989
.8842592438062
.88003812233607
.83183550834656
.85893247524897
.82475489377975
.82666122913361
.85021787881851
.84490742286046
.8043300708135
.82502724726995
.85702613989512
.82992919286092
.80909585952759
.82284857829412
.84708607196808
.85008170207341
.82666122913361
.85634531577428
.80923203627268
.81522331635157
.84940087795258
.81617647409439
.80487473805745
.83660129706065
.84776689608892
.82734205325445
.84218408664068
.82107843955358
.81154684225718
.8560729821523
.8715958793958
.86819171905518
.82952070236206
.83905227979024
.87949345509211
.83047386010488
.8126361767451
.81712961196899
.84940087795258
.83346949021022
.81985294818878
.85947712262472
.85593682527542
.82992917299271
.86206426223119
.84327342112859
.83905229965846
.86056645711263
.8231209119161
.84844772020976
.86124730110168
.88616557916005
.85239650805791
.83360566695531
.84109477202098
.87976578871409
.86328975359599
.83156317472458
.8291122118632
.84177559614182
.87050652503967
.89610568682353
.86723856131236
.83646514018377
.85157952706019
.89474399884542
.8206699291865
.81549564997355
.84041394790014
.85825163125992
.82475491364797
.86424291133881
.85920478900274
.88167212406794
.86832789580027
.87826796372732
.87785947322845
.87867645422618
.85089870293935
.83632898330688
.81072984139125
.81263615687688
.802015264829
.84517973661423
.8300653497378
.82312093178431
.8654684027036
.86274508635203
.83415033419927
.84354575475057
.82475489377975
.80800652503967
.79956426223119
.82175926367442
.81168297926585
.78227124611537
.87336599826813
.79901959498723
.86083879073461
.80678105354309
.78867103656133
.77423747380575
.78349673748016
.81440631548564
.83905229965846
.82094226280848
.8009259502093
.79234749078751
.84000543753306
.84055010477702
.82434640328089
.81712963183721
.80827885866165
.80133442083995
.80909585952759
.85974945624669
.83986928065618
.83265250921249
.83360566695531
.82911219199499
.80964052677155
.84259257713954
.80882352590561
.79616014162699
.85457515716553
.82924834887187
.8231209119161
.85294117530187
.81181917587916
.85716231664022
.84572440385818
.82339324553808
.86778322855632
.82992919286092
.857162296772
.83986928065618
.85226035118103
.84790307283401
.80501089493434
.80596407254537
.81712963183721
.84477122624715
.81535949309667
.83374182383219
.82298475503922
.84177561601003
.8372821410497
.8302015264829
.83210782210032
.81304464737574
.85307733217875
.83374182383219
.84531591335932
.85253266493479
.81808280944824
.8314270178477
.83523966868718
.81045752763748
.81821896632512
.77287580569585
.78594772020976
.82720589637756
.84640522797902
.77001635233561
.81985294818878
.81644880771637
.81154684225718
.80623638629913
.76811001698176
.80038126309713
.83374182383219
.86138343811035
.81944445768992
.84095861514409
.87867647409439
.88997821013133
.82257624467214
.86002178986867
.79030501842499
.80732570091883
.80324073632558
.75966777404149
.84150326251984
.79479845364889
.80923201640447
.81072984139125
.79493463039398
.81590414047241
.8385076324145
.88643791278203
.81345317761103
.85866014162699
.85648147265116
.80596403280894
.81154682238897
.79616012175878
.79765794674555
.80732570091883
.81154684225718
.82448256015778
.82543571790059
.78009259700775
.83101852734884
.81699347496033
.79561547438304
.7843137383461
.80106208721797
.78213506937027
.78976035118103
.78254357973735
.76211875677109
.74795752763748
.75789759556452
.80296842257182
.81440631548564
.79425382614136
.81617647409439
.78744552532832
.81740196545919
.81971677144369
.82952070236206
.84436273574829
.81386166810989
.82584422826767
.83333333333333
.8040577173233
.82148693005244
.83973310391108
.84123092889786
.85049019257228
.82952070236206
.85443898042043
.82529956102371
.82298475503922
.81535947322845
.80310455958049
.80923203627268
.85539215803146
.80337691307068
.79793028036753
.78785403569539
.81862743695577
.83537580569585
.8489923675855
.83986928065618
.80364924669266
.8419117530187
.87309370438258
.81508713960648
.84327342112859
.84477122624715
.8395969470342
.84940087795258
.80255991220474
.82366555929184
.86832789580027
.81903594732285
.82829519112905
.8491285443306
.83428651094437
.85879627863566
.81781045595805
.82107841968536
.80610022942225
.81767427921295
.8134531378746
.84191177288691
.7877178589503
.84136710564295
.8032407561938
.83700982729594
.83238017559052
.82135077317556
.82638889551163
.83741829792658
.8302015264829
.86192810535431
.86887254317602
.84232026338577
.87050654490789
.82271240154902
.82434640328089
.83700980742772
.84504357973735
.82693356275558
.81781045595805
.83333333333333
.8385076324145
.86083877086639
.8280228972435
.83333333333333
.81535945336024
.83700980742772
.8479030529658
.85648149251938
.86111110448837
.87881263097127
.85879629850388
.84626907110214
.87595315774282
.87568082412084
.87554464737574
.8500816822052
.92905773719152
.82897605498632
.86437906821569
.84872003396352
.86819171905518
.85471133391062
.83646514018377
.80855119228363
.83687363068263
.84926470120748
.82720589637756
.85471133391062
.82829521099726
.83074619372686
.87486384312312
.92878540356954
.84545207023621
.85525600115458
.81808278958003
.82775054375331
.81413400173187
.83278866608938
.84531591335932
.83101852734884
.81113833189011
.85348582267761
.80364924669266
.840822438399
.82393789291382
.85430284341176
.8643790880839
.83374182383219
.8668300708135
.88575708866119
.86778322855632
.83197168509165
.84872003396352
.80147059758504
.80732572078705
.84749454259872
.81699347496033
.84885621070862
.86424291133881
.83891610304515
.85334968566895
.84177561601003
.8302015264829
.84640522797902
.80923201640447
.81604029734929
.84163943926493
.8300653497378
.83428649107615
.83292484283447
.81808278958003
.83183550834656
.84259257713954
.81086601813634
.7935729821523
.79833879073461
.81086601813634
.80051743984222
.79561545451482
.82734207312266
.80759803454081
.81767427921295
.78935186068217
.8549836675326
.84123094876607
.88630175590515
.89842049280802
.88602942228317
.87881263097127
.88970587650935
.85266884167989
.87214050690333
.84940085808436
.85403048992157
.91081154346466
.90604575475057
.927015264829
.89773964881897
.90727122624715
.90413941939672
.95098038514455
.90509257713954
.91258170207342
.89392699797948
.93790849049886
.87758713960648
.88003812233607
.89338233073552
.9375
.92252178986867
.91530501842499
.88970587650935
.92211329936981
.9197984735171
.91789215803146
.9302832086881
.92497275273005
.93831700086594
.91680282354355
.93368736902873
.96269063154856
.94417212406794
.95629086097081
.97698801755905
.95806101957957
.9801198442777
1.0405773321788
1.0098039110502
1.0201525290807
1.0234204729398
1.0329520702362
1.0610021750132
1.0347222487132
1.0511982440948
1.0785675048828
1.1141067743301
1.1047113339106
1.0699890851974
1.1285403172175
1.1496459643046
1.1319444576899
1.1128812630971
1.1719771226247
1.1210511922836
1.1149237553279
1.1497821410497
1.1590413649877
1.2057461738586
1.2510893344879
1.2314815123876
1.2238562107086
1.2340686321259
1.2282135089238
1.2685185273488
1.2614378929138
1.2337962786357
1.3066449165344
1.3029683828354
1.2962963183721
1.2370642820994
1.3265250921249
1.3220316171646
1.3065087000529
1.3370098272959
1.3187636137009
1.3613834381104
1.3348311583201
1.3770424922307
1.3438180685043
1.3514433701833
1.347630739212
1.3782679637273
1.4283769130707
1.4451252619425
1.4568355083466
1.4459422429403
1.4565631945928
1.4467592636744
1.4437636137009
1.4498910506566
1.45561003685
1.5123910506566
1.4942810535431
1.4813452959061
1.4784858226776
1.4885621070862
1.5841503540675
1.568899790446
1.612064242363
1.5668572982152
1.5777505636215
1.592320283254
1.6047113339106
1.6007625261943
1.6564542452494
1.6158769528071
1.6584967374802
1.6239106655121
1.6550925572713
1.6292211612066
1.6772875785828
1.6712962786357
1.6416122118632
1.6522331237793
1.6446078221003
1.6029411951701
1.601034839948
1.6284041404724
1.6160130500793
1.5744825998942
1.5404411554337
1.6053921381632
1.5940903822581
1.5849672953288
1.6275871594747
1.6019880374273
1.5596405267715
1.551470597585
1.5827886660894
1.5132080316544
1.5614107052485
1.5027232964834
1.4669117927551
1.4846132596334
1.5178376833598
1.4629629850388
1.4482570886612
1.4482570886612
1.4764433701833
1.4628267685572
1.4410403172175
1.4067265590032
1.3638344208399
1.3948801755905
1.3941993316015
1.3519879976908
1.3187636534373
1.3504901727041
1.3017429113388
1.268790880839
1.2866285641988
1.2132352987925
1.2732843160629
1.2309368451436
1.2015250523885
1.2403322458267
1.1988017559052
1.2008442481359
1.2244008779526
1.2178649107615
1.1685729821523
1.1819172302882
1.1360293626785
1.102260351181
1.0985838572184
1.0690359274546
1.0529684225718
1.0878268082937
1.0819716453552
1.1075708071391
1.0706699291865
1.0439814726512
1.00558278958
1.0675381422043
1.0453431208928
1.0437091588974
1.0497004191081
1.032679716746
1.0447984933853
1.0144335428874
1.0219226678212
1.0669934352239
1.0394879976908
1.0228758653005
1.005855123202
1.0230119625727
1.0276415745417
1.0049019853274
1.0200163523356
1.0521514018377
1.0400327046712
1.013208091259
1.0295479297638
1.0582788387934
1.0265523195267
1.0309095780055
1.032679716746
1.0232843160629
1.0242374738057
1.035675406456
1.0009531577428
1.0325435797373
.99278324842453
.98897057771683
.97154138485591
.95806101957957
.98651959498723
.97480938831965
1.0245098074277
1.0136165817579
1.0265522996585
.99360020955404
1.0031318068504
.97154140472412
.96377996603648
.98011982440948
.96064815918605
.9810729821523
.95683550834656
.9810729821523
.96037582556407
.92619826396306
.88031045595805
.95887800057729
.93681917587916
.92987473805745
.93940631548564
.91653048992157
.92674293120702
.93981478611628
.89556099971135
.90999456246694
.91789215803146
.88575708866119
.87186819314957
.91462419430415
.89174836874008
.89678649107615
.90713508923848
.93641066551208
.91816449165344
.92265794674555
.88071894645691
.85226035118103
.88521240154902
.8737745086352
.91217321157455
.84191177288691
.83360566695531
.88453157742818
.88970587650935
.83714598417282
.85348584254583
.86737471818924
.86151963472366
.87118736902873
.91067538658778
.90590957800547
.87077887852987
.86097494761149
.88071894645691
.8289760351181
.82557189464569
.82257624467214
.86887254317602
.82393791278203
.83809914191564
.85198801755905
.82230391105016
.84994554519653
.8502178589503
.86111112435659
.84967319170634
.87145970265071
.8585239648819
.80378540356954
.84504355986913
.80909585952759
.81563180685043
.85008170207342
.83346949021022
.83986928065618
.87159585952759
.82434640328089
.84436273574829
.84858387708664
.86560455958049
.83551196257273
.8751361767451
.90713508923848
.84790303309758
.86424293120702
.85866012175878
.85648147265116
.81508713960648
.81794661283493
.86029412349065
.80909585952759
.83564813931783
.857162296772
.86819171905518
.85008170207341
.85334966580073
.81304466724396
.81331698099772
.86519608894984
.85062636931737
.8217592438062
.82625271876653
.84953701496124
.78867101669312
.83088235060374
.85757080713908
.80255991220474
.88929738601049
.81454247236252
.82257624467214
.8562091588974
.78758170207342
.84027777115504
.80487473805745
.8043300708135
.84204792976379
.82502724726995
.82189540068309
.81495096286138
.86655773719152
.85171568393707
.85307733217875
.84218408664068
.84517973661423
.8455882469813
.82203157742818
.83156317472458
.81889979044596
.80936819314957
.79520696401596
.81590414047241
.80827887852987
.81835512320201
.80378542343775
.80201524496078
.81781045595805
.8031045794487
.79888343811035
.81113835175832
.80746185779572
.75667210419973
.78376907110214
.77260349194209
.78295207023621
.802015264829
.81930828094482
.79343682527542
.84177561601003
.81100219488144
.77641612291336
.79684094587962
.81154684225718
.81386164824168
.80950435002645
.78336056073507
.78499454259872
.78567538658778
.82012528181076
.75816994905472
.79670478900274
.80691719055176
.76443356275558
.76538670063019
.7830882469813
.80800652503967
.81004901727041
.80841503540675
.80038126309713
.77519063154856
.79261982440948
.80964050690333
.84545207023621
.80650871992111
.77886708577474
.78962417443593
.83578429619471
.8101851940155
.81726578871409
.83578431606293
.80405773719152
.84490740299225
.8656045794487
.84872005383174
.82162308692932
.82720587650935
.81808280944824
.8395969470342
.86165577173233
.83306101957957
.81222766637802
.81944443782171
.80814270178477
.81304466724396
.80473858118057
.84763069947561
.84027779102325
.78703703482946
.82475491364797
.8291122118632
.78009257713954
.79983659585317
.77083333333333
.77233115832011
.75994008779526
.80133442083995
.81889979044596
.82026143868764
.80936817328135
.80582787593206
.81889977057775
.83769063154856
.80446622769038
.79003268480301
.80351306994756
.79370913902918
.8206699291865
.80964054663976
.84000543753306
.78104573488235
.77736928065618
.80882352590561
.80623638629913
.80868736902873
.80923201640447
.75898693005244
.82257626454035
.76674836874008
.79752178986867
.81399780511856
.79711329936981
.78090957800547
.75803377230962
.75272331635157
.76143791278203
.8043300708135
.80228757858276
.78390522797902
.76538670063019
.8583877881368
.80065361658732
.89678649107615
.84245644013087
.83074619372686
.83877994616826
.81876361370087
.81862745682398
.8582516113917
.83442264795303
.8208061059316
.83510349194209
.88017429908117
.84572440385818
.83442264795303
.84545207023621
.84477124611537
.85743463039398
.84640524784724
.82475489377975
.82652507225672
.82012528181076
.86274508635203
.84558822711309
.82257626454035
.82693356275558
.87445535262426
.84027777115504
.84763071934382
.84844770034154
.80501091480255
.83809914191564
.82625271876653
.79956428209941
.84490740299225
.79139433304469
.82775052388509
.8480392297109
.80460240443548
.81821896632512
.81045752763748
.80732572078705
.81508713960648
.78622005383174
.77668845653534
.80637256304423
.83905229965846
.81195533275604
.784177561601
.78118191162745
.81930828094482
.79970043897629
.80024510622025
.79738563299179
.7913943529129
.80119824409485
.76198256015778
.79575163125992
.81318082412084
.78213508923848
.77505447467168
.78867101669312
.76525054375331
.77982026338577
.79384531577428
.8018790880839
.78186275561651
.77151417732239
.77328433593114
.79711329936981
.79779412349065
.86233659585317
.80759803454081
.83782680829366
.83115468422572
.85389433304469
.81535949309667
.80405773719152
.81018517414729
.78948799769084
.82257626454035
.84449891249339
.84381808837255
.80610022942225
.83360566695531
.80419391393661
.86451524496078
.84722222884496
.86029410362244
.88480393091838
.84790303309758
.85430282354355
.83782678842545
.83428651094437
.86410675446192
.84177559614182
.81481482585271
.89133987824122
.85253270467122
.88330608606338
.84490740299225
.8197167913119
.840822438399
.80378540356954
.81100217501322
.83401413758596
.86138343811035
.80800654490789
.86574073632558
.84517975648244
.88357843955358
.86369826396306
.89038670063019
.86519606908162
.86410675446192
.83142699797948
.87717864910762
.82380173603694
.84694989522298
.79901959498723
.77641612291336
.82489107052485
.83932461341222
.81059368451436
.846677561601
.80664487679799
.82298475503922
.79929194847743
.82421024640401
.84327342112859
.85117101669312
.83932461341222
.84803920984268
.81699347496033
.8406862616539
.78785403569539
.82992921272914
.81672112147013
.82584422826767
.8231209119161
.80827887852987
.83401415745417
.81998910506566
.82393791278203
.80814270178477
.80923203627268
.80255991220474
.85185184081395
.82461871703466
.82625271876653
.83619280656179
.84123092889786
.86179192860921
.8195806145668
.79057733217875
.81726578871409
.84409042199453
.83714596430461
.89637800057729
.8656045794487
.83088235060374
.83115468422572
.84381808837255
.81917210419973
.78853485981623
.83101852734884
.82162308692932
.82257624467214
.82802287737528
.81549564997355
.82284857829412
.80024508635203
.83306101957957
.83769065141678
.83469498157501
.84340957800547
.81767429908117
.80106208721797
.82502724726995
.83224401871363
.80895970265071
.83415033419927
.83537582556407
.79765796661377
.81726578871409
.84354575475057
.84694989522298
.82870370149612
.86628540356954
.87908494472504
.8845315972964
.87445533275604
.84136708577474
.86070261398951
.82502722740173
.87050654490789
.87854029734929
.85879629850388
.8833061059316
.83333333333333
.84994554519653
.83564813931783
.85103487968445
.83306099971135
.84422657887141
.864515264829
.82870370149612
.84586056073507
.82815905412038
.88875271876653
.82706971963247
.84232026338577
.8148148059845
.81835512320201
.82706971963247
.88534857829412
.87758715947469
.85634531577428
.83891612291336
.83592047293981
.85062636931737
.81522329648336
.78921568393707
.7926198442777
.83755447467168
.80895970265071
.85811547438304
.83306099971135
.86465142170588
.84191177288691
.85879629850388
.85307733217875
.86669391393661
.86424291133881
.84232026338577
.86614922682444
.85334968566895
.85484749078751
.80841505527496
.88929736614227
.86805554231008
.84354575475057
.84517973661423
.85375815629959
.84313724438349
.86505991220474
.79057733217875
.84572440385818
.84123094876607
.84218408664068
.81563182671865
.81862745682398
.8231209119161
.81386164824168
.82230391105016
.82257624467214
.82135075330734
.84504355986913
.79125819603602
.81835512320201
.83061001698176
.83741829792658
.82026143868764
.81535947322845
.82026141881943
.81427015860875
.80364924669266
.82516338427862
.8206699291865
.86383444070816
.81358933448792
.84654138485591
.87608933448792
.85212419430415
.85675382614136
.84531589349111
.85239650805791
.81726580858231
.8125
.83319717645645
.78063724438349
.86247275273005
.80841503540675
.81045752763748
.8523964881897
.82298475503922
.83619282643
.85253268480301
.86982572078705
.8314270178477
.846677561601
.80991284052531
.8054193854332
.83278868595759
.78812636931737
.79221133391062
.76470587650935
.79343680540721
.76742919286092
.78690087795258
.79207515716553
.79915579160055
.78118191162745
.80324073632558
.77709696690242
.78662852446238
.79670478900274
.80678103367488
.82489105065664
.79942810535431
.76593136787415
.80065359671911
.75422114133835
.77614378929138
.80051741997401
.79929194847743
.79847494761149
.81318084398905
.76824617385864
.78526689608892
.77355664968491
.79901961485545
.82489107052485
.83469498157501
.79847494761149
.80078975359599
.8114106853803
.83251635233561
.80324073632558
.822984735171
.79207517703374
.79915577173233
.82856754461924
.81535947322845
.82121461629868
.76470589637756
.79779412349065
.80010892947515
.7653867204984
.81576798359553
.80201524496078
.82570805152257
.7913943529129
.85334968566895
.80814270178477
.80528322855632
.79425382614136
.80732570091883
.81059368451436
.77369282643
.79561547438304
.80242373545965
.80106208721797
.80446622769038
.84572440385818
.82461871703466
.84014161427816
.83578433593114
.8289760351181
.84926470120748
.86015794674555
.83115468422572
.85988561312358
.83551198244095
.81835512320201
.81386164824168
.81154684225718
.83442266782125
.7769607702891
.82761438687642
.78431371847789
.83455882469813
.86097492774328
.82175926367442
.85280499855677
.84858389695485
.91407952706019
.84953705469767
.86478759845098
.85253266493479
.84994554519653
.83360566695531
.83986926078796
.81113835175832
.84286491076152
.82148691018422
.8278867204984
.83741829792658
.85280501842499
.86968954404195
.83741829792658
.84599673748016
.86846405267715
.83210782210032
.83510349194209
.81467864910762
.85552831490835
.83592047293981
.87159585952759
.80977668364843
.82992919286092
.83483113845189
.79983661572138
.84940085808436
.83197168509165
.82679738601049
.84613291422526
.83823529879252
.84912852446238
.82543573776881
.84409040212631
.83319717645645
.8114106853803
.84327342112859
.81467866897583
.84994554519653
.84340957800547
.86124728123347
.84640522797902
.82543571790059
.87309368451436
.82257626454035
.8135893146197
.81154684225718
.80010892947515
.83224401871363
.84340957800547
.81631265083949
.81454249223073
.81209150950114
.8385076324145
.84599671761195
.87894880771637
.82448258002599
.8419117530187
.86723856131236
.88058276971181
.83442264795303
.84436275561651
.85375815629959
.84517973661423
.86315357685089
.83809914191564
.83210784196854
.83578431606293
.83360566695531
.87023421128591
.84586056073507
.83918845653534
.84041394790014
.81685729821523
.81032135089238
.82679738601049
.80514707167943
.82366557916005
.82543571790059
.84899238745371
.84136710564295
.84109477202098
.79411764939626
.8007897734642
.82720587650935
.82380173603694
.8502178589503
.8007897734642
.79057735204697
.78227124611537
.83483115832011
.79861110448837
.82883985837301
.79425380627314
.82938452561696
.81222766637802
.82870370149612
.79302831490835
.80664489666621
.81004901727041
.82380175590515
.80446622769038
.78036491076152
.73202613989512
.77682461341222
.77777777115504
.80324073632558
.80569171905518
.79507082700729
.77342047293981
.79983659585317
.84163943926493
.81318084398905
.84531589349111
.80787036816279
.80038126309713
.78022875388463
.81263615687688
.77287580569585
.77546296517054
.78159042199453
.84041394790014
.82706971963247
.81944443782171
.79234749078751
.84272875388463
.802015264829
.82952070236206
.85770696401596
.80746187766393
.83074619372686
.81821894645691
.84041396776835
.7898964881897
.76211873690287
.77083333333333
.79112199942271
.80800652503967
.80868736902873
.77015250921249
.81862745682398
.79752178986867
.8148148059845
.83605664968491
.80555556217829
.77314813931783
.83074617385864
.82516340414683
.80255991220474
.82992919286092
.82788670063019
.81658496459325
.83074617385864
.84177559614182
.84844772020976
.83823529879252
.87704247236252
.81467866897583
.82148693005244
.79534314076106
.8799019853274
.85757080713908
.81113833189011
.83510349194209
.82843136787415
.84095861514409
.86342591047287
.85157950719198
.85130719343821
.85525600115458
.87105119228363
.83210784196854
.84763069947561
.85702613989512
.83714596430461
.79656861225764
.79139433304469
.82461873690287
.80746187766393
.84095859527588
.79398149251938
.78799019257228
.8291122118632
.8491285443306
.84831154346466
.86982568105062
.83809912204742
.8596132795016
.82039759556452
.78485838572184
.81998910506566
.85089870293935
.8491285443306
.81604031721751
.79970043897629
.84218408664068
.81508715947469
.85185186068217
.8419117530187
.86397057771683
.81576796372732
.82339324553808
.82706971963247
.79752177000046
.82502722740173
.76348038514455
.77886710564295
.77096949021022
.79302831490835
.79629629850388
.79534314076106
.82979301611582
.84463508923848
.83061003684998
.80555556217829
.78907952706019
.81849128007889
.75394880771637
.77873094876607
.79493463039398
.8043300708135
.79534312089284
.80528322855632
.79983659585317
.81903594732285
.82094226280848
.82148693005244
.80296842257182
.8137254913648
.82039759556452
.80773421128591
.84136710564295
.82393791278203
.83741829792658
.79547931750615
.78077342112859
.77083333333333
.81794661283493
.80841503540675
.79098582267761
.80337691307068
.82870370149612
.83428649107615
.82012528181076
.86342593034109
.83251635233561
.85825163125992
.82339324553808
.81889977057775
.81617645422618
.82094226280848
.82489105065664
.86900871992111
.80446622769038
.79330064853032
.83074619372686
.86179194847743
.83088235060374
.81522331635157
.85130717357
.82856752475103
.83483113845189
.79588780800501
.84218410650889
.81086601813634
.82693356275558
.81631263097127
.81004901727041
.83333333333333
.80718954404195
.86614924669266
.85539215803146
.8406862616539
.84572440385818
.84327342112859
.81699347496033
.80405773719152
.78513071934382
.76279956102371
.80977670351664
.77832245826721
.78962419430415
.76443354288737
.80501091480255
.76824619372686
.80650871992111
.81399782498678
.81889979044596
.81209150950114
.79956428209941
.82448258002599
.82026145855586
.77873092889786
.83646514018377
.81862745682398
.79507080713908
.81045752763748
.81331700086594
.87350217501322
.79738563299179
.82407406965892
.80895968278249
.81917210419973
.8218954205513
.78976035118103
.83061001698176
.84027777115504
.82230393091838
.85634531577428
.80514705181122
.81331700086594
.83292484283447
.82393789291382
.80759803454081
.82802287737528
.80923201640447
.82543573776881
.82244008779526
.84300108750661
.82175926367442
.81985294818878
.82053377230962
.8477668762207
.81508713960648
.84463506937027
.80364922682444
.82175928354263
.81903594732285
.81345315774282
.80201524496078
.82911219199499
.85716231664022
.83333333333333
.83415033419927
.78744552532832
.79398147265116
.84354575475057
.78948803742727
.82529956102371
.84572440385818
.82938452561696
.82516340414683
.81290851036708
.83687363068263
.82625271876653
.85321350892385
.83823529879252
.83632898330688
.84245644013087
.83673747380575
.83469498157501
.84531589349111
.8197167913119
.85008172194163
.81045750776927
.8383714556694
.8278867204984
.85838780800501
.85185186068217
.8289760351181
.82461873690287
.79724945624669
.84599671761195
.80868736902873
.81086601813634
.8291122118632
.81195533275604
.8278867204984
.84259259700775
.78308822711309
.8103213707606
.80718952417374
.82761438687642
.79112201929092
.79929192860921
.82148691018422
.80882352590561
.78145424524943
.79684096574783
.82230393091838
.80255989233653
.81209148963292
.78622005383174
.80582787593206
.83891612291336
.80215142170588
.83918845653534
.81876361370087
.82053377230962
.79629627863566
.78935184081395
.81522331635157
.80936819314957
.80501089493434
.79207515716553
.80446624755859
.80936819314957
.81331698099772
.76838235060374
.81113833189011
.82952070236206
.78622003396352
.79956426223119
.81835512320201
.82693356275558
.81535949309667
.84150326251984
.81862745682398
.80433005094528
.82761438687642
.82121459643046
.77137800057729
.81495100259781
.83401417732239
.85416666666667
.83088237047195
.80977670351664
.82312093178431
.85226035118103
.80324073632558
.79929192860921
.80119826396306
.84831154346466
.81604031721751
.84409042199453
.84000545740128
.84940085808436
.83755445480347
.84136710564295
.84885621070862
.83578429619471
.8397331237793
.8314270178477
.80950435002645
.82557189464569
.78254355986913
.82625271876653
.81549563010534
.82039759556452
.8220315972964
.77655227979024
.82747821013133
.83918845653534
.86356208721797
.84572440385818
.83210784196854
.8489923675855
.84872003396352
.85593682527542
.84531591335932
.83564815918605
.82352940241496
.79575163125992
.8112745086352
.84940087795258
.81576798359553
.83782680829366
.82734205325445
.7700163324674
.79752178986867
.85049017270406
.82257624467214
.8291122118632
.8018790880839
.82352940241496
.81495098272959
.82652505238851
.78622005383174
.78485840559006
.80514707167943
.78131808837255
.80773419141769
.86533224582672
.87976580858231
.86097494761149
.84586056073507
.86070261398951
.83782678842545
.86383442083995
.82584424813588
.82598038514455
.85566447178523
.87214052677155
.82352942228317
.8656045794487
.8148148059845
.8585239648819
.83986928065618
.80718954404195
.8231209119161
.80964052677155
.81032135089238
.79833877086639
.81685731808345
.77845861514409
.76620370149612
.78254355986913
.76797386010488
.78036493062973
.82475489377975
.81222766637802
.83074619372686
.85280501842499
.82284857829412
.83592047293981
.82584424813588
.82843136787415
.80923201640447
.76552287737528
.83006536960602
.80296842257182
.79507080713908
.79221133391062
.79343680540721
.83510347207387
.83169935146968
.85198799769084
.84599673748016
.84409042199453
.84926468133926
.80446622769038
.82829521099726
.85729849338531
.82706971963247
.8479030529658
.80487471818924
.83088235060374
.8137254913648
.87023421128591
.88888889551163
.87554464737574
.87622547149658
.86873638629913
.86778322855632
.85661764939626
.86015796661377
.85838780800502
.85049019257228
.86288126309713
.86710240443548
.8937908411026
.82775054375331
.83483115832011
.81086601813634
.83551198244095
.83469500144323
.82924836874008
.82856752475103
.80351306994756
.80637256304423
.76552287737528
.8302015264829
.81658496459325
.81086601813634
.81454247236252
.81072984139125
.80324073632558
.81358933448792
.83932461341222
.8280228972435
.84708605209986
.88180826107661
.81495098272959
.83210786183675
.82706971963247
.81072984139125
.80147059758504
.78622003396352
.79929192860921
.76797386010488
.76525052388509
.78145424524943
.76606754461924
.83850761254628
.8197167913119
.80977670351664
.80010892947515
.80746187766393
.82339324553808
.81889977057775
.78417758146922
.78867101669312
.80855121215185
.76116557916005
.82502722740173
.76497821013133
.83428651094437
.79956426223119
.80569171905518
.83455882469813
.79221131404241
.81195533275604
.79738561312358
.79153050978978
.83918845653534
.84204792976379
.8395969470342
.80038126309713
.84586056073507
.78581154346466
.80378540356954
.82693356275558
.79153050978978
.83537582556407
.84844770034154
.82638887564341
.78009259700775
.80664487679799
.80242375532786
.760484735171
.82026143868764
.82992917299271
.83374184370041
.81985292832057
.87077885866165
.8372821410497
.8217592438062
.79629629850388
.81631265083949
.79575163125992
.8419117530187
.82557189464569
.83551196257273
.80337691307068
.83169937133789
.83169935146968
.79438996315002
.79901961485545
.80555556217829
.83265250921249
.82393789291382
.82407406965892
.83632898330688
.8596132795016
.88752724726995
.83619282643
.84409040212631
.79343680540721
.86260892947515
.81508713960648
.81508715947469
.8114106853803
.8148148059845
.83169935146968
.84395424524943
.81045750776927
.81712963183721
.8302015264829
.8208061059316
.82652505238851
.81004901727041
.83660131692886
.85321350892385
.84068628152211
.83646514018377
.80446624755859
.81358933448792
.78799019257228
.84817538658778
.82747819026311
.79847492774328
.79670480887095
.76320805152257
.80827887852987
.81672112147013
.81712963183721
.85484749078751
.80582789580027
.80977668364843
.81154684225718
.84490740299225
.79534314076106
.80078975359599
.8041938940684
.83592047293981
.81726580858231
.830337703228
.79575163125992
.81604029734929
.82529958089193
.79684096574783
.83782680829366
.82693354288737
.79874726136525
.8218954205513
.80460240443548
.8383714556694
.82162308692932
.87132354577382
.80160675446192
.83401415745417
.85198801755905
.82475491364797
.83333333333333
.82162310679754
.8125
.81481482585271
.77900328238805
.78417758146922
.83483117818832
.8031045794487
.78785401582718
.77927559614182
.78921568393707
.80678103367488
.77165031433105
.81059366464615
.75367647409439
.79016884167989
.78622005383174
.78499456246694
.82434640328089
.80119826396306
.77982024351756
.78308822711309
.77913941939672
.79112201929092
.83047386010488
.80909585952759
.81617647409439
.79684094587962
.79820261398951
.81889979044596
.79752178986867
.82734205325445
.80950435002645
.79289215803146
.80255991220474
.78812634944916
.81576796372732
.81835512320201
.82979301611582
.83115468422572
.82516338427862
.79452613989512
.79316449165344
.83197166522344
.84395422538122
.86015794674555
.82325708866119
.81195535262426
.84163943926493
.8323801557223
.83224401871363
.8665577173233
.80174293120702
.84531589349111
.81644878784815
.81644880771637
.78172657887141
.80092593034109
.80269608894984
.82965685923894
.81277233362198
.81386166810989
.84163941939672
.83891612291336
.7863561908404
.88970589637756
.84368191162745
.83891612291336
.82938452561696
.83292484283447
.80691721041997
.85661764939626
.79547931750615
.81331700086594
.84531589349111
.80868736902873
.79044117530187
.7937091588974
.81113835175832
.8312908411026
.84926470120748
.8336056470871
.79765794674555
.78254357973735
.78322440385818
.78499454259872
.81113833189011
.82461873690287
.76606752475103
.75885075330734
.8031045794487
.80024508635203
.79139431317647
.7781862616539
.80664487679799
.81113835175832
.84872003396352
.81549563010534
.78444989522298
.8195806145668
.77736926078796
.778322438399
.83469498157501
.83306099971135
.80637254317602
.80895968278249
.80855119228363
.79847492774328
.86233659585317
.82026143868764
.8419117530187
.83755447467168
.82584422826767
.81495096286138
.80814270178477
.84872003396352
.81958059469859
.80950436989466
.80147057771683
.8041938940684
.79193900028865
.77028866608938
.81100217501322
.78363289435705
.8395969470342
.76674836874008
.8206699291865
.82706971963247
.79316447178523
.76102942228317
.79874726136525
.77546294530233
.80841503540675
.75653596719106
.78472222884496
.79466231664022
.76225489377975
.77941177288691
.77165031433105
.79547931750615
.77342049280802
.78404138485591
.81876359383265
0
0
0
0
0
0
0
0
0
0
0
0
0
0
0
0
0
0
0
0
0
0
0
0
0
0
0
0
0
0
0
0
0
0
0
0
0
0
0
0
0
0
0
0
0
0
0
0
0
0
0
0
0
0
0
0
0
0
0
0
0
0
0
0
0
0
0
0
0
0
0
0
0
0
0
0
0
0
0
0
0
0
0
0
0
0
0
0
0
0
0
0
0
0
0
0
0
0
0
0
0
0
0
0
0
0
0
0
0
0
0
0
0
0
0
0
0
0
0
0
0
0
0
0
0
0
0
0
0
0
0
0
0
0
0
0
0
0
0
0
0
0
0
0
0
0
0
0
0
0
0
0
0
0
0
0
0
0
0
0
0
0
0
0
0
0
0
0
0
0
0
0
0
0
0
0
0
0
0
0
0
0
0
0
0
0
0
0
0
0
0
0
0
0
0
0
0
0
0
0
0
0
0
0
0
0
0
0
0
0
0
0
0
0
0
0
0
0
0
0
0
0
0
0
0
0
0
0
0
0
0
0
0
0
0
0
0
0
0
0
0
0
0
0
0
0
0
0
0
0
0
0
0
0
0
0
0
0
0
0
0
0
0
0
0
0
0
0
0
0
0
0
0
0
0
0
0
0
0
0
0
0
0
0
0
0
0
0
0
0
0
0
0
0
0
0
0
0
0
0
0
0
0
0
0
0
0
0
0
0
0
0
0
0
0
0
0
0
0
0
0
0
0
0
0
0
0
0
0
0
0
0
0
0
0
0
0
0
0
0
0
0
0
0
0
0
0
0
0
0
0
0
0
0
0
0
0
0
0
0
0
0
0
0
0
0
0
0
0
0
0
0
0
0
0
0
0
0
0
0
0
0
0
0
0
0
0
0
0
0
0
0
0
0
0
0
0
0
0
0
0
0
0
0
0
0
0
0
0
0
0
0
0
0
0
0
0
0
0
0
0
0
0
0
0
0
0
0
0
0
0
0
0
0
0
0
0
0
0
0
0
0
0
0
0
0
0
0
0
0
0
0
0
0
0
0
0
0
0
0
0
0
0
0
0
0
0
0
0
0
0
0
0
0
0
0
0
0
0
0
0
0
0
0
0
0
0
0
0
0
0
0
0
0
0
0
0
0
0
0
0
0
0
0
0
0
0
0
0
0
0
0
0
0
0
0
0
0
0
0
0
0
0
0
0
0
0
0
0
0
0
0
0
0
0
0
0
0
0
0
0
0
0
0
0
0
0
0
0
0
0
0
0
0
0
0
0
0
0
0
0
0
0
0
0
0
0
0
0
0
0
0
0
0
0
0
0
0
0
0
0
0
0
0
0
0
0
0
0
0
0
0
0
0
0
0
0
0
0
0
0
0
0
0
0
0
0
0
0
0
0
0
0
0
0
0
0
0
0
0
0
0
0
0
0
0
0
0
0
0
0
0
0
0
0
0
0
0
0
0
0
0
0
0
0
0
0
0
0
0
0
0
0
0
0
0
0
0
0
0
0
0
0
0
0
0
0
0
0
0
0
0
0
0
0
0
0
0
0
0
0
0
0
0
0
0
0
0
0
0
0
0
0
0
0
0
0
0
0
0
0
0
0
0
0
0
0
0
0
0
0
0
0
0
0
0
0
0
0
0
0
0
0
0
0
0
0
0
0
0
0
0
0
0
0
0
0
0
0
0
0
0
0
0
0
0
0
0
0
0
0
0
0
0
0
0
0
0
0
0
0
0
0
0
0
0
0
0
0
0
0
0
0
0
0
0
0
0
0
0
0
0
0
0
0
0
0
0
0
0
0
0
0
0
0
0
0
0
0
0
0
0
0
0
0
0
0
0
0
0
0
0
0
0
0
0
0
0
0
0
0
0
0
0
0
0
0
0
0
0
0
0
0
0
0
0
0
0
0
0
0
0
0
0
0
0
0
0
0
0
0
0
0
0
0
0
0
0
0
0
0
0
0
0
0
0
0
0
0
0
0
0
0
0
0
0
0
0
0
0
0
0
0
0
0
0
0
0
0
0
0
0
0
0
0
0
0
0
0
0
0
0
0
0
0
0
0
0
0
0
0
0
0
0
0
0
0
0
0
0
0
0
0
0
0
0
0
0
0
0
0
0
0
0
0
0
0
0
0
0
0
0
0
0
0
0
0
0
0
0
0
0
0
0
0
0
0
0
0
0
0
0
0
0
0
0
0
0
0
0
0
0
0
0
0
0
0
0
0
0
0
0
0
0
0
0
0
0
0
0
0
0
0
0
0
0
0
0
0
0
0
0
0
0
0
0
0
0
0
0
0
0
0
0
0
0
0
0
0
0
0
0
0
0
0
0
0
0
0
0
0
0
0
0
0
0
0
0
0
0
0
0
0
0
0
0
0
0
0
0
0
0
0
0
0
0
0
0
0
0
0
0
0
0
0
0
0
0
0
0
0
0
0
0
0
0
0
0
0
0
0
0
0
0
0
0
0
0
0
0
0
0
0
0
0
0
0
0
0
0
0
0
0
0
0
0
0
0
0
0
0
0
0
0
0
0
0
0
0
0
0
0
0
0
0
0
0
0
0
0
0
0
0
0
0
0
0
0
0
0
0
0
0
0
0
0
0
0
0
0
0
0
0
0
0
0
0
0
0
0
0
0
0
0
0
0
0
0
0
0
0
0
0
0
0
0
0
0
0
0
0
0
0
0
0
0
0
0
0
0
0
0
0
0
0
0
0
0
0
0
0
0
0
0
0
0
0
0
0
0
0
0
0
0
0
0
0
0
0
0
0
0
0
0
0
0
0
0
0
0
0
0
0
0
0
0
0
0
0
0
0
0
0
0
0
0
0
0
0
0
0
0
0
0
0
0
0
0
0
0
0
0
0
0
0
0
0
0
0
0
0
0
0
0
0
0
0
0
0
0
0
0
0
0
0
0
0
0
0
0
0
0
0
0
0
0
0
0
0
0
0
0
0
0
0
0
0
0
0
0
0
0
0
0
0
0
0
0
0
0
0
0
0
0
0
0
0
0
0
0
0
0
0
0
0
0
0
0
0
0
0
0
0
0
0
0
0
0
0
0
0
0
0
0
0
0
0
0
0
0
0
0
0
0
0
0
0
0
0
0
0
0
0
0
0
0
0
0
0
0
0
0
0
0
0
0
0
0
0
0
0
0
0
0
0
0
0
0
0
0
0
0
0
0
0
0
0
0
0
0
0
0
0
0
0
0
0
0
0
0
0
0
0
0
0
0
0
0
0
0
0
0
0
0
0
0
0
0
0
0
0
0
0
0
0
0
0
0
0
0
0
0
0
0
0
0
0
0
0
0
0
0
0
0
0
0
0
0
0
0
0
0
0
0
0
0
0
0
0
0
0
0
0
0
0
0
0
0
0
0
0
0
0
0
0
0
0
0
0
0
0
0
0
0
0
0
0
0
0
0
0
0
0
0
0
0
0
0
0
0
0
0
0
0
0
0
0
0
0
0
0
0
0
0
0
0
0
0
0
0
0
0
0
0
0
0
0
0
0
0
0
0
0
0
0
0
0
0
0
0
0
0
0
0
0
0
0
0
0
0
0
0
0
0
0
0
0
0
0
0
0
0
0
0
0
0
0
0
0
0
0
0
0
0
0
0
0
0
0
0
0
0
0
0
0
0
0
0
0
0
0
0
0
0
0
0
0
0
0
0
0
0
0
0
0
0
0
0
0
0
0
0
0
0
0
0
0
0
0
0
0
0
0
0
0
0
0
0
0
0
0
0
0
0
0
0
0
0
0
0
0
0
0
0
0
0
0
0
0
0
0
0
0
0
0
0
0
0
0
0
0
0
0
0
0
0
0
0
0
0
0
0
0
0
0
0
0
0
0
0
0
0
0
0
0
0
0
0
0
0
0
0
0
0
0
0
0
0
0
0
0
0
0
0
0
0
0
0
0
0
0
0
0
0
0
0
0
0
0
0
0
0
0
0
0
0
0
0
0
0
0
0
0
0
0
0
0
0
0
0
0
0
0
0
0
0
0
0
0
0
0
0
0
0
0
0
0
0
0
0
0
0
0
0
0
0
0
0
0
0
0
0
0
0
0
0
0
0
0
0
0
0
0
0
0
0
0
0
0
0
0
0
0
0
0
0
0
0
0
0
0
0
0
0
0
0
0
0
0
0
0
0
0
0
0
0
0
0
0
0
0
0
0
0
0
0
0
0
0
0
0
0
0
0
0
0
0
0
0
0
0
0
0
0
0
0
0
0
0
0
0
0
0
0
0
0
0
0
0
0
0
0
0
0
0
0
0
0
0
0
0
0
0
0
0
0
0
0
0
0
0
0
0
0
0
0
0
0
0
0
0
0
0
0
0
0
0
0
0
0
0
0
0
0
0
0
0
0
0
0
0
0
0
0
0
0
0
0
0
0
0
0
0
0
0
0
0
0
0
0
0
0
0
0
0
0
0
0
0
0
0
0
0
0
0
0
0
0
0
0
0
0
0
0
0
0
0
0
0
0
0
0
0
0
0
0
0
0
0
0
0
0
0
0
0
0
0
0
0
0
0
0
0
0
0
0
0
0
0
0
0
0
0
0
0
0
0
0
0
0
0
0
0
0
0
0
0
0
0
0
0
0
0
0
0
0
0
0
0
0
0
0
0
0
0
0
