.73052831490835
.71269063154856
.71473310391108
.71105664968491
.7124183177948
.71500543753306
.72126905123393
.70574617385864
.71922659873962
.71732026338577
.7156862616539
.70765248934428
.71718410650889
.71623094876607
.70833333333333
.71786493062973
.7145969470342
.70901415745417
.72140522797902
.70356754461924
.71541392803192
.71650326251984
.71391612291336
.71732026338577
.71909042199453
.71296296517054
.71514159440994
.71732026338577
.70819715658824
.70247819026311
.72017973661423
.70343136787415
.70234205325445
.70302287737528
.69852942228317
.70275054375331
.72004357973735
.71187363068263
.70710784196854
.70874182383219
.71282678842545
.71214596430461
.71623092889786
.71663943926493
.70683550834656
.70043571790059
.71418847640355
.70629086097082
.71990740299225
.72004357973735
.72167754173279
.7133714556694
.71800108750661
.70588235060374
.71949891249339
.70874182383219
.70942264795303
.71514161427816
.7229030529658
.71486928065618
.71704794963201
.71555010477702
.70833335320155
.71323531866074
.72726035118103
.70915033419927
.71759259700775
.72644335031509
.70683548847834
.72181371847789
.71949891249339
.71732028325399
.72017975648244
.72521787881851
.71105662981669
.7147331237793
.71432461341222
.72167754173279
.70983113845189
.72589868307114
.71377996603648
.721677561601
.72494552532832
.71881808837255
.71718410650889
.71514161427816
.71023964881897
.71500543753306
.7239923675855
.71663941939672
.71486926078796
.7147331237793
.70492919286092
.70656319459279
.72222222884496
.72467321157455
.71650328238805
.7169117530187
.72344772020976
.71786491076152
.71568628152212
.72549021244049
.71323529879252
.72208605209986
.72971133391062
.72126907110214
.72222220897675
.73406863212585
.71527777115504
.72317538658778
.72358387708664
.72480936845144
.72249454259872
.72630717357
.72576252619425
.71718410650889
.73011982440948
.72358387708664
.72222220897675
.72862199942271
.72671568393707
.72017973661423
.72453703482946
.70819717645645
.71296296517054
.72058822711309
.72058822711309
.71949891249339
.71609477202098
.70996733506521
.72385621070862
.71541394790014
.71868191162745
.73515794674555
.7322984735171
.71922657887141
.72494552532832
.72698801755905
.72358389695485
.72726035118103
.72208607196808
.72194989522298
.71595861514409
.72834966580073
.71500545740128
.7252178589503
.7346132795016
.72984751065572
.71868191162745
.72943900028865
.71160131692886
.71922657887141
.72630717357
.72194989522298
.71963506937027
.72562634944916
.72603485981623
.71827342112859
.71037580569585
.73583877086639
.72086056073507
.72222222884496
.72181371847788
.72807733217875
.71514161427816
.73297929763794
.71609477202098
.7133714556694
.72045207023621
.71759259700775
.70955880482992
.71650328238805
.71160129706065
.70492921272914
.72344772020976
.70383985837301
.71064815918605
.71800108750661
.71160129706065
.7156862616539
.71473310391108
.71255447467168
.71446079015732
.71786493062973
.70819717645645
.71650328238805
.72372005383174
.71500545740128
.72154138485591
.72726035118103
.72331154346466
.72385621070862
.73270698388418
.71963506937027
.7252178589503
.72344770034154
.72249456246694
.72508170207342
.73297929763794
.7227668762207
.71881808837255
.72712419430415
.71977122624715
.71800108750661
.73583877086639
.72480936845144
.72249456246694
.72194989522298
.72099673748016
.72780501842499
.72140520811081
.73515796661377
.72603485981623
.72943900028865
.72235838572184
.72099671761195
.72126907110214
.72712419430415
.72494554519653
.72331154346466
.73039215803146
.72140522797902
.72440085808436
.73488563299179
.70806099971135
.72535403569539
.72086058060328
.72480936845144
.71772873401642
.72453703482946
.71595859527588
.71868191162745
.72780501842499
.71391612291336
.73107296228409
.71718410650889
.71418845653534
.71977124611537
.72943900028865
.71078431606293
.72344770034154
.71922657887141
.70738017559052
.71704792976379
.73393243551254
.71078429619471
.7229030529658
.72807733217875
.72303920984268
.72194987535477
.71827342112859
.715822438399
.71854575475057
.71949891249339
.72031591335932
.72249454259872
.72140522797902
.71840959787369
.71800110737483
.72086056073507
.71813724438349
.72031589349111
.72671568393707
.71949891249339
.72358387708664
.72480934858322
.71282678842545
.7252178589503
.72086056073507
.71282678842545
.71895426511765
.7252178589503
.71405227979024
.72072440385818
.72753268480301
.72004357973735
.72086056073507
.71772875388463
.72494554519653
.71527777115504
.72344770034154
.72739650805791
.71854577461878
.72358387708664
.72903048992157
.71759257713954
.72303920984268
.72344772020976
.71800108750661
.72385621070862
.72235838572184
.71269061168035
.7227668762207
.73543030023575
.72181371847789
.71990740299225
.71936273574829
.71786493062973
.715822438399
.72712419430415
.71963506937027
.72617101669312
.73039215803146
.71051198244095
.72004355986913
.73039215803146
.71432463328044
.71949891249339
.72739652792613
.71595859527588
.72249456246694
.72331154346466
.7133714556694
.72848584254583
.71922657887141
.71446079015732
.71990742286046
.71446079015732
.715822438399
.71623094876607
.71568628152212
.71813724438349
.71064813931783
.71772875388463
.71214598417282
.71241829792658
.71146514018377
.71078431606293
.71650328238805
.72303920984268
.71051198244095
.71500545740128
.72249456246694
.70996731519699
.7145969470342
.72249454259872
.71269065141678
.71963508923848
.72617103656133
.71840959787369
.71160131692886
.72549019257228
.71827342112859
.7086056470871
.71949891249339
.71200980742772
.71527777115504
.72249454259872
.72426470120748
.72385621070862
.72698801755905
.72467321157455
.71623092889786
.72535403569539
.72440085808436
.72508170207342
.72086056073507
.72303920984268
.7145969470342
.72794117530187
.73461329936981
.72467321157455
.73570261398951
.73474945624669
.72426470120748
.72957515716553
.72535403569539
.71977124611537
.72317540645599
.72576252619425
.72058822711309
.7135076324145
.71909040212631
.71949891249339
.71500543753306
.72726033131282
.71486930052439
.71990740299225
.72943902015686
.71527777115504
.721677561601
.71963506937027
.71650328238805
.71732026338577
.72331156333288
.71105666955312
.71800108750661
.72222220897675
.70833333333333
.7241285443306
.71977122624715
.71854575475057
.72426472107569
.72780499855677
.72644335031509
.72875817616781
.74210240443548
.73134531577428
.72957517703374
.72467319170634
.73188998301824
.72535401582718
.72971133391062
.72739650805791
.71895426511765
.72358387708664
.72821350892385
.71500545740128
.72644335031509
.7241285443306
.7133714556694
.73325163125992
.72494554519653
.71132896343867
.72739652792613
.73856208721797
.72235838572184
.72031591335932
.73039215803146
.72698801755905
.73093680540721
.72848584254583
.72426472107569
.72031591335932
.72726035118103
.7169117530187
.72154138485591
.73202613989512
.73093682527542
.72943898042043
.72807733217875
.71990740299225
.71813724438349
.72971131404241
.71595861514409
.71459696690241
.72290303309759
.72930282354355
.72385621070862
.73311547438304
.72603485981623
.72698801755905
.73393247524897
.72549021244049
.72821350892385
.72440087795258
.71840957800547
.72426472107569
.72617103656133
.72589868307114
.72249456246694
.72657952706019
.72249456246694
.71990740299225
.73270698388418
.71623094876607
.71922657887141
.72726033131282
.71922657887141
.72344770034154
.71868191162745
.72780501842499
.71909042199453
.71990740299225
.72617101669312
.70901415745417
.7239923675855
.72331154346466
.7227668762207
.71732026338577
.72426470120748
.70915031433105
.71282680829366
.72072438398997
.72317536671956
.71418843666712
.73651959498723
.71418843666712
.72698799769084
.72698801755905
.72222220897675
.70928651094437
.73474945624669
.71759259700775
.72753266493479
.72794117530187
.71051200230916
.72467321157455
.73665577173233
.71854575475057
.71718410650889
.72480934858322
.71745642026265
.71568628152212
.72344772020976
.71663941939672
.71486926078796
.72263073921204
.71555010477702
.71881808837255
.72698803742727
.72726037104925
.72208607196808
.72834966580073
.72045207023621
.73148147265116
.72562634944916
.72017973661423
.72154138485591
.7333877881368
.72794117530187
.71732026338577
.73529410362244
.72440085808436
.72549019257228
.732162296772
.7227668762207
.72875817616781
.72766886154811
.72903050978978
.72957515716553
.73856208721797
.72780499855677
.72004355986913
.72140522797902
.73406861225764
.72194987535477
.739515264829
.73760894934336
.72480938831965
.7312091588974
.7310729821523
.72031589349111
.72126907110214
.73434096574783
.72766882181168
.72576252619425
.72263071934382
.71759261687597
.7357025941213
.73420478900274
.72235840559006
.72753268480301
.72494554519653
.72181371847789
.72630719343821
.721677561601
.7229030529658
.73393247524897
.72916666666667
.71977122624715
.72154140472412
.72753268480301
.71446079015732
.7227668762207
.71854573488235
.72249454259872
.71772875388463
.72344774007797
.71881808837255
.71718410650889
.72399238745372
.73420478900274
.72426472107569
.72603485981623
.72549021244049
.72276689608892
.73856208721797
.72099675734838
.72603485981623
.73025598128637
.71895426511765
.72617101669312
.72780501842499
.71500543753306
.73093680540721
.72576252619425
.72331152359645
.73311545451482
.72794117530187
.72031591335932
.72671570380529
.72889433304469
.7205882469813
.71800110737483
.72576252619425
.72426470120748
.71909042199453
.71595861514409
.72712417443593
.72194989522298
.72358389695485
.71718408664068
.70942266782125
.70942266782125
.71555012464523
.71936273574829
.71541394790014
.71173747380575
.70915031433105
.70465685923894
.71704790989558
.71214598417282
.71514161427816
.71214598417282
.70574619372686
.7145969470342
.72576252619425
.70547384023666
.70983113845189
.72126907110214
.71200980742772
.72726033131282
.73011982440948
.71446079015732
.72549019257228
.72222220897675
.72372003396352
.72549021244049
.721677561601
.71541394790014
.7122821410497
.71555010477702
.72126907110214
.715822438399
.7155500849088
.71078429619471
.71732026338577
.71160131692886
.71541394790014
.71514161427816
.72072440385818
.71051198244095
.7145969470342
.71527777115504
.7086056470871
.71527777115504
.72263071934382
.71418845653534
.72004357973735
.72235836585363
.71977124611537
.72780501842499
.7239923675855
.72181371847788
.71527777115504
.7229030529658
.71936273574829
.72562638918559
.72086058060328
.72780499855677
.70860566695531
.70955882469813
.71990740299225
.72126905123393
.72072438398997
.7205882469813
.71568628152212
.71527777115504
.72780501842499
.71446079015732
.73093682527542
.71064813931783
.71282680829366
.72031591335932
.7239923675855
.71772873401642
.70724399884542
.72453703482946
.71663943926493
.71936275561651
.72821352879206
.71282680829366
.72453703482946
.7239923675855
.7194989323616
.71418843666712
.72562636931737
.71037582556407
.72194987535477
.72086056073507
.72589868307114
.71377994616826
.72426472107569
.71677561601003
.72045209010442
.72344770034154
.71241829792658
.72222220897675
.72712417443593
.72671568393707
.7144607702891
.72644335031509
.71527777115504
.71772877375285
.72480936845144
.72004355986913
.72385621070862
.72086058060328
.7156862616539
.7147331237793
.72617101669312
.72058822711309
.71786493062973
.72453703482946
.73325163125992
.72154138485591
.72045207023621
.73488561312358
.72004357973735
.72794119517008
.72480936845144
.72113287448883
.72303920984268
.72263071934382
.7218137383461
.72453701496124
.73774510622025
.72698801755905
.72794117530187
.73897059758504
.72331154346466
.72984751065572
.73066449165344
.72331156333288
.71854573488235
.73270696401596
.71595859527588
.72045207023621
.73706428209941
.70806101957957
.71527779102325
.72943900028865
.73025600115458
.71840959787369
.72358387708664
.72480938831965
.71990742286046
.72562636931737
.70833335320155
.71772875388463
.72753268480301
.71759257713954
.71827344099681
.72766886154811
.72086056073507
.72657950719198
.73406863212585
.71255447467168
.72467321157455
.73080064853032
.71541394790014
.72508170207342
.73011980454127
.72426470120748
.72113289435705
.72426470120748
.7205882469813
.72031589349111
.7227668762207
.71119280656179
.72072438398997
.72848584254583
.71595861514409
.71582245826721
.71704792976379
.72181371847788
.72099671761195
.7250816822052
.72603485981623
.72467321157455
.71840957800547
.72194987535477
.71555010477702
.7227668762207
.73420480887095
.7133714556694
.72903048992157
.72086056073507
.71977124611537
.72535401582718
.73039215803146
.72222220897675
.72426472107569
.72712419430415
.72712417443593
.73202613989512
.72508170207342
.71936273574829
.72848584254583
.72440085808436
.71160129706065
.71078431606293
.72753268480301
.7241285443306
.72589870293935
.73406863212585
.71405227979024
.7241285443306
.72916668653488
.71881808837255
.72766884167989
.73420478900274
.71922657887141
.73066449165344
.72344772020976
.71936273574829
.72494554519653
.72031591335932
.72208605209986
.71418845653534
.73080064853032
.72889433304469
.72630719343821
.73093680540721
.71868191162745
.71854575475057
.73039215803146
.72140522797902
.72303920984268
.73093682527542
.73066447178523
.72930282354355
.72726035118103
.71486928065618
.72916666666667
.73257080713908
.74237473805745
.72344772020976
.71432461341222
.73284314076106
.73011982440948
.72971133391062
.72753266493479
.72535401582718
.72154138485591
.73311545451482
.72943900028865
.73161764939626
.73570261398951
.72372003396352
.73052833477656
.73611110448837
.73066449165344
.73720043897629
.74019608894984
.72875817616781
.72903048992157
.73842593034108
.73447712262472
.73624728123347
.74087691307068
.72222222884496
.72984749078751
.74945533275604
.732162296772
.73570261398951
.7418300708135
.74223856131236
.74305556217829
.74700435002645
.75354029734929
.75612743695577
.7758714556694
.75517429908117
.76633987824122
.78376905123393
.77818628152212
.80473856131236
.82475489377975
.84463506937027
.87363835175832
.91367103656133
.94893791278203
1.0080337723096
1.1289488077164
1.2574891249339
1.4598311583201
1.665985862414
1.7378812630971
1.7388344208399
1.6591775814692
1.5492919286092
1.4289215803146
1.3489923477173
1.2359749476115
1.1560457547506
1.0672658284505
1.0025871793429
.95179738601049
.9197984735171
.89651417732239
.85348584254583
.85089868307114
.82693354288737
.81399780511856
.8041938940684
.80201524496078
.77791392803192
.77805010477702
.77791392803192
.77382896343867
.76620368162791
.77056099971135
.75381263097127
.76266340414683
.75994008779526
.74700436989466
.74741284052531
.74087691307068
.73842593034108
.74727668364843
.7476851940155
.74346405267715
.7312091588974
.73774508635203
.73747277259827
.7346132795016
.74101306994756
.72834966580073
.72862199942271
.73325163125992
.74414487679799
.74128538370132
.73188998301824
.72344770034154
.73556645711263
.73788126309713
.73679194847743
.72412852446238
.73720043897629
.71963506937027
.72698801755905
.73611110448837
.73134531577428
.73515794674555
.73692810535431
.73243463039398
.72453703482946
.73229849338531
.72630719343821
.72603485981623
.73638343811035
.72535403569539
.72930282354355
.72508170207342
.721677561601
.72726035118103
.73284314076106
.73597494761149
.72753268480301
.72862201929092
.73025598128637
.73924291133881
.72726037104925
.73801741997401
.72943900028865
.73093682527542
.73529412349065
.73188996315002
.72848584254583
.7299836675326
.72099671761195
.72984749078751
.73529412349065
.73393247524897
.7252178589503
.74087689320246
.71772875388463
.72194989522298
.732162296772
.72494554519653
.73597494761149
.73611110448837
.7310729821523
.72576250632604
.73175380627314
.73093680540721
.73161764939626
.7406045794487
.72072440385818
.72453705469767
.73515796661377
.72739650805791
.73039217789968
.74033224582672
.721677561601
.73161764939626
.73951524496078
.72031589349111
.73161764939626
.7241285443306
.72617101669312
.72589868307114
.73624726136525
.71990740299225
.72331156333288
.73243463039398
.72358385721842
.72698801755905
.72549021244049
.7252178589503
.71936275561651
.72440087795258
.71827342112859
.71255445480347
.72372003396352
.72494552532832
.72154140472412
.7252178589503
.72603485981623
.71595861514409
.7252178589503
.7418300708135
.73052833477656
.73284312089284
.7322984735171
.72834968566895
.72630717357
.73856210708618
.7227668762207
.71881808837255
.73406863212585
.73393245538076
.73366014162699
.73529412349065
.72440087795258
.73311547438304
.72630719343821
.72753266493479
.72834966580073
.72739652792613
.72372003396352
.70996733506521
.72984751065572
.71786493062973
.72140522797902
.72753268480301
.72263069947561
.72807735204697
.73502178986867
.73733659585317
.73093682527542
.72617103656133
.72208605209986
.72780499855677
.72222222884496
.71636710564295
.72549019257228
.73134529590607
.7205882469813
.72685186068217
.72807733217875
.72031591335932
.72862199942271
.72480936845144
.71963506937027
.71486926078796
.7218137383461
.71377996603648
.71473314364751
.73039215803146
.71609477202098
.71772877375285
.71718410650889
.70601850748062
.72644337018331
.71813726425171
.71269065141678
.7145969470342
.72154140472412
.73379629850388
.71949891249339
.72385621070862
.72889433304469
.72317538658778
.72426470120748
.73188996315002
.73243463039398
.73039215803146
.7241285443306
.72140522797902
.72903048992157
.7241285443306
.72167758146922
.72331154346466
.72385621070862
.71854575475057
.71909042199453
.72875815629959
.71977122624715
.72916666666667
.7346132795016
.71446079015732
.71732024351756
.72712417443593
.71623094876607
.72399238745371
.71949891249339
.72263071934382
.71418843666712
.72222222884496
.71691177288691
.71909042199453
.72589870293935
.71922657887141
.72344772020976
.73161764939626
.72562634944916
.72453705469767
.73366012175878
.71963506937027
.72317538658778
.73175380627314
.71595861514409
.7241285443306
.73366014162699
.70806099971135
.7207244237264
.72971133391062
.72331156333288
.73188998301824
.73011982440948
.71759259700775
.7310729821523
.73325163125992
.715822438399
.73066449165344
.73897057771683
.72412852446238
.7239923675855
.72712417443593
.7252178589503
.72603485981623
.72753268480301
.72099673748016
.72630719343821
.72154138485591
.73815357685089
.73025598128637
.72576252619425
.72453703482946
.72617101669312
.72208605209986
.72848582267761
.74019606908162
.71922657887141
.72630719343821
.71990740299225
.72140522797902
.73379629850388
.72358387708664
.72426470120748
.72467321157455
.72562636931737
.72126907110214
.72086056073507
.72576252619425
.73175380627314
.72875815629959
.71486928065618
.73311547438304
.73515794674555
.72780501842499
.71745644013087
.7404684027036
.71486928065618
.71173747380575
.72549019257228
.72099673748016
.71949891249339
.7230392297109
.71881806850433
.7145969470342
.72794117530187
.72671568393707
.72140524784724
.73257078727086
.71895426511765
.71922657887141
.72194987535477
.71105664968491
.72303920984268
.7335239648819
.71759259700775
.71759257713954
.72644337018331
.72208607196808
.72344772020976
.72358387708664
.7227668762207
.72017973661423
.72194989522298
.72385621070862
.71977122624715
.71160129706065
.72984749078751
.72235836585363
.72916664679845
.73025600115458
.71514161427816
.72426470120748
.73720043897629
.72031591335932
.72875815629959
.72494554519653
.71391612291336
.71772877375285
.72521787881851
.71909042199453
.71759259700775
.72617101669312
.71650326251984
.72045205036799
.72834966580073
.71105666955312
.71732026338577
.7241285443306
.71323529879252
.71214596430461
.72385621070862
.71323529879252
.71813724438349
.71323527892431
.71500543753306
.71609479188919
.72957515716553
.71732026338577
.71255447467168
.71895424524943
.72086056073507
.71636710564295
.72535401582718
.70819717645645
.72126907110214
.72630719343821
.71023966868718
.72167754173279
.76102942228317
.70942266782125
.71037580569585
.72426472107569
.7147331237793
.72467319170634
.71909042199453
.71745642026265
.72453703482946
.72916666666667
.72072440385818
.71949891249339
.72957517703374
.7229030529658
.71609477202098
.72194989522298
.72453703482946
.7169117530187
.72208605209986
.72862199942271
.72589870293935
.72086056073507
.73393247524897
.72494552532832
.73229845364889
.72671568393707
.72358387708664
.721677561601
.73624728123347
.72957517703374
.72930282354355
.72004357973735
.72004357973735
.71650326251984
.7229030529658
.72467321157455
.72290303309759
.73338780800501
.71963506937027
.72480936845144
.73583879073461
.71309912204742
.72480936845144
.72480936845144
.72031589349111
.71609475215276
.73080064853032
.72440087795258
.72780501842499
.72930284341176
.72440087795258
.72834966580073
.73025598128637
.71827342112859
.71786493062973
.7299836675326
.72698801755905
.72617103656133
.73910675446192
.71854575475057
.72480936845144
.72657950719198
.71963508923848
.74904684225718
.76102940241496
.72617101669312
.72685184081395
.72617103656133
.72603485981623
.7239923675855
.72984749078751
.72372005383174
.71677559614182
.72603485981623
.72099673748016
.71173747380575
.72739652792613
.72712419430415
.72494552532832
.7252178589503
.72480936845144
.71432461341222
.72344772020976
.72698801755905
.71418845653534
.72467319170634
.72739652792613
.71309910217921
.72766884167989
.73297929763794
.71309914191564
.72235838572184
.72358387708664
.7241285443306
.71187365055084
.72848584254583
.72154140472412
.71745642026265
.732162296772
.71446079015732
.71541394790014
.72535403569539
.715822438399
.71160131692886
.73706428209941
.71051198244095
.71772875388463
.72562634944916
.71500545740128
.71895426511765
.72140522797902
.70874182383219
.70983115832011
.7238561908404
.71732026338577
.72399238745371
.71759259700775
.71241827805837
.72235840559006
.72045209010442
.71432461341222
.73175380627314
.72453705469767
.72126907110214
.72889433304469
.72521787881851
.71555010477702
.72344772020976
.71909042199453
.71609477202098
.71704792976379
.72331152359645
.71949891249339
.71949891249339
.72140522797902
.70574617385864
.77015250921249
.71840957800547
.72372003396352
.7122821410497
.71323527892431
.72126905123393
.71200980742772
.71786493062973
.72453703482946
.71023964881897
.71541394790014
.73011980454127
.71037582556407
.71800108750661
.72903048992157
.7230392297109
.72780499855677
.72603485981623
.72181371847789
.71691177288691
.74918299913406
.72535403569539
.71745644013087
.72562636931737
.72045207023621
.73311547438304
.73175380627314
.72058822711309
.72984749078751
.72086056073507
.73624730110168
.71418845653534
.72848584254583
.721677561601
.72644335031509
.72331152359645
.72263071934382
.71555012464523
.72753266493479
.71786491076152
.71922657887141
.7205882469813
.71595861514409
.72862199942271
.72331156333288
.71840959787369
.72154140472412
.73134531577428
.72657950719198
.72181371847788
.72848584254583
.71786493062973
.71854575475057
.71840957800547
.72807733217875
.72208605209986
.72508170207342
.72072440385818
.71718408664068
.71541394790014
.72358387708664
.71609477202098
.7229030529658
.7229030529658
.71609477202098
.71827342112859
.72086056073507
.72099671761195
.71650328238805
.72072440385818
.72671568393707
.72208605209986
.73325165112813
.72194989522298
.73202613989512
.73284314076106
.71527779102325
.72630717357
.73474945624669
.72821350892385
.72344770034154
.72766884167989
.7241285443306
.72440085808436
.73529410362244
.72331154346466
.71800110737483
.7310729821523
.72372005383174
.71922657887141
.72331154346466
.71582245826721
.71541392803192
.72726035118103
.71337147553762
.72045207023621
.72140524784724
.71840957800547
.70928651094437
.72875815629959
.71623092889786
.72194989522298
.72494552532832
.71922657887141
.72181371847789
.7346132795016
.72794117530187
.7312091588974
.7250816822052
.72154138485591
.72317536671956
.72426470120748
.7144607702891
.72453701496124
.72603485981623
.71037580569585
.7250816822052
.72440085808436
.7122821410497
.72794117530187
.7335239648819
.7135076324145
.71990740299225
.72099673748016
.73039215803146
.72630717357
.72331154346466
.72957515716553
.73039217789968
.72657950719198
.72903050978978
.72576252619425
.72834966580073
.7241285443306
.72113287448883
.7230392297109
.73897059758504
.72726035118103
.72576252619425
.73066449165344
.72372005383174
.72440087795258
.73774508635203
.71868191162745
.72780501842499
.74142158031464
.71704792976379
.72140522797902
.72045207023621
.70846949021022
.72208607196808
.72780499855677
.71473310391108
.71623092889786
.72099671761195
.71432461341222
.72072440385818
.72440085808436
.7252178589503
.71800108750661
.72549019257228
.70969498157501
.71377996603648
.72739650805791
.71949891249339
.71813726425171
.72508172194163
.73556643724442
.72889433304469
.72930282354355
.72126907110214
.71500543753306
.72603485981623
.72249454259872
.72576252619425
.72848582267761
.72222222884496
.71541392803192
.72140524784724
.70819715658824
.72222222884496
.7252178589503
.71704792976379
.72017973661423
.73011982440948
.72930284341176
.72099673748016
.73311545451482
.732162296772
.7122821410497
.72249456246694
.71759259700775
.7239923675855
.7252178589503
.72222222884496
.71405227979024
.71514159440994
.71732026338577
.71405227979024
.72181371847789
.71595859527588
.71010349194209
.71160129706065
.72685186068217
.71759259700775
.7227668762207
.72181371847788
.7145969470342
.72086058060328
.72467319170634
.71650326251984
.71990740299225
.72535401582718
.71405229965846
.72535401582718
.73461329936981
.71949891249339
.71296296517054
.7229030529658
.72045207023621
.71446079015732
.72726035118103
.70683550834656
.71949891249339
.72957517703374
.71936275561651
.721677561601
.72453703482946
.74414487679799
.75190631548564
.73025600115458
.71922657887141
.72821350892385
.72794117530187
.72017975648244
.73801741997401
.72834966580073
.72385621070862
.72930282354355
.72943900028865
.72412852446238
.7218137383461
.7335239648819
.72821350892385
.72099671761195
.72916666666667
.72385621070862
.72140522797902
.73515796661377
.72821350892385
.7205882469813
.72726033131282
.73189000288645
.71309914191564
.72916664679845
.72099671761195
.72113291422526
.73066449165344
.72630719343821
.72971133391062
.73257080713908
.73338780800501
.72385621070862
.73161764939626
.73175380627314
.72508170207342
.72208607196808
.73025600115458
.71936273574829
.72045205036799
.71963508923848
.71595861514409
.72058822711309
.71990740299225
.7169117530187
.71541394790014
.73556643724442
.72440087795258
.71827342112859
.72698799769084
.71405227979024
.71949891249339
.721677561601
.71786493062973
.72562636931737
.72126907110214
.72140522797902
.71704792976379
.72903048992157
.71718408664068
.71772875388463
.72862199942271
.71636710564295
.72222222884496
.72794117530187
.71840957800547
.71568628152212
.73229849338531
.715822438399
.72603485981623
.7239923675855
.70806101957957
.72698801755905
.7299836675326
.72072440385818
.72113289435705
.73284312089284
.73406863212585
.72222220897675
.72099673748016
.72930282354355
.72113289435705
.71105664968491
.73243463039398
.70792484283447
.7230392297109
.72181371847788
.70452070236206
.71800108750661
.71990740299225
.72222222884496
.72344770034154
.72875817616781
.71255445480347
.71759257713954
.7205882469813
.72140524784724
.72821350892385
.72017973661423
.71977124611537
.71854575475057
.7299836675326
.71677561601003
.71609479188919
.72385621070862
.71909040212631
.71595859527588
.72875817616781
.7241285443306
.71990740299225
.72045207023621
.71772875388463
.72494552532832
.72794117530187
.71200980742772
.72031589349111
.72372003396352
.72086058060328
.71595859527588
.7229030529658
.71609475215276
.7135076324145
.72385621070862
.72031591335932
.72508170207342
.71541394790014
.71555012464523
.72331154346466
.73052833477656
.72086058060328
.72140524784724
.7156862616539
.71881808837255
.71909040212631
.72576254606247
.71173747380575
.71922655900319
.71092047293981
.72753266493479
.71800110737483
.72630717357
.72017973661423
.71486928065618
.72045207023621
.71990740299225
.71704794963201
.71718410650889
.71323529879252
.70819717645645
.71636710564295
.72753268480301
.71514159440994
.721677561601
.71500543753306
.71132896343867
.721677561601
.72086058060328
.71527779102325
.72113291422526
.71759259700775
.70561003684998
.71745644013087
.71486930052439
.70356754461924
.71800108750661
.71813724438349
.70874182383219
.7075163324674
.72412856419881
.71214596430461
.72589868307114
.72453705469767
.71555010477702
.71377996603648
.72916666666667
.72753268480301
.71677559614182
.72344770034154
.71677559614182
.71977124611537
.71909042199453
.71881808837255
.71881808837255
.72249454259872
.71990742286046
.71132896343867
.73679194847743
.72617103656133
.72957513729731
.72440085808436
.72331154346466
.72794115543365
.72140522797902
.72086056073507
.71704792976379
.71827342112859
.72058822711309
.71800108750661
.73066447178523
.71718410650889
.72222220897675
.72657952706019
.72603485981623
.71269063154856
.72671570380529
.71800108750661
.7169117530187
.72126907110214
.72453703482946
.71623094876607
.72630719343821
.72657952706019
.72358387708664
.72562634944916
.7239923675855
.71704792976379
.72222222884496
.72453703482946
.72017973661423
.72344770034154
.72126907110214
.71323529879252
.71704792976379
.72794117530187
.71323527892431
.73175382614136
.72903050978978
.71800110737483
.73406861225764
.72222220897675
.71037580569585
.71514159440994
.73474945624669
.70942266782125
.72222222884496
.71977122624715
.71990740299225
.73080066839854
.72331154346466
.7239923675855
.72140522797902
.72467319170634
.71541392803192
.72154138485591
.72358387708664
.71541394790014
.71405229965846
.72562634944916
.7145969470342
.71623094876607
.7322984735171
.71377996603648
.71119282643
.72494552532832
.71840959787369
.71772875388463
.72998364766439
.71364378929138
.72208605209986
.72576252619425
.72249456246694
.72943902015686
.71663941939672
.721677561601
.71187363068263
.72017971674601
.72930284341176
.71187365055084
.72045207023621
.71296296517054
.721677561601
.71800108750661
.7241285443306
.71936273574829
.71881808837255
.72821350892385
.71977122624715
.72576252619425
.73624728123347
.72263071934382
.72372003396352
.72453703482946
.73474945624669
.72780501842499
.7322984735171
.71636710564295
.73529412349065
.73107296228409
.71636710564295
.72794117530187
.72576250632604
.72834966580073
.72208605209986
.72372005383174
.71623092889786
.72140522797902
.72603485981623
.71623094876607
.71459692716599
.72426470120748
.7227668762207
.72222220897675
.72440087795258
.72440087795258
.72004355986913
.72862201929092
.71187365055084
.71255447467168
.71827344099681
.72453705469767
.72263071934382
.71881806850433
.71527779102325
.71718408664068
.72181371847789
.71282680829366
.71881808837255
.72358387708664
.71595861514409
.71255447467168
.72453703482946
.72603483994802
.71663941939672
.71595859527588
.7218137383461
.71745642026265
.71214596430461
.72930282354355
.71446079015732
.71486928065618
.73420478900274
.71527779102325
.72181371847789
.72943900028865
.72603485981623
.72140522797902
.72671568393707
.74305556217829
.72698801755905
.72017973661423
.72834966580073
.73039215803146
.71922657887141
.72753268480301
.73161764939626
.72753268480301
.72222222884496
.72766884167989
.732162296772
.71949891249339
.72249454259872
.72412852446238
.71541394790014
.72331156333288
.72372005383174
.71405229965846
.71092047293981
.72303920984268
.70983113845189
.71732026338577
.71391612291336
.71064815918605
.71623092889786
.72004357973735
.7241285443306
.71691177288691
.73011982440948
.72753268480301
.72004355986913
.72344772020976
.71514161427816
.72726035118103
.72358387708664
.73039215803146
.71854575475057
.72017973661423
.70778866608938
.715822438399
.71568628152212
.71064815918605
.72263069947561
.71745642026265
.72004357973735
.71595859527588
.71527777115504
.71486930052439
.71418847640355
.70683550834656
.71473310391108
.70792482296626
.72726035118103
.71432463328044
.71187363068263
.70588235060374
.72140522797902
.70492919286092
.7062908411026
.71105664968491
.7017974058787
.70983115832011
.71486928065618
.70547386010488
.70383985837301
.70874182383219
.70234205325445
.70996731519699
.7133714556694
.69226578871409
.69635077317556
.70765248934428
.68695535262426
.69267429908117
.68777233362198
.68150871992111
.70084422826767
.69866557916005
.68845317761103
.67837691307068
.67647057771683
.67592593034108
.67442810535431
.67878540356954
.66707515716553
.66503268480301
.67156863212585
.65059914191564
.65795207023621
.6511438091596
.63779956102371
.64025056362152
.63739107052485
.62758715947469
.62758713960648
.63834422826767
.61083879073461
.59953703482946
.61846403280894
.60089868307114
.58932461341222
.58061001698176
.56399782498678
.56209150950114
.55433005094528
.52205882469813
.57775056362152
0
0
0
0
0
0
0
0
0
0
0
0
0
0
0
0
0
0
0
0
0
0
0
0
0
0
0
0
0
0
0
0
0
0
0
0
0
0
0
0
0
0
0
0
0
0
0
0
0
0
0
0
0
0
0
0
0
0
0
0
0
0
0
0
0
0
0
0
0
0
0
0
0
0
0
0
0
0
0
0
0
0
0
0
0
0
0
0
0
0
0
0
0
0
0
0
0
0
0
0
0
0
0
0
0
0
0
0
0
0
0
0
0
0
0
0
0
0
0
0
0
0
0
0
0
0
0
0
0
0
0
0
0
0
0
0
0
0
0
0
0
0
0
0
0
0
0
0
0
0
0
0
0
0
0
0
0
0
0
0
0
0
0
0
0
0
0
0
0
0
0
0
0
0
0
0
0
0
0
0
0
0
0
0
0
0
0
0
0
0
0
0
0
0
0
0
0
0
0
0
0
0
0
0
0
0
0
0
0
0
0
0
0
0
0
0
0
0
0
0
0
0
0
0
0
0
0
0
0
0
0
0
0
0
0
0
0
0
0
0
0
0
0
0
0
0
0
0
0
0
0
0
0
0
0
0
0
0
0
0
0
0
0
0
0
0
0
0
0
0
0
0
0
0
0
0
0
0
0
0
0
0
0
0
0
0
0
0
0
0
0
0
0
0
0
0
0
0
0
0
0
0
0
0
0
0
0
0
0
0
0
0
0
0
0
0
0
0
0
0
0
0
0
0
0
0
0
0
0
0
0
0
0
0
0
0
0
0
0
0
0
0
0
0
0
0
0
0
0
0
0
0
0
0
0
0
0
0
0
0
0
0
0
0
0
0
0
0
0
0
0
0
0
0
0
0
0
0
0
0
0
0
0
0
0
0
0
0
0
0
0
0
0
0
0
0
0
0
0
0
0
0
0
0
0
0
0
0
0
0
0
0
0
0
0
0
0
0
0
0
0
0
0
0
0
0
0
0
0
0
0
0
0
0
0
0
0
0
0
0
0
0
0
0
0
0
0
0
0
0
0
0
0
0
0
0
0
0
0
0
0
0
0
0
0
0
0
0
0
0
0
0
0
0
0
0
0
0
0
0
0
0
0
0
0
0
0
0
0
0
0
0
0
0
0
0
0
0
0
0
0
0
0
0
0
0
0
0
0
0
0
0
0
0
0
0
0
0
0
0
0
0
0
0
0
0
0
0
0
0
0
0
0
0
0
0
0
0
0
0
0
0
0
0
0
0
0
0
0
0
0
0
0
0
0
0
0
0
0
0
0
0
0
0
0
0
0
0
0
0
0
0
0
0
0
0
0
0
0
0
0
0
0
0
0
0
0
0
0
0
0
0
0
0
0
0
0
0
0
0
0
0
0
0
0
0
0
0
0
0
0
0
0
0
0
0
0
0
0
0
0
0
0
0
0
0
0
0
0
0
0
0
0
0
0
0
0
0
0
0
0
0
0
0
0
0
0
0
0
0
0
0
0
0
0
0
0
0
0
0
0
0
0
0
0
0
0
0
0
0
0
0
0
0
0
0
0
0
0
0
0
0
0
0
0
0
0
0
0
0
0
0
0
0
0
0
0
0
0
0
0
0
0
0
0
0
0
0
0
0
0
0
0
0
0
0
0
0
0
0
0
0
0
0
0
0
0
0
0
0
0
0
0
0
0
0
0
0
0
0
0
0
0
0
0
0
0
0
0
0
0
0
0
0
0
0
0
0
0
0
0
0
0
0
0
0
0
0
0
0
0
0
0
0
0
0
0
0
0
0
0
0
0
0
0
0
0
0
0
0
0
0
0
0
0
0
0
0
0
0
0
0
0
0
0
0
0
0
0
0
0
0
0
0
0
0
0
0
0
0
0
0
0
0
0
0
0
0
0
0
0
0
0
0
0
0
0
0
0
0
0
0
0
0
0
0
0
0
0
0
0
0
0
0
0
0
0
0
0
0
0
0
0
0
0
0
0
0
0
0
0
0
0
0
0
0
0
0
0
0
0
0
0
0
0
0
0
0
0
0
0
0
0
0
0
0
0
0
0
0
0
0
0
0
0
0
0
0
0
0
0
0
0
0
0
0
0
0
0
0
0
0
0
0
0
0
0
0
0
0
0
0
0
0
0
0
0
0
0
0
0
0
0
0
0
0
0
0
0
0
0
0
0
0
0
0
0
0
0
0
0
0
0
0
0
0
0
0
0
0
0
0
0
0
0
0
0
0
0
0
0
0
0
0
0
0
0
0
0
0
0
0
0
0
0
0
0
0
0
0
0
0
0
0
0
0
0
0
0
0
0
0
0
0
0
0
0
0
0
0
0
0
0
0
0
0
0
0
0
0
0
0
0
0
0
0
0
0
0
0
0
0
0
0
0
0
0
0
0
0
0
0
0
0
0
0
0
0
0
0
0
0
0
0
0
0
0
0
0
0
0
0
0
0
0
0
0
0
0
0
0
0
0
0
0
0
0
0
0
0
0
0
0
0
0
0
0
0
0
0
0
0
0
0
0
0
0
0
0
0
0
0
0
0
0
0
0
0
0
0
0
0
0
0
0
0
0
0
0
0
0
0
0
0
0
0
0
0
0
0
0
0
0
0
0
0
0
0
0
0
0
0
0
0
0
0
0
0
0
0
0
0
0
0
0
0
0
0
0
0
0
0
0
0
0
0
0
0
0
0
0
0
0
0
0
0
0
0
0
0
0
0
0
0
0
0
0
0
0
0
0
0
0
0
0
0
0
0
0
0
0
0
0
0
0
0
0
0
0
0
0
0
0
0
0
0
0
0
0
0
0
0
0
0
0
0
0
0
0
0
0
0
0
0
0
0
0
0
0
0
0
0
0
0
0
0
0
0
0
0
0
0
0
0
0
0
0
0
0
0
0
0
0
0
0
0
0
0
0
0
0
0
0
0
0
0
0
0
0
0
0
0
0
0
0
0
0
0
0
0
0
0
0
0
0
0
0
0
0
0
0
0
0
0
0
0
0
0
0
0
0
0
0
0
0
0
0
0
0
0
0
0
0
0
0
0
0
0
0
0
0
0
0
0
0
0
0
0
0
0
0
0
0
0
0
0
0
0
0
0
0
0
0
0
0
0
0
0
0
0
0
0
0
0
0
0
0
0
0
0
0
0
0
0
0
0
0
0
0
0
0
0
0
0
0
0
0
0
0
0
0
0
0
0
0
0
0
0
0
0
0
0
0
0
0
0
0
0
0
0
0
0
0
0
0
0
0
0
0
0
0
0
0
0
0
0
0
0
0
0
0
0
0
0
0
0
0
0
0
0
0
0
0
0
0
0
0
0
0
0
0
0
0
0
0
0
0
0
0
0
0
0
0
0
0
0
0
0
0
0
0
0
0
0
0
0
0
0
0
0
0
0
0
0
0
0
0
0
0
0
0
0
0
0
0
0
0
0
0
0
0
0
0
0
0
0
0
0
0
0
0
0
0
0
0
0
0
0
0
0
0
0
0
0
0
0
0
0
0
0
0
0
0
0
0
0
0
0
0
0
0
0
0
0
0
0
0
0
0
0
0
0
0
0
0
0
0
0
0
0
0
0
0
0
0
0
0
0
0
0
0
0
0
0
0
0
0
0
0
0
0
0
0
0
0
0
0
0
0
0
0
0
0
0
0
0
0
0
0
0
0
0
0
0
0
0
0
0
0
0
0
0
0
0
0
0
0
0
0
0
0
0
0
0
0
0
0
0
0
0
0
0
0
0
0
0
0
0
0
0
0
0
0
0
0
0
0
0
0
0
0
0
0
0
0
0
0
0
0
0
0
0
0
0
0
0
0
0
0
0
0
0
0
0
0
0
0
0
0
0
0
0
0
0
0
0
0
0
0
0
0
0
0
0
0
0
0
0
0
0
0
0
0
0
0
0
0
0
0
0
0
0
0
0
0
0
0
0
0
0
0
0
0
0
0
0
0
0
0
0
0
0
0
0
0
0
0
0
0
0
0
0
0
0
0
0
0
0
0
0
0
0
0
0
0
0
0
0
0
0
0
0
0
0
0
0
0
0
0
0
0
0
0
0
0
0
0
0
0
0
0
0
0
0
0
0
0
0
0
0
0
0
0
0
0
0
0
0
0
0
0
0
0
0
0
0
0
0
0
0
0
0
0
0
0
0
0
0
0
0
0
0
0
0
0
0
0
0
0
0
0
0
0
0
0
0
0
0
0
0
0
0
0
0
0
0
0
0
0
0
0
0
0
0
0
0
0
0
0
0
0
0
0
0
0
0
0
0
0
0
0
0
0
0
0
0
0
0
0
0
0
0
0
0
0
0
0
0
0
0
0
0
0
0
0
0
0
0
0
0
0
0
0
0
0
0
0
0
0
0
0
0
0
0
0
0
0
0
0
0
0
0
0
0
0
0
0
0
0
0
0
0
0
0
0
0
0
0
0
0
0
0
0
0
0
0
0
0
0
0
0
0
0
0
0
0
0
0
0
0
0
0
0
0
0
0
0
0
0
0
0
0
0
0
0
0
0
0
0
0
0
0
0
0
0
0
0
0
0
0
0
0
0
0
0
0
0
0
0
0
0
0
0
0
0
0
0
0
0
0
0
0
0
0
0
0
0
0
0
0
0
0
0
0
0
0
0
0
0
0
0
0
0
0
0
0
