.81284552812576
.76861786842346
.74146342277527
.79382115602493
.75967478752136
.77089428901672
.75951218605042
.78325202067693
.80959349870682
.78731707731883
.80764228105545
.76113820075989
.77495932579041
.7985365986824
.71821139256159
.80682927370071
.78796748320262
.76178862651189
.82211381196976
.8195121884346
.8222764134407
.77089430888494
.88601624965668
.80975610017776
.85138211647669
.7704065044721
.77365851402283
.82747966051102
.78113822142283
.7752845287323
.81170731782913
.81154471635818
.82878049214681
.83821137746175
.83398373921712
.80357724428177
.82357722520828
.79430894056956
.84032519658407
.89951219161352
.7790243824323
.84813006718953
.81691056489944
.84520324071248
.83918700615565
.86943089962006
.88569104671478
.81479674577713
.87479674816132
.84813006718953
.77154471476873
.8226016163826
.80926827589671
.84926829735438
.85495936870575
.84601626793544
.84829266866048
.79365853468577
.98471544186274
.80146340529124
.875772356987
.83365853627523
.84585366646449
.84634147087733
.86894309520721
.83837395906448
.88016259670258
.86439025402069
.84975610176722
.92048782110214
.9437398314476
.88991868495941
.89560975631078
.84162600835164
.84780488411585
.88325204451879
.89918698867162
.89219510555267
.89365853865941
.90487804015478
.94439023733139
.85544717311859
.8541463414828
.89203250408173
.8847154378891
.84211381276449
.89512195189794
.89430892467499
.84178860982259
.85333333412806
.91414634386698
.90601625045141
.86569106578827
.87934958934784
.86195123195648
.87642276287079
.86455285549164
.8816260099411
.82731705904007
1.0360975265503
.96731706460317
.84211381276449
.94504064321518
.91951221227646
.88845527172089
.87008130550385
.86357724666595
.91821138064067
.9014634291331
.90065040191015
.93918699026108
.93626016378403
.94699186086655
.94211381673813
.9172357916832
.88390243053436
.92455283800761
.95317071676254
.87674796581268
.87967479228973
.92487806081772
1.1232520341873
.89398374160131
.88520326217016
.95528453588486
.8995121717453
.93333333730698
.94487804174423
.92178861300151
.87658536434174
1.0239024162292
.87317073345184
.88227641582489
.88178861141205
.95886178811391
.90032519896825
.95772357781728
.98959350585937
1.0107316970825
.95056909322739
.93837398290634
.99040651321411
.99024391174316
.96926830212275
.98292682568232
.96308942635854
.92439025640488
.9138211607933
.94975608587265
.91772357622782
.94048780202866
.97577236096064
.93252032995224
.91105691591899
.94162601232529
.89252030849457
.92065042257309
.9159349600474
.91284553209941
.94536584615707
.93772357702255
.88341462612152
.96487804253896
.9653658469518
.90634147326152
.92536586523056
.94471544027328
.9317073225975
.9203252196312
.93577235937119
.8973983724912
.90032519896825
.92764228582382
.90211381514867
.95008130868276
.91268293062846
.8946341474851
.92682927846909
.94552844762802
.86731708049774
.91024390856425
.9200000166893
.90991870562236
.87024390697479
.95707317193349
1.0310568809509
.90260163942973
1.0334959030151
.98195123672485
.92975610494614
.96243902047475
.91154474020004
.90536584456762
.88520324230194
.92195121447245
.8973983724912
.90796748797099
.90552844603856
.97886180877686
.87365853786469
.94975608587265
.92178863286972
.91495937108994
.91560975710551
.8874796628952
.97349594036738
.9499186873436
.90959350268046
.87951219081879
.93186992406845
.90016261736552
.92260164022446
1.0250406265259
.86552846431732
1.006178855896
.96422763665517
.88113820552826
.87999999523163
.93284553289413
.93626016378403
.96373983224233
.93772357702255
.91918700933456
.93121951818466
.91186992327372
.83739837010701
1
.92634145418803
.98569107055664
.92390245199203
.88520324230194
.94552844762802
.92243901888529
.9347967505455
.94487804174423
.94813007116318
.93821138143539
.91024390856425
.91252032915751
.88455283641815
.95967479546865
.90178859233856
.95593496163686
.92130082845688
.96861789623896
.88390243053436
.94796746969223
.94504064321518
.95447154839834
.97821140289307
.93300813436508
.92601627111435
.88796746730804
.91739839315414
.9814634124438
.89560975631078
.91788617769877
.92569106817245
.88325202465057
.93934959173203
.94227641820908
.93463414907455
.92422765493393
.90910569826762
.91073171297709
.93333333730698
.9094308813413
.93772357702255
.92390245199203
.86861789226532
.94991870721181
.93593496084213
.94601625204086
.96780486901601
.92552846670151
.95235770940781
.89902438720067
.93040651082993
.9338211218516
.94276422262192
.98601627349854
.86666667461395
.98406503597895
.93691056966782
.90780486663183
.97300811608632
.95707317193349
.9317073225975
.95756097634633
.89869918425878
.93040649096171
.95284553368886
.9221138159434
.9091056783994
.91544717550278
.91089433431625
.91560975710551
.9626016219457
.9465040564537
.9014634291331
.89317073424657
.90081300338109
.95252031087875
.87772357463837
.92650405565898
.99333333969116
.92878049612045
.96585365136464
.95983737707138
1.0078048706055
.95056909322739
.96780488888423
.9289430975914
.94162601232529
.94341462850571
.86634147167206
.89073169231415
.94894307851791
.94016259908676
.94552844762802
.89138209819794
.90390243132909
.9104065100352
.92650407552719
1.0073170661926
.88536584377289
.92178863286972
.96032518148422
.97024389108022
.95642274618149
.92504066228867
.89869918425878
.95626014471054
.84211381276449
.92878049612045
.9585365653038
.95089429616928
.94504064321518
.96926828225454
.92536586523056
.90406503280004
.91089433431625
.94195121526718
.92048782110214
.98747968673706
.9104065100352
.92504066228867
.89105689525604
.881951212883
.90487804015478
.87642276287079
.90146338939667
.9687804778417
.91219512621562
.94666665792465
.95593496163686
.95414634545644
.95642274618149
.93008130788803
.92552846670151
.92813009023666
.97203252712886
.95105691750844
.96406503518422
1.0162601470947
.98634147644043
1.0117073059082
.90276424090068
.92926830053329
.90731706221898
.92861789464951
.92829269170761
.92813009023666
.9317073225975
.88601624965668
.90260161956151
.94926830132802
.92406505346298
.90780488650004
.85056910912196
.87691056728363
.88113820552826
.9879674911499
.93089431524277
.96991868813833
.87626016139984
.88341462612152
.92682927846909
.95333331823349
.9261788725853
.91967481374741
.90585364898046
.93300813436508
.8785365819931
.92065042257309
.92926830053329
.96325202782949
.88650405406952
.86308944225311
.91105691591899
.93739837408066
.88292682170868
.90650407473246
.93626016378403
.92292684316635
.92016261816025
.85512195030848
1.1139837503433
.98715448379517
.94292682409286
.92260164022446
.92861789464951
.94227641820908
.94146341085434
.93365854024887
.92195123434067
.89447154601415
.83479674657186
.89560975631078
.90292682250341
.8943089445432
.93999999761581
.94504064321518
.86032521724701
.90975608428319
.9530081152916
.92617885271708
.91154472033183
.91170732180278
.89788617690404
.91691056887309
.91772359609604
.89626014232635
.93577235937119
.95235772927602
.89170730113983
.92943090200424
.92975610494614
.88617887099584
.8754471540451
.88617885112762
.92747968435287
.9406504034996
.88422763347626
.94861789544423
.92536586523056
.92292682329814
.93544715642929
.92536584536235
.94113820791245
.94943090279897
.93235772848129
.9465040564537
.89804877837499
1.006178855896
.91089429457982
.97268293301264
.91983741521835
.92243903875351
.90699185927709
.91154472033183
.9530081152916
.90861789385478
.92227643728256
.9465040564537
.89284551143646
.93073171377182
.89495935042699
.92195121447245
.89691054821014
.91300813357035
.90032517910004
.95105689764023
.91983741521835
.97951219479243
.8878048658371
.9752845565478
.93121951818466
.88699185848236
.90227643648783
.90926829973857
.92959350347519
.92471543947856
.90585364898046
.86439025402069
.88861787319183
.88276422023773
.92715448141098
.87398374080658
.8964227437973
.91365855932236
.8905690908432
.93999999761581
.9351219534874
.99040651321411
.87772357463837
.95902436971664
.93691056966782
.92130082845688
.90780488650004
.93138211965561
.89235770702362
.89235770702362
.90764226516088
.93121951818466
.92130080858866
.92796748876572
.9203252196312
.93642276525497
.92991870641708
.86878047386805
.95398372411728
.93056911230087
.90520324309667
.93967479467392
.87317073345184
.95495933294296
.93284553289413
.92943090200424
.90796748797099
.90341462691625
.88130080699921
.90764228502909
.93008130788803
.89723577102025
.88308942317963
.93528455495834
.90162601073583
.92390245199203
.96650407711665
.91284553209941
.89544713497162
.92731708288193
.91040652990341
.88959348201752
.86178863048553
.91105691591899
.88373982906342
.96178859472275
.86943089962006
.88634145259857
.89528455336889
.89853656291962
.98406505584717
.92341462771098
.92601627111435
.93804877996445
.94048780202866
.90715446074804
.95024389028549
.91333333651225
.8936585187912
.9094308813413
1.0045528411865
.9557723402977
.90813008944194
.95512193441391
.95317071676254
.96292684475581
.85138213634491
.94520324468613
.93105691671371
.89918698867162
.90682925780614
.94796746969223
.90065040191015
.91869918505351
.83300811052322
.9468292593956
.84195121129354
.96422763665517
.91674798727036
.91951221227646
.88048779964447
.91105691591899
.89804875850677
.94325202703476
.89788615703583
.91414634386698
.90813008944194
.88569104671478
.91479676961899
.95512193441391
.94308942556381
.90276420116425
.87447154521942
.86455285549164
.91382114092509
.95479673147202
.85772359371185
.92878049612045
.95772355794907
.93951219320297
.92081302404404
.90146340926488
.9793496131897
.96504062414169
.93073171377182
.91235772768656
.89853658278783
.91886178652445
.96195121606191
.89121949672699
.9317073225975
.89902438720067
.91756099462509
.90845527251561
.91804879903793
.83008128404617
.94130080938339
.90617885192235
.90991870562236
.93073171377182
.91024392843246
.9406504034996
.87414634227753
.91772359609604
.91626018285751
.90504064162572
.93609756231308
.87707316875458
.9557723402977
.92699187994003
.91609756151835
.88520324230194
.88520324230194
.96113820870717
.96585365136464
.90585366884867
.87040650844574
.90650407473246
.95138210058212
.91268293062846
.94325202703476
.88146340847015
.90943090120951
.92601627111435
.87349593639374
.93073171377182
.89349591732025
.9131707350413
.82308942079544
.89804875850677
.85219512383143
.94471544027328
.92016261816025
.88325202465057
.91121951738993
.91577235857646
.90471543868383
.94016259908676
.89886178572973
.88341462612152
.94195121526718
.89170732100805
.89804875850677
.96552844842275
.85593495766322
.89186990261078
.90796748797099
.92048782110214
.91300815343857
.89479674895604
.90520324309667
.96552844842275
.92504066228867
.93121951818466
.91365855932236
.86048781871796
.92211383581161
.92081302404404
.87951219081879
.90097560485204
.92439023653666
.89821137984594
.91300815343857
.92325204610825
.9588617682457
.90747968355815
.87642276287079
.93756097555161
.98617887496948
.86227643489838
.93674796819687
.88569104671478
.89479672908783
.92260164022446
.84813008705775
.92666667699814
.85756099224091
.95837398370107
.91609758138657
.88406503200531
.96666665871938
.93089431524277
.93560975790024
.94829267263412
.90780488650004
.9094308813413
.89479672908783
.88731706142426
.94032520055771
.93447154760361
.95479673147202
.93658536672592
.94422763586044
.93918699026108
.82048779726028
.91235772768656
.97463415066401
.88861787319183
.93642276525497
.91983739535014
.92390245199203
.91186992327372
.92536586523056
.86065040032069
.95560973882675
.89658538500468
.82747966051102
.91430896520615
.87837398052216
.87951219081879
.87430894374847
.91252034902573
.89349593718847
.85869920253754
.88666665554047
.9437398314476
.91382114092509
.9169105887413
.93626016378403
.89317073424657
.89902436733246
.91382114092509
.95430894692739
.9533333381017
.93073171377182
.94325202703476
.91252032915751
.8878048658371
.91934961080551
.93398372332255
.92552844683329
.90471543868383
.87479674816132
.91186992327372
.89788615703583
.94081300497055
.91642276446025
.9793496131897
.8964227437973
.96081300576528
.86943089962006
.90780488650004
.91788619756699
.98861789703369
.89398372173309
.88357722759247
.89317071437836
.88796746730804
.9042276541392
.88130080699921
.90227641661962
.94666665792465
.85447156429291
.91951219240824
.92227643728256
.90390243132909
.93756097555161
.88357722759247
.90634147326152
.94292682409286
.84617886940638
.95170732339223
.9100813070933
.86943089962006
.87040650844574
.86390242973963
.8730081319809
.93317073583603
.84260161717733
.88959348201752
.86130082607269
.9200000166893
.92764228582382
.90097560485204
.93495935201645
.91560975710551
.94390243291855
.94308942556381
.93154472112656
.99674797058105
.86325204372406
.9063414533933
.90097558498383
.84276423851649
.88422763347626
.85593497753143
.85756099224091
.87024390697479
.89121949672699
.87089431285858
.91056911150614
.92878049612045
.9100813070933
.86162602901459
.81252032518387
.91252032915751
.88601624965668
.92439023653666
.85138213634491
.94780486822128
.99479675292969
.90894309679667
.87186992168427
.9530081152916
.88943090041478
.91105691591899
.90943090120951
.87479674816132
.87008130550385
.91073173284531
.87528455257416
.85837399959564
.85024392604828
.86601626873016
.92243903875351
.89967479308446
.9035772283872
.9317073225975
.84959350029627
.89219510555267
.88861787319183
.88715445995331
.90926829973857
.89577233791351
.87723577022552
.91073173284531
.878861784935
.88813006877899
.88487803936005
.92780488729477
.93626016378403
.86195121208827
.8785365819931
.88048779964447
.90455283721288
.93674796819687
.88455283641815
.90097560485204
.84471543629964
.90195123354594
.91170732180278
.8983740011851
.87430894374847
.88861787319183
.82796746492386
1.0011382102966
.89658536513646
.88081300258636
.85333333412806
.94910567998886
.89268290996552
.92065042257309
.89073169231415
.91772357622782
.92634147405624
.85154471794764
.90601625045141
.91073171297709
.84243901570638
.90211381514867
.8816260099411
.90211381514867
.9409756064415
.93121951818466
.88081300258636
.9320325255394
.89008128643036
.89902438720067
.90699185927709
.91252032915751
.90910569826762
.89756097396215
.85869920253754
.89544715483983
.86357724666595
.89934961001078
.84373982747396
.90113820632299
.8578861951828
.89479674895604
.95495935281118
.91544715563456
.90536586443583
.87495934963226
.94113820791245
.95073169469833
.91203254461288
.85886178414027
.8754471540451
.82699185609818
.8936585187912
.89349593718847
.86471545696259
.94113820791245
.83772357304891
.88536584377289
.91317075490952
.91674798727036
.86910569667816
.88308942317963
.91902440786362
.92065042257309
.83382113774617
.88634145259857
.88861787319183
.83756095170975
.89593493938446
.88357722759247
.87024390697479
.85382115840912
.93674796819687
.93040651082993
.90845529238383
.92065042257309
.84715447823207
.88926827907562
.86081302165985
.89691054821014
.83983741203944
.89934957027435
.85056912899017
.87154471874237
.91658536593119
.87170732021332
.93804877996445
.83479676644007
.86048781871796
.83300813039144
.80569106340408
.82585364580154
.88487803936005
.92959350347519
.89284553130468
.88894309600194
.87495934963226
.9289430975914
.90406503280004
.87479674816132
.8517073392868
.88552844524384
.83024388551712
.91869920492172
.88585364818573
.9465040564537
.81219512224197
.86455285549164
.86878049373627
.88113820552826
.83430894215902
.8380487759908
.8785365819931
.87756097316742
.90227641661962
.85430894295375
.87252032756805
.88666665554047
.84813008705775
.92081302404404
.87609755992889
.84504065910975
.86845529079437
.9032520254453
.87756097316742
.84634147087733
.87073171138763
.91479674975077
.88373982906342
.9066666563352
.87528455257416
.87869918346405
.85593497753143
.92406505346298
.93918699026108
.93723577260971
.81609755754471
.91821140050888
.89821135997772
.90829269091288
.87479674816132
.86308944225311
.88000001509984
.94666667779287
.86162602901459
.91268293062846
.90113820632299
.86699187755585
.86878049373627
.84195123116175
.85853658119837
.86390244960785
.88016259670258
.86813008785248
.83902438481649
.91934961080551
.88959348201752
.8936585187912
.89999997615814
.87918698787689
.85089433193207
.86650407314301
.88731706142426
.86487803856532
.85902440547943
.85512195030848
.8874796628952
.83284552892049
.8606504201889
.91512195269267
.88406503200531
.83463414510091
.85008130470912
.90276424090068
.88796746730804
.87105691432953
.93138211965561
.91804879903793
.87121951580048
.87105691432953
.91138211886088
.88601624965668
.88634145259857
.85951220989227
.82943087816238
.87186992168427
.88634145259857
.88487803936005
.86796746651332
.90373982985814
.85024392604828
.87186992168427
.85837399959564
.86796748638153
.85821139812469
.84048779805501
.91398374239604
.82520323991776
.84455285469691
.85593497753143
.87869918346405
.87089431285858
.86715447902679
.87626016139984
.87040650844574
.88260161876678
.86617887020111
.86308944225311
.90943090120951
.9200000166893
.8108943104744
.94146341085434
.82097560167313
.8946341474851
.8510569135348
.84617886940638
.86032521724701
.89170730113983
.78845528761546
.81284550825755
.84016261498133
.89414632320404
.89138209819794
.881951212883
.85138211647669
.93577235937119
.82422763109207
.85642278194427
.881951212883
.84211381276449
.881951212883
.85203252236048
.86439025402069
.8609756231308
.89170730113983
.88130080699921
.84520324071248
.88487803936005
.81447154283524
.81853657960892
.88113820552826
.83853658040365
.9351219534874
.92292682329814
.89186992247899
.91918698946635
.88276422023773
.88276424010595
.84504065910975
.83723576863607
.85886180400848
.84617886940638
.91284553209941
.87707316875458
.81414633989334
.83219510316849
.82065039873123
.8547967672348
.87219512462616
.84048781792323
.92211383581161
.85268294811249
.85902440547943
.88569104671478
.88650405406952
.84878049294154
.87967479228973
.87040650844574
.8637398481369
.83772357304891
.90910571813583
.88715445995331
.82829266786575
.87609755992889
.90520324309667
.87642276287079
.86341464519501
.84341464440028
.88650405406952
.88032519817352
.87739837169647
.85869920253754
.81528455018997
.91138209899267
.86162602901459
.8977235754331
.88569104671478
.80796748399734
.89121949672699
.8730081319809
.86471545696259
.8195121884346
.88943090041478
.86585366725922
.90975610415141
.87739837169647
.82926829655965
.84747968117396
.81918698549271
.8479674855868
.86211383342743
.84211381276449
.85642278194427
.84227643410365
.84390242894491
.8964227437973
.82487803697586
.88504064083099
.87609755992889
.86699187755585
.84585366646449
.8637398481369
.78130082289378
.88861787319183
.86536586284637
.87186992168427
.8284552693367
.87821137905121
.84260161717733
.88991868495941
.84731709957123
.83073168992996
.82422763109207
.91528455416362
.8908942937851
.99512195587158
.91284553209941
.87902438640594
.80341464281082
.83105689287186
.87674796581268
.85333335399628
.82650405168533
.86113822460175
.79495934645335
.86000001430511
.83073168992996
.87707316875458
.83593493700027
.84959352016449
.83593495686849
.90065040191015
.80032521486282
.86178863048553
.8517073392868
.86764228343964
.88666665554047
.83983739217122
.86455285549164
.84813008705775
.79040652513504
.83951218922933
.84065039952596
.85495934883753
.84373984734217
.83365855614344
.85252034664154
.84991872310638
.82991868257523
.8016260266304
.90130082766215
.87723577022552
.91073171297709
.95788617928823
.84682927529017
.8325203259786
.80943089723587
.83967479070028
.84097560246785
.88016259670258
.86634147167206
.85089433193207
.9200000166893
.92829269170761
.98032522201538
1.033983707428
.90780486663183
.88813006877899
.92113822698593
.96861789623896
.9227642416954
.93463414907455
.95593496163686
.92845529317856
.97609758377075
.93463414907455
.94341462850571
1.0134959220886
.95219510793686
.92048782110214
.90650405486425
.95154470205307
.95154470205307
.95902438958486
.92373985052109
.99398374557495
.94487804174423
.92357724905014
1.0097560882568
.9193495909373
.99447154998779
.92487806081772
.94195121526718
.96390243371328
.94764226675034
.96081298589706
.94975608587265
.93430894613266
.97089429696401
.92829269170761
.91788619756699
.96780488888423
.95756095647812
.9104065100352
.99121952056885
.99951219558716
.98601627349854
.91105689605077
.96455281972885
.9190243879954
.9756097594897
.93398374319077
1.0151219367981
.97008128960927
.93349593877792
.92146341005961
.94861787557602
.97365854183833
.98699188232422
.97317073742549
.93918699026108
.93626016378403
.93219512701035
.92211383581161
.98032522201538
.95772357781728
.93821138143539
.96650407711665
.9691057006518
.98097562789917
.95219510793686
.92780488729477
.97138212124507
.85268292824427
.97674796978633
.96113818883896
.9687804778417
.92715448141098
.92292684316635
.96032518148422
.96162601312002
.94943088293076
.93999999761581
.93365854024887
.99821138381958
.96276420354843
.95512193441391
.94243901968002
.98032522201538
.92569106817245
.92747968435287
.96650405724843
.91967481374741
.96747968594233
1.0195121765137
.9320325255394
.94113820791245
.95138212045034
.99121952056885
.95642274618149
.9653658469518
.97837400436401
.93772357702255
.89479674895604
.97008130947749
.95902436971664
1.0232520103455
.91512195269267
.94780486822128
.94439023733139
.93219512701035
1.077886223793
.99560976028442
.9526829123497
.95560973882675
.92016259829203
.96991868813833
.95365852117538
.98260164260864
.9063414533933
.92146342992783
.94504064321518
.88894307613373
.9656910498937
.99560976028442
.94845527410507
.93804877996445
.94504064321518
.97723579406738
1.0071544647217
.96650405724843
.95186990499496
.96243902047475
.97268293301264
.92650407552719
.97447154919306
.97073169549306
.98178861538569
.97983739773432
.9104065100352
.97333335876465
1.003089427948
.95284551382065
.94276422262192
.94195121526718
.91804879903793
.9261788725853
.93983739614487
1.0284552574158
.94243901968002
.93544715642929
.99609756469727
.94634145498276
.99252033233643
.95463414986928
.98682928085327
.9842276374499
.92764228582382
.96032518148422
.9378861784935
.97121951977412
.9564227660497
.9035772283872
.95593496163686
.95560973882675
.96813007195791
.94439023733139
.97902439037959
.93951219320297
.96585365136464
.9347967505455
.94991870721181
.93837398290634
.96081300576528
.95463413000107
.94211381673813
.95008128881454
1.0071544647217
.92373985052109
.94422763586044
.9567479689916
.97658536831538
.95463413000107
.89951219161352
.92487806081772
.91756099462509
.91788617769877
.99495935440063
.97447154919306
.9564227660497
.92796748876572
.93430894613266
.98878049850464
.93024390935898
.94130080938339
.93804877996445
.98813009262085
.93430894613266
.95821138223012
1.0219511985779
.98016262054443
1.0156097412109
.99528455734253
.91170732180278
.99138212203979
1.0318698883057
.97235773007075
.96325202782949
.98991870880127
.98048780361811
.92016259829203
.9585365653038
.99544715881348
.97479675213496
1.0720325708389
.99073171615601
.93447154760361
.98130083084106
.99154472351074
1.0125203132629
.98959350585937
.98731708526611
1.0601625839869
.94536584615707
.9756097594897
1.0357723236084
1.0398373603821
1.0404877662659
1.0160975456238
.98504064480464
1.0749593575795
.99235773086548
.94325202703476
1.0006504058838
1.0268292427063
.96813007195791
.97642276684443
.97983739773432
.9879674911499
.99138212203979
.98276422421137
1.0151219367981
1.0045528411865
1.0590243736903
.98747968673706
1.0557723442713
1.009268283844
.97203252712886
1.0068292617798
.99658536911011
1.0191869735718
1.0398373603821
1.0468292236328
1.0391869544983
1.118211388588
1.052357673645
1.0990244150162
1.0938211679459
1.1430894136429
1.1526829004288
1.1843902667363
1.1993496417999
1.2775609493256
1.2720324993134
1.3261788686117
1.3131707509359
1.3687804937363
1.5138211250305
1.4378861586253
1.5456910133362
1.5707317193349
1.6829268137614
1.6414633989334
1.6131707429886
1.6019512414932
1.6450406312943
1.6269918680191
1.5297561089198
1.5282926559448
1.4921951293945
1.3949593305588
1.3565853834152
1.3466666936874
1.263739824295
1.2583739757538
1.1635771989822
1.1061788797379
1.1281300783157
1.1338211297989
1.1190243959427
1.105691075325
1.0404877662659
1.0455284118652
1.1066666841507
1.0147967338562
1.0195121765137
1.0549593369166
1.0087804794312
1.012195110321
1.0697561502457
1.0016260147095
.96959350506465
.95853658517202
1.0048780441284
.93544715642929
1.0226016044617
1.0595121781031
.95788617928823
.97967481613159
.99918699264526
.95235772927602
1.0941463708878
.96520326534907
1.012195110321
.94617885351181
.99560976028442
.96764228741328
.97430894772212
.99284553527832
.96097560723623
1.0538210868835
1.0019512176514
.99073171615601
.9468292593956
1.0182113647461
.9972357749939
.97577238082886
.94796746969223
1.0079674720764
.99138212203979
.98065040508906
1.0232520103455
.95642274618149
.9440650343895
1.033983707428
.94943088293076
.92065042257309
.9972357749939
.96308942635854
1.0024390220642
.97999999920527
.97886178890864
.99365854263306
.95463414986928
1.0120325088501
.93073171377182
.99040651321411
.96504064400991
.97821138302485
.98617887496948
.99024391174316
.99219512939453
.99170732498169
.95804876089096
.98894309997559
.99008131027222
.95804876089096
1.0082926750183
.93544715642929
.96422765652339
.98048780361811
.97300813595454
.97121951977412
1.0136585235596
1.015284538269
.99593496322632
.94926828145981
.95089429616928
.96130081017812
.96130081017812
1.0095934867859
.9848780632019
.97544715801875
.9526829123497
.91723577181498
.96861789623896
.93138211965561
1.0199999809265
.98504066467285
.93447154760361
.99056911468506
.89512193202972
.91219514608383
.95837396383286
.89886176586151
.95138210058212
.97788619995117
.96796747048696
.96796749035517
.9783739844958
.92813009023666
.95658534765244
.95138210058212
.98439023892085
.96048780282338
.96666665871938
.96146341164907
.97040651241938
.93365854024887
.93447154760361
.95658534765244
.94634147485097
.99495935440063
.95626016457876
1.0287804603577
.94325202703476
.99788618087769
.9172357916832
.98048782348633
.97349594036738
1.0526829163233
.93024390935898
.97138214111328
.93024390935898
.96682926019033
.93967479467392
.98276424407959
.93365854024887
.96943088372548
.97268293301264
.97512195507685
.93902438879013
.96601627270381
.9495934844017
.96130079030991
.95073169469833
.97170732418696
.96894309918086
.95756097634633
.9684552748998
.99349594116211
.96959348519643
.95170730352402
1.0206503868103
.90747968355815
.91219512621562
.94715446233749
.98065040508906
1.018536567688
.95105689764023
.95609754323959
.9557723402977
.94081300497055
1.0219511985779
.90617885192235
.93691056966782
.97609758377075
.95691057046254
.9526829123497
.93008130788803
.98455286026001
.95560973882675
.95479673147202
1.0055284500122
.98178863525391
.95268293221792
.9320325255394
.93300813436508
1.0138211250305
1.0347967147827
.91268293062846
.91105691591899
.99609756469727
.97674794991811
.96097558736801
.96764226754506
.9203252196312
.96292682488759
.98000001907349
.99560976028442
.9756097594897
.98715448379517
.96975608666738
.96178859472275
.9526829123497
.93056911230087
.98910570144653
.9759349822998
.9406504034996
.96097558736801
.9780487815539
.97268291314443
.97837400436401
.98943090438843
.9347967505455
.92081302404404
.96325202782949
.95723575353622
1.0822764635086
.9793496131897
.97268293301264
.93593496084213
.97073171536128
.95756097634633
1.0671544869741
.98959350585937
.93398374319077
.90487806002299
.98373985290527
.93804877996445
.98585367202759
1.0016260147095
.96308944622676
1.0017886161804
.97186992565791
.94747966527939
.96065038442612
.96536582708359
.97934959332148
.98959350585937
.9588617682457
.98065040508906
.93317073583603
.93593496084213
.9437398314476
.98146343231201
.93252032995224
1.0068292617798
.93707317113876
.92634147405624
1.0173983573914
1.0255284309387
.94552844762802
.95788615942001
.97447154919306
.94195121526718
.96195121606191
1.0160975456238
1.0347967147827
.92796748876572
.93447154760361
1.0250406265259
.96341460943222
.996910572052
.94894307851791
.89999999602636
.9437398314476
.96552844842275
.99577236175537
.93674796819687
1.0208129882812
.92162603139877
.98081300656001
.98747968673706
.96650407711665
.93186992406845
.93268293142319
.96016258001328
.97479675213496
.91300815343857
.9694309035937
.90943090120951
.96585367123286
.94552844762802
.95967477560043
.9824390411377
.96455283959707
.92991870641708
.97252035140991
.95317071676254
.9734959602356
1.0120325088501
.97317073742549
.91073171297709
.9821138381958
.94260162115097
.93268293142319
.99544715881348
.95024389028549
.94504064321518
.94601625204086
.96292684475581
.94504064321518
.92682927846909
.99512195587158
.96926828225454
1.0227642059326
.93837398290634
1
1.0266666412354
.99495935440063
.96341462930044
.95772355794907
.97105691830317
.95528453588486
.9526829123497
.9691057006518
.94211381673813
.91918700933456
.9409756064415
.97284553448359
.90666667620341
.95252031087875
.95804878075918
.9626016219457
.89983739455541
.9821138381958
.92943090200424
.99219512939453
.93463414907455
.9721951285998
.89577233791351
.96243902047475
.95138210058212
.93528455495834
.89756097396215
.98406505584717
.94520324468613
1.0069918632507
.9725203315417
.95739835500717
.96292680501938
.89837398131688
.97512197494507
.97853658596675
.91853658358256
.97495935360591
.94780486822128
.97073171536128
.95300813515981
.98536586761475
.9557723402977
.96504064400991
.94552844762802
.96146341164907
.97447152932485
1.006016254425
.91967481374741
.97121951977412
1.0282926559448
.95967477560043
.95951217412949
.93658536672592
.92390245199203
.95723575353622
.94975608587265
.97512195507685
.94422763586044
1.0256910324097
.97479675213496
.97414634625117
.96471544106801
1.0074796676636
1.0118699073792
.9783739844958
.97772359848022
.93008130788803
1.0055284500122
.99560976028442
.96585367123286
.95772355794907
.92065042257309
.94747966527939
.96780486901601
.91479674975077
.88991868495941
.92910569906235
.94829267263412
.97398374478022
.91674796740214
1.0380487442017
.92747968435287
1.0087804794312
.92747968435287
.96308942635854
.97447156906128
.97235773007075
.94552844762802
.95089429616928
.94910567998886
.96065040429433
.90422763427099
.96617887417475
.93674796819687
.96097560723623
.98097562789917
.99300813674927
1.0144715309143
.97284553448359
.97447154919306
.93756097555161
.92910569906235
.9495934844017
.97577236096064
.97626016537348
.94357722997665
.96926828225454
.9725203315417
1.0024390220642
.95869916677475
.92601627111435
.93756097555161
.97365856170654
.87691056728363
.98032520214717
.98373983303706
1.0078048706055
.99609756469727
.95723577340444
.96715446313222
.96504064400991
.98016262054443
.97333333889643
.97463417053223
.98617887496948
.97495937347412
.98422765731812
.92422765493393
.93853658437729
.94975608587265
.95626014471054
.99024391174316
.93804877996445
.96487802267075
.99869918823242
.96617885430654
.95398372411728
.9530081152916
.9567479689916
.94260162115097
.99788618087769
.98406503597895
.91430894533793
.94308942556381
.98959350585937
.94926828145981
.9585365653038
1.0164227485657
.96731706460317
.93008130788803
.96617885430654
.9687804778417
.98471544186274
.95756095647812
1.018373966217
.9653658469518
.91154472033183
.94536584615707
.98878049850464
.94130080938339
.95983737707138
.93869918584824
1.0619512001673
.96601627270381
.993821144104
.99154472351074
.91804879903793
.91967481374741
.97577236096064
.92357724905014
.93626016378403
.91056909163793
.96878049770991
.89235770702362
.98471546173096
.95495933294296
.95593494176865
.98162601391474
.9691057006518
.97284555435181
.97121951977412
.96373983224233
1.0013008117676
.95056909322739
.98861789703369
.93121951818466
1.0266666412354
.93463414907455
.97268293301264
1.0068292617798
.9879674911499
.91788619756699
.94894307851791
.98666667938232
.97154472271601
.90569104750951
.93219512701035
.99398374557495
.93495935201645
.99756097793579
.95821138223012
.94715448220571
.97756097714106
.9746341307958
1.0006504058838
.97447154919306
.92845529317856
.96780486901601
.9474796851476
.96796747048696
.93739837408066
.97235773007075
.95121949911118
.92455283800761
.95284551382065
.89821137984594
.9499186873436
1.0050406455994
.94536584615707
.93398374319077
.9852032661438
1.0068292617798
.99333333969116
.99089429775874
1.0011382102966
.96650405724843
.98065042495728
.95463413000107
.94975608587265
.94813007116318
.93642276525497
.95317071676254
.90845529238383
.90455283721288
.96032520135244
.93235772848129
.98780488967896
.95593494176865
.90975610415141
.94601625204086
.95691055059433
.96292682488759
.95902438958486
.91658538579941
.9972357749939
.99170732498169
.95658536752065
.94422763586044
.89252030849457
.96894307931264
.97691059112549
.97349594036738
.93138211965561
.98292684555054
.90455283721288
.96861787637075
.89300811290741
.94032520055771
.97349594036738
.94617885351181
.99089431762695
.95902436971664
.98341464996338
.99609756469727
.94422763586044
.96390245358149
1.0162601470947
.93674796819687
.92796748876572
.99300813674927
.97658536831538
.96471544106801
.9972357749939
.98016262054443
.98292684555054
.91414634386698
.97658536831538
.93902438879013
.92357724905014
1
.96471544106801
.91056913137436
1.0208129882812
.89447152614594
.92747968435287
.97073171536128
.97317071755727
.94455283880234
.98682928085327
.90926829973857
.95723575353622
.93430894613266
.94016259908676
.98585367202759
.95658536752065
.98325204849243
.97186992565791
.91398374239604
.92130082845688
.92243903875351
.99495935440063
.93382114171982
.98081300656001
.99951219558716
.94016259908676
.9721951285998
.94211381673813
.90032519896825
1.0230894088745
.92731708288193
.90585366884867
.95121951897939
.95284551382065
.95902438958486
.96699188152949
.9347967505455
.92292684316635
.94227641820908
.99203252792358
.94357722997665
.9626016219457
.91089431444804
.95219510793686
.92487806081772
.95430892705917
.92682927846909
.95869918664296
.92666667699814
.99154472351074
.92357724905014
.97658536831538
.88097560405731
.92341464757919
.91918700933456
.96747966607412
.95528455575307
1.027642250061
.9159349600474
.95105689764023
.93902438879013
.93691056966782
.91495935122172
.8843902349472
.99268293380737
.96308942635854
.92292684316635
.98715448379517
.95934957265854
.95642274618149
.95252031087875
.9091056783994
.94032520055771
.92910569906235
.96422763665517
.95333331823349
.9004878004392
.95040651162465
.97382114330928
.92666667699814
.90601625045141
.90829269091288
.96682926019033
.90585364898046
.94048780202866
.93235772848129
.89951221148173
.93609756231308
.96162601312002
.98894309997559
.93544715642929
.95333331823349
.95918699105581
.91414634386698
.94032520055771
.9622764190038
.96455283959707
.90813006957372
.91642278432846
.94471544027328
.96276424328486
.91382114092509
.90178863207499
.96357723077138
.93723577260971
.92243903875351
1.0164227485657
.88601624965668
.9317073225975
.94699186086655
.96113820870717
.95479673147202
.85723578929901
.90780490636826
.95495933294296
.91300813357035
.95739835500717
.94243901968002
.91089431444804
.98439025878906
.86731708049774
.92341462771098
.90829267104467
.99739837646484
.93967479467392
.92341462771098
.96471544106801
.93723577260971
.93609756231308
.98943090438843
.90439023574193
.96211381753286
.93219512701035
.93495935201645
.96032520135244
.90097560485204
.85138211647669
.94146341085434
.95967479546865
.87788617610931
.89626016219457
.94861787557602
.93951219320297
.89317071437836
.94585365056992
.92634147405624
.92926830053329
.96276422341665
.92325204610825
.9221138159434
.91105691591899
.93593496084213
.96178861459096
.94910567998886
.99300813674927
.91349595785141
.91967481374741
.8489431142807
.91967479387919
.92341464757919
.93967479467392
.99398374557495
.93268293142319
.92130082845688
.92666667699814
.96081298589706
.91951219240824
.88113820552826
.94861789544423
.9230894446373
.95967479546865
.91333333651225
.9261788725853
.92666667699814
.94764226675034
.9104065100352
.93772357702255
.97089431683222
.92504066228867
.92991870641708
.93658536672592
.9134959379832
.94260162115097
.95642274618149
.89170732100805
.91365853945414
.92455285787582
.95300813515981
.93918699026108
.91918700933456
.87089431285858
.89691056807836
.9035772283872
.91739839315414
.91203254461288
.9756097594897
.89967479308446
.91186992327372
.91788619756699
.96520324548086
.88113820552826
.90292682250341
.95105691750844
.89528453350067
.91219514608383
.93284553289413
.95219510793686
.9073170820872
.92292682329814
.94910567998886
1.0434145927429
.97772357861201
.87170732021332
.9134959379832
.93252032995224
1.006178855896
.90666667620341
.91951221227646
.91300811370214
.92569106817245
.92634147405624
.96520326534907
.95528453588486
.94390243291855
.96845529476802
.94455283880234
.92162603139877
.97365854183833
.90780486663183
.89121949672699
.89577233791351
.92130080858866
.9289430975914
.8874796628952
.90065040191015
.92504066228867
.91447154680888
.90065040191015
.91073171297709
.90747968355815
.85869920253754
.90569106737773
.92065042257309
.8973983724912
.93154472112656
.85674798488617
.89902436733246
.9100813070933
.90813008944194
.9230894446373
.9848780632019
.91447152694066
.92260164022446
.93674796819687
.89804875850677
.84682929515839
.88113820552826
.90504066149394
.92536586523056
.86617887020111
.92357722918193
.93544715642929
.88276422023773
.89333333571752
.9626016219457
.88504064083099
.90747966368993
.94439023733139
.85121951500575
.91609758138657
.86845529079437
.90422763427099
.86747968196869
.8538211385409
.85756099224091
.83821137746175
.83999999364217
.8843902349472
.86276423931122
.89577233791351
.87024390697479
.87723577022552
.91674798727036
.87918698787689
.86048781871796
.83414634068807
.86959348122279
.86569106578827
.92536586523056
.86016259590785
.87365853786469
.85821137825648
.89756095409393
.869593501091
.84178860982259
.93983739614487
.84731709957123
.82601624727249
.87674796581268
.87658536434174
.91219512621562
.87902438640594
.81577235460281
.87284553050995
.85674796501795
.8668292760849
.88975608348846
.87479674816132
.78292681773504
.85869920253754
.8414634068807
.89349591732025
.84341462453206
.81837397813797
.82195121049881
.80601626634598
.82487803697586
.87333333492279
.88178861141205
.82878047227859
.84373982747396
.82146340608597
.82439023256302
.85723578929901
.81447154283524
.8547967672348
.85121951500575
.88845527172089
.77707318464915
.88065040111542
.88146340847015
.86227643489838
.8538211385409
.78894311189651
.85414636135101
.82211381196976
.8538211385409
.87804877758026
.78048779567083
.80536586046219
.8019512295723
.86699187755585
.84910569588343
.87317073345184
.80650407075882
.8167479634285
.7926829457283
.83609757820765
.82471543550491
.81024390459061
.77772359053294
.81414633989334
.82569106419881
.83723574876785
.76308941841125
.82715445756912
.82406502962112
.79983741044998
.82666665315628
.83235772450765
.79821139574051
.85869920253754
.82845528920492
.7988618016243
.86504065990448
.78471547365189
.77951220671336
0
0
0
0
0
0
0
0
0
0
0
0
0
0
0
0
0
0
0
0
0
0
0
0
0
0
0
0
0
0
0
0
0
0
0
0
0
0
0
0
0
0
0
0
0
0
0
0
0
0
0
0
0
0
0
0
0
0
0
0
0
0
0
0
0
0
0
0
0
0
0
0
0
0
0
0
0
0
0
0
0
0
0
0
0
0
0
0
0
0
0
0
0
0
0
0
0
0
0
0
0
0
0
0
0
0
0
0
0
0
0
0
0
0
0
0
0
0
0
0
0
0
0
0
0
0
0
0
0
0
0
0
0
0
0
0
0
0
0
0
0
0
0
0
0
0
0
0
0
0
0
0
0
0
0
0
0
0
0
0
0
0
0
0
0
0
0
0
0
0
0
0
0
0
0
0
0
0
0
0
0
0
0
0
0
0
0
0
0
0
0
0
0
0
0
0
0
0
0
0
0
0
0
0
0
0
0
0
0
0
0
0
0
0
0
0
0
0
0
0
0
0
0
0
0
0
0
0
0
0
0
0
0
0
0
0
0
0
0
0
0
0
0
0
0
0
0
0
0
0
0
0
0
0
0
0
0
0
0
0
0
0
0
0
0
0
0
0
0
0
0
0
0
0
0
0
0
0
0
0
0
0
0
0
0
0
0
0
0
0
0
0
0
0
0
0
0
0
0
0
0
0
0
0
0
0
0
0
0
0
0
0
0
0
0
0
0
0
0
0
0
0
0
0
0
0
0
0
0
0
0
0
0
0
0
0
0
0
0
0
0
0
0
0
0
0
0
0
0
0
0
0
0
0
0
0
0
0
0
0
0
0
0
0
0
0
0
0
0
0
0
0
0
0
0
0
0
0
0
0
0
0
0
0
0
0
0
0
0
0
0
0
0
0
0
0
0
0
0
0
0
0
0
0
0
0
0
0
0
0
0
0
0
0
0
0
0
0
0
0
0
0
0
0
0
0
0
0
0
0
0
0
0
0
0
0
0
0
0
0
0
0
0
0
0
0
0
0
0
0
0
0
0
0
0
0
0
0
0
0
0
0
0
0
0
0
0
0
0
0
0
0
0
0
0
0
0
0
0
0
0
0
0
0
0
0
0
0
0
0
0
0
0
0
0
0
0
0
0
0
0
0
0
0
0
0
0
0
0
0
0
0
0
0
0
0
0
0
0
0
0
0
0
0
0
0
0
0
0
0
0
0
0
0
0
0
0
0
0
0
0
0
0
0
0
0
0
0
0
0
0
0
0
0
0
0
0
0
0
0
0
0
0
0
0
0
0
0
0
0
0
0
0
0
0
0
0
0
0
0
0
0
0
0
0
0
0
0
0
0
0
0
0
0
0
0
0
0
0
0
0
0
0
0
0
0
0
0
0
0
0
0
0
0
0
0
0
0
0
0
0
0
0
0
0
0
0
0
0
0
0
0
0
0
0
0
0
0
0
0
0
0
0
0
0
0
0
0
0
0
0
0
0
0
0
0
0
0
0
0
0
0
0
0
0
0
0
0
0
0
0
0
0
0
0
0
0
0
0
0
0
0
0
0
0
0
0
0
0
0
0
0
0
0
0
0
0
0
0
0
0
0
0
0
0
0
0
0
0
0
0
0
0
0
0
0
0
0
0
0
0
0
0
0
0
0
0
0
0
0
0
0
0
0
0
0
0
0
0
0
0
0
0
0
0
0
0
0
0
0
0
0
0
0
0
0
0
0
0
0
0
0
0
0
0
0
0
0
0
0
0
0
0
0
0
0
0
0
0
0
0
0
0
0
0
0
0
0
0
0
0
0
0
0
0
0
0
0
0
0
0
0
0
0
0
0
0
0
0
0
0
0
0
0
0
0
0
0
0
0
0
0
0
0
0
0
0
0
0
0
0
0
0
0
0
0
0
0
0
0
0
0
0
0
0
0
0
0
0
0
0
0
0
0
0
0
0
0
0
0
0
0
0
0
0
0
0
0
0
0
0
0
0
0
0
0
0
0
0
0
0
0
0
0
0
0
0
0
0
0
0
0
0
0
0
0
0
0
0
0
0
0
0
0
0
0
0
0
0
0
0
0
0
0
0
0
0
0
0
0
0
0
0
0
0
0
0
0
0
0
0
0
0
0
0
0
0
0
0
0
0
0
0
0
0
0
0
0
0
0
0
0
0
0
0
0
0
0
0
0
0
0
0
0
0
0
0
0
0
0
0
0
0
0
0
0
0
0
0
0
0
0
0
0
0
0
0
0
0
0
0
0
0
0
0
0
0
0
0
0
0
0
0
0
0
0
0
0
0
0
0
0
0
0
0
0
0
0
0
0
0
0
0
0
0
0
0
0
0
0
0
0
0
0
0
0
0
0
0
0
0
0
0
0
0
0
0
0
0
0
0
0
0
0
0
0
0
0
0
0
0
0
0
0
0
0
0
0
0
0
0
0
0
0
0
0
0
0
0
0
0
0
0
0
0
0
0
0
0
0
0
0
0
0
0
0
0
0
0
0
0
0
0
0
0
0
0
0
0
0
0
0
0
0
0
0
0
0
0
0
0
0
0
0
0
0
0
0
0
0
0
0
0
0
0
0
0
0
0
0
0
0
0
0
0
0
0
0
0
0
0
0
0
0
0
0
0
0
0
0
0
0
0
0
0
0
0
0
0
0
0
0
0
0
0
0
0
0
0
0
0
0
0
0
0
0
0
0
0
0
0
0
0
0
0
0
0
0
0
0
0
0
0
0
0
0
0
0
0
0
0
0
0
0
0
0
0
0
0
0
0
0
0
0
0
0
0
0
0
0
0
0
0
0
0
0
0
0
0
0
0
0
0
0
0
0
0
0
0
0
0
0
0
0
0
0
0
0
0
0
0
0
0
0
0
0
0
0
0
0
0
0
0
0
0
0
0
0
0
0
0
0
0
0
0
0
0
0
0
0
0
0
0
0
0
0
0
0
0
0
0
0
0
0
0
0
0
0
0
0
0
0
0
0
0
0
0
0
0
0
0
0
0
0
0
0
0
0
0
0
0
0
0
0
0
0
0
0
0
0
0
0
0
0
0
0
0
0
0
0
0
0
0
0
0
0
0
0
0
0
0
0
0
0
0
0
0
0
0
0
0
0
0
0
0
0
0
0
0
0
0
0
0
0
0
0
0
0
0
0
0
0
0
0
0
0
0
0
0
0
0
0
0
0
0
0
0
0
0
0
0
0
0
0
0
0
0
0
0
0
0
0
0
0
0
0
0
0
0
0
0
0
0
0
0
0
0
0
0
0
0
0
0
0
0
0
0
0
0
0
0
0
0
0
0
0
0
0
0
0
0
0
0
0
0
0
0
0
0
0
0
0
0
0
0
0
0
0
0
0
0
0
0
0
0
0
0
0
0
0
0
0
0
0
0
0
0
0
0
0
0
0
0
0
0
0
0
0
0
0
0
0
0
0
0
0
0
0
0
0
0
0
0
0
0
0
0
0
0
0
0
0
0
0
0
0
0
0
0
0
0
0
0
0
0
0
0
0
0
0
0
0
0
0
0
0
0
0
0
0
0
0
0
0
0
0
0
0
0
0
0
0
0
0
0
0
0
0
0
0
0
0
0
0
0
0
0
0
0
0
0
0
0
0
0
0
0
0
0
0
0
0
0
0
0
0
0
0
0
0
0
0
0
0
0
0
0
0
0
0
0
0
0
0
0
0
0
0
0
0
0
0
0
0
0
0
0
0
0
0
0
0
0
0
0
0
0
0
