.81837397813797
.78699187437693
.74991869926453
.80552846193314
.76227641105652
.78227641185125
.74504065513611
.80032521486282
.81495934724808
.7861788670222
.80487805604935
.76894309123357
.77170729637146
.81219512224197
.71284552415212
.81186991930008
.77235770225525
.76991870005925
.81203252077103
.83008128404617
.81414633989334
.7861788670222
.87593495845795
.82926827669144
.85235774517059
.78260163466136
.77691056330999
.83560975392659
.76796748240789
.79105691115061
.81723576784134
.83626013994217
.81382113695145
.85577237606049
.83365851640701
.81756097078323
.81804877519608
.81918698549271
.83365851640701
.91902440786362
.78845530748367
.85983741283417
.79674798250198
.86211383342743
.82959347963333
.89186990261078
.89008128643036
.82894307374954
.85642278194427
.87918698787689
.76764225959778
.83609755833944
.80520325899124
.86000001430511
.8547967672348
.8578861951828
.8452032605807
.81788617372513
.97674798965454
.82747966051102
.93008128801982
.84260161717733
.83479672670364
.8640650510788
.85463414589564
.86731708049774
.86276423931122
.86130082607269
.84894309441249
.92048782110214
.93235772848129
.89691054821014
.89658534526825
.8489431142807
.84780490398407
.89317071437836
.88975608348846
.91495935122172
.89853658278783
.9258536696434
.93658536672592
.87121951580048
.84504065910975
.89918698867162
.86146340767543
.86357724666595
.8785365819931
.90666667620341
.83235770463943
.85772359371185
.90845531225204
.9227642416954
.84731707970301
.88829267024994
.84520324071248
.90650405486425
.84910569588343
.90487804015478
.82601624727249
1.0634146531423
.96894309918086
.87902438640594
.9162601629893
.95121949911118
.86276423931122
.88048779964447
.85382115840912
.92536586523056
.89934957027435
.90390243132909
.92926830053329
.95398372411728
.94552844762802
.95658536752065
.89626016219457
.89886178572973
.90829267104467
.96650405724843
.85967481136322
.8967479467392
.9104065100352
1.1297560930252
.89040648937225
.90650407473246
.93869918584824
.91219512621562
.91983741521835
.93869918584824
.9069918791453
.89739835262299
1.0325202941895
.90308944384257
.87658536434174
.91967479387919
.95170730352402
.92422765493393
.95203252633413
.98910570144653
.98422765731812
.96081300576528
.94178861379623
.9941463470459
.98682928085327
.99479675292969
.96455283959707
.98813009262085
.9169105887413
.94081300497055
.94292682409286
.93268293142319
.93821138143539
.99268293380737
.92601627111435
.9203252196312
.95089429616928
.90764228502909
.91365855932236
.94081300497055
.90065040191015
.97089431683222
.93739837408066
.90373982985814
.94276422262192
.97804880142212
.90308944384257
.94634145498276
.93804877996445
.96552844842275
.90975610415141
.95739835500717
.90455283721288
.92422765493393
.91073173284531
.93089431524277
.95105689764023
.93495935201645
.88341462612152
.93983739614487
.94634145498276
.88422763347626
.90764228502909
.93821138143539
.9073170820872
.90439023574193
.94796746969223
1.0413007736206
.8933333158493
1.0530080795288
.98227643966675
.95170730352402
.94195121526718
.93544715642929
.90585366884867
.90487804015478
.91739839315414
.92747968435287
.90439025561015
.92162603139877
.96796749035517
.88113820552826
.92861789464951
.93089431524277
.92341462771098
.93853658437729
.8874796628952
.99463415145874
.93869918584824
.93219512701035
.87707316875458
.92943090200424
.90715448061625
.94260162115097
.99788618087769
.88682925701141
.99593496322632
.98601627349854
.86731708049774
.90617887179057
.91853660345078
.94227641820908
.95170730352402
.95317071676254
.90146340926488
.92747968435287
.91593497991562
.86081302165985
.99317073822021
.93934959173203
.97463417053223
.95040651162465
.85934960842133
.97691059112549
.91398376226425
.94357722997665
.94878047704697
.96861787637075
.92276422182719
.93235772848129
.91967481374741
.90715446074804
.95804876089096
.91983741521835
.93934959173203
.94162601232529
.96634145577749
.90845529238383
.93837398290634
.95463413000107
.95105689764023
.98569107055664
.93349593877792
.93642276525497
.8973983724912
.9261788725853
.96097558736801
.90146340926488
.92081302404404
.92975610494614
.88504064083099
.95008130868276
.93219512701035
.92569106817245
.9289430975914
.92878049612045
.88715445995331
.94178861379623
.88731706142426
.9585365653038
.91821140050888
.87333333492279
.93739837408066
.95609754323959
.93365854024887
.98000001907349
.92601627111435
.96471544106801
.89837398131688
.94227641820908
.92341464757919
.95788617928823
.98308944702148
.89999999602636
.97398374478022
.94504064321518
.90016257762909
.98195123672485
.94943090279897
.94975608587265
.94666665792465
.9227642416954
.91821140050888
.98373985290527
.93658536672592
.91235774755478
.92390245199203
.9230894446373
.91528457403183
.97317071755727
.94861787557602
.90959350268046
.878861784935
.93008130788803
.95073171456655
.90146340926488
.90536584456762
1.0105690956116
.90682927767436
.98471546173096
.95674794912338
1.0149593353271
.93252032995224
.99365854263306
.91284555196762
.96471544106801
.92878049612045
.88341462612152
.87902438640594
.9684552748998
.93447154760361
.96439023812612
.88910567760468
.9227642416954
.90487804015478
.92829269170761
.99886178970337
.89869918425878
.90764226516088
.97365854183833
.96276420354843
.95999997854233
.91268293062846
.91674796740214
.94520324468613
.86341464519501
.91853660345078
.96666665871938
.9437398314476
.9694309035937
.96650405724843
.94081300497055
.91203252474467
.93365854024887
.92764228582382
.93414634466171
.98308944702148
.92569106817245
.91739839315414
.89479672908783
.87609755992889
.92764228582382
.88406503200531
.91544717550278
.96601625283559
.92130082845688
.94455283880234
.97024391094844
.95235770940781
.98406505584717
.92113822698593
.93658536672592
.92504066228867
.98471546173096
.94829267263412
.98910570144653
.99739837646484
.98943088452021
.99121952056885
.91333333651225
.91512195269267
.93008130788803
.93105691671371
.94227641820908
.92666667699814
.9495934844017
.8668292760849
.91837400197983
.91853660345078
.9261788725853
.89382112026215
.87398374080658
.86666667461395
.89723577102025
.9848780632019
.95073169469833
.96487804253896
.88959348201752
.8912195165952
.94552844762802
.94081300497055
.93008130788803
.90829269091288
.91268293062846
.93886178731918
.88878047466278
.92747968435287
.9437398314476
.95512195428212
.92845529317856
.86211383342743
.93772357702255
.92715448141098
.91447156667709
.8946341474851
.94357722997665
.92292684316635
.93609756231308
.85626018047333
1.1317073106766
.98260164260864
.95886178811391
.9258536696434
.94487804174423
.94032520055771
.95447152853012
.93105691671371
.93528455495834
.88341462612152
.85853660106659
.8908942937851
.91821138064067
.8967479467392
.93609756231308
.93902438879013
.87463414669037
.90682927767436
.97170732418696
.90439023574193
.92471545934677
.90276422103246
.91073173284531
.91658538579941
.92634147405624
.89626016219457
.95024389028549
.96097560723623
.91577237844467
.92991870641708
.94878047704697
.89024388790131
.87837398052216
.88260161876678
.94747966527939
.93723577260971
.9121951063474
.94211381673813
.93382114171982
.91447156667709
.94894307851791
.90650407473246
.94243901968002
.93040651082993
.94861787557602
.94308942556381
.91886178652445
1.0695935090383
.94585367043813
.9731707572937
.93707317113876
.92357724905014
.91495937108994
.90146340926488
.96065040429433
.90682925780614
.93073171377182
.95203250646591
.91447156667709
.93382114171982
.92325204610825
.91756099462509
.90276422103246
.91902440786362
.92162601153056
.9564227660497
.93089431524277
.97073171536128
.89414632320404
.96845529476802
.93268293142319
.89024390776952
.91869920492172
.90634147326152
.94813007116318
.91853660345078
.91186992327372
.85951220989227
.91626018285751
.86796748638153
.94146341085434
.87430894374847
.9104065100352
.89024388790131
.90227641661962
.92861789464951
.93983739614487
.98113822937012
.86715447902679
.96065040429433
.94829267263412
.92975610494614
.92666667699814
.93983739614487
.89577235778173
.87918698787689
.92715448141098
.93463414907455
.93365854024887
.91479676961899
.94731706380844
.92520326375961
.94081300497055
.8699187040329
.96113820870717
.92048780123393
.92975610494614
.93219512701035
.89219510555267
.94520324468613
.95219510793686
.92504066228867
.92731708288193
.9035772283872
.89918696880341
.9001625974973
.93300813436508
.89121949672699
.8874796628952
.93853658437729
.93024390935898
.92829269170761
.98000001907349
.91268293062846
.90406503280004
.9200000166893
.92325204610825
.878861784935
.86861789226532
.90341462691625
.89918696880341
.95626014471054
.86227643489838
.88292682170868
.8964227437973
.89593493938446
1.0026016235352
.90813008944194
.93495935201645
.93593496084213
.94747966527939
.90861787398656
.94439023733139
.89235770702362
.90975608428319
.90845527251562
1.0029268264771
.95252031087875
.94861787557602
.94243901968002
.96146341164907
.95317071676254
.87495934963226
.93495935201645
.92943090200424
.89902440706889
.90991868575414
.93105691671371
.91983741521835
.90959350268046
.84991872310638
.96016258001328
.85983741283417
.95317071676254
.93983739614487
.90764228502909
.94130078951518
.90471543868383
.9069918791453
.92504066228867
.91544715563456
.91056909163793
.91821138064067
.89219510555267
.93284553289413
.9465040564537
.96162601312002
.90390245119731
.88634145259857
.85902440547943
.92634147405624
.95951217412949
.87089431285858
.9227642416954
.96373983224233
.92390245199203
.93349593877792
.88796746730804
1.0052032470703
.97170732418696
.93853658437729
.90617887179057
.91463416814804
.9091056783994
.96991868813833
.88910567760468
.94569104909897
.9141463637352
.92357722918193
.90455283721288
.91073171297709
.83707314729691
.95463413000107
.8995121717453
.92260164022446
.91918698946635
.91837398211161
.93560975790024
.89886178572973
.91577237844467
.92390245199203
.8933333158493
.9585365653038
.88422763347626
.96845529476802
.92373985052109
.91528457403183
.88178861141205
.90422763427099
.95154470205307
.9691057006518
.90032519896825
.88292682170868
.90764228502909
.96813007195791
.91642276446025
.93528455495834
.86878049373627
.91902440786362
.92666667699814
.89804875850677
.92048782110214
.9465040564537
.93528455495834
.87252034743627
.89186990261078
.86552846431732
.95008128881454
.93528455495834
.86552846431732
.92569106817245
.92357724905014
.93154472112656
.9351219534874
.91544715563456
.89658534526825
.94601625204086
.88829267024994
.91235772768656
.94162601232529
.86211383342743
.89463412761688
.91902440786362
.92439025640488
.92926830053329
.8816260099411
.92130082845688
.97658538818359
.95479673147202
.91577235857646
.92699187994003
.87089431285858
.93495935201645
.91560977697372
.89772355556488
.89886178572973
.92910569906235
.88959348201752
.93642276525497
.92959350347519
.96617885430654
.90569104750951
.872682929039
.92764228582382
.99707317352295
.85008130470912
.94829267263412
.881951212883
.91495937108994
.92813009023666
.85869920253754
.92634147405624
.87121951580048
.94764226675034
.93138211965561
.87869918346405
.97056911389033
.92195123434067
.93723577260971
.92422765493393
.91869920492172
.90878049532572
.91642276446025
.88406503200531
.95479673147202
.93609756231308
.96796747048696
.92715448141098
.97024391094844
.92926830053329
.8380487759908
.91300813357035
.98975610733032
.89349591732025
.93365854024887
.91512195269267
.93495935201645
.91317075490952
.94357722997665
.86016261577606
.97544717788696
.89642276366552
.84325204292933
.91365855932236
.8933333158493
.86536586284637
.88227641582489
.92130082845688
.90520324309667
.8510569135348
.90422763427099
.9406504034996
.93008130788803
.91626018285751
.95105689764023
.89008128643036
.90227641661962
.92373985052109
.95398372411728
.94975608587265
.92813009023666
.93658536672592
.93756097555161
.89219510555267
.94130080938339
.9227642416954
.92211383581161
.9069918791453
.88813006877899
.90146340926488
.91821140050888
.93999999761581
.9193495909373
.96585365136464
.89691054821014
.95138210058212
.87691056728363
.89658534526825
.9351219534874
.98780488967896
.91333335638046
.88308942317963
.89674796660741
.88650407393773
.93544717629751
.8878048658371
.91024388869603
.95479673147202
.86943089962006
.91040649016698
.93691056966782
.89739835262299
.94130080938339
.88634145259857
.92829269170761
.93658536672592
.85642278194427
.94292682409286
.90943090120951
.87560975551605
.90487804015478
.85983741283417
.88731706142426
.93154472112656
.86130082607269
.89577233791351
.872682929039
.93138211965561
.93577235937119
.88764226436615
.94243901968002
.91479676961899
.95723575353622
.93056911230087
.95056909322739
.99560976028442
.88373982906342
.91024388869603
.90747966368993
.84504065910975
.8964227437973
.85349595546722
.85853660106659
.87186992168427
.90471543868383
.87902438640594
.9227642416954
.9347967505455
.90747968355815
.86211383342743
.82097560167313
.90878049532572
.90292682250341
.91739837328593
.86845529079437
.9437398314476
.99089431762695
.90601627031962
.88113820552826
.9725203315417
.89512195189794
.90878049532572
.93235772848129
.85853660106659
.87723577022552
.90943090120951
.8847154378891
.85609757900238
.85577235619227
.85756099224091
.94032520055771
.8878048658371
.9317073225975
.94032520055771
.85577235619227
.88569104671478
.88130080699921
.88260161876678
.91186992327372
.8843902349472
.88975608348846
.8973983724912
.89284551143646
.89609754085541
.8912195165952
.91658538579941
.93252032995224
.84617886940638
.88813006877899
.87089431285858
.91853660345078
.91512195269267
.89967479308446
.89999999602636
.87024390697479
.90032519896825
.91739839315414
.89707314968109
.90439023574193
.89300811290741
.84390244881312
.99967479705811
.89691056807836
.88243901729584
.88260161876678
.95447152853012
.89528455336889
.93138211965561
.89577233791351
.91772359609604
.94211381673813
.85642278194427
.93024390935898
.90487804015478
.85333335399628
.92715448141098
.89268292983373
.90650407473246
.96585365136464
.96178861459096
.90065040191015
.92357724905014
.91105691591899
.89723577102025
.91788619756699
.91333333651225
.91463414827983
.9004878004392
.87999999523163
.91252032915751
.88487803936005
.89235770702362
.85544717311859
.90211381514867
.88959348201752
.90666665633519
.95918697118759
.91219514608383
.91365853945414
.86975610256195
.96341462930044
.95073169469833
.92471543947856
.85284552971522
.88536584377289
.83528453111649
.8874796628952
.88504064083099
.87756097316742
.93528455495834
.84861789147059
.86195123195648
.92650407552719
.91430894533793
.87772357463837
.88536584377289
.9258536696434
.91398374239604
.84796750545502
.89447152614594
.90487804015478
.84130082527796
.90227641661962
.86796748638153
.875772356987
.86081302165985
.93723577260971
.93821138143539
.9289430975914
.90829269091288
.86650407314301
.88536584377289
.86211381355921
.9203252196312
.86780486504237
.89121949672699
.84813010692596
.87739837169647
.93398374319077
.87203252315521
.94357722997665
.83772357304891
.86910569667816
.83463414510091
.82585364580154
.81739836931229
.88926827907562
.93138211965561
.91138211886088
.87756097316742
.89756097396215
.93398374319077
.91837400197983
.87203252315521
.88455283641815
.89186990261078
.83577233552933
.91463416814804
.90211381514867
.93333333730698
.83040650685628
.85447156429291
.88845527172089
.88292682170868
.84861791133881
.83853658040365
.88536584377289
.89691054821014
.91089431444804
.8538211385409
.88894307613373
.87560975551605
.85430894295375
.93642276525497
.89886176586151
.8609756231308
.89235772689184
.88276422023773
.90243901809057
.85430894295375
.88455283641815
.91203252474467
.90536584456762
.89495935042699
.881951212883
.88048779964447
.86796748638153
.91268295049667
.94634145498276
.92829269170761
.82813006639481
.91967481374741
.90471543868383
.91252032915751
.88894307613373
.87138211727142
.87430894374847
.89138209819794
.89121949672699
.90162601073583
.91252032915751
.85739839076996
.88211381435394
.84699187676112
.86130082607269
.86634147167206
.89658534526825
.87073171138763
.84260161717733
.92227643728256
.91528455416362
.88536584377289
.89918698867162
.87121951580048
.85902440547943
.86634147167206
.88487803936005
.86650407314301
.87967479228973
.82894307374954
.89495933055878
.84097560246785
.8874796628952
.90585366884867
.87495934963226
.84146342674891
.87560975551605
.89284551143646
.89642276366552
.86569106578827
.93495935201645
.91154472033183
.87983739376068
.8482926885287
.91707319021225
.88585364818573
.89788617690404
.8578861951828
.85349593559901
.87105691432953
.88943088054657
.87073171138763
.89967477321625
.9131707350413
.87284553050995
.86260163784027
.86178863048553
.86487805843353
.87967479228973
.83999997377396
.93414634466171
.83349591493607
.85869918266932
.85902440547943
.89804875850677
.85707318782806
.86829268932343
.85918700695038
.87983739376068
.87658536434174
.88406505187353
.85837399959564
.92747968435287
.91365855932236
.82471543550491
.94357722997665
.82373982667923
.89430892467499
.85512195030848
.83756095170975
.86764228343964
.87512195110321
.81105691194534
.81707316637039
.86520326137543
.89528455336889
.89804877837499
.87593495845795
.86861789226532
.94016259908676
.82715445756912
.85577235619227
.89235770702362
.83056908845901
.88325202465057
.84666667381922
.87414634227753
.84894307454427
.91609758138657
.88731706142426
.85186992088954
.87593495845795
.8226016163826
.81821137666702
.88861787319183
.84780488411585
.94471544027328
.91495937108994
.8946341474851
.92097562551498
.8908942937851
.86634147167206
.86601626873016
.84097560246785
.86260163784027
.83869918187459
.92130082845688
.86699187755585
.8256910443306
.8198373913765
.83284550905228
.85105693340302
.89186990261078
.84390242894491
.92113822698593
.84439025322596
.87658536434174
.86699187755585
.89593495925268
.84357724587123
.88260161876678
.86829268932343
.86715447902679
.83869918187459
.91902440786362
.88991868495941
.84894309441249
.86829268932343
.92162603139877
.88634145259857
.88211381435394
.84975610176722
.8933333158493
.86585366725922
.89853658278783
.87447154521942
.85170731941859
.92325204610825
.87186992168427
.89951219161352
.89577233791351
.80146342515945
.90471543868383
.87056910991669
.87333333492279
.80439025163651
.90455283721288
.85886180400848
.93056911230087
.87089431285858
.85951220989227
.83869918187459
.82894307374954
.85024390618006
.86211383342743
.83756097157796
.86747968196869
.83853658040365
.86813008785248
.8816260099411
.84260163704554
.88634145259857
.89463412761688
.85349595546722
.85528455177943
.83788617451986
.79626015822093
.8785365819931
.89609756072362
.87138211727142
.8383739789327
.88308942317963
.85317075252533
.88243901729584
.87479674816132
.82439023256302
.82682925462723
.9104065100352
.8936585187912
.98308944702148
.92780488729477
.86699187755585
.81626015901566
.82829268773397
.89154469966888
.85951220989227
.8346341252327
.86845529079437
.7957723736763
.87219512462616
.83707316716512
.86260163784027
.8730081319809
.86113822460175
.84617884953817
.89528453350067
.82130080461502
.87447154521942
.85869920253754
.87593495845795
.90292682250341
.82666665315628
.86813008785248
.8346341252327
.79967480897903
.83170729875565
.85121951500575
.85073173046112
.85398375988007
.84569106499354
.84959352016449
.84487803777059
.85463416576385
.79186991850535
.91642276446025
.878861784935
.92552846670151
.94536584615707
.84764228264491
.83723576863607
.82878047227859
.82829266786575
.85008130470912
.87252032756805
.88715445995331
.85983739296595
.91772359609604
.94439023733139
.97414632638295
1.0515446662903
.89723575115204
.88861787319183
.90130080779394
.9619511961937
.91138211886088
.93902438879013
.93772357702255
.94325202703476
.96357723077138
.93398374319077
.93398374319077
1.0108942985535
.9595121939977
.93951219320297
.88715445995331
.94666665792465
.94569104909897
.96308942635854
.90975610415141
1.0173983573914
.92682927846909
.92666667699814
.99837398529053
.92975610494614
.97349594036738
.92861789464951
.93528455495834
.97691059112549
.94666665792465
.96081300576528
.95186990499496
.94455283880234
.95333331823349
.93089431524277
.90731706221898
.9626016219457
.94943088293076
.91138211886088
.96959350506465
.98813009262085
.99138212203979
.92471545934677
.94796746969223
.92845529317856
.96682926019033
.92991870641708
.99658536911011
.98601627349854
.92731708288193
.91918698946635
.93626016378403
.96422763665517
.98195123672485
.96520324548086
.93121951818466
.94292682409286
.90065040191015
.91642276446025
.96276424328486
.95203250646591
.93300813436508
.96439023812612
.95902440945307
.97951221466064
.95219510793686
.93154470125834
.96178861459096
.84878049294154
.9656910498937
.97512195507685
.95121949911118
.93577235937119
.89203250408173
.97008128960927
.94308942556381
.95317071676254
.93691056966782
.93577235937119
.98113822937012
.9626016219457
.94845527410507
.94390243291855
.97479677200317
.9468292593956
.91869918505351
.96926828225454
.90276422103246
.97105691830317
1.0027642250061
.9289430975914
.91886180639267
.95333331823349
.97495935360591
.97268293301264
.96634145577749
.98650407791138
.93219512701035
.91349595785141
.96796747048696
.96455281972885
1.0222764015198
.91837398211161
.93365854024887
.95528453588486
.91707317034403
1.0793496370316
.9910569190979
.95934957265854
.92097562551498
.91658536593119
.9554471373558
.95284551382065
.96552846829096
.92731708288193
.91463416814804
.94227641820908
.90243899822235
.95918697118759
1.0009756088257
.93853658437729
.92813009023666
.95804878075918
.9622764190038
1.0048780441284
.96422763665517
.94357722997665
.9567479689916
.97707317272822
.91626018285751
.98471546173096
.96308940649033
.98650407791138
.99268293380737
.91414634386698
.96308942635854
.99512195587158
.94455283880234
.94878049691518
.95447152853012
.92065042257309
.91203252474467
.94747966527939
1.0193495750427
.95593494176865
.9104065100352
1.0073170661926
.95463413000107
1
.95252031087875
.98520324627558
.9721951285998
.93414634466171
.9557723402977
.94357722997665
.94487804174423
.9694309035937
.88975610335668
.96829269329707
.94292682409286
.9684552748998
.92975610494614
1.0117073059082
.92341464757919
.97284551461538
.92422765493393
.94943088293076
.93056911230087
.98065042495728
.9604878226916
.9626016219457
.94357722997665
1.0084552764893
.91886180639267
.96243902047475
.95138210058212
.98504066467285
.93951219320297
.92422765493393
.91284555196762
.93560975790024
.90747966368993
1.0058536529541
.97284553448359
.94081300497055
.91967481374741
.95252031087875
.97951221466064
.9289430975914
.92845529317856
.95203250646591
.98471546173096
.94536584615707
.95642274618149
1.0352845191956
.96292682488759
1.0177235603333
.98113822937012
.92390245199203
.98178863525391
1.0343089103699
.96373983224233
.96455283959707
.9687804778417
1.0024390220642
.90081302324931
.97512197494507
.97756099700928
.96146343151728
1.0447154045105
.98780488967896
.90569106737773
.97951221466064
.96650407711665
1.0042276382446
.96780488888423
.98227643966675
1.0539837280909
.93886178731918
.95284551382065
1.0271544456482
1.0115447044373
1.0354471206665
.99951219558716
.9842276374499
1.036910533905
.98032522201538
.92520326375961
.98260164260864
1.015284538269
.96813009182612
.95951217412949
.96373981237411
.95967479546865
.97577236096064
.95869916677475
1.0125203132629
.97463417053223
1.0536584854126
.95999999841054
1.0458536148071
.98959350585937
.96829267342885
.98845529556274
.99089431762695
.99479675292969
1.0326828956604
1.0219511985779
1.033983707428
1.0952845811844
1.0281300544739
1.0552845398585
1.0510569016139
1.0865041017532
1.0990244150162
1.0944715738297
1.1200000047684
1.1681300401688
1.1617885828018
1.1817886034648
1.1616259813309
1.1726828813553
1.2925202846527
1.1996748050054
1.3014634052912
1.2803251743317
1.3694308996201
1.3121951421102
1.2904064655304
1.3175609906514
1.3799999952316
1.375772356987
1.3469918966293
1.3809756040573
1.4040650129318
1.3349593480428
1.3569105863571
1.3751219511032
1.3360975583394
1.335772395134
1.2694308757782
1.2380487918854
1.2725203037262
1.2679674625397
1.2782113552094
1.2307317256927
1.2117073535919
1.1821138064067
1.2476422786713
1.1630893945694
1.1536585092545
1.1707317034403
1.1326829195023
1.1200000047684
1.1798373858134
1.0920325517654
1.0668292840322
1.0321950912476
1.0788618326187
1.0019512176514
1.0879675149918
1.118048787117
.996910572052
1.0034146308899
1.0279674530029
.97512195507685
1.1356097459793
.98097560803095
1.0406503677368
.96617887417475
1.0208129882812
.98146343231201
1.0043902397156
.99544715881348
.97707317272822
1.0577236016591
1.0263414382935
.99268293380737
.96439023812612
1.0076422691345
1.0063414573669
.97577238082886
.96487802267075
1.0027642250061
1.0011382102966
.98292684555054
1.0351219177246
.95967477560043
.95398372411728
1.0195121765137
.96715446313222
.92227643728256
1.006178855896
.96650407711665
1.0108942985535
.97642278671265
.98715446392695
.99252033233643
.97382114330928
.99479675292969
.94878047704697
.98032522201538
.97642276684443
.97284555435181
1.0055284500122
.98536586761475
1.0125203132629
.98325204849243
.96747968594233
.97073169549306
1.0068292617798
.95642274618149
1.0170731544495
.91707319021225
.96406505505244
.9821138381958
.99203252792358
.97333335876465
1.015284538269
.9793496131897
1.0074796676636
.95756097634633
.97447154919306
.94439023733139
.96747968594233
.99463415145874
.99609756469727
.97804880142212
.96650405724843
.90878051519394
.97821140289307
.92715448141098
1.0291056632996
.98536586761475
.93707317113876
.97609758377075
.90520324309667
.90455283721288
.94861787557602
.94016257921855
.97609756390254
.96894307931264
.97105691830317
.97560977935791
.98861789703369
.9172357916832
.97577238082886
.95756097634633
.98926830291748
.96081300576528
.9715447028478
.97121951977412
.97626016537348
.9406504034996
.94910567998886
.94813007116318
.95333331823349
.9852032661438
.96650405724843
1.021625995636
.93853658437729
.97837400436401
.93398374319077
.96455281972885
.98569105068843
1.0491056442261
.93154472112656
.94910567998886
.92813009023666
.9409756064415
.94813007116318
.98308942715327
.93707317113876
.96032518148422
.97723577419917
.95739835500717
.9406504034996
.95804878075918
.96178859472275
.95593494176865
.94439023733139
.95609754323959
.97544717788696
.94455283880234
.97934959332148
.99056911468506
.96065040429433
.9495934844017
1.0315446853638
.91186994314194
.92146342992783
.94666665792465
.99154472351074
1.0066666603088
.94926828145981
.94357722997665
.96227643887202
.93707317113876
1.0221138000488
.89853656291962
.93414634466171
.96829267342885
.97951219479243
.94162601232529
.93398374319077
.97430894772212
.9691057006518
.94276422262192
1.0147967338562
.98601627349854
.95284551382065
.92406505346298
.92764228582382
.99739837646484
1.0416259765625
.90162601073583
.91593497991562
.98926830291748
.98845529556274
.95170730352402
.95723575353622
.9134959379832
.9725203315417
.98081302642822
.98292684555054
.95430892705917
1.0019512176514
.97756099700928
.97723579406738
.94601625204086
.93463414907455
.96113818883896
.99089431762695
.93121951818466
.97186992565791
.9793496131897
.96894309918086
.96585367123286
.99186992645264
.93382114171982
.9289430975914
.94552844762802
.95642274618149
1.0697561502457
.97804880142212
.96861789623896
.9495934844017
.96341462930044
.96829269329707
1.0481300354004
.99073171615601
.92536586523056
.90130080779394
.9721951285998
.94845527410507
.97073171536128
.99788618087769
.95479675134023
1.015284538269
.96926828225454
.95804876089096
.95089429616928
.9684552748998
.97040651241938
.99609756469727
.94113820791245
.98227643966675
.92747968435287
.92536586523056
.93138211965561
.99284553527832
.9203252196312
1.0108942985535
.91853660345078
.94504064321518
1.0021138191223
1.0213007926941
.93268293142319
.97154472271601
.93918699026108
.94878047704697
.95024391015371
1.0213007926941
1.0177235603333
.94243901968002
.91138211886088
1.018536567688
.94747966527939
.99447154998779
.94260162115097
.90796748797099
.93902438879013
.99235773086548
.9721951285998
.93951219320297
.99918699264526
.9203252196312
.97105691830317
.99495935440063
.94585365056992
.93560975790024
.90894309679667
.97284553448359
.96308942635854
.92829269170761
.94845527410507
.90243899822235
.95154470205307
.96211381753286
.9351219534874
.98195121685664
.94975608587265
.93869918584824
.95691057046254
.97138210137685
.97056911389033
1.0173983573914
.95560973882675
.92162603139877
.9721951285998
.95235770940781
.91723577181498
.99918699264526
.91642278432846
.96113818883896
.9317073225975
.96780488888423
.93008130788803
.93268293142319
.97853660583496
.98552846908569
1.0203251838684
.94390243291855
.98878049850464
1.0320324897766
.9824390411377
.9684552748998
.93300813436508
.96552842855453
.93333333730698
.96715446313222
.9347967505455
.96195121606191
.9073170820872
.95869916677475
.96016259988149
.88943088054657
.96715448300044
.96113820870717
.95691055059433
.9004878004392
.9595121939977
.93837398290634
.96097558736801
.93219512701035
.96325202782949
.90162599086761
.95382112264633
.96650405724843
.93739837408066
.90422763427099
.97918701171875
.9440650343895
.9941463470459
.96991868813833
.95479673147202
.97544715801875
.88861787319183
.98308944702148
.97040651241938
.91967481374741
.96585365136464
.9499186873436
.95414632558823
.9585365653038
.9752845565478
.96634145577749
.95593496163686
.93528455495834
.95772357781728
.9780487815539
.99463415145874
.92520326375961
.96016258001328
1.0375609397888
.9499186873436
.96016258001328
.91788619756699
.92780488729477
.9406504034996
.94926828145981
.96325200796127
.94634145498276
1.0087804794312
.98991870880127
.9619511961937
.97073171536128
.9941463470459
1.0156097412109
.95869916677475
.97756097714106
.91967481374741
1.0134959220886
.96357723077138
.98195123672485
.94910567998886
.92178863286972
.94520324468613
.9821138381958
.9104065100352
.89999999602636
.92731708288193
.95495933294296
.96487804253896
.93398374319077
1.0279674530029
.93756097555161
.98910570144653
.93918699026108
.95284551382065
.99349594116211
.94829267263412
.94894307851791
.94569104909897
.94764226675034
.94747966527939
.91056909163793
.97642276684443
.94016259908676
.98292682568232
1.0203252236048
.96585367123286
1.0222764015198
.94585365056992
.98373985290527
.92747968435287
.93008130788803
.95170730352402
.98227643966675
.96455283959707
.95479673147202
.95414632558823
.97495935360591
.99024391174316
.96357721090317
.92910569906235
.95853658517202
.96048780282338
.89300813277562
.97105691830317
.9879674911499
1.0003252029419
1.0021138191223
.94422763586044
.97886180877686
.94699186086655
.9852032661438
.96731708447138
.99040651321411
.97284553448359
.97951219479243
.96715446313222
.95512195428212
.92747968435287
.96357723077138
.93756097555161
.99626016616821
.93691056966782
.97040649255117
.98845529556274
.94227641820908
.9622764190038
.96325202782949
.95024389028549
.96130081017812
1.0056910514832
.97739839553833
.91999999682109
.95382112264633
.9721951285998
.94910567998886
.95951217412949
1.0248780250549
.95414632558823
.93821138143539
.95430892705917
.97382116317749
.97642276684443
.97593494256337
.99707317352295
.98065040508906
.90260161956151
.93252032995224
.9619511961937
.92715448141098
.96146339178085
.94715446233749
1.040162563324
.97138210137685
.98552846908569
1.0009756088257
.9200000166893
.91886178652445
.95821136236191
.93333333730698
.9227642416954
.92146342992783
.93658536672592
.89788617690404
.9691057006518
.95073169469833
.94845527410507
.97739837567012
.97333335876465
.98406505584717
.96113818883896
.97300813595454
.99040651321411
.95560975869497
.98357725143433
.94357722997665
1.015284538269
.94325202703476
.95918697118759
1.0058536529541
1.0131707191467
.92796748876572
.93073171377182
.98471546173096
.96699186166128
.93300813436508
.94439023733139
.98682928085327
.92373985052109
1.0196747779846
.94178861379623
.94975608587265
.97382114330928
.98796747128169
.99804878234863
.98975610733032
.9162601629893
.95886178811391
.93951219320297
.95967477560043
.93300813436508
.98780488967896
.9440650343895
.92292684316635
.94146341085434
.90878049532572
.95788617928823
1.0117073059082
.92829269170761
.94048780202866
.97869918743769
1.0089430809021
.97609758377075
.99658536911011
.99138212203979
.96243900060654
.97382114330928
.95528453588486
.93967479467392
.95089429616928
.91268293062846
.94715446233749
.89999999602636
.91089431444804
.94878047704697
.9526829123497
.98650407791138
.9530081152916
.89300811290741
.97056909402211
.94211381673813
.96666663885117
.95788617928823
.92260164022446
.97479675213496
.99447154998779
.94878047704697
.9619511961937
.86975610256195
.9793496131897
.96471544106801
.98650407791138
.93317073583603
.99365854263306
.89398374160131
.96325200796127
.8905690908432
.94536584615707
.96130081017812
.96991870800654
.96617887417475
.96780488888423
.96861787637075
1.0014634132385
.9289430975914
.96504064400991
1.0017886161804
.93284553289413
.90487804015478
.99821138381958
.95804876089096
.97073171536128
.98439025878906
.98178863525391
.96715448300044
.92991870641708
.95382112264633
.95430892705917
.93186992406845
1.0045528411865
.95349593957265
.91365855932236
.99577236175537
.90536584456762
.90943090120951
.98227643966675
.97170732418696
.95186990499496
.97804880142212
.91951221227646
.94130080938339
.93040651082993
.93268293142319
.98699188232422
.95040649175644
.96764226754506
.95008128881454
.92422765493393
.92065042257309
.92813009023666
.98422765731812
.9406504034996
.96097560723623
1.0105690956116
.92487806081772
.98504066467285
.93544715642929
.91560977697372
1.0014634132385
.93951219320297
.89284553130468
.95024389028549
.94081300497055
.97853660583496
.96682926019033
.93317073583603
.92243903875351
.95447154839834
.98130081097285
.96373983224233
.95317071676254
.93138211965561
.95121949911118
.92520326375961
.96455281972885
.94113820791245
.94422763586044
.93886178731918
.97642278671265
.9227642416954
.96065040429433
.89723575115204
.92081302404404
.9258536696434
.95560973882675
.9663414756457
1.0029268264771
.92162603139877
.94439023733139
.93723577260971
.91300815343857
.91495937108994
.88357722759247
.99349594116211
.95235770940781
.93658536672592
.96975610653559
.96455281972885
.94276422262192
.95121949911118
.89577233791351
.95560973882675
.93040651082993
.96390243371328
.94178861379623
.89707316954931
.94894307851791
.9824390411377
.91658538579941
.90032519896825
.9032520254453
.96780486901601
.89658536513646
.94276422262192
.92715448141098
.91495935122172
.92617885271708
.97056911389033
.97772359848022
.92747968435287
.95105689764023
.98780488967896
.90178861220678
.94861787557602
.95609754323959
.96959348519643
.90747968355815
.9320325255394
.94617887338003
.97788619995117
.89821137984594
.89593495925268
.94975608587265
.94634145498276
.91170734167099
1.0253658294678
.88406503200531
.93918699026108
.91772357622782
.96650405724843
.95138210058212
.86617887020111
.89577233791351
.96081298589706
.89154469966888
.95658534765244
.93252032995224
.91739837328593
.96780488888423
.87447154521942
.91430894533793
.91577235857646
.97853658596675
.94422763586044
.91528457403183
.97382114330928
.91804877916972
.93430894613266
.98634147644043
.89886176586151
.94260162115097
.94162601232529
.91252032915751
.96861789623896
.881951212883
.87056910991669
.93609756231308
.98845529556274
.86813008785248
.8936585187912
.94552844762802
.94747966527939
.86878049373627
.94780486822128
.92341464757919
.93691056966782
.95593494176865
.92975610494614
.89983739455541
.93073171377182
.92325202624003
.96829267342885
.93593496084213
1.0043902397156
.89739835262299
.92829269170761
.84439025322596
.93186992406845
.89804877837499
.95252031087875
.96975610653559
.93951219320297
.89756097396215
.94813007116318
.94341462850571
.93089431524277
.8609756231308
.94243901968002
.91089433431625
.97105689843496
.90016257762909
.93024390935898
.90439025561015
.95495933294296
.90715446074804
.9406504034996
.95658534765244
.93691056966782
.90471543868383
.9526829123497
.90308942397436
.94894307851791
.93999999761581
.90861789385478
.9100813070933
.92601627111435
.94422763586044
.94178861379623
.90569104750951
.89235770702362
.89186990261078
.91333333651225
.89479672908783
.90032519896825
.96325202782949
.90569106737773
.8933333158493
.93008130788803
.95691055059433
.88943088054657
.88260161876678
.95934959252675
.89235770702362
.92520326375961
.91300813357035
.9495934844017
.87414634227753
.90878049532572
.94227641820908
1.039999961853
.96455285946528
.875772356987
.90048778057098
.93902438879013
.99430894851685
.90650405486425
.91186992327372
.92715446154277
.90357724825541
.9406504034996
.9409756064415
.96731706460317
.9320325255394
.95804876089096
.93674796819687
.93121951818466
.9530081152916
.91853660345078
.89121949672699
.90536584456762
.90552844603856
.96292682488759
.87772357463837
.91886178652445
.90878049532572
.9138211607933
.88666665554047
.91463416814804
.90894307692846
.86585366725922
.8816260099411
.92861789464951
.89121949672699
.95658534765244
.84682927529017
.91073173284531
.90357724825541
.9203252196312
.90991868575414
.97869920730591
.89268290996552
.93365854024887
.93105691671371
.88894309600194
.86227643489838
.87837398052216
.88081300258636
.92666667699814
.86243903636932
.93821138143539
.92113822698593
.88699185848236
.88601624965668
.97382114330928
.87447154521942
.89934959014257
.92829269170761
.84894309441249
.90260161956151
.86504065990448
.9035772283872
.87382113933563
.85008130470912
.86585366725922
.83284550905228
.84406505028407
.88520324230194
.86780488491058
.8816260099411
.87691056728363
.8609756231308
.91593497991562
.86552846431732
.86341464519501
.8222764134407
.89398372173309
.84243901570638
.93544715642929
.84764230251312
.89154469966888
.84048781792323
.90341460704803
.85707318782806
.85317073265711
.92520326375961
.84682927529017
.82081300020218
.8936585187912
.85756099224091
.92943090200424
.8785365819931
.82162600755692
.86439025402069
.85121953487396
.8609756231308
.89219510555267
.85317075252533
.79430896043777
.84991870323817
.86308944225311
.87983739376068
.86000001430511
.8108943104744
.82926827669144
.79772359132767
.82959349950155
.86650407314301
.87658536434174
.81349593400955
.85756099224091
.82195121049881
.82796746492386
.84585366646449
.8325203259786
.8606504201889
.85463416576385
.88829267024994
.77967478831609
.872682929039
.87967479228973
.85268292824427
.85560977458954
.78471545378367
.86845529079437
.81105691194534
.86276423931122
.85707318782806
.79821139574051
.80032521486282
.79804879426956
.87902438640594
.86308944225311
.8730081319809
.80065041780472
.80813008546829
.79674798250198
.81398373842239
.84910571575165
.80146342515945
.76894307136536
.79983741044998
.83008128404617
.8222764134407
.77414633830388
.8164227604866
.83447154362996
.79528454939524
.83203250169754
.82666665315628
.80032521486282
.85528455177943
.82048779726028
.79333335161209
.86796748638153
.78357724348704
.78569106260935
0
0
0
0
0
0
0
0
0
0
0
0
0
0
0
0
0
0
0
0
0
0
0
0
0
0
0
0
0
0
0
0
0
0
0
0
0
0
0
0
0
0
0
0
0
0
0
0
0
0
0
0
0
0
0
0
0
0
0
0
0
0
0
0
0
0
0
0
0
0
0
0
0
0
0
0
0
0
0
0
0
0
0
0
0
0
0
0
0
0
0
0
0
0
0
0
0
0
0
0
0
0
0
0
0
0
0
0
0
0
0
0
0
0
0
0
0
0
0
0
0
0
0
0
0
0
0
0
0
0
0
0
0
0
0
0
0
0
0
0
0
0
0
0
0
0
0
0
0
0
0
0
0
0
0
0
0
0
0
0
0
0
0
0
0
0
0
0
0
0
0
0
0
0
0
0
0
0
0
0
0
0
0
0
0
0
0
0
0
0
0
0
0
0
0
0
0
0
0
0
0
0
0
0
0
0
0
0
0
0
0
0
0
0
0
0
0
0
0
0
0
0
0
0
0
0
0
0
0
0
0
0
0
0
0
0
0
0
0
0
0
0
0
0
0
0
0
0
0
0
0
0
0
0
0
0
0
0
0
0
0
0
0
0
0
0
0
0
0
0
0
0
0
0
0
0
0
0
0
0
0
0
0
0
0
0
0
0
0
0
0
0
0
0
0
0
0
0
0
0
0
0
0
0
0
0
0
0
0
0
0
0
0
0
0
0
0
0
0
0
0
0
0
0
0
0
0
0
0
0
0
0
0
0
0
0
0
0
0
0
0
0
0
0
0
0
0
0
0
0
0
0
0
0
0
0
0
0
0
0
0
0
0
0
0
0
0
0
0
0
0
0
0
0
0
0
0
0
0
0
0
0
0
0
0
0
0
0
0
0
0
0
0
0
0
0
0
0
0
0
0
0
0
0
0
0
0
0
0
0
0
0
0
0
0
0
0
0
0
0
0
0
0
0
0
0
0
0
0
0
0
0
0
0
0
0
0
0
0
0
0
0
0
0
0
0
0
0
0
0
0
0
0
0
0
0
0
0
0
0
0
0
0
0
0
0
0
0
0
0
0
0
0
0
0
0
0
0
0
0
0
0
0
0
0
0
0
0
0
0
0
0
0
0
0
0
0
0
0
0
0
0
0
0
0
0
0
0
0
0
0
0
0
0
0
0
0
0
0
0
0
0
0
0
0
0
0
0
0
0
0
0
0
0
0
0
0
0
0
0
0
0
0
0
0
0
0
0
0
0
0
0
0
0
0
0
0
0
0
0
0
0
0
0
0
0
0
0
0
0
0
0
0
0
0
0
0
0
0
0
0
0
0
0
0
0
0
0
0
0
0
0
0
0
0
0
0
0
0
0
0
0
0
0
0
0
0
0
0
0
0
0
0
0
0
0
0
0
0
0
0
0
0
0
0
0
0
0
0
0
0
0
0
0
0
0
0
0
0
0
0
0
0
0
0
0
0
0
0
0
0
0
0
0
0
0
0
0
0
0
0
0
0
0
0
0
0
0
0
0
0
0
0
0
0
0
0
0
0
0
0
0
0
0
0
0
0
0
0
0
0
0
0
0
0
0
0
0
0
0
0
0
0
0
0
0
0
0
0
0
0
0
0
0
0
0
0
0
0
0
0
0
0
0
0
0
0
0
0
0
0
0
0
0
0
0
0
0
0
0
0
0
0
0
0
0
0
0
0
0
0
0
0
0
0
0
0
0
0
0
0
0
0
0
0
0
0
0
0
0
0
0
0
0
0
0
0
0
0
0
0
0
0
0
0
0
0
0
0
0
0
0
0
0
0
0
0
0
0
0
0
0
0
0
0
0
0
0
0
0
0
0
0
0
0
0
0
0
0
0
0
0
0
0
0
0
0
0
0
0
0
0
0
0
0
0
0
0
0
0
0
0
0
0
0
0
0
0
0
0
0
0
0
0
0
0
0
0
0
0
0
0
0
0
0
0
0
0
0
0
0
0
0
0
0
0
0
0
0
0
0
0
0
0
0
0
0
0
0
0
0
0
0
0
0
0
0
0
0
0
0
0
0
0
0
0
0
0
0
0
0
0
0
0
0
0
0
0
0
0
0
0
0
0
0
0
0
0
0
0
0
0
0
0
0
0
0
0
0
0
0
0
0
0
0
0
0
0
0
0
0
0
0
0
0
0
0
0
0
0
0
0
0
0
0
0
0
0
0
0
0
0
0
0
0
0
0
0
0
0
0
0
0
0
0
0
0
0
0
0
0
0
0
0
0
0
0
0
0
0
0
0
0
0
0
0
0
0
0
0
0
0
0
0
0
0
0
0
0
0
0
0
0
0
0
0
0
0
0
0
0
0
0
0
0
0
0
0
0
0
0
0
0
0
0
0
0
0
0
0
0
0
0
0
0
0
0
0
0
0
0
0
0
0
0
0
0
0
0
0
0
0
0
0
0
0
0
0
0
0
0
0
0
0
0
0
0
0
0
0
0
0
0
0
0
0
0
0
0
0
0
0
0
0
0
0
0
0
0
0
0
0
0
0
0
0
0
0
0
0
0
0
0
0
0
0
0
0
0
0
0
0
0
0
0
0
0
0
0
0
0
0
0
0
0
0
0
0
0
0
0
0
0
0
0
0
0
0
0
0
0
0
0
0
0
0
0
0
0
0
0
0
0
0
0
0
0
0
0
0
0
0
0
0
0
0
0
0
0
0
0
0
0
0
0
0
0
0
0
0
0
0
0
0
0
0
0
0
0
0
0
0
0
0
0
0
0
0
0
0
0
0
0
0
0
0
0
0
0
0
0
0
0
0
0
0
0
0
0
0
0
0
0
0
0
0
0
0
0
0
0
0
0
0
0
0
0
0
0
0
0
0
0
0
0
0
0
0
0
0
0
0
0
0
0
0
0
0
0
0
0
0
0
0
0
0
0
0
0
0
0
0
0
0
0
0
0
0
0
0
0
0
0
0
0
0
0
0
0
0
0
0
0
0
0
0
0
0
0
0
0
0
0
0
0
0
0
0
0
0
0
0
0
0
0
0
0
0
0
0
0
0
0
0
0
0
0
0
0
0
0
0
0
0
0
0
0
0
0
0
0
0
0
0
0
0
0
0
0
0
0
0
0
0
0
0
0
0
0
0
0
0
0
0
0
0
0
0
0
0
0
0
0
0
0
0
0
0
0
0
0
0
0
0
0
0
0
0
0
0
0
0
0
0
0
0
0
0
0
0
0
0
0
0
0
0
0
0
0
0
0
0
0
0
0
0
0
0
0
0
0
0
0
0
0
0
0
0
0
0
0
0
0
0
0
0
0
0
0
0
0
0
0
0
0
0
0
0
0
0
0
0
0
0
0
0
0
0
0
0
0
0
0
0
0
0
0
0
0
0
0
0
0
0
0
0
0
0
0
0
0
0
0
0
0
0
0
0
0
0
0
0
0
0
0
0
0
0
0
0
0
0
0
0
0
0
0
0
0
0
0
0
0
0
0
0
0
0
0
0
0
0
0
0
0
0
0
0
0
0
0
0
0
0
0
0
0
0
0
0
0
0
0
0
0
0
0
0
0
0
0
0
0
0
0
0
0
0
0
0
0
0
0
0
0
0
0
0
0
0
0
0
0
0
0
0
0
0
0
0
0
0
0
0
0
0
0
0
0
0
0
0
0
0
0
0
0
0
0
0
0
0
0
0
0
0
0
0
0
0
0
0
0
0
0
0
0
0
0
0
0
0
0
0
0
0
0
0
