.73066449165344
.70887798070908
.71732026338577
.72753268480301
.70561001698176
.71350761254629
.72235840559006
.71895424524943
.72126907110214
.72222222884496
.705337703228
.72671570380529
.71868193149567
.70806099971135
.72372003396352
.72154140472412
.71677559614182
.71255447467168
.71772875388463
.71677561601003
.72004357973735
.71895424524943
.71023966868718
.70955884456635
.7230392297109
.71895424524943
.72140522797902
.71663943926493
.71963506937027
.7227668762207
.72086058060328
.7230392297109
.71704792976379
.71636710564295
.7239923675855
.72058822711309
.7145969470342
.7238561908404
.71432463328044
.72821350892385
.72480936845144
.7135076324145
.71691177288691
.72480936845144
.72671568393707
.72358387708664
.72535403569539
.71555010477702
.72766882181168
.71772877375285
.70738017559052
.71514163414637
.72698803742727
.72263071934382
.71514161427816
.72235838572184
.71936275561651
.7239923675855
.72971131404241
.71800108750661
.7299836675326
.72099673748016
.71895426511765
.73080064853032
.73025600115458
.72004357973735
.7205882469813
.73052831490835
.72263071934382
.71377996603648
.73093682527542
.71092049280802
.7147331237793
.73420478900274
.72344770034154
.71486928065618
.72698801755905
.71609477202098
.72249454259872
.72834966580073
.72222222884496
.72317536671956
.72249456246694
.71663943926493
.72943900028865
.73406861225764
.7227668762207
.72154138485591
.73502178986867
.71895426511765
.71595861514409
.72494552532832
.721677561601
.71854575475057
.72998364766439
.73052831490835
.72372003396352
.7218137383461
.721677561601
.72549019257228
.72303920984268
.73434096574783
.72031591335932
.72562634944916
.7218137383461
.71663943926493
.71840959787369
.73393245538076
.71895424524943
.72208605209986
.73025600115458
.71486928065618
.72113289435705
.72480936845144
.71854575475057
.7169117530187
.72698801755905
.71255445480347
.71650326251984
.7145969470342
.71418845653534
.70942266782125
.72331154346466
.71677559614182
.72194989522298
.72753268480301
.71745642026265
.7227668762207
.72630719343821
.715822438399
.71704792976379
.7252178589503
.71418843666712
.72426472107569
.721677561601
.70601850748062
.71023964881897
.72263071934382
.71200978755951
.72086056073507
.72045207023621
.71650328238805
.70806099971135
.72399238745372
.71800108750661
.71214598417282
.73025598128637
.71691177288691
.71173747380575
.72794119517008
.71895424524943
.71868191162745
.72154140472412
.70738019545873
.72031591335932
.72549021244049
.73502178986867
.71813726425171
.71936275561651
.72235838572184
.71092047293981
.71786493062973
.72698801755905
.72140522797902
.72794117530187
.72671568393707
.72303920984268
.71473310391108
.71840957800547
.71977124611537
.71377994616826
.72549021244049
.72045207023621
.72208605209986
.72222222884496
.7156862616539
.71963508923848
.72549019257228
.71023964881897
.72698801755905
.73529412349065
.71309912204742
.7169117530187
.72453705469767
.71541392803192
.72058822711309
.72521787881851
.71160129706065
.71840957800547
.72549021244049
.70288670063019
.70942266782125
.71609477202098
.70356754461924
.70833331346512
.71772877375285
.70996731519699
.7136438091596
.71827344099681
.71010349194209
.71732026338577
.73025600115458
.71391612291336
.71909042199453
.72263071934382
.7122821410497
.72331154346466
.71813726425171
.71364378929138
.71663943926493
.72426470120748
.71541394790014
.72440085808436
.72971131404241
.72303920984268
.72072440385818
.72494554519653
.72739650805791
.72617101669312
.721677561601
.72181371847788
.72140522797902
.71650328238805
.73257080713908
.72004357973735
.72358387708664
.72086056073507
.71881810824076
.72072440385818
.71868191162745
.71745642026265
.71827344099681
.72780501842499
.71759259700775
.71977122624715
.72099673748016
.71677561601003
.7252178589503
.73311547438304
.70969500144323
.71309912204742
.72358387708664
.71527777115504
.71963506937027
.72576252619425
.71527777115504
.72004357973735
.72685186068217
.72494552532832
.72780499855677
.72549019257228
.72508170207342
.72372005383174
.72344772020976
.71555010477702
.72494552532832
.72916664679845
.71650326251984
.72154138485591
.72303920984268
.71813724438349
.71909040212631
.72794119517008
.72358387708664
.71963506937027
.73720041910807
.72480936845144
.72303918997447
.73760892947515
.72235838572184
.72440087795258
.72222222884496
.71119280656179
.7252178589503
.72440087795258
.715822438399
.70969498157501
.71364378929138
.73297929763794
.71745642026265
.76892699797948
.72576252619425
.72549021244049
.72698801755905
.72303920984268
.71977124611537
.72194987535477
.73052833477656
.72017973661423
.71909042199453
.72086058060328
.72426472107569
.72834968566895
.721677561601
.71745642026265
.71977122624715
.73025598128637
.71609479188919
.72222222884496
.73502178986867
.72031589349111
.71800108750661
.721677561601
.71309912204742
.72453705469767
.72467321157455
.72576252619425
.71813726425171
.72862199942271
.72031589349111
.72317538658778
.71786493062973
.71677559614182
.71241829792658
.72426470120748
.71350761254629
.71568628152212
.7241285443306
.72154138485591
.721677561601
.73257080713908
.71486928065618
.71881806850433
.72535403569539
.72017973661423
.71977124611537
.7301198442777
.71936275561651
.71296294530233
.72889433304469
.71486928065618
.72317536671956
.72140522797902
.71691177288691
.71800108750661
.71650328238805
.71023964881897
.71527777115504
.72017973661423
.73297929763794
.71309912204742
.72617101669312
.72426470120748
.71827342112859
.71922657887141
.72331154346466
.72017973661423
.71663941939672
.73270696401596
.71555010477702
.72317538658778
.72603485981623
.71813724438349
.73216231664022
.73093680540721
.72453701496124
.72753268480301
.72753266493479
.72358387708664
.72263071934382
.73148149251938
.72372003396352
.72821350892385
.73379629850388
.72208605209986
.72903048992157
.73093680540721
.72617101669312
.73297929763794
.73583879073461
.72113289435705
.71595861514409
.7310729821523
.72957517703374
.72303920984268
.74114922682444
.721677561601
.71282680829366
.72440087795258
.72140522797902
.72657952706019
.73202613989512
.7252178589503
.71745642026265
.72589870293935
.72984749078751
.72739652792613
.73011982440948
.7124183177948
.72303920984268
.7312091588974
.72154138485591
.71963508923848
.72494552532832
.72154140472412
.71936275561651
.72453703482946
.71160129706065
.7324346502622
.72086058060328
.73134531577428
.72685186068217
.72916666666667
.73747277259827
.72862199942271
.7229030529658
.72113291422526
.7238561908404
.72317538658778
.72657952706019
.72194989522298
.72385621070862
.71745642026265
.72467321157455
.7229030529658
.72726035118103
.72453703482946
.7393790880839
.74155773719152
.72957515716553
.73406863212585
.72480934858322
.72426472107569
.7205882469813
.72426470120748
.72126907110214
.71377996603648
.72181371847788
.71895424524943
.71677561601003
.721677561601
.71704792976379
.71868191162745
.72589870293935
.71636710564295
.72685184081395
.71623092889786
.72685186068217
.72086058060328
.73515794674555
.72549019257228
.71895424524943
.72984749078751
.71827342112859
.72263071934382
.72017973661423
.71663943926493
.73257082700729
.72045205036799
.71677561601003
.71949889262517
.72263071934382
.71418843666712
.72086058060328
.71636712551117
.71786493062973
.70928651094437
.71786493062973
.72222220897675
.71092047293981
.72004355986913
.72235838572184
.72154140472412
.72589868307114
.72426472107569
.71377996603648
.72617101669312
.72004357973735
.72194989522298
.72154138485591
.7239923675855
.71337143580119
.72263071934382
.72045207023621
.72140522797902
.72045207023621
.7322984735171
.71963506937027
.73025600115458
.72017975648244
.71555012464523
.71922657887141
.72099671761195
.71909040212631
.70955882469813
.72017975648244
.70983115832011
.71990740299225
.72630719343821
.71990740299225
.72004357973735
.7324346502622
.72263071934382
.72058822711309
.73842593034108
.72113289435705
.71555010477702
.72317538658778
.71854573488235
.71827340126038
.72480936845144
.71650328238805
.71813724438349
.7252178589503
.71255447467168
.71963506937027
.73229845364889
.72222220897675
.72549019257228
.72807735204697
.71636710564295
.71786493062973
.72249454259872
.72698801755905
.7238561908404
.72971133391062
.715822438399
.71650326251984
.72358387708664
.71323529879252
.7169117530187
.71650326251984
.72903050978978
.72099673748016
.72862199942271
.72589868307114
.71391612291336
.72630719343821
.72712419430415
.72276689608892
.72576252619425
.74169391393661
.72385621070862
.71745644013087
.73270698388418
.71895424524943
.7241285443306
.73216231664022
.71786493062973
.71963508923848
.72903048992157
.72222222884496
.72331154346466
.72644335031509
.7135076324145
.72726035118103
.72671568393707
.7252178589503
.72126905123393
.72562634944916
.72154140472412
.72984749078751
.72712417443593
.7227668762207
.72222220897675
.72004355986913
.72086056073507
.71949891249339
.72549019257228
.71405229965846
.71759259700775
.71827344099681
.71241829792658
.71691177288691
.71977122624715
.71909040212631
.71813726425171
.7239923675855
.70983113845189
.72889433304469
.72576250632604
.71881808837255
.71486928065618
.72045207023621
.71663941939672
.72480938831965
.72603483994802
.71609475215276
.70915033419927
.73270698388418
.71718408664068
.72494552532832
.71732026338577
.72630717357
.72222222884496
.71963506937027
.73597494761149
.72235838572184
.72589868307114
.72916666666667
.71800108750661
.72712417443593
.72589868307114
.72671570380529
.72331154346466
.73733659585317
.7169117530187
.72453703482946
.72726033131282
.72249456246694
.71500545740128
.73665577173233
.71977124611537
.72576250632604
.71854575475057
.71922657887141
.71827342112859
.72862199942271
.71446079015732
.72126907110214
.72385621070862
.72426470120748
.72194989522298
.73066447178523
.72617103656133
.71718410650889
.72031591335932
.72303920984268
.72072440385818
.73080066839854
.71909042199453
.72780499855677
.72589870293935
.72317538658778
.72222220897675
.72194989522298
.71840959787369
.71772875388463
.72535401582718
.71949889262517
.72290303309759
.72753268480301
.71051198244095
.71936273574829
.73679194847743
.71895424524943
.71623094876607
.72712417443593
.71282680829366
.72140522797902
.72208605209986
.70615468422572
.70846949021022
.71160131692886
.71704792976379
.72630717357
.71854575475057
.73665579160055
.72549019257228
.72031589349111
.73924291133881
.71868191162745
.73257080713908
.73611110448837
.72589870293935
.72535403569539
.73869826396306
.72317538658778
.72589868307114
.72712419430415
.71772875388463
.71895424524943
.73052831490835
.72794117530187
.72644333044688
.73679192860921
.71881808837255
.7310729821523
.73202613989512
.72657952706019
.72303920984268
.72576254606247
.71228212118149
.71963508923848
.70969500144323
.71909042199453
.72208605209986
.73148147265116
.7194989323616
.7229030529658
.71745642026265
.72099671761195
.72372003396352
.72589868307114
.7169117530187
.72671568393707
.72208605209986
.71922657887141
.71840957800547
.72412852446238
.70465685923894
.72086056073507
.72440085808436
.72685184081395
.71418843666712
.7169117530187
.72657952706019
.72004355986913
.73202613989512
.72780499855677
.72194989522298
.73611110448837
.72140522797902
.72385621070862
.72957515716553
.72099671761195
.72249456246694
.72698803742727
.73706426223119
.72181371847789
.72780501842499
.72113289435705
.71977124611537
.72657950719198
.72807733217875
.72372003396352
.71704792976379
.72889431317647
.72167754173279
.71595861514409
.72657952706019
.72508170207342
.71282678842545
.72154138485591
.72549019257228
.72821348905563
.73243463039398
.72031591335932
.71813724438349
.73257080713908
.72549019257228
.73270696401596
.72317538658778
.71895426511765
.721677561601
.73175378640493
.72126905123393
.72916666666667
.72657952706019
.72440087795258
.72562634944916
.72889433304469
.72630719343821
.7241285443306
.73134531577428
.72045207023621
.73148149251938
.71949891249339
.71772875388463
.7252178589503
.72467319170634
.71677559614182
.72181371847788
.73379627863566
.71105664968491
.7145969470342
.72903048992157
.72222222884496
.71092049280802
.72126907110214
.71146514018377
.71173747380575
.71704792976379
.7122821410497
.71555010477702
.71446079015732
.72644335031509
.70819717645645
.72004357973735
.73706426223119
.71187363068263
.72562634944916
.73093682527542
.71800108750661
.72385621070862
.7241285443306
.71010349194209
.71704792976379
.74114922682444
.71541394790014
.71936273574829
.72998364766439
.71895424524943
.72739652792613
.72766884167989
.71840957800547
.72045207023621
.73148149251938
.72630719343821
.72780499855677
.73080064853032
.71854573488235
.72726035118103
.72344770034154
.71922657887141
.73039213816325
.7322984735171
.72671568393707
.71977124611537
.73543028036753
.72303920984268
.72263071934382
.72657952706019
.71527777115504
.72521787881851
.72821348905563
.72072440385818
.72467319170634
.72780499855677
.71827342112859
.72222220897675
.73080064853032
.71309912204742
.72848584254583
.73052833477656
.72971133391062
.73502178986867
.72671568393707
.72358387708664
.732162296772
.73161764939626
.72331154346466
.72984749078751
.73515794674555
.72698801755905
.7332516113917
.73175380627314
.73379629850388
.73093682527542
.73039215803146
.73624726136525
.73706426223119
.73828975359599
.75517429908117
.74101306994756
.74496185779572
.75871459643046
.75013615687688
.74918301900228
.75381263097127
.75966775417328
.76007626454035
.76034857829412
.75217864910762
.77096949021022
.76865470409393
.77151415745417
.78363289435705
.79112199942271
.79343682527542
.79452613989512
.80841503540675
.80582787593206
.81290849049886
.82066994905472
.82094226280848
.82584422826767
.83183548847834
.83197166522344
.83551196257273
.85430284341176
.846677561601
.85784314076106
.86083879073461
.86015794674555
.86900871992111
.87704249223073
.87663400173187
.88861656188965
.8927015264829
.88602940241496
.88139977057775
.89133985837301
.89787580569585
.89188452561696
.89760349194209
.88494010766347
.8927015264829
.89910131692886
.87962963183721
.89460784196854
.89828431606293
.89188454548518
.89515250921249
.89474401871363
.88521240154902
.87717864910762
.89106752475103
.89133987824122
.88262526194255
.88412308692932
.89705882469813
.875
.87908496459325
.87200435002645
.87908496459325
.8668300708135
.8822167913119
.86574073632558
.87568082412084
.87826798359553
.85648147265116
.86873636643092
.87186819314957
.85185184081395
.84395424524943
.85934096574783
.85117101669312
.84531589349111
.85593680540721
.85049021244049
.8502178589503
.85947712262472
.84872005383174
.8479030529658
.84613289435705
.84095859527588
.83687363068263
.830337703228
.82693356275558
.81985294818878
.82516340414683
.81508713960648
.82216775417328
.82094226280848
.82039761543274
.80909585952759
.81290851036708
.79547929763794
.79561545451482
.79534312089284
.79234749078751
.7794117530187
.78485838572184
.77246733506521
.78145424524943
.77968410650889
.76511438687642
.76375271876653
.77450978755951
.76593136787415
.76443354288737
.76919937133789
.75381263097127
.75830608606338
.75885077317556
.75735292832057
.76171024640401
.75871459643046
.76279958089193
.74128540356954
.75844226280848
.75258713960648
.74564268191655
.75258713960648
.75639979044596
.75054466724396
.75422114133835
.76102942228317
.75354029734929
.75326796372732
.75885075330734
.7487745086352
.7595315972964
.75626361370087
.74060455958048
.74414487679799
.75163400173187
.74101306994756
.75381265083949
.75027233362198
.73515794674555
.75721677144369
.7510893146197
.74087691307068
.74101306994756
.74305556217829
.73311545451482
.73978757858276
.74223856131236
.72943900028865
.73366014162699
.73570261398951
.73379629850388
.74087691307068
.73624726136525
.72971133391062
.7346132795016
.75258713960648
.72930282354355
.72698803742727
.73134531577428
.72794115543365
.73447712262472
.74360020955404
.73229849338531
.73366012175878
.74196622769038
.72794117530187
.73120913902918
.73529412349065
.72589868307114
.74101306994756
.73624726136525
.73134531577428
.72440087795258
.73774508635203
.72848584254583
.72821348905563
.73897057771683
.73692810535431
.72875817616781
.74809366464615
.74428105354309
.73011982440948
.73638343811035
.74264707167943
.72480936845144
.72589868307114
.73420478900274
.73665577173233
.74237473805745
.73924293120702
.73325163125992
.73747277259827
.7429193854332
.72453703482946
.73120913902918
.73720043897629
.72753266493479
.72549019257228
.74019606908162
.72508170207342
.73434094587962
.73257080713908
.73284314076106
.73093682527542
.73624726136525
.73325163125992
.73965142170588
.73869826396306
.7393790880839
.73188998301824
.73379627863566
.71840957800547
.73011982440948
.73611112435659
.72971133391062
.73175380627314
.73502177000046
.72712417443593
.72998364766439
.72916666666667
.72875817616781
.73093680540721
.73311547438304
.7241285443306
.72235840559006
.73188998301824
.72467321157455
.72766884167989
.73039215803146
.72372005383174
.7241285443306
.72440087795258
.71745642026265
.72113289435705
.72943900028865
.72685186068217
.7335239648819
.73570261398951
.7393790880839
.71990742286046
.72971133391062
.73311547438304
.72739650805791
.73461329936981
.73311545451482
.72426472107569
.73502178986867
.73733659585317
.72943900028865
.73842591047287
.72794115543365
.72630717357
.73583877086639
.72630717357
.71909042199453
.71323527892431
.7299836675326
.72058822711309
.72508170207342
.72276689608892
.71051198244095
.71663943926493
.72916666666667
.72603485981623
.72657950719198
.72739650805791
.72031589349111
.72821348905563
.72930282354355
.715822438399
.72998364766439
.72875817616781
.72494554519653
.72412852446238
.72984751065572
.72889433304469
.73570261398951
.73474945624669
.71868191162745
.72780501842499
.7335239648819
.72317538658778
.72780499855677
.72657950719198
.72630717357
.72726035118103
.7416938940684
.71800110737483
.73148149251938
.72644335031509
.72971133391062
.72222220897675
.7299836675326
.72671566406886
.72712419430415
.73869824409485
.72739650805791
.7310729821523
.73447714249293
.73420478900274
.71350761254628
.73134531577428
.73120913902919
.72058822711309
.7252178589503
.72685184081395
.72017973661423
.73066447178523
.73760892947515
.72004355986913
.71827342112859
.72086058060328
.71677561601003
.72235838572184
.72998364766439
.71990740299225
.7252178589503
.72004357973735
.70955880482992
.72086058060328
.73202613989512
.71922657887141
.72494552532832
.72467321157455
.71745642026265
.71922657887141
.72453703482946
.71936275561651
.72480936845144
.7288943529129
.7230392297109
.72453703482946
.72181371847788
.7180010676384
.71105664968491
.72657950719198
.72208605209986
.71514163414637
.72181371847788
.715822438399
.71977124611537
.71990742286046
.7147331237793
.72140522797902
.73447714249293
.71936275561651
.72072440385818
.72154140472412
.71078431606293
.71214598417282
.71704792976379
.71527777115504
.71132898330688
.71732026338577
.70669937133789
.72072438398997
.7241285443306
.71813724438349
.71895424524943
.72589868307114
.73189000288645
.72943898042043
.72467321157455
.73148147265116
.72331152359645
.7229030529658
.72984749078751
.71704794963201
.72181371847788
.72303920984268
.72154138485591
.72753268480301
.73257080713908
.71772875388463
.72657952706019
.72712417443593
.71623094876607
.72712419430415
.71786491076152
.71718410650889
.72017975648244
.72834966580073
.71786493062973
.71949891249339
.721677561601
.71718410650889
.72031589349111
.72617101669312
.7229030529658
.73175382614136
.721677561601
.7229030529658
.72739650805791
.73406863212585
.72426470120748
.73284312089284
.73842591047287
.72712417443593
.73897057771683
.72726035118103
.73175380627314
.72494552532832
.72794117530187
.71881806850433
.73175380627314
.72984751065572
.72208605209986
.7227668762207
.72208605209986
.73665579160055
.72739652792613
.73216231664022
.72235838572184
.72875817616781
.72657952706019
.72208607196808
.73202613989512
.73788126309713
.72385621070862
.73638345797857
.73474943637848
.73066449165344
.71745644013087
.72031591335932
.72344772020976
.72058822711309
.72017973661423
.72126905123393
.71827342112859
.71977124611537
.72467319170634
.72331154346466
.71623092889786
.73202613989512
.72521787881851
.7252178589503
.72508170207342
.72099673748016
.72943900028865
.73529412349065
.71228212118149
.72535401582718
.72440085808436
.71895424524943
.72317536671956
.72998364766439
.71282678842545
.72630719343821
.73080064853032
.72235838572184
.72440085808436
.72589868307114
.72222220897675
.72426472107569
.72467321157455
.71827342112859
.72589868307114
.72099673748016
.71895424524943
.72440085808436
.73120913902919
.72017975648244
.72317538658778
.73611110448837
.72031591335932
.72698801755905
.71772875388463
.7310729821523
.72017973661423
.72875817616781
.72521787881851
.71922657887141
.72317536671956
.71173747380575
.71092047293981
.72344772020976
.71677559614182
.71568628152212
.71922655900319
.70629086097081
.71813724438349
.72303918997447
.72317538658778
.72126905123393
.7239923675855
.73297929763794
.72344772020976
.71840957800547
.72834968566895
.73937906821569
.72045205036799
.72372005383174
.71514161427816
.7145969470342
.72194987535477
.71827342112859
.71922657887141
.71854573488235
.72494552532832
.72194989522298
.72576252619425
.71595861514409
.71990740299225
.72426472107569
.71854575475057
.71759259700775
.7301198442777
.72140522797902
.71255445480347
.72630719343821
.71391612291336
.71446079015732
.72440087795258
.70792484283447
.72916668653488
.72807735204697
.7156862616539
.71786493062973
.72712419430415
.72943898042043
.72140524784724
.72630719343821
.7147331237793
.72031591335932
.7313453356425
.72535403569539
.72549019257228
.73161762952805
.72263069947561
.72617103656133
.72698801755905
.72222220897675
.72194989522298
.72957517703374
.71269063154856
.71854575475057
.72957515716553
.71854575475057
.71881806850433
.73270696401596
.72780501842499
.72549019257228
.7241285443306
.73311547438304
.72235838572184
.72440085808436
.72753268480301
.72589868307114
.72630717357
.73066449165344
.72344772020976
.72426472107569
.73188996315002
.70955882469813
.71949891249339
.72834968566895
.72467319170634
.71990740299225
.72875817616781
.72086058060328
.71623094876607
.72344772020976
.71813726425171
.72698801755905
.72971133391062
.72017973661423
.71718410650889
.72317538658778
.71282678842545
.72494554519653
.72780501842499
.72930284341176
.73502177000046
.72794117530187
.71555010477702
.72154138485591
.72317538658778
.72453703482946
.73393245538076
.73733659585317
.72617101669312
.72426468133926
.72943898042043
.7144607702891
.72017975648244
.73747275273005
.72358387708664
.72072440385818
.72222222884496
.72753268480301
.72562636931737
.73583877086639
.72821350892385
.72685186068217
.72821350892385
.72712419430415
.72862199942271
.72235838572184
.73011982440948
.72344770034154
.72685186068217
.72303920984268
.71691177288691
.72617103656133
.73325163125992
.71772877375285
.72753266493479
.73842593034108
.72045205036799
.71568628152212
.75680826107661
.72453703482946
.72099673748016
.72916666666667
.72862199942271
.72589868307114
.71868191162745
.71895424524943
.71514159440994
.72794117530187
.72344770034154
.72766884167989
.72807733217875
.71296296517054
.71500545740128
.72821350892385
.71391612291336
.71568628152212
.72467319170634
.71527777115504
.71854573488235
.72317538658778
.71486928065618
.72331154346466
.72862199942271
.7194989323616
.72889433304469
.72821350892385
.71446079015732
.72549019257228
.732162296772
.71963508923848
.72004357973735
.72508170207342
.7145969470342
.72453703482946
.72426470120748
.70724399884542
.71323527892431
.72249456246694
.71160131692886
.72017973661423
.73025600115458
.71555010477702
.72331154346466
.72222222884496
.71064815918605
.71949891249339
.71663943926493
.7122821410497
.70860566695531
.72235838572184
.70887798070908
.721677561601
.72562634944916
.72589870293935
.70928649107615
.73447712262472
.72834966580073
.72045205036799
.7238561908404
.72630719343821
.7205882469813
.71173747380575
.71377996603648
.70915033419927
.70860566695531
.72453703482946
.71963506937027
.72154138485591
.71691177288691
.71949889262517
.71623092889786
.7229030529658
.71555010477702
.72086056073507
.72372003396352
.72508170207342
.7252178589503
.72494554519653
.7252178589503
.71432461341222
.72099671761195
.71473310391108
.71650326251984
.73025600115458
.72113289435705
.72058822711309
.72726035118103
.71527777115504
.72113287448883
.73951524496078
.73066449165344
.7229030529658
.72685184081395
.72290303309759
.72031591335932
.72589868307114
.72780499855677
.72126907110214
.72862199942271
.72467321157455
.72617101669312
.73311547438304
.72208605209986
.72889433304469
.7322984735171
.71840957800547
.71772877375285
.72508170207342
.71949891249339
.71963506937027
.71909040212631
.71718408664068
.71732026338577
.71759259700775
.72140522797902
.72086058060328
.73148149251938
.73025600115458
.72167754173279
.73011982440948
.73733659585317
.72753268480301
.72644335031509
.71881806850433
.71990742286046
.72181371847789
.72576252619425
.71949891249339
.71949891249339
.72494554519653
.71827344099681
.73284314076106
.72834966580073
.71949891249339
.72862201929092
.72453703482946
.71309912204742
.72508170207342
.72194989522298
.71337147553762
.72235840559006
.71936273574829
.71323529879252
.72208605209986
.72821350892385
.72058822711309
.71922657887141
.715822438399
.72589870293935
.72249456246694
.72766884167989
.72031591335932
.72385623057683
.72971133391062
.71200980742772
.71541394790014
.7229030529658
.71541394790014
.70915033419927
.72072440385818
.71541394790014
.71023964881897
.71704792976379
.71772877375285
.70724399884542
.71786491076152
.715822438399
.70846951007843
.72467321157455
.71023964881897
.72031591335932
.7299836675326
.71296296517054
.72086058060328
.71813726425171
.72235840559006
.70424836874008
.72140522797902
.72617103656133
.71486928065618
.72712419430415
.73992373545965
.72549019257228
.72031591335932
.73148147265116
.71269063154856
.71677559614182
.72480936845144
.71732026338577
.71772875388463
.72617101669312
.71895424524943
.72834968566895
.73760890960693
.73011982440948
.72031591335932
.72794117530187
.72086056073507
.71949889262517
.73025600115458
.71718408664068
.72821350892385
.72208605209986
.71282680829366
.71922657887141
.72862199942271
.71745644013087
.72099673748016
.73420478900274
.7230392297109
.72821350892385
.72031591335932
.71500543753306
.71922659873962
.73679192860921
.7227668762207
.72140522797902
.72222220897675
.71990740299225
.72004355986913
.72780499855677
.71623094876607
.72943900028865
.72971131404241
.72685186068217
.72685186068217
.72984749078751
.72726035118103
.72331154346466
.72562634944916
.71405229965846
.72263069947561
.72998364766439
.71881808837255
.72140524784724
.72453703482946
.73270698388418
.71623092889786
.71595861514409
.72903050978978
.71051196257273
.71990740299225
.72739652792613
.71813724438349
.71568628152212
.72862197955449
.7136438091596
.71759259700775
.72331154346466
.71296296517054
.71718408664068
.73066449165344
.72385621070862
.71255445480347
.71963506937027
.71541394790014
.71813726425171
.72194989522298
.72017973661423
.72971133391062
.7229030529658
.71759259700775
.72004355986913
.72099671761195
.71909042199453
.71977124611537
.72821350892385
.72630719343821
.72113289435705
.72494552532832
.7229030529658
.72140522797902
.72440085808436
.72685186068217
.72807733217875
.72998364766439
.72780499855677
.72753268480301
.72017973661423
.71936275561651
.71854575475057
.7227668762207
.71691177288691
.71732026338577
.72194989522298
.70983115832011
.7218137383461
.72821350892385
.71146514018377
.72549019257228
.72753266493479
.71541392803192
.71949891249339
.71990742286046
.71650326251984
.72494552532832
.72113291422526
.71949891249339
.71772877375285
.72208607196808
.71609477202098
.71759259700775
.71732024351756
.7299836675326
.7252178589503
.71827342112859
.72344772020976
.71827342112859
.73066449165344
.72181371847788
.71636708577474
.71446079015732
.71990742286046
.71704792976379
.72644333044688
.72290303309759
.71514163414637
.7122821410497
.7239923675855
.71119280656179
.7218137383461
.71527779102325
.71214596430461
.71650324265162
.72440085808436
.70465685923894
.71323529879252
.72031591335932
.71146514018377
.71800108750661
.72440087795258
.71241829792658
.72807733217875
.72126907110214
.71881806850433
.71514161427816
.71609475215276
.7133714556694
.72794115543365
.73760892947515
.715822438399
.72140524784724
.72072438398997
.71990738312403
.71949891249339
.72739652792613
.7252178589503
.72576254606247
.71500545740128
.71623094876607
.72657952706019
.72875817616781
.72263071934382
.71704792976379
.72017973661423
.71377996603648
.72426472107569
.7219499150912
.72943900028865
.70874182383219
.72821350892385
.73243463039398
.72072440385818
.72412852446238
.72589870293935
.71541394790014
.72058822711309
.72235838572184
.71949891249339
.72576252619425
.72276689608892
.71936275561651
.72126905123393
.72617101669312
.715822438399
.7252178589503
.72943898042043
.71527777115504
.71105662981669
.72780501842499
.71704790989558
.72331154346466
.73066449165344
.72140522797902
.72276689608892
.72344772020976
.71677559614182
.71745644013087
.71963508923848
.71595859527588
.70874182383219
.72372005383174
.71173749367396
.72549021244049
.7252178589503
.72344772020976
.71486928065618
.72712419430415
.71650324265162
.71650326251984
.7299836675326
.71582241853078
.71364378929138
.72126907110214
.7229030529658
.73788126309713
.72113291422526
.7145969470342
.72154138485591
.72385623057683
.72317538658778
.72780501842499
.73039215803146
.71909040212631
.73080064853032
.73583879073461
.71377996603648
.73107300202052
.71772877375285
.73474945624669
.71718408664068
.72467319170634
.73679192860921
.72453705469767
.72181371847788
.73502178986867
.71745644013087
.72140522797902
.72930284341176
.72385621070862
.72657950719198
.73148149251938
.71759257713954
.72916666666667
.72235838572184
.71936275561651
.72140522797902
.73080066839854
.73080064853032
.72766884167989
.72930282354355
.71813726425171
.7205882469813
.72508170207342
.7145969470342
.71541394790014
.72017973661423
.71786491076152
.71881808837255
.7239923675855
.71745642026265
.721677561601
.72385621070862
.72222222884496
.72399238745372
.72916666666667
.72358389695485
.73311545451482
.72794119517008
.72426470120748
.72344772020976
.73270696401596
.71691177288691
.72031591335932
.72154140472412
.71745642026265
.71827342112859
.72004357973735
.72290303309759
.72045205036799
.72712419430415
.72630719343821
.72344770034154
.73325163125992
.72358387708664
.72126905123393
.7346132795016
.7239923675855
.72453703482946
.72589868307114
.74005989233653
.72766884167989
.72181371847788
.73747277259827
.72549021244049
.73611110448837
.7406045794487
.72358385721842
.73679192860921
.73025598128637
.72140524784724
.71405227979024
.73393245538076
.72235838572184
.7299836675326
.72644335031509
.72385621070862
.72589870293935
.71813724438349
.70656317472458
.70710784196854
.72235838572184
.71023966868718
.71173747380575
.7229030529658
.70669935146968
.72099673748016
.72535403569539
.71160131692886
.70860566695531
.71704792976379
.71010349194209
.72126905123393
.72889431317647
.71377996603648
.71759257713954
.71636710564295
.70969498157501
.72562634944916
.71323529879252
.70765250921249
.71241829792658
.72494554519653
.70438452561696
.71691177288691
.71922659873962
.71691177288691
.71990740299225
.72045209010442
.70424836874008
.70792482296626
.71064815918605
.70710784196854
.71595861514409
.71636710564295
.72004357973735
.72358387708664
.72099673748016
.71609477202098
.7144607702891
.71977124611537
.72671570380529
.7227668762207
.71609477202098
.72698801755905
.71636710564295
.71732028325399
.71609475215276
.70315905412038
.71500545740128
.71541396776835
.71446079015732
.70819717645645
.71514163414637
.71119280656179
.71078431606293
.7241285443306
.71119282643
.71051198244095
.70561001698176
.70111656188965
.69839324553808
.70969498157501
.71132898330688
.69539759556452
.69744008779526
.69989105065664
.69948256015778
.71160131692886
.70016340414683
.69730393091838
.69989107052485
.68287036816279
.69526143868764
.6875
.67892156044642
.68504901727041
.68940631548564
.68069173892339
.68082787593206
.67415577173233
.67415577173233
.6687091588974
.67075165112813
.6699346502622
.66081154346466
.65482026338577
.64746731519699
.63929738601049
.63466777404149
.62935727834702
.62826798359553
.62363833189011
.62186819314957
.60239652792613
.61968954404195
.590822438399
.57979303598404
.58605664968491
.5625
.56100219488144
.54942810535431
.51593138774236
.57924834887187
0
0
0
0
0
0
0
0
0
0
0
0
0
0
0
0
0
0
0
0
0
0
0
0
0
0
0
0
0
0
0
0
0
0
0
0
0
0
0
0
0
0
0
0
0
0
0
0
0
0
0
0
0
0
0
0
0
0
0
0
0
0
0
0
0
0
0
0
0
0
0
0
0
0
0
0
0
0
0
0
0
0
0
0
0
0
0
0
0
0
0
0
0
0
0
0
0
0
0
0
0
0
0
0
0
0
0
0
0
0
0
0
0
0
0
0
0
0
0
0
0
0
0
0
0
0
0
0
0
0
0
0
0
0
0
0
0
0
0
0
0
0
0
0
0
0
0
0
0
0
0
0
0
0
0
0
0
0
0
0
0
0
0
0
0
0
0
0
0
0
0
0
0
0
0
0
0
0
0
0
0
0
0
0
0
0
0
0
0
0
0
0
0
0
0
0
0
0
0
0
0
0
0
0
0
0
0
0
0
0
0
0
0
0
0
0
0
0
0
0
0
0
0
0
0
0
0
0
0
0
0
0
0
0
0
0
0
0
0
0
0
0
0
0
0
0
0
0
0
0
0
0
0
0
0
0
0
0
0
0
0
0
0
0
0
0
0
0
0
0
0
0
0
0
0
0
0
0
0
0
0
0
0
0
0
0
0
0
0
0
0
0
0
0
0
0
0
0
0
0
0
0
0
0
0
0
0
0
0
0
0
0
0
0
0
0
0
0
0
0
0
0
0
0
0
0
0
0
0
0
0
0
0
0
0
0
0
0
0
0
0
0
0
0
0
0
0
0
0
0
0
0
0
0
0
0
0
0
0
0
0
0
0
0
0
0
0
0
0
0
0
0
0
0
0
0
0
0
0
0
0
0
0
0
0
0
0
0
0
0
0
0
0
0
0
0
0
0
0
0
0
0
0
0
0
0
0
0
0
0
0
0
0
0
0
0
0
0
0
0
0
0
0
0
0
0
0
0
0
0
0
0
0
0
0
0
0
0
0
0
0
0
0
0
0
0
0
0
0
0
0
0
0
0
0
0
0
0
0
0
0
0
0
0
0
0
0
0
0
0
0
0
0
0
0
0
0
0
0
0
0
0
0
0
0
0
0
0
0
0
0
0
0
0
0
0
0
0
0
0
0
0
0
0
0
0
0
0
0
0
0
0
0
0
0
0
0
0
0
0
0
0
0
0
0
0
0
0
0
0
0
0
0
0
0
0
0
0
0
0
0
0
0
0
0
0
0
0
0
0
0
0
0
0
0
0
0
0
0
0
0
0
0
0
0
0
0
0
0
0
0
0
0
0
0
0
0
0
0
0
0
0
0
0
0
0
0
0
0
0
0
0
0
0
0
0
0
0
0
0
0
0
0
0
0
0
0
0
0
0
0
0
0
0
0
0
0
0
0
0
0
0
0
0
0
0
0
0
0
0
0
0
0
0
0
0
0
0
0
0
0
0
0
0
0
0
0
0
0
0
0
0
0
0
0
0
0
0
0
0
0
0
0
0
0
0
0
0
0
0
0
0
0
0
0
0
0
0
0
0
0
0
0
0
0
0
0
0
0
0
0
0
0
0
0
0
0
0
0
0
0
0
0
0
0
0
0
0
0
0
0
0
0
0
0
0
0
0
0
0
0
0
0
0
0
0
0
0
0
0
0
0
0
0
0
0
0
0
0
0
0
0
0
0
0
0
0
0
0
0
0
0
0
0
0
0
0
0
0
0
0
0
0
0
0
0
0
0
0
0
0
0
0
0
0
0
0
0
0
0
0
0
0
0
0
0
0
0
0
0
0
0
0
0
0
0
0
0
0
0
0
0
0
0
0
0
0
0
0
0
0
0
0
0
0
0
0
0
0
0
0
0
0
0
0
0
0
0
0
0
0
0
0
0
0
0
0
0
0
0
0
0
0
0
0
0
0
0
0
0
0
0
0
0
0
0
0
0
0
0
0
0
0
0
0
0
0
0
0
0
0
0
0
0
0
0
0
0
0
0
0
0
0
0
0
0
0
0
0
0
0
0
0
0
0
0
0
0
0
0
0
0
0
0
0
0
0
0
0
0
0
0
0
0
0
0
0
0
0
0
0
0
0
0
0
0
0
0
0
0
0
0
0
0
0
0
0
0
0
0
0
0
0
0
0
0
0
0
0
0
0
0
0
0
0
0
0
0
0
0
0
0
0
0
0
0
0
0
0
0
0
0
0
0
0
0
0
0
0
0
0
0
0
0
0
0
0
0
0
0
0
0
0
0
0
0
0
0
0
0
0
0
0
0
0
0
0
0
0
0
0
0
0
0
0
0
0
0
0
0
0
0
0
0
0
0
0
0
0
0
0
0
0
0
0
0
0
0
0
0
0
0
0
0
0
0
0
0
0
0
0
0
0
0
0
0
0
0
0
0
0
0
0
0
0
0
0
0
0
0
0
0
0
0
0
0
0
0
0
0
0
0
0
0
0
0
0
0
0
0
0
0
0
0
0
0
0
0
0
0
0
0
0
0
0
0
0
0
0
0
0
0
0
0
0
0
0
0
0
0
0
0
0
0
0
0
0
0
0
0
0
0
0
0
0
0
0
0
0
0
0
0
0
0
0
0
0
0
0
0
0
0
0
0
0
0
0
0
0
0
0
0
0
0
0
0
0
0
0
0
0
0
0
0
0
0
0
0
0
0
0
0
0
0
0
0
0
0
0
0
0
0
0
0
0
0
0
0
0
0
0
0
0
0
0
0
0
0
0
0
0
0
0
0
0
0
0
0
0
0
0
0
0
0
0
0
0
0
0
0
0
0
0
0
0
0
0
0
0
0
0
0
0
0
0
0
0
0
0
0
0
0
0
0
0
0
0
0
0
0
0
0
0
0
0
0
0
0
0
0
0
0
0
0
0
0
0
0
0
0
0
0
0
0
0
0
0
0
0
0
0
0
0
0
0
0
0
0
0
0
0
0
0
0
0
0
0
0
0
0
0
0
0
0
0
0
0
0
0
0
0
0
0
0
0
0
0
0
0
0
0
0
0
0
0
0
0
0
0
0
0
0
0
0
0
0
0
0
0
0
0
0
0
0
0
0
0
0
0
0
0
0
0
0
0
0
0
0
0
0
0
0
0
0
0
0
0
0
0
0
0
0
0
0
0
0
0
0
0
0
0
0
0
0
0
0
0
0
0
0
0
0
0
0
0
0
0
0
0
0
0
0
0
0
0
0
0
0
0
0
0
0
0
0
0
0
0
0
0
0
0
0
0
0
0
0
0
0
0
0
0
0
0
0
0
0
0
0
0
0
0
0
0
0
0
0
0
0
0
0
0
0
0
0
0
0
0
0
0
0
0
0
0
0
0
0
0
0
0
0
0
0
0
0
0
0
0
0
0
0
0
0
0
0
0
0
0
0
0
0
0
0
0
0
0
0
0
0
0
0
0
0
0
0
0
0
0
0
0
0
0
0
0
0
0
0
0
0
0
0
0
0
0
0
0
0
0
0
0
0
0
0
0
0
0
0
0
0
0
0
0
0
0
0
0
0
0
0
0
0
0
0
0
0
0
0
0
0
0
0
0
0
0
0
0
0
0
0
0
0
0
0
0
0
0
0
0
0
0
0
0
0
0
0
0
0
0
0
0
0
0
0
0
0
0
0
0
0
0
0
0
0
0
0
0
0
0
0
0
0
0
0
0
0
0
0
0
0
0
0
0
0
0
0
0
0
0
0
0
0
0
0
0
0
0
0
0
0
0
0
0
0
0
0
0
0
0
0
0
0
0
0
0
0
0
0
0
0
0
0
0
0
0
0
0
0
0
0
0
0
0
0
0
0
0
0
0
0
0
0
0
0
0
0
0
0
0
0
0
0
0
0
0
0
0
0
0
0
0
0
0
0
0
0
0
0
0
0
0
0
0
0
0
0
0
0
0
0
0
0
0
0
0
0
0
0
0
0
0
0
0
0
0
0
0
0
0
0
0
0
0
0
0
0
0
0
0
0
0
0
0
0
0
0
0
0
0
0
0
0
0
0
0
0
0
0
0
0
0
0
0
0
0
0
0
0
0
0
0
0
0
0
0
0
0
0
0
0
0
0
0
0
0
0
0
0
0
0
0
0
0
0
0
0
0
0
0
0
0
0
0
0
0
0
0
0
0
0
0
0
0
0
0
0
0
0
0
0
0
0
0
0
0
0
0
0
0
0
0
0
0
0
0
0
0
0
0
0
0
0
0
0
0
0
0
0
0
0
0
0
0
0
0
0
0
0
0
0
0
0
0
0
0
0
0
0
0
0
0
0
0
0
0
0
0
0
0
0
0
0
0
0
0
0
0
0
0
0
0
0
0
0
0
0
0
0
0
0
0
0
0
0
0
0
0
0
0
0
0
0
0
0
0
0
0
0
0
0
0
0
0
0
0
0
0
0
0
0
0
0
0
0
0
0
0
0
0
0
0
0
0
0
0
0
0
0
0
0
0
0
0
0
0
0
0
0
0
0
0
0
0
0
0
0
0
0
0
0
0
0
0
0
0
0
0
0
0
0
0
0
0
0
0
0
0
0
0
0
0
0
0
0
0
0
0
0
0
0
0
0
0
0
0
0
0
0
0
0
0
0
0
0
0
0
0
0
0
0
0
0
0
0
0
0
0
0
