.81593495607376
.78097560008367
.75544714927673
.78585364421209
.78195120890935
.77056908607483
.75934958457947
.79414633909861
.82081300020218
.78796748320262
.81739836931229
.75349593162537
.77382113536199
.80227643251419
.72910571098328
.80569106340408
.7926829457283
.75756096839905
.83447152376175
.82357722520828
.82243901491165
.77837397654851
.89512193202972
.82861789067586
.85479674736659
.77626013755798
.78943089644114
.82991870244344
.79024390379588
.78292685747147
.81967480977376
.82796746492386
.83268290758133
.84292682011922
.82682925462723
.82178860902786
.82504063844681
.79723578691483
.85414636135101
.90471543868383
.79626017808914
.85170731941859
.82325202226639
.8541463414828
.85203252236048
.88341464598974
.89414632320404
.81268292665482
.88959348201752
.85723578929901
.78439023097356
.81544715166092
.80000001192093
.85056910912196
.85658538341522
.84780486424764
.85317073265711
.79447154204051
.98292684555054
.80536586046219
.88520324230194
.83869918187459
.83707316716512
.85609755913417
.86341464519501
.84943087895711
.87284553050995
.8538211385409
.8489431142807
.91772357622782
.93999999761581
.90975610415141
.90878049532572
.85203250249227
.85252032677333
.89235770702362
.9069918791453
.89512195189794
.90650405486425
.90975610415141
.9468292593956
.85463416576385
.85414636135101
.89268290996552
.88341464598974
.84292682011922
.88926827907562
.89951219161352
.85040652751923
.84552846352259
.92731708288193
.90195121367772
.86585366725922
.87463414669037
.85349593559901
.89707314968109
.85398375988007
.88455283641815
.84878047307332
1.0435771942139
.9694309035937
.85138213634491
.92211383581161
.92829269170761
.8843902349472
.87138211727142
.87105691432953
.92569106817245
.90113820632299
.90260161956151
.93837398290634
.92829269170761
.94569104909897
.93886178731918
.91626018285751
.8843902349472
.92243903875351
.95804878075918
.87252032756805
.88341462612152
.92715448141098
1.1175609827042
.89252030849457
.90065040191015
.95430892705917
.90552844603856
.93528455495834
.93430894613266
.91951219240824
.89414634307226
1.04634141922
.88878047466278
.87333333492279
.90390243132909
.96682926019033
.91788617769877
.96829267342885
.97691057125727
1.0074796676636
.94813007116318
.9440650343895
.99626016616821
1.0017886161804
.98471546173096
.97430894772212
.97170732418696
.92504064242045
.91268293062846
.95154470205307
.93333333730698
.93105691671371
.97707317272822
.94390243291855
.90178861220678
.94943088293076
.90699185927709
.90878047545751
.92097562551498
.91772359609604
.95495935281118
.94731706380844
.87008130550385
.94699186086655
.96731708447138
.91560975710551
.94357722997665
.95333331823349
.9505691130956
.91967479387919
.93528455495834
.92780488729477
.91560977697372
.92439025640488
.91284553209941
.95999999841054
.92536586523056
.89024388790131
.92780488729477
.95349591970444
.86504065990448
.90894309679667
.91853656371435
.92016259829203
.88894307613373
.96861789623896
1.0217885971069
.90373984972636
1.0325202941895
.98048780361811
.93495935201645
.96975610653559
.92227643728256
.91626018285751
.89398372173309
.93121951818466
.91138209899267
.91479674975077
.91268293062846
.98715448379517
.86861789226532
.93691056966782
.93739837408066
.9230894446373
.91235772768656
.88991868495941
.98569107055664
.94227641820908
.92341464757919
.88390243053436
.92341464757919
.91040652990341
.92666667699814
1.0173983573914
.86764228343964
1.009105682373
.96504064400991
.88065040111542
.88650405406952
.93284553289413
.93121951818466
.97024391094844
.9474796851476
.91951219240824
.90861789385478
.91951219240824
.84878051280975
.99756097793579
.9317073225975
.98504066467285
.93609756231308
.88910567760468
.96552844842275
.92406505346298
.94243901968002
.94780486822128
.95707317193349
.93382114171982
.90292682250341
.92780488729477
.89560975631078
.97284553448359
.91235772768656
.9554471373558
.9406504034996
.98000001907349
.88910569747289
.93626016378403
.94617885351181
.95512193441391
.98016260067622
.92650407552719
.93056911230087
.89138211806615
.92390245199203
.9691057006518
.90130080779394
.93073171377182
.91495935122172
.90422763427099
.93577235937119
.94178861379623
.93999999761581
.92959348360697
.91382114092509
.91528457403183
.92878047625224
.91902440786362
.95560973882675
.93121951818466
.8754471540451
.95837398370107
.9499186873436
.96341464916865
.96601625283559
.93934959173203
.94341464837392
.89560973644257
.92910569906235
.93528455495834
.95772355794907
.99252033233643
.87821137905121
.98195123672485
.94260162115097
.91333335638046
.98894309997559
.94617885351181
.94487806161245
.95414634545644
.92146342992783
.91544717550278
.96243902047475
.93593496084213
.91056909163793
.92910569906235
.92097562551498
.92520326375961
.97365854183833
.95398374398549
.90373982985814
.8977235754331
.92178861300151
.95837396383286
.8785365819931
.9193495909373
.99869918823242
.9227642416954
.96406503518422
.97073169549306
1.0126829147339
.9406504034996
.97235771020253
.9347967505455
.94617885351181
.93365854024887
.86569106578827
.88455283641815
.94276422262192
.94666665792465
.94146341085434
.89398372173309
.90894309679667
.91105691591899
.92878049612045
1.0198373794556
.8933333158493
.92796748876572
.96715446313222
.97073169549306
.95983737707138
.91918700933456
.89886176586151
.95821138223012
.84959348042806
.91853660345078
.95886178811391
.94845527410507
.95756095647812
.96829269329707
.9320325255394
.91642276446025
.92634147405624
.95349591970444
.92959350347519
.99219512939453
.91609756151835
.91999999682109
.88455285628637
.8843902349472
.91203252474467
.89089431365331
.90520326296488
.98731708526611
.89934959014257
.96081300576528
.95658536752065
.95804878075918
.9626016219457
.93154472112656
.93382114171982
.93447154760361
.97902439037959
.95008130868276
.97951219479243
1.0034146308899
.98943090438843
1.0113821029663
.90552844603856
.93186992406845
.91333331664403
.91138211886088
.92682927846909
.92813009023666
.93626016378403
.8878048658371
.89609756072362
.94243901968002
.92504066228867
.90308942397436
.85447156429291
.88975608348846
.89479672908783
.99219512939453
.9465040564537
.97235773007075
.87138211727142
.88113820552826
.93349593877792
.95105689764023
.93398374319077
.92926830053329
.8964227437973
.93056911230087
.88813006877899
.93073171377182
.95203250646591
.96357723077138
.89902440706889
.87626016139984
.91983741521835
.93853658437729
.89756095409393
.91203252474467
.94536584615707
.93089431524277
.92227643728256
.86243903636932
1.1203252077103
.9790244102478
.9465040564537
.92991870641708
.92796748876572
.95886180798213
.94048780202866
.93089431524277
.92260164022446
.89056911071142
.8424390355746
.9069918791453
.90991868575414
.90487806002299
.92422765493393
.94731706380844
.87951219081879
.91089431444804
.96292682488759
.91788619756699
.9094308813413
.91170732180278
.90829269091288
.92910569906235
.92162603139877
.91479674975077
.92845529317856
.97170730431875
.90520324309667
.94471544027328
.93365854024887
.90731706221898
.87593495845795
.88292682170868
.93268293142319
.94390243291855
.89219510555267
.95723575353622
.92715448141098
.92813009023666
.94666667779287
.93105691671371
.94764228661855
.93934959173203
.9378861784935
.96178863445918
.90390243132909
1.0151219367981
.92471545934677
.96536586682002
.92552846670151
.91430894533793
.89756095409393
.91300815343857
.96016259988149
.91577237844467
.93528455495834
.9495934844017
.90569104750951
.94813007116318
.91170732180278
.93008130788803
.89105689525604
.92065042257309
.90894309679667
.9508943160375
.93235772848129
.97772357861201
.88634145259857
.9712194999059
.92747968435287
.89528453350067
.9162601629893
.90666667620341
.93918699026108
.92292684316635
.91414634386698
.86048779884974
.89398372173309
.88666665554047
.92780488729477
.87154471874237
.90845527251562
.91073169310888
.89382112026215
.94422763586044
.92650407552719
.97398374478022
.86000001430511
.9691057006518
.93121951818466
.92520326375961
.92780488729477
.93463414907455
.89560973644257
.89934959014257
.92227641741435
.93869918584824
.93317073583603
.93463414907455
.93821138143539
.94910567998886
.93626016378403
.86243903636932
.94666665792465
.92991870641708
.91495937108994
.93951219320297
.87447154521942
.95040649175644
.94585365056992
.9351219534874
.90650409460068
.90569106737773
.89252030849457
.91089433431625
.9252032438914
.9069918791453
.88211381435394
.94195121526718
.9069918791453
.93056911230087
.97073169549306
.91951221227646
.89674796660741
.93642276525497
.91837398211161
.88650405406952
.85235772530238
.90081302324931
.89170732100805
.97219510873159
.85235772530238
.89138209819794
.89349591732025
.89235770702362
.98243902126948
.92048780123393
.93463414907455
.94666665792465
.94845527410507
.91967479387919
.95967477560043
.90861789385478
.9073170820872
.92097562551498
.99902439117432
.96162601312002
.93008130788803
.95138210058212
.94130080938339
.95382112264633
.86975610256195
.94585365056992
.9351219534874
.90195121367772
.89756097396215
.9495934844017
.90032517910004
.91560977697372
.83333333333333
.96634145577749
.84991870323817
.9635772506396
.92373985052109
.92097562551498
.87414634227753
.90243901809057
.90666667620341
.9347967505455
.90471543868383
.92764228582382
.90975610415141
.89105689525604
.90991870562236
.95333331823349
.93967479467392
.91235772768656
.89447152614594
.86731708049774
.91691056887309
.96699188152949
.86243903636932
.93528455495834
.96065038442612
.94260162115097
.93317073583603
.89821137984594
.98650405804316
.9743089278539
.92390245199203
.90975610415141
.90260161956151
.9134959379832
.96341460943222
.90536586443583
.93626016378403
.91349591811498
.90308942397436
.91430896520615
.92650407552719
.85203252236048
.95349593957265
.90162601073583
.9258536696434
.93121951818466
.89983739455541
.94715446233749
.881951212883
.91268295049667
.91252032915751
.90601627031962
.94390243291855
.88943088054657
.95723577340444
.93430894613266
.91902440786362
.87999999523163
.89999997615814
.96422761678696
.95219510793686
.90048782030741
.86325204372406
.91512195269267
.96032520135244
.92065042257309
.93756097555161
.88796746730804
.90422763427099
.93691056966782
.8905690908432
.93040651082993
.90130080779394
.9261788725853
.83430894215902
.90146340926488
.85008130470912
.95105689764023
.92146342992783
.87918698787689
.92292684316635
.92796748876572
.92162601153056
.94504064321518
.90878049532572
.89073171218236
.93268293142319
.88666665554047
.91398376226425
.9687804778417
.85186990102132
.91398376226425
.91739839315414
.93430894613266
.91252034902573
.89040648937225
.90845529238383
.96975608666738
.94341462850571
.93869918584824
.92991870641708
.87203252315521
.9227642416954
.91024392843246
.87869918346405
.90422763427099
.92731708288193
.89886178572973
.92975610494614
.93154472112656
.96601625283559
.90617885192235
.88552846511205
.92325204610825
1.0019512176514
.86666667461395
.92975610494614
.88504064083099
.9066666563352
.94764226675034
.8479674855868
.93560975790024
.85902440547943
.94926828145981
.92081300417582
.89138209819794
.95837398370107
.94113820791245
.93837398290634
.93934959173203
.90959350268046
.91869918505351
.88975608348846
.90195121367772
.95999997854233
.95186990499496
.97008130947749
.93073171377182
.94569104909897
.93918699026108
.83707316716512
.92113822698593
.9687804778417
.87642276287079
.92747968435287
.91479676961899
.93333333730698
.9193495909373
.93560975790024
.86130082607269
.96097558736801
.89495935042699
.82341462373734
.92357724905014
.87560975551605
.87203252315521
.88081300258636
.93219512701035
.90016257762909
.86048781871796
.88308942317963
.94276422262192
.92341462771098
.92731708288193
.94178861379623
.8973983724912
.88926827907562
.91918700933456
.93999999761581
.96861787637075
.92487806081772
.93869918584824
.91268295049667
.89658534526825
.94829267263412
.9310568968455
.91170732180278
.90439025561015
.87333333492279
.9203252196312
.90504064162572
.94195121526718
.92243903875351
.97203252712886
.89105691512426
.95349591970444
.878861784935
.91170732180278
.91365853945414
.98682928085327
.90032519896825
.88178861141205
.89804875850677
.90065040191015
.90504064162572
.88991868495941
.89658534526825
.95837396383286
.85463414589564
.91577237844467
.92715448141098
.90747968355815
.95073171456655
.89284553130468
.91154472033183
.94878047704697
.85008130470912
.96585365136464
.90032519896825
.87609755992889
.89902438720067
.86699187755585
.88764228423437
.94813007116318
.85219514369965
.89235772689184
.85577237606049
.93398374319077
.92552846670151
.90178861220678
.93219512701035
.9141463637352
.94536584615707
.95528453588486
.94471544027328
.9941463470459
.9104065100352
.92113820711772
.89560973644257
.84813008705775
.88341462612152
.8609756231308
.85593497753143
.88504064083099
.88813006877899
.87869918346405
.91284553209941
.93837398290634
.89658536513646
.86764228343964
.82861787080765
.91284553209941
.89154469966888
.91203252474467
.87040650844574
.95707315206528
.99040651321411
.91073171297709
.87284553050995
.96682926019033
.89252032836278
.90552846590678
.91121951738993
.86569106578827
.87365853786469
.9100813070933
.87821137905121
.86861789226532
.8479674855868
.86617887020111
.93073171377182
.90341462691625
.91528455416362
.93999999761581
.8479674855868
.90487806002299
.87739837169647
.90048782030741
.91463414827983
.88975608348846
.8878048658371
.91560977697372
.88243901729584
.90357720851898
.8853658636411
.91967479387919
.91886178652445
.85902440547943
.88065040111542
.87821137905121
.90097560485204
.94032520055771
.88455283641815
.89869918425878
.86276423931122
.91365853945414
.92439025640488
.92536586523056
.89219512542089
.90780488650004
.83382111787796
1.0118699073792
.90260161956151
.88048779964447
.87073171138763
.94308942556381
.89219510555267
.92926830053329
.88926827907562
.93252032995224
.9317073225975
.87593495845795
.92504066228867
.91138211886088
.8411382039388
.92504066228867
.88829267024994
.91105691591899
.93869918584824
.92227643728256
.88097560405731
.93089431524277
.90390243132909
.91788619756699
.90536586443583
.91544717550278
.90162601073583
.90845527251562
.869593501091
.91853660345078
.86764228343964
.90861789385478
.84536586205165
.89967479308446
.87707316875458
.89983739455541
.94780486822128
.91804879903793
.90682927767436
.88715445995331
.95886178811391
.96292682488759
.91203252474467
.85902440547943
.87073171138763
.84747968117396
.88910567760468
.89235770702362
.87674796581268
.94422763586044
.83804875612259
.86943089962006
.91853660345078
.9261788725853
.85967481136322
.89967477321625
.91918698946635
.92243903875351
.83414634068807
.8905690908432
.88829267024994
.84585364659627
.89918698867162
.88731706142426
.86113822460175
.87349593639374
.93186992406845
.91691056887309
.92195121447245
.91658536593119
.84699187676112
.90113820632299
.86195123195648
.9141463637352
.83414632081985
.88308942317963
.83821137746175
.88178861141205
.91073171297709
.87999999523163
.93609756231308
.84195121129354
.84959350029627
.83983741203944
.82178860902786
.8222764134407
.89967479308446
.93707317113876
.90894309679667
.89479672908783
.89528455336889
.92195123434067
.90959348281225
.87382113933563
.878861784935
.88682925701141
.83918698628743
.91821140050888
.88585364818573
.94162601232529
.83544715245565
.86569106578827
.87609755992889
.89284551143646
.83691056569417
.85658538341522
.88130080699921
.89658538500468
.90634147326152
.85560977458954
.88601624965668
.89512193202972
.83626015981038
.9495934844017
.88617885112762
.86504065990448
.88032519817352
.88959348201752
.89707314968109
.85934960842133
.87967479228973
.92097562551498
.885691066583
.90878049532572
.87869918346405
.87447154521942
.8609756231308
.92504066228867
.94585365056992
.94243901968002
.80975610017776
.92341464757919
.89447152614594
.90813008944194
.88926827907562
.88048779964447
.86536586284637
.91154472033183
.87008130550385
.90861791372299
.91121951738993
.87056910991669
.88552844524384
.8640650510788
.85040650765101
.88666665554047
.8933333158493
.87837398052216
.85300815105438
.93674796819687
.89674796660741
.90455283721288
.89707316954931
.88227641582489
.85447156429291
.86943089962006
.87967479228973
.87723577022552
.8843902349472
.83967479070028
.89593493938446
.83983739217122
.87983739376068
.90943092107773
.87349593639374
.85235772530238
.86113822460175
.88373982906342
.91008132696152
.8640650510788
.91983741521835
.92845529317856
.87983739376068
.85252034664154
.91918700933456
.8847154378891
.89398374160131
.86097560326258
.83951218922933
.86829268932343
.88650405406952
.87691056728363
.87284553050995
.91300813357035
.86520326137543
.86699187755585
.85626016060511
.87967479228973
.86926829814911
.83999999364217
.91772357622782
.8346341252327
.84439025322596
.87073171138763
.87983739376068
.86292684078217
.86764228343964
.87317073345184
.86650407314301
.89138209819794
.8785365819931
.8606504201889
.92341464757919
.9230894446373
.82455283403397
.95837396383286
.82682927449544
.8943089445432
.85869920253754
.85430896282196
.84715447823207
.88032519817352
.80097562074661
.81349593400955
.84471545616786
.90682927767436
.89268292983373
.88666665554047
.85560975472132
.95707315206528
.81024390459061
.86032521724701
.89268290996552
.84097560246785
.87739837169647
.86211383342743
.86617887020111
.86504065990448
.90487802028656
.9200000166893
.84666667381922
.88975608348846
.8253658413887
.82796746492386
.89040648937225
.85512195030848
.93528455495834
.92406505346298
.8884552915891
.92146342992783
.88243901729584
.87365853786469
.84276421864827
.84504065910975
.86211383342743
.84569106499354
.90601627031962
.86422765254974
.85284552971522
.82943087816238
.83089429140091
.86195123195648
.87203252315521
.84845530986786
.92796748876572
.85756099224091
.87252032756805
.89024388790131
.88292684157689
.85170731941859
.89544713497162
.88146340847015
.85772359371185
.84585364659627
.91447154680888
.89658536513646
.84048779805501
.87382113933563
.91430894533793
.88373982906342
.86796748638153
.85642276207606
.89674796660741
.88081300258636
.86910569667816
.87333333492279
.83349593480428
.9200000166893
.85691058635712
.90682927767436
.88357722759247
.80211383104324
.89495935042699
.87479674816132
.87073171138763
.81203252077103
.8943089445432
.85918700695038
.91853660345078
.88113820552826
.84455285469691
.85495936870575
.82634145021439
.86113822460175
.86845529079437
.84357724587123
.87105691432953
.85398374001185
.85235774517059
.89788615703583
.83138209581375
.88504064083099
.88699187835058
.85528457164764
.85398374001185
.86032521724701
.78634146849314
.89040648937225
.87447154521942
.88813006877899
.82796746492386
.88097560405731
.83056908845901
.89040650924047
.86195123195648
.82520323991776
.82504063844681
.90406505266825
.88146340847015
.99089431762695
.91967479387919
.88243901729584
.80536586046219
.83479672670364
.87528455257416
.85951220989227
.8321951230367
.87707316875458
.80634146928787
.87918698787689
.82113820314407
.88682925701141
.85918700695038
.87447154521942
.84260161717733
.91186992327372
.81918698549271
.87382113933563
.85951219002406
.87691056728363
.89382112026215
.81918698549271
.86422765254974
.85349593559901
.79349595308304
.84130082527796
.8479674855868
.85268294811249
.85170731941859
.83560975392659
.85951220989227
.85252034664154
.83414632081985
.81317073106766
.9066666563352
.89138209819794
.91365855932236
.95349591970444
.84260163704554
.83853658040365
.81707316637039
.84081302086512
.84130082527796
.87219512462616
.86666667461395
.86520326137543
.93821138143539
.94081300497055
.98926830291748
1.039999961853
.89951219161352
.88682925701141
.91707319021225
.95349591970444
.92552846670151
.93609756231308
.95495935281118
.9317073225975
.97951221466064
.92162603139877
.94894307851791
.99853658676147
.9635772506396
.93853658437729
.90520324309667
.95056909322739
.95902438958486
.95170730352402
.9289430975914
1.0138211250305
.93040651082993
.92829269170761
1.0055284500122
.9190243879954
.99658536911011
.9320325255394
.9406504034996
.97186992565791
.95138210058212
.96471546093623
.96292680501938
.92715448141098
.9824390411377
.93300813436508
.93463414907455
.95853658517202
.95593494176865
.91333333651225
.98341464996338
.99040651321411
.99837398529053
.91674798727036
.9465040564537
.91186990340551
.97951219479243
.93967479467392
1.0066666603088
.95999999841054
.93154472112656
.91186992327372
.93853658437729
.96780488888423
.9941463470459
.97284555435181
.94910567998886
.93869918584824
.92341462771098
.91089431444804
.97739837567012
.94894307851791
.95593494176865
.95723577340444
.95756095647812
.98260164260864
.96894307931264
.92504066228867
.97024389108022
.86650407314301
.98780486981074
.96878049770991
.96520326534907
.94292682409286
.91951221227646
.97300815582275
.95512193441391
.93642276525497
.94390243291855
.94357722997665
1.0066666603088
.96764226754506
.95886178811391
.92975610494614
.98341464996338
.92731708288193
.9131707350413
.96422763665517
.90813008944194
.96439023812612
1.0334959030151
.92178863286972
.9378861784935
.95040649175644
.98813009262085
.96325202782949
.97951219479243
.98048782348633
.94471544027328
.91073171297709
.97008128960927
.96016259988149
1.0242276191711
.90813006957372
.95837396383286
.94048780202866
.92975610494614
1.0806504090627
.99658536911011
.95121949911118
.93739837408066
.91560975710551
.97203252712886
.94829267263412
.99024391174316
.91398376226425
.93382114171982
.93056911230087
.91821140050888
.96926830212275
1.0035772323608
.93105691671371
.93121951818466
.94325202703476
.97691059112549
1.0069918632507
.97365854183833
.95284551382065
.96341462930044
.96650407711665
.9261788725853
.96162601312002
.97479675213496
.97447154919306
.99495935440063
.90731706221898
.97382114330928
.99170732498169
.95967477560043
.94747966527939
.96487804253896
.91821140050888
.92113822698593
.9437398314476
1.0248780250549
.95138212045034
.93138211965561
.99268293380737
.9721951285998
1.0009756088257
.96292680501938
.98504066467285
.9824390411377
.91853658358256
.97609756390254
.93674796819687
.96764228741328
.96130081017812
.89317071437836
.96130081017812
.96243900060654
.97983739773432
.94894307851791
.99252033233643
.93934959173203
.97414634625117
.94552844762802
.94780486822128
.94747966527939
.9790244102478
.96747966607412
.95447152853012
.95154470205307
1.0097560882568
.93691056966782
.94764226675034
.97382114330928
.96975608666738
.95528453588486
.89626014232635
.92016261816025
.92764228582382
.92016261816025
1.0026016235352
.97284551461538
.95788615942001
.93186992406845
.94487804174423
.99951219558716
.93772357702255
.94634145498276
.93951219320297
.99804878234863
.93853658437729
.96211381753286
1.0263414382935
.9790244102478
1.0188617706299
1.0073170661926
.9200000166893
.99528455734253
1.0281300544739
.97170730431875
.96455283959707
.996910572052
1.0065040588379
.92113822698593
.97479675213496
1.0081300735474
.96325202782949
1.0790244340897
.99658536911011
.9230894446373
.97967481613159
.98813009262085
1.006016254425
.99626016616821
.97512197494507
1.0609756310781
.93268293142319
.98536586761475
1.0265040397644
1.0320324897766
1.0321950912476
1.0265040397644
.98910570144653
1.0588617722193
.98439025878906
.93934959173203
.97772359848022
1.0191869735718
.95691055059433
.96650405724843
.96292680501938
.9691057006518
.96780486901601
.9756097594897
1.0100812911987
1.0001626014709
1.0286178588867
.97674796978633
1.0549593369166
1.0105690956116
.96520324548086
.99138212203979
.98439025878906
1.0063414573669
1.0237398147583
1.0388617515564
1.0143089294434
1.0954471826553
1.0286178588867
1.070569117864
1.0478048721949
1.108943104744
1.0970731973648
1.1287804841995
1.1372357606888
1.1788617372513
1.1744715372721
1.2087805271149
1.1678048372269
1.2013008594513
1.3139837185542
1.2447154521942
1.3156097332637
1.2887804905574
1.4113820791245
1.354308962822
1.3237398465474
1.3704065084457
1.432682911555
1.4533333778381
1.4130080938339
1.4427642822266
1.4710569381714
1.4156097173691
1.4043902158737
1.4274796644847
1.3791869878769
1.3926829099655
1.3097560803096
1.2645528316498
1.2840650081635
1.3112195332845
1.2842276096344
1.276260137558
1.2117073535919
1.2004878123601
1.2390244007111
1.1599999666214
1.1429268121719
1.18097559611
1.1001626253128
1.1136585474014
1.139674782753
1.0684552590052
1.0546341339747
1.0146341323853
1.0505690574646
.98601627349854
1.0586991707484
1.090243935585
.98422765731812
1.0095934867859
1.0219511985779
.96097558736801
1.1229268312454
.98130081097285
1.0253658294678
.95886178811391
1.0128455162048
.99463415145874
.99073171615601
1.0144715309143
.97073171536128
1.0777236223221
1.0071544647217
1.0022764205933
.96910568078359
1.0255284309387
1.0086178779602
.98845527569453
.96617887417475
1.0177235603333
.99886178970337
.99333333969116
1.0300812721252
.97186992565791
.9499186873436
1.0352845191956
.95170730352402
.92487806081772
.99317073822021
.97284553448359
.99512195587158
1.0004878044128
.98308944702148
1.0056910514832
.95739835500717
1.0146341323853
.93934959173203
.98162601391474
.96975610653559
.97235773007075
1.0008130073547
.99967479705811
.98813009262085
1.0022764205933
.96276420354843
.96991868813833
1.0013008117676
.95691055059433
1.0004878044128
.92829269170761
.96455281972885
.98991870880127
.98341464996338
.96975610653559
1.0053658485413
.99056911468506
.99902439117432
.96422765652339
.95284553368886
.95804878075918
.96731706460317
1.0130081176758
.993821144104
.98048780361811
.96894309918086
.91934961080551
.97869918743769
.9409756064415
1.009268283844
.98195123672485
.94975608587265
.99089431762695
.90439023574193
.91983739535014
.95040649175644
.9042276541392
.96211381753286
.96585365136464
.9790244102478
.97024391094844
.99154472351074
.94308942556381
.96796747048696
.95512193441391
.98146343231201
.95349591970444
.97902439037959
.97414634625117
.96975610653559
.9406504034996
.9495934844017
.9595121939977
.94617885351181
.99512195587158
.95626016457876
1.0334959030151
.93739837408066
.99089431762695
.92325204610825
.9752845565478
.99349594116211
1.0679674943288
.94162601232529
.9752845565478
.92861789464951
.96097562710444
.93398374319077
.98617887496948
.93495935201645
.97300811608632
.9725203315417
.97951221466064
.95024389028549
.95869918664296
.9595121939977
.96878049770991
.95772357781728
.95983737707138
.96845529476802
.96666665871938
.98747968673706
.99934959411621
.96487804253896
.96861789623896
1.0199999809265
.91495937108994
.91934961080551
.95121949911118
.99577236175537
1.0094308853149
.94796746969223
.94617885351181
.96780488888423
.94780486822128
1.0219511985779
.91495937108994
.92130080858866
.96439023812612
.96406503518422
.94910567998886
.94227641820908
1
.96292682488759
.97089431683222
1.0058536529541
.98536586761475
.95398372411728
.92455285787582
.92504066228867
1.0175609588623
1.0281300544739
.92439025640488
.91349595785141
.98699188232422
.97723579406738
.96406505505244
.96991870800654
.91414634386698
.9656910498937
.98601625363032
.98813009262085
.97430896759033
1.0011382102966
.98715448379517
.96341460943222
.95349593957265
.92146342992783
.98585367202759
.98747968673706
.93837398290634
.96601625283559
.98682928085327
.97121951977412
.96520326534907
.98699188232422
.93707317113876
.92341464757919
.95463413000107
.95024391015371
1.0741463899612
.97463415066401
.97040651241938
.94520324468613
.97040651241938
.95934957265854
1.0713821649551
.99186992645264
.93186992406845
.89398372173309
.99219512939453
.94390243291855
1.0008130073547
1.0082926750183
.95902438958486
1.0032520294189
.9814634124438
.95447152853012
.96991870800654
.96195121606191
.98000001907349
1.0014634132385
.95300813515981
.98065042495728
.93252032995224
.93056911230087
.93804877996445
.98471546173096
.93918699026108
1.0172357559204
.93869918584824
.9289430975914
1.0252032279968
1.0211381912231
.93967479467392
.95235770940781
.97463415066401
.94943088293076
.96650407711665
1.0227642059326
1.0313820838928
.93382114171982
.9289430975914
1.0206503868103
.9526829123497
.98048782348633
.95365852117538
.90113820632299
.93642276525497
.98439025878906
.99739837646484
.92943090200424
1.0125203132629
.91560975710551
.99788618087769
.98910570144653
.95951217412949
.9378861784935
.9320325255394
.96292682488759
.9743089278539
.91463414827983
.97121951977412
.90666665633519
.94764226675034
.9585365653038
.94666665792465
.98097562789917
.96634145577749
.94260162115097
.9694309035937
.9684552748998
.97772357861201
1.021625995636
.97804880142212
.90585364898046
.9852032661438
.94813007116318
.92861789464951
.98585367202759
.94016259908676
.95219510793686
.94861787557602
.96341460943222
.94016259908676
.9230894446373
.97853660583496
.97382114330928
1.0458536148071
.93300813436508
.99739837646484
1.03089427948
1.0050406455994
.95365852117538
.95528455575307
.97186992565791
.94975608587265
.94975608587265
1.0004878242811
.98308940728505
.91544717550278
.9465040564537
.98406505584717
.89300811290741
.9691057006518
.96552844842275
.96439023812612
.89642276366552
.98292682568232
.93674796819687
1.0016260147095
.93869918584824
.97674798965454
.89170730113983
.97056911389033
.95756095647812
.95902440945307
.91219512621562
.99642276763916
.93495935201645
1.0055284500122
.97577238082886
.96552844842275
.96796747048696
.91138211886088
.97658536831538
.97626016537348
.91089431444804
.98422765731812
.94585365056992
.96195121606191
.94926828145981
.98276424407959
.96195121606191
.95918699105581
.93235772848129
.96422761678696
.97365854183833
1.0144715309143
.92926828066508
.97430894772212
1.037073135376
.95658536752065
.96146341164907
.92325204610825
.91674796740214
.96016258001328
.93626016378403
.97853658596675
.93934959173203
1.0271544456482
.97626016537348
.97430896759033
.97772359848022
1.0170731544495
1.0157723426819
.98764228820801
.97756099700928
.91951219240824
1.0006504058838
.98065042495728
.95821138223012
.9715447028478
.93691058953603
.96764228741328
.96585365136464
.90975610415141
.89788615703583
.93983739614487
.94699186086655
.97430894772212
.92227643728256
1.0360975265503
.93154472112656
1.0107316970825
.92926830053329
.95528455575307
.98504066467285
.97056911389033
.95219510793686
.9567479689916
.9465040564537
.95658536752065
.91268293062846
.9725203315417
.93609756231308
.96243902047475
.98097562789917
.98276424407959
1.0069918632507
.95723577340444
.98097560803095
.93154472112656
.91772359609604
.95333331823349
.97495937347412
.98325204849243
.94796746969223
.96146341164907
.97203252712886
1.0014634132385
.95918699105581
.93528455495834
.93430894613266
.96032520135244
.89999999602636
.96829269329707
.99121952056885
1.0086178779602
.99495935440063
.95837396383286
.96601625283559
.96357721090317
.98390245437622
.9790244102478
.97349594036738
.99089431762695
.97463415066401
.98455284039179
.93934959173203
.93951219320297
.95999999841054
.96585365136464
.98975610733032
.94357722997665
.96650407711665
.99398372570674
.93577235937119
.96926830212275
.95853658517202
.96520324548086
.94552846749624
1.0204877853394
.97788619995117
.91544717550278
.93691056966782
.99008131027222
.93869918584824
.96959348519643
1.0149593353271
.9759349822998
.92422765493393
.97934959332148
.96796747048696
.99512195587158
.95788615942001
1.003089427948
.96520326534907
.90569106737773
.93430894613266
.99235771099726
.93121951818466
.97642278671265
.94016259908676
1.0665040810903
.97154472271601
1
1.0034146308899
.92682927846909
.90195121367772
.96813007195791
.93121951818466
.94390243291855
.92081302404404
.94634145498276
.8874796628952
.98504064480464
.94455283880234
.95073169469833
.97300813595454
.9790244102478
.98569107055664
.98666667938232
.98455286026001
1.0065040588379
.95902438958486
.98878047863642
.93414634466171
1.0284552574158
.94390243291855
.96585365136464
1.0016260147095
.97723577419917
.9289430975914
.93463414907455
.98308944702148
.98032522201538
.91560977697372
.94439023733139
.9972357749939
.9530081152916
1.0029268264771
.9585365653038
.94178861379623
.98845529556274
.9721951285998
1.0014634132385
.9852032661438
.9261788725853
.96243902047475
.94455283880234
.96439023812612
.94861787557602
.97577236096064
.94130080938339
.91869920492172
.95512195428212
.90178861220678
.96829269329707
1.0144715309143
.94552844762802
.94081300497055
.98211381832759
.99967479705811
.98666667938232
.98536586761475
1.0021138191223
.96634145577749
.98764228820801
.94569104909897
.95479673147202
.94813007116318
.93821138143539
.94211381673813
.90341464678446
.91170732180278
.96471544106801
.94536584615707
.98699188232422
.94910569985708
.91447152694066
.96227639913559
.96065040429433
.95772355794907
.95593494176865
.92178863286972
.99463415145874
.98715448379517
.96048780282338
.95398372411728
.881951212883
.96162601312002
.98178861538569
.98455286026001
.95186990499496
.99235773086548
.89609756072362
.95999999841054
.90878047545751
.94455283880234
.96943088372548
.95382112264633
.9879674911499
.95756097634633
.98796747128169
1
.93918699026108
.96520324548086
1.0120325088501
.93723577260971
.92406505346298
.98845529556274
.97772357861201
.95739835500717
.98780488967896
.97886178890864
.98715448379517
.91252032915751
.96666665871938
.9465040564537
.92422765493393
.99560976028442
.9752845565478
.91658536593119
1.0167479515076
.89821137984594
.93544715642929
.98048780361811
.97170732418696
.93999999761581
.97869920730591
.9134959379832
.95626014471054
.92504066228867
.93300813436508
.96666665871938
.97138210137685
.96504064400991
.9663414756457
.90764228502909
.92666667699814
.92699187994003
1.0019512176514
.92845529317856
.97739837567012
1.0071544647217
.94146341085434
.97723577419917
.93398374319077
.91024390856425
1.0232520103455
.92373985052109
.91528455416362
.9440650343895
.95626014471054
.96552844842275
.97382114330928
.9317073225975
.92081302404404
.94585367043813
.9821138381958
.94926830132802
.96325202782949
.91577237844467
.95723575353622
.92878049612045
.96861787637075
.93365854024887
.95512193441391
.94032520055771
.99528455734253
.92504066228867
.97235773007075
.88016259670258
.92195123434067
.90747968355815
.97609756390254
.96747968594233
1.0239024162292
.92422765493393
.95398372411728
.93772357702255
.93642276525497
.91821140050888
.89723577102025
1.0014634132385
.9687804778417
.92650407552719
.98682928085327
.96341462930044
.94910567998886
.95317071676254
.9261788725853
.94422763586044
.93186992406845
.95837398370107
.94975608587265
.89382112026215
.9567479689916
.98195123672485
.92878049612045
.91642276446025
.90634147326152
.9694309035937
.91186992327372
.94357722997665
.9289430975914
.91626018285751
.93382114171982
.96357723077138
.98552846908569
.93349593877792
.96487804253896
.9746341307958
.9131707350413
.94520324468613
.96829269329707
.96634145577749
.92065040270487
.92569106817245
.94504064321518
.96373983224233
.90699185927709
.89495933055878
.96682926019033
.92780488729477
.92487806081772
1.0209755897522
.89219510555267
.94357722997665
.94341462850571
.96390243371328
.95512193441391
.86162602901459
.91642276446025
.95398372411728
.92487806081772
.96373983224233
.94569104909897
.92130080858866
.98341464996338
.86861789226532
.92146342992783
.9063414533933
.99121952056885
.93528455495834
.9320325255394
.96341462930044
.94780486822128
.92926830053329
.98650407791138
.89739835262299
.96471544106801
.93008130788803
.91495937108994
.95040649175644
.89951219161352
.85186994075775
.93723577260971
.97056911389033
.87691056728363
.89365853865941
.94634145498276
.95105689764023
.88178861141205
.9530081152916
.93577235937119
.93073171377182
.96211383740107
.92601627111435
.91707319021225
.92292684316635
.93414634466171
.97365854183833
.94926830132802
1.0004878044128
.9141463637352
.92926830053329
.86813008785248
.91886178652445
.91414634386698
.94325202703476
.98975610733032
.92991870641708
.90227641661962
.9258536696434
.96341460943222
.91869920492172
.88016259670258
.94585365056992
.92747966448466
.94601625204086
.89951221148173
.91951221227646
.91707319021225
.95170730352402
.90943090120951
.94081300497055
.96926830212275
.94926828145981
.92113822698593
.94130080938339
.90975610415141
.92520326375961
.95219510793686
.89170732100805
.91479676961899
.91479674975077
.95674794912338
.94520324468613
.92292684316635
.8905690908432
.91365853945414
.90991872549057
.91544715563456
.89577233791351
.9666666785876
.89642276366552
.91560977697372
.92065042257309
.96390241384506
.89008128643036
.90081300338109
.94731706380844
.90162601073583
.92471545934677
.93008130788803
.95040649175644
.89317071437836
.90699185927709
.95739835500717
1.0302438735962
.9712194999059
.87252032756805
.90650405486425
.93317073583603
1.0084552764893
.90764228502909
.93073171377182
.9258536696434
.91365853945414
.94471544027328
.97382114330928
.95951217412949
.94276422262192
.96260160207748
.95414632558823
.91951221227646
.96325200796127
.92097560564677
.89593495925268
.89382114013036
.91544717550278
.91837400197983
.88894307613373
.90536586443583
.92455285787582
.90715446074804
.90113818645477
.92081300417582
.91804877916972
.86113822460175
.90650405486425
.92065042257309
.89512195189794
.95430892705917
.86341464519501
.90227641661962
.92260164022446
.91707317034403
.92780488729477
.97967479626338
.91186992327372
.92243903875351
.95382114251455
.89658534526825
.86471545696259
.87934958934784
.90146340926488
.92601627111435
.86341464519501
.92601627111435
.93463414907455
.88211381435394
.89121949672699
.9691057006518
.89219510555267
.90585366884867
.95365852117538
.84829270839691
.91593497991562
.87447154521942
.89853658278783
.88016259670258
.8572357694308
.86113820473353
.85235774517059
.84373984734217
.88943088054657
.86617887020111
.8973983724912
.872682929039
.86829268932343
.91691056887309
.88081300258636
.86552846431732
.84991872310638
.87430894374847
.86845529079437
.92422765493393
.87707316875458
.88520324230194
.85983739296595
.89414632320404
.85804879665375
.84813008705775
.93382114171982
.85073173046112
.83723576863607
.89252030849457
.86845529079437
.91268293062846
.8905690908432
.82065039873123
.87414634227753
.86439025402069
.87008130550385
.89349591732025
.86910569667816
.78747967878977
.86016261577606
.85447156429291
.88991868495941
.84439023335775
.82178860902786
.8321951230367
.81024390459061
.82178860902786
.88910567760468
.86926829814911
.81756097078323
.84504063924154
.83203252156576
.83235772450765
.85691058635712
.82682925462723
.85723578929901
.85691058635712
.8847154378891
.78829270601273
.8843902349472
.88130080699921
.8606504201889
.85609757900238
.79934960603714
.85398375988007
.83544713258743
.85951220989227
.88926827907562
.7858536640803
.80308942000071
.80178862810135
.88276422023773
.85056908925374
.8905690908432
.80373984575272
.81560975313187
.79593497514725
.82715445756912
.82439023256302
.82504063844681
.77154471476873
.81869918107986
.83008128404617
.8352845509847
.77495934565862
.8164227604866
.83333331346512
.80276423692703
.82894307374954
.84065039952596
.79463414351145
.8668292760849
.82373984654744
.80260163545609
.86504065990448
.78764228026072
.78894311189651
0
0
0
0
0
0
0
0
0
0
0
0
0
0
0
0
0
0
0
0
0
0
0
0
0
0
0
0
0
0
0
0
0
0
0
0
0
0
0
0
0
0
0
0
0
0
0
0
0
0
0
0
0
0
0
0
0
0
0
0
0
0
0
0
0
0
0
0
0
0
0
0
0
0
0
0
0
0
0
0
0
0
0
0
0
0
0
0
0
0
0
0
0
0
0
0
0
0
0
0
0
0
0
0
0
0
0
0
0
0
0
0
0
0
0
0
0
0
0
0
0
0
0
0
0
0
0
0
0
0
0
0
0
0
0
0
0
0
0
0
0
0
0
0
0
0
0
0
0
0
0
0
0
0
0
0
0
0
0
0
0
0
0
0
0
0
0
0
0
0
0
0
0
0
0
0
0
0
0
0
0
0
0
0
0
0
0
0
0
0
0
0
0
0
0
0
0
0
0
0
0
0
0
0
0
0
0
0
0
0
0
0
0
0
0
0
0
0
0
0
0
0
0
0
0
0
0
0
0
0
0
0
0
0
0
0
0
0
0
0
0
0
0
0
0
0
0
0
0
0
0
0
0
0
0
0
0
0
0
0
0
0
0
0
0
0
0
0
0
0
0
0
0
0
0
0
0
0
0
0
0
0
0
0
0
0
0
0
0
0
0
0
0
0
0
0
0
0
0
0
0
0
0
0
0
0
0
0
0
0
0
0
0
0
0
0
0
0
0
0
0
0
0
0
0
0
0
0
0
0
0
0
0
0
0
0
0
0
0
0
0
0
0
0
0
0
0
0
0
0
0
0
0
0
0
0
0
0
0
0
0
0
0
0
0
0
0
0
0
0
0
0
0
0
0
0
0
0
0
0
0
0
0
0
0
0
0
0
0
0
0
0
0
0
0
0
0
0
0
0
0
0
0
0
0
0
0
0
0
0
0
0
0
0
0
0
0
0
0
0
0
0
0
0
0
0
0
0
0
0
0
0
0
0
0
0
0
0
0
0
0
0
0
0
0
0
0
0
0
0
0
0
0
0
0
0
0
0
0
0
0
0
0
0
0
0
0
0
0
0
0
0
0
0
0
0
0
0
0
0
0
0
0
0
0
0
0
0
0
0
0
0
0
0
0
0
0
0
0
0
0
0
0
0
0
0
0
0
0
0
0
0
0
0
0
0
0
0
0
0
0
0
0
0
0
0
0
0
0
0
0
0
0
0
0
0
0
0
0
0
0
0
0
0
0
0
0
0
0
0
0
0
0
0
0
0
0
0
0
0
0
0
0
0
0
0
0
0
0
0
0
0
0
0
0
0
0
0
0
0
0
0
0
0
0
0
0
0
0
0
0
0
0
0
0
0
0
0
0
0
0
0
0
0
0
0
0
0
0
0
0
0
0
0
0
0
0
0
0
0
0
0
0
0
0
0
0
0
0
0
0
0
0
0
0
0
0
0
0
0
0
0
0
0
0
0
0
0
0
0
0
0
0
0
0
0
0
0
0
0
0
0
0
0
0
0
0
0
0
0
0
0
0
0
0
0
0
0
0
0
0
0
0
0
0
0
0
0
0
0
0
0
0
0
0
0
0
0
0
0
0
0
0
0
0
0
0
0
0
0
0
0
0
0
0
0
0
0
0
0
0
0
0
0
0
0
0
0
0
0
0
0
0
0
0
0
0
0
0
0
0
0
0
0
0
0
0
0
0
0
0
0
0
0
0
0
0
0
0
0
0
0
0
0
0
0
0
0
0
0
0
0
0
0
0
0
0
0
0
0
0
0
0
0
0
0
0
0
0
0
0
0
0
0
0
0
0
0
0
0
0
0
0
0
0
0
0
0
0
0
0
0
0
0
0
0
0
0
0
0
0
0
0
0
0
0
0
0
0
0
0
0
0
0
0
0
0
0
0
0
0
0
0
0
0
0
0
0
0
0
0
0
0
0
0
0
0
0
0
0
0
0
0
0
0
0
0
0
0
0
0
0
0
0
0
0
0
0
0
0
0
0
0
0
0
0
0
0
0
0
0
0
0
0
0
0
0
0
0
0
0
0
0
0
0
0
0
0
0
0
0
0
0
0
0
0
0
0
0
0
0
0
0
0
0
0
0
0
0
0
0
0
0
0
0
0
0
0
0
0
0
0
0
0
0
0
0
0
0
0
0
0
0
0
0
0
0
0
0
0
0
0
0
0
0
0
0
0
0
0
0
0
0
0
0
0
0
0
0
0
0
0
0
0
0
0
0
0
0
0
0
0
0
0
0
0
0
0
0
0
0
0
0
0
0
0
0
0
0
0
0
0
0
0
0
0
0
0
0
0
0
0
0
0
0
0
0
0
0
0
0
0
0
0
0
0
0
0
0
0
0
0
0
0
0
0
0
0
0
0
0
0
0
0
0
0
0
0
0
0
0
0
0
0
0
0
0
0
0
0
0
0
0
0
0
0
0
0
0
0
0
0
0
0
0
0
0
0
0
0
0
0
0
0
0
0
0
0
0
0
0
0
0
0
0
0
0
0
0
0
0
0
0
0
0
0
0
0
0
0
0
0
0
0
0
0
0
0
0
0
0
0
0
0
0
0
0
0
0
0
0
0
0
0
0
0
0
0
0
0
0
0
0
0
0
0
0
0
0
0
0
0
0
0
0
0
0
0
0
0
0
0
0
0
0
0
0
0
0
0
0
0
0
0
0
0
0
0
0
0
0
0
0
0
0
0
0
0
0
0
0
0
0
0
0
0
0
0
0
0
0
0
0
0
0
0
0
0
0
0
0
0
0
0
0
0
0
0
0
0
0
0
0
0
0
0
0
0
0
0
0
0
0
0
0
0
0
0
0
0
0
0
0
0
0
0
0
0
0
0
0
0
0
0
0
0
0
0
0
0
0
0
0
0
0
0
0
0
0
0
0
0
0
0
0
0
0
0
0
0
0
0
0
0
0
0
0
0
0
0
0
0
0
0
0
0
0
0
0
0
0
0
0
0
0
0
0
0
0
0
0
0
0
0
0
0
0
0
0
0
0
0
0
0
0
0
0
0
0
0
0
0
0
0
0
0
0
0
0
0
0
0
0
0
0
0
0
0
0
0
0
0
0
0
0
0
0
0
0
0
0
0
0
0
0
0
0
0
0
0
0
0
0
0
0
0
0
0
0
0
0
0
0
0
0
0
0
0
0
0
0
0
0
0
0
0
0
0
0
0
0
0
0
0
0
0
0
0
0
0
0
0
0
0
0
0
0
0
0
0
0
0
0
0
0
0
0
0
0
0
0
0
0
0
0
0
0
0
0
0
0
0
0
0
0
0
0
0
0
0
0
0
0
0
0
0
0
0
0
0
0
0
0
0
0
0
0
0
0
0
0
0
0
0
0
0
0
0
0
0
0
0
0
0
0
0
0
0
0
0
0
0
0
0
0
0
0
0
0
0
0
0
0
0
0
0
0
0
0
0
0
0
0
0
0
0
0
0
0
0
0
0
0
0
0
0
0
0
0
0
0
0
0
0
0
0
0
0
0
0
0
0
0
0
0
0
0
0
0
0
0
0
0
0
0
0
0
0
0
0
0
0
0
0
0
0
0
0
0
0
0
0
0
0
0
0
0
0
0
0
0
0
0
0
0
0
0
0
0
0
0
0
0
0
0
0
0
0
0
0
0
0
0
0
0
0
0
0
0
0
0
0
0
0
0
0
0
0
0
0
0
0
0
0
0
0
0
0
0
0
0
0
0
0
0
0
0
0
