.81040650606155
.76569104194641
.75235772132874
.7895935177803
.77349593242009
.78455285231272
.76650404930115
.78926831483841
.8195121884346
.77235772212346
.8167479634285
.75138211250305
.77235770225525
.79707318544388
.71853657563527
.81121951341629
.79040650526683
.75804877281189
.82552844285965
.83186992009481
.83544713258743
.7762601574262
.88699185848236
.8232520421346
.86260161797206
.77154469490051
.78048781553904
.83853658040365
.7790243824323
.7917073170344
.8284552693367
.81008130311966
.82520323991776
.84243901570638
.83528453111649
.81804877519608
.8133333325386
.80959349870682
.83869918187459
.90439025561015
.80243903398514
.83544715245565
.81999999284744
.84357724587123
.83398373921712
.87772357463837
.89707314968109
.79495934645335
.87691056728363
.86178863048553
.76308941841125
.8321951230367
.80845528841019
.85056910912196
.85934958855311
.84585364659627
.86162602901459
.80552846193314
.98731708526611
.81691056489944
.8874796628952
.83951218922933
.84715449810028
.8479674855868
.86276423931122
.84552844365438
.86650407314301
.86585366725922
.84764228264491
.9193495909373
.93252032995224
.8946341474851
.90780488650004
.85252032677333
.85756097237269
.89707314968109
.89609754085541
.89235770702362
.9045528570811
.91138211886088
.93430894613266
.8541463414828
.85398375988007
.88585364818573
.86113822460175
.84650407234828
.89560975631078
.89626014232635
.83869920174281
.85008132457733
.91902440786362
.90130080779394
.87008130550385
.89723577102025
.85447154442469
.87609755992889
.87560975551605
.88113820552826
.83674796422323
1.0530081192652
.97089431683222
.85593495766322
.91837400197983
.92829269170761
.88634145259857
.88260161876678
.86048781871796
.92487806081772
.91089431444804
.88975608348846
.92943090200424
.92406505346298
.94520324468613
.94504064321518
.92032519976298
.88796746730804
.91821140050888
.96308942635854
.88455283641815
.89073171218236
.92130082845688
1.1134959459305
.89918698867162
.88894309600194
.95560973882675
.89365853865941
.92878049612045
.93544715642929
.93284553289413
.88065040111542
1.0302438735962
.88764228423437
.87333333492279
.89056911071142
.96520324548086
.9110569357872
.95024389028549
.97268293301264
.99121952056885
.95756095647812
.96065042416255
1.0048780441284
.99430894851685
.97853658596675
.96991868813833
.96081300576528
.92796748876572
.9351219534874
.94910567998886
.93235772848129
.92682927846909
.9721951285998
.94504064321518
.90406503280004
.96048778295517
.90341462691625
.90455283721288
.93089431524277
.91821138064067
.9598373969396
.93691056966782
.88243901729584
.95983741680781
.95674794912338
.92130082845688
.92975610494614
.93398374319077
.94260162115097
.90178863207499
.94455283880234
.91528455416362
.91430896520615
.91837398211161
.91203252474467
.97430894772212
.91609756151835
.8816260099411
.93642276525497
.95333331823349
.87756097316742
.90097560485204
.92260162035624
.91804879903793
.87073171138763
.97073171536128
1.021625995636
.90520326296488
1.0328454971313
.97577236096064
.93999999761581
.95317071676254
.92845529317856
.9091056783994
.89869918425878
.92601627111435
.90552844603856
.90747968355815
.9001625974973
.97495935360591
.86878049373627
.93349593877792
.91495935122172
.92048782110214
.92308942476908
.89203252394994
.9684552748998
.93886178731918
.91528457403183
.87739837169647
.92243901888529
.89821137984594
.93235772848129
1.0105690956116
.87382113933563
1.0180487632751
.96975608666738
.88113820552826
.885691066583
.93447154760361
.93821138143539
.96406501531601
.95186990499496
.91934961080551
.91560975710551
.91869920492172
.83333331346512
1.0099186897278
.93219512701035
.99073171615601
.94699186086655
.88585364818573
.95886178811391
.93560975790024
.94504064321518
.95495933294296
.95560973882675
.93495935201645
.90878049532572
.91739837328593
.8843902349472
.96991870800654
.90178861220678
.96276422341665
.93691056966782
.97414634625117
.90650405486425
.94195121526718
.94682927926381
.96081298589706
.97837400436401
.9258536696434
.92227643728256
.8933333158493
.92422765493393
.98504066467285
.89853656291962
.91447152694066
.92552846670151
.89577235778173
.93902438879013
.94390243291855
.93463414907455
.94569104909897
.90682925780614
.89886178572973
.92113822698593
.90341462691625
.95073171456655
.91674796740214
.88260161876678
.94991870721181
.93918699026108
.96097562710444
.96780488888423
.93674796819687
.96292682488759
.89691056807836
.93934959173203
.92780488729477
.95008128881454
.99300813674927
.87707316875458
.99853658676147
.96178861459096
.9193495909373
.98845529556274
.94747966527939
.9320325255394
.98081302642822
.92341464757919
.93105691671371
.96422763665517
.93495935201645
.92227643728256
.92959350347519
.91430892546972
.94113820791245
.9564227660497
.9526829123497
.89544715483983
.89609754085541
.91430894533793
.95186990499496
.87788617610931
.91967481374741
.99040651321411
.92520326375961
.97089429696401
.97138210137685
.99886178970337
.93593496084213
.96991868813833
.92991870641708
.93707317113876
.93317073583603
.86878049373627
.88325202465057
.94731706380844
.94569104909897
.95349591970444
.88878047466278
.91560977697372
.9162601629893
.92780488729477
1.0022764205933
.90910569826762
.92634147405624
.96861789623896
.96845529476802
.95203250646591
.92243901888529
.89138209819794
.95853658517202
.84601624806722
.9162601629893
.95902436971664
.95626016457876
.94617885351181
.97528453667959
.93073171377182
.92097560564677
.92520326375961
.95430892705917
.92764228582382
.98780486981074
.91642278432846
.91837400197983
.88487803936005
.89430892467499
.9094308813413
.90081300338109
.9001625974973
.99317073822021
.90536586443583
.95252033074697
.95626016457876
.95918697118759
.97089431683222
.92357724905014
.92650407552719
.92845529317856
.97154472271601
.95593494176865
.9725203315417
1.0177235603333
.98048782348633
1.0242276191711
.91512195269267
.93268293142319
.9138211607933
.9193495909373
.91837400197983
.9351219534874
.93089431524277
.88536584377289
.90081300338109
.93951219320297
.92504066228867
.89544715483983
.86780488491058
.89886178572973
.89024388790131
.98959348599116
.9478048880895
.95999997854233
.87983739376068
.88243901729584
.93902438879013
.95008128881454
.92260164022446
.93089431524277
.90146340926488
.92195123434067
.88325202465057
.9289430975914
.94422763586044
.9684552748998
.8847154378891
.87073171138763
.92178863286972
.95560973882675
.90065040191015
.90845527251562
.95170730352402
.91967479387919
.9230894446373
.87008130550385
1.1213008165359
.986991862456
.93918699026108
.92032519976298
.91577235857646
.93821138143539
.94390243291855
.94048780202866
.91560975710551
.88764228423437
.85284552971522
.90081300338109
.90894307692846
.90390245119731
.93089431524277
.94422763586044
.88878047466278
.89382112026215
.95495933294296
.90650405486425
.89040650924047
.90455283721288
.89642276366552
.93414634466171
.91609756151835
.90178861220678
.92650407552719
.96081300576528
.89999997615814
.94699186086655
.9409756064415
.89170732100805
.87024390697479
.87658536434174
.93056911230087
.9406504034996
.88959348201752
.95008128881454
.93333333730698
.92276422182719
.95154472192128
.92747968435287
.94390243291855
.93024390935898
.94032520055771
.95756095647812
.89609754085541
1.0110569000244
.91886180639267
.97609756390254
.92373985052109
.91804879903793
.90146340926488
.90097558498383
.95593494176865
.9138211607933
.9258536696434
.94308942556381
.91056911150614
.94552844762802
.90471543868383
.92878049612045
.8964227437973
.91577235857646
.90699185927709
.94455283880234
.92341464757919
.98032522201538
.88178861141205
.9821138381958
.92504066228867
.89869918425878
.91333333651225
.90065040191015
.94829267263412
.9351219534874
.90845527251562
.86845529079437
.89219512542089
.87089431285858
.92991870641708
.86569106578827
.89821135997772
.91089431444804
.90032519896825
.94178861379623
.92878049612045
.97414636611938
.86227643489838
.95756095647812
.93121951818466
.93056911230087
.92520326375961
.9258536696434
.87869918346405
.8847154378891
.90585364898046
.92926830053329
.92373985052109
.92845529317856
.92682927846909
.93235772848129
.93934959173203
.86634147167206
.96536586682002
.9440650343895
.91853660345078
.94162601232529
.88829267024994
.96617885430654
.9409756064415
.93772357702255
.90975610415141
.90373982985814
.88341462612152
.91105691591899
.93756097555161
.9035772283872
.88325202465057
.9468292593956
.88959348201752
.92926830053329
.97056911389033
.91414634386698
.90097558498383
.9258536696434
.90292682250341
.88390243053436
.8578861951828
.90536586443583
.88243901729584
.96601625283559
.85268292824427
.88373982906342
.89691054821014
.89886178572973
.98682928085327
.90894309679667
.91967481374741
.94552844762802
.94455283880234
.9169105887413
.95739835500717
.90406505266825
.90845529238383
.90894307692846
.99902439117432
.94845527410507
.92796748876572
.9468292593956
.93626016378403
.95577236016591
.87495934963226
.94796746969223
.93154472112656
.9035772283872
.90845529238383
.95121949911118
.89934959014257
.91772357622782
.8315446972847
.96146343151728
.83951218922933
.96764228741328
.93382114171982
.92780488729477
.88520324230194
.89918698867162
.89252030849457
.93186992406845
.90991870562236
.9347967505455
.91544717550278
.88650405406952
.91154472033183
.94764226675034
.94260164101919
.91821140050888
.89414632320404
.86552846431732
.91073171297709
.95479673147202
.85821137825648
.93528455495834
.96243900060654
.93495935201645
.93609756231308
.89544715483983
.98162603378296
.96845529476802
.92536586523056
.90487804015478
.91154474020004
.90617887179057
.95804878075918
.88325202465057
.94341462850571
.92065040270487
.91804879903793
.89707316954931
.92634147405624
.84504063924154
.94276422262192
.91447154680888
.89642276366552
.9230894446373
.90065040191015
.94260162115097
.8908942937851
.91317075490952
.91252032915751
.90471545855204
.94422763586044
.89853658278783
.96894307931264
.93365854024887
.91756097475688
.87983739376068
.90113820632299
.95658534765244
.96113820870717
.90813008944194
.86829268932343
.91593497991562
.96308942635854
.91886180639267
.9499186873436
.88406503200531
.90065040191015
.94341462850571
.89788615703583
.92390245199203
.89788615703583
.9172357916832
.82910567522049
.90504064162572
.84065039952596
.95235770940781
.92487806081772
.86357724666595
.91252034902573
.92032519976298
.92130082845688
.94130080938339
.88764226436615
.89772355556488
.94910567998886
.88894307613373
.90910569826762
.9879674911499
.86878049373627
.90422763427099
.92325202624003
.94276422262192
.91008128722509
.88943088054657
.9069918791453
.95674794912338
.92373985052109
.92813009023666
.93154472112656
.87430894374847
.92325204610825
.9193495909373
.87284553050995
.90406503280004
.92878049612045
.90406503280004
.91821140050888
.9261788725853
.97447154919306
.90292682250341
.872682929039
.93008130788803
.99089429775874
.87219512462616
.9351219534874
.89219510555267
.90569104750951
.94016259908676
.85512195030848
.93203250567118
.875772356987
.9440650343895
.91739839315414
.89154469966888
.95707317193349
.9230894446373
.95105689764023
.93918699026108
.90747966368993
.92552846670151
.8847154378891
.90146338939667
.95105691750844
.93983739614487
.97772359848022
.9378861784935
.93609756231308
.92861789464951
.82032519578934
.9073170820872
.9793496131897
.88845527172089
.93918699026108
.92357724905014
.92536586523056
.9172357916832
.92373985052109
.86260163784027
.96081298589706
.89430892467499
.81707316637039
.92422765493393
.88097560405731
.87138211727142
.88048779964447
.92243903875351
.89918698867162
.8609756231308
.8905690908432
.93349593877792
.91577237844467
.91804877916972
.93528455495834
.8977235754331
.87658536434174
.92650407552719
.94439023733139
.95577236016591
.92439025640488
.94390243291855
.91219512621562
.8878048658371
.93317073583603
.93707317113876
.91495935122172
.91804879903793
.87512195110321
.91967481374741
.89284551143646
.94439023733139
.91268295049667
.97593496243159
.89528453350067
.9440650343895
.87284553050995
.90162601073583
.9131707350413
.98634147644043
.91268293062846
.88357722759247
.90796748797099
.92390245199203
.90926829973857
.89268290996552
.88357722759247
.94585365056992
.85609757900238
.91447154680888
.9317073225975
.91869920492172
.93430894613266
.87447154521942
.92048782110214
.94585365056992
.85089433193207
.95056909322739
.89024388790131
.86764226357142
.89512195189794
.86308944225311
.87837398052216
.93138211965561
.84357724587123
.89869918425878
.8637398481369
.93869918584824
.93056911230087
.87837398052216
.92032519976298
.91967479387919
.93642276525497
.94032520055771
.93674796819687
.98959350585937
.86780488491058
.90829269091288
.88552844524384
.84520324071248
.88650405406952
.87186994155248
.89577235778173
.92926828066508
.91447156667709
.88130080699921
.9104065100352
.94000001748403
.89138209819794
.86569106578827
.82487803697586
.90991870562236
.89560975631078
.91999999682109
.85414636135101
.95268293221792
.98861789703369
.92032519976298
.86422765254974
.97414634625117
.89691054821014
.90959350268046
.90211381514867
.86617887020111
.86910569667816
.90195121367772
.86634147167206
.86943089962006
.85268292824427
.86195123195648
.94113820791245
.89723575115204
.91252032915751
.9499186873436
.85154471794764
.89804877837499
.87235772609711
.89756097396215
.9079675078392
.89658536513646
.86894309520721
.91398374239604
.87040650844574
.89073171218236
.88146340847015
.92829269170761
.93024390935898
.85447154442469
.88666665554047
.87869918346405
.90585364898046
.93333333730698
.89918698867162
.89902436733246
.85121953487396
.91219514608383
.90715446074804
.90585364898046
.88048779964447
.88422763347626
.83333331346512
1.0001626014709
.89463412761688
.90260161956151
.86146342754364
.95089429616928
.88666665554047
.93252032995224
.89398372173309
.92178863286972
.94325202703476
.869593501091
.90715448061625
.91024388869603
.83756095170975
.93837398290634
.8816260099411
.90487804015478
.94357722997665
.92325202624003
.8908942937851
.92861789464951
.91154472033183
.90585364898046
.89853658278783
.91821138064067
.90536584456762
.89203250408173
.86585366725922
.91414634386698
.86178863048553
.9069918791453
.8578861951828
.90048778057098
.87024390697479
.90520326296488
.9440650343895
.92406505346298
.88910567760468
.87837398052216
.95024389028549
.95528453588486
.91089431444804
.85138211647669
.87593495845795
.82943087816238
.90390245119731
.89073169231415
.87495934963226
.93219512701035
.84146342674891
.87609755992889
.91382114092509
.92845529317856
.86634147167206
.88130080699921
.93154472112656
.90504064162572
.8284552693367
.88455283641815
.90861789385478
.83105689287186
.89593495925268
.88829267024994
.86780488491058
.85902440547943
.94146341085434
.93495935201645
.91999999682109
.9110569357872
.8500812848409
.89138209819794
.87056910991669
.9004878004392
.83691054582596
.89121949672699
.86357724666595
.875772356987
.90699185927709
.87658536434174
.94926828145981
.84097560246785
.85983741283417
.82731705904007
.80764228105545
.8167479634285
.878861784935
.93073171377182
.89869918425878
.8878048658371
.88276422023773
.93560975790024
.89918698867162
.87317073345184
.86146342754364
.88227641582489
.83040648698807
.90829267104467
.90016257762909
.94487804174423
.81691056489944
.87382113933563
.88016259670258
.88975608348846
.8482926885287
.83853658040365
.88146340847015
.88731706142426
.89219512542089
.85723578929901
.872682929039
.89463412761688
.82991868257523
.9227642416954
.88585364818573
.86617887020111
.86829268932343
.90113820632299
.88520324230194
.85609757900238
.86747968196869
.92520326375961
.88487803936005
.90422763427099
.87869918346405
.87512195110321
.87008130550385
.92325204610825
.94325202703476
.94357722997665
.81512194871902
.93349593877792
.89430892467499
.92341464757919
.88276422023773
.87756097316742
.86325204372406
.92260162035624
.87772357463837
.9104065100352
.90536584456762
.87203252315521
.88764226436615
.8452032605807
.86439025402069
.87528455257416
.88276422023773
.88536584377289
.84878051280975
.92113820711772
.88975608348846
.89447154601415
.90032519896825
.88227641582489
.85235774517059
.872682929039
.87252032756805
.87528455257416
.87479674816132
.84178862969081
.87967479228973
.8448780576388
.88682925701141
.91105691591899
.87121951580048
.83609757820765
.85707318782806
.90471543868383
.89447152614594
.86617887020111
.92439025640488
.90373982985814
.87788617610931
.869593501091
.90617887179057
.88504064083099
.88991868495941
.85739837090174
.84455285469691
.87056910991669
.88943088054657
.87951219081879
.87154471874237
.91609756151835
.86634147167206
.86650407314301
.85658536354701
.87056910991669
.87349593639374
.83447154362996
.91414634386698
.82666665315628
.83349591493607
.85544717311859
.87626016139984
.85658536354701
.86764228343964
.86796748638153
.86634147167206
.88227641582489
.87414634227753
.87073171138763
.91121951738993
.91560975710551
.80975610017776
.95414632558823
.81934958696365
.9063414533933
.86113822460175
.84943089882533
.86113822460175
.88910567760468
.8047154545784
.81934958696365
.8578861951828
.89691056807836
.88601624965668
.88520324230194
.86747968196869
.95642274618149
.81528455018997
.86016261577606
.89756095409393
.84390244881312
.87528455257416
.88081300258636
.8517073392868
.86130082607269
.91138211886088
.90796746810277
.84682927529017
.88097560405731
.81658536195755
.84926829735438
.89024388790131
.84666667381922
.9347967505455
.91902440786362
.88829267024994
.92845529317856
.89073169231415
.86780488491058
.8606504201889
.84032517671585
.86747968196869
.86081302165985
.90178863207499
.87365853786469
.81138211488724
.82048779726028
.82439025243123
.85739839076996
.87495934963226
.85577237606049
.91300813357035
.83772357304891
.86861789226532
.88845527172089
.88504064083099
.85040652751923
.8847154378891
.86878049373627
.85008130470912
.84211381276449
.91788619756699
.88666665554047
.83886180321376
.87739837169647
.92097562551498
.8874796628952
.87252032756805
.85056910912196
.88097560405731
.87951219081879
.88373982906342
.86878049373627
.83138211568197
.91203252474467
.85365853706996
.89999997615814
.89560973644257
.80617886781693
.8933333158493
.87365853786469
.87983739376068
.81479674577713
.88325202465057
.87089431285858
.9203252196312
.87512195110321
.85300815105438
.84471545616786
.82504063844681
.86195123195648
.84634145100911
.86504065990448
.87170732021332
.85056910912196
.85398374001185
.89235772689184
.83105689287186
.88829267024994
.87658536434174
.8640650510788
.84666667381922
.84471543629964
.78308941920598
.88504064083099
.8699187040329
.87772357463837
.82796746492386
.87414634227753
.85626018047333
.91154472033183
.86796748638153
.83105689287186
.82065039873123
.91918700933456
.87317073345184
.98764228820801
.91528455416362
.88878047466278
.80016261339188
.83365853627523
.88975608348846
.86292684078217
.82943087816238
.86943089962006
.79837399721146
.8816260099411
.8315446972847
.89121949672699
.85707318782806
.85609757900238
.83024388551712
.90617885192235
.8133333325386
.86276423931122
.84032519658407
.86504065990448
.87772357463837
.82715445756912
.86146342754364
.8637398481369
.78975609938304
.84211381276449
.84048779805501
.86926829814911
.85089433193207
.83658534288406
.85479674736659
.85756099224091
.83479672670364
.81691056489944
.90178861220678
.88097560405731
.91040652990341
.95837398370107
.83642276128133
.83105689287186
.81349593400955
.82650407155355
.83577235539754
.88081300258636
.86634147167206
.86016261577606
.91707319021225
.92552846670151
.97869918743769
1.0421137809753
.89886176586151
.8933333158493
.92829269170761
.94666665792465
.91967481374741
.95024389028549
.95105689764023
.93365854024887
.97008130947749
.93121951818466
.93317073583603
.99560976028442
.95739835500717
.92975610494614
.90601625045141
.94162601232529
.95349591970444
.95219512780507
.91170732180278
1.006178855896
.9317073225975
.90650407473246
1.0115447044373
.9230894446373
.99121952056885
.92471545934677
.94552844762802
.97073171536128
.95203250646591
.96292682488759
.96113818883896
.9320325255394
.97918701171875
.93772357702255
.9230894446373
.95512193441391
.95398372411728
.90829267104467
.98325204849243
.98910570144653
.99317073822021
.9073170820872
.95902436971664
.91788619756699
.97414636611938
.92861789464951
1.0104064941406
.97154472271601
.93951219320297
.91512195269267
.94813007116318
.97317073742549
.98845529556274
.97203250726064
.95105689764023
.93252031008403
.92081302404404
.90227641661962
.9725203315417
.94536584615707
.93577235937119
.95495935281118
.98926828304927
1.0094308853149
.96585365136464
.9227642416954
.9790244102478
.86439025402069
.98373985290527
.95723577340444
.96487804253896
.93999999761581
.9159349600474
.96357723077138
.9351219534874
.9440650343895
.94341462850571
.94390243291855
1.0008130073547
.95479675134023
.94878047704697
.93642276525497
.98146343231201
.93008130788803
.92243903875351
.95837398370107
.9104065100352
.96504062414169
1.0104064941406
.91463414827983
.9347967505455
.93918699026108
.9941463470459
.9684552748998
.96845529476802
.98373985290527
.94162601232529
.90845529238383
.97138212124507
.95626014471054
1.0201625823975
.91886180639267
.93999999761581
.94601625204086
.9317073225975
1.0666666825612
.99268293380737
.96308942635854
.95658534765244
.9169105887413
.97089431683222
.9505691130956
.98292684555054
.90959350268046
.92715448141098
.93186992406845
.91300815343857
.9622764190038
1.0078048706055
.94016259908676
.92861789464951
.9406504034996
.97430894772212
1.0029268264771
.97577236096064
.95772357781728
.97284553448359
.97154472271601
.92926830053329
.97089431683222
.98227641979853
.97512195507685
.98617887496948
.91073169310888
.9752845565478
.993821144104
.9598373969396
.95609754323959
.94829267263412
.94861787557602
.94373985131582
.9317073225975
1.0347967147827
.94715446233749
.92650407552719
.99333333969116
.96032518148422
.98813009262085
.95365852117538
.97170730431875
.97268293301264
.92422765493393
.9721951285998
.95479673147202
.96276420354843
.95495935281118
.87983739376068
.96227639913559
.95756097634633
.97398372491201
.93219512701035
.99560976028442
.9351219534874
.97626016537348
.92406505346298
.95707315206528
.94227641820908
.9536585410436
.94699186086655
.94048780202866
.93837398290634
.99024391174316
.92227643728256
.94780486822128
.9588617682457
.96439023812612
.95577236016591
.90341462691625
.92048782110214
.90975610415141
.91203252474467
.99512195587158
.96243902047475
.94552844762802
.92601627111435
.92796748876572
.99170732498169
.92292684316635
.93642276525497
.92878049612045
.99219512939453
.9141463637352
.93999999761581
.99967479705811
.9694309035937
1.024552822113
.97674798965454
.90991870562236
.98325204849243
1.0169105529785
.96406503518422
.95056909322739
.97626016537348
.97382114330928
.91739839315414
.95723575353622
.98959350585937
.94487804174423
1.0596747795741
.97723579406738
.91804879903793
.96113820870717
.98227643966675
.98357723156611
.97235771020253
.9691057006518
1.061138232549
.92601627111435
.97756097714106
1.0186991691589
1.0286178588867
1.0396747589111
1.0455284118652
1.0056910514832
1.0949593782425
1.0175609588623
.99056911468506
1.0408129692078
1.0930081605911
1.0549593369166
1.0665040810903
1.0938211679459
1.1398373842239
1.1790243784587
1.2170732021332
1.3066666523616
1.3678048849106
1.4252032438914
1.4136584997177
1.5452032089233
1.5230894088745
1.5113821029663
1.570569117864
1.5747967561086
1.6196748018265
1.6245528459549
1.6263414621353
1.5952845811844
1.6554471254349
1.550731698672
1.5627642472585
1.5209755897522
1.5286178588867
1.4707317352295
1.4297560453415
1.4160975217819
1.3920325040817
1.3334959745407
1.3078048626582
1.217561006546
1.1791869799296
1.2445528507233
1.1291056871414
1.1499186754227
1.1086179018021
1.179349621137
1.0843902826309
1.0265040397644
1.0318698883057
1.0782114267349
1.090243935585
1.0279674530029
1.0723577340444
1.0593495766322
1.0110569000244
1.0198373794556
1.0541463295619
1.0008130073547
1.0136585235596
.97983741760254
.95089429616928
.97430894772212
.99707317352295
1.012195110321
.98764228820801
.96959348519643
.98341464996338
1.03089427948
.96341460943222
.94910567998886
1.009105682373
.95609756310781
.96308944622676
1.033983707428
.95430892705917
.92569106817245
.91837400197983
.96146341164907
.91463414827983
1.0071544647217
1.0305690765381
.91951221227646
.96390243371328
.97268293301264
.92764228582382
1.0866667032242
.93934959173203
.9941463470459
.92878049612045
.97674798965454
.94585365056992
.95430892705917
.98016262054443
.9440650343895
1.0465040206909
.98959350585937
.9619511961937
.93463414907455
.9882926940918
.97869920730591
.96373981237411
.94585365056992
.98536586761475
.9814634124438
.97544715801875
1.0213007926941
.95186990499496
.93463414907455
1.0164227485657
.94178861379623
.91739839315414
.9821138381958
.95739835500717
.98439025878906
.97821138302485
.95967477560043
.99609756469727
.94504066308339
1.0017886161804
.92048780123393
.98471546173096
.95040649175644
.97235774993896
.996910572052
.98617887496948
.98097562789917
.98211381832759
.94390243291855
.96715446313222
.98601627349854
.95756095647812
.99008131027222
.9172357916832
.95951221386592
.9879674911499
.96894307931264
.96747968594233
1.0004878044128
.99056911468506
.99642276763916
.94195121526718
.94292682409286
.94731706380844
.95756095647812
.9972357749939
.98975610733032
.96878049770991
.95284551382065
.9169105887413
.96032518148422
.94926828145981
1.0252032279968
.97756097714106
.93691056966782
.97138210137685
.89512195189794
.91333333651225
.94471544027328
.90308940410614
.95349591970444
.95414632558823
.97024393081665
.97463415066401
.98390245437622
.93268293142319
.9626016219457
.94634145498276
.9852032661438
.95495933294296
.95609754323959
.95821136236191
.96504066387812
.92991870641708
.94260162115097
.96065040429433
.92780488729477
.98926830291748
.95918699105581
1.0357723236084
.9409756064415
.9879674911499
.91902440786362
.97138212124507
.98032520214717
1.0347967147827
.93268293142319
.95837398370107
.91658536593119
.95707315206528
.93658536672592
.98097562789917
.93804877996445
.97317073742549
.9793496131897
.96780486901601
.93365854024887
.96211381753286
.96113820870717
.95983737707138
.9526829123497
.96552846829096
.95219510793686
.96195121606191
.97024391094844
.99154472351074
.95934959252675
.95252031087875
1.0170731544495
.91772357622782
.91219512621562
.94634145498276
.98422765731812
1.0203251838684
.95886178811391
.95203250646591
.95219510793686
.93902438879013
1.0157723426819
.90211381514867
.92211383581161
.97382112344106
.95235770940781
.95186990499496
.93447154760361
.98260162274043
.95186990499496
.95252031087875
1.0086178779602
.98373985290527
.94569104909897
.92341464757919
.91658536593119
1.0208129882812
1.0385365486145
.91544715563456
.89853658278783
.97788619995117
.97495935360591
.94943088293076
.96195123593012
.91365855932236
.96617885430654
.99902439117432
.97203250726064
.97804880142212
.98081300656001
.97934959332148
.9687804778417
.9508943160375
.93398374319077
.9811382095019
.98227643966675
.94764226675034
.96406503518422
.98617887496948
.97284553448359
.9731707572937
.9811382095019
.95528455575307
.92780488729477
.96439023812612
.95739835500717
1.0920325517654
.96601625283559
.97495937347412
.93349593877792
.9694309035937
.94829267263412
1.0604877869288
.99056911468506
.93593496084213
.89951219161352
.98861789703369
.93154472112656
.98000001907349
.99772357940674
.9530081152916
1.0048780441284
.97756099700928
.95252031087875
.95723575353622
.96617885430654
.9691057006518
.99056911468506
.95105689764023
.97349592049917
.9258536696434
.93024390935898
.94699186086655
.98536584774653
.93349593877792
1.018536567688
.94357722997665
.93609756231308
1.0034146308899
1.0313820838928
.94048780202866
.96829267342885
.96276422341665
.94195121526718
.97560973962148
1.0169105529785
1.0255284309387
.93317073583603
.9203252196312
1.0235772132874
.9554471373558
.98715448379517
.95609754323959
.89186990261078
.94130080938339
.96634145577749
.97853658596675
.9347967505455
1.0164227485657
.91154474020004
.98569107055664
.97284551461538
.95398372411728
.91626018285751
.92162603139877
.96016259988149
.97138214111328
.91186992327372
.97268293301264
.90780486663183
.95365852117538
.96276422341665
.95170730352402
.97008130947749
.96487804253896
.93593496084213
.96861787637075
.95821136236191
.9752845565478
1.0071544647217
.96715446313222
.91333335638046
.98276424407959
.94796746969223
.92471545934677
.99414632717768
.93349593877792
.96406505505244
.95154470205307
.96764226754506
.93333333730698
.91121951738993
.97642276684443
.97398376464844
1.0299186706543
.94422763586044
.99853658676147
1.0273170471191
.99463415145874
.96308942635854
.95414632558823
.97626016537348
.94341462850571
.94747966527939
.95398372411728
.94081300497055
.91170734167099
.9378861784935
.97089429696401
.8874796628952
.9663414756457
.96065040429433
.95593494176865
.8936585187912
.96780486901601
.93365854024887
.99772357940674
.92975610494614
.97544717788696
.88991868495941
.95186990499496
.95674794912338
.94861787557602
.90617885192235
.98504066467285
.94455283880234
.99170732498169
.97138214111328
.97040649255117
.97772357861201
.89902440706889
.97821140289307
.97056911389033
.91203252474467
.97674796978633
.95008128881454
.95983737707138
.96439023812612
.98130081097285
.95235770940781
.96569106976191
.92569106817245
.96504064400991
.96796749035517
1.0156097412109
.91658536593119
.98227643966675
1.0391869942347
.96699186166128
.95918699105581
.93040651082993
.91869920492172
.94552844762802
.93073171377182
.97056911389033
.92048782110214
1.0108942985535
.96243902047475
.97593496243159
.96601625283559
1.0160975456238
1.0110569000244
.97008128960927
.97040649255117
.92243903875351
1.0081300735474
.99365854263306
.96357723077138
.96032520135244
.91674798727036
.95674794912338
.97365856170654
.91073171297709
.9004878004392
.94130080938339
.94910567998886
.9721951285998
.92699187994003
1.0269918441772
.93382114171982
1.0035772323608
.92162603139877
.96065040429433
.98308944702148
.96422763665517
.95040649175644
.94747966527939
.94276422262192
.95154470205307
.89934959014257
.97788619995117
.94276422262192
.95317071676254
.98032520214717
.98894309997559
1.0069918632507
.95447152853012
.99203252792358
.92552846670151
.92569106817245
.94764226675034
.98260162274043
.98016260067622
.93853658437729
.95170730352402
.96926828225454
.99853658676147
.95186990499496
.93837398290634
.93902438879013
.97154472271601
.88601624965668
.96780488888423
.98780488967896
1.0105690956116
.99089431762695
.94569104909897
.97333333889643
.97219514846802
.97674796978633
.98195121685664
.96910568078359
.99073171615601
.97577236096064
.98617887496948
.9289430975914
.93869918584824
.92861789464951
.9595121939977
.98991870880127
.93934959173203
.96975608666738
.99772357940674
.9230894446373
.97073169549306
.94861787557602
.96991868813833
.95333331823349
1.0104064941406
.97804880142212
.91479676961899
.95008128881454
.97447156906128
.93902438879013
.97512195507685
1.0169105529785
.9557723402977
.92878049612045
.97268293301264
.96666665871938
.99398374557495
.95642274618149
.9972357749939
.9743089278539
.91398376226425
.94130082925161
.97869920730591
.93691056966782
.97056911389033
.93642276525497
1.0645528634389
.97268293301264
.99560976028442
.99577236175537
.92601627111435
.91609756151835
.96699186166128
.92699187994003
.93983739614487
.92097560564677
.94926828145981
.88455283641815
.97219510873159
.95869918664296
.9564227660497
.97788619995117
.96829267342885
.96943088372548
.96731706460317
.98682928085327
1.0094308853149
.95284551382065
.99203252792358
.92764228582382
1.0164227485657
.9347967505455
.97219510873159
.993821144104
.97739837567012
.92682927846909
.9378861784935
.96715446313222
.97495935360591
.90341464678446
.93918699026108
.99024391174316
.9320325255394
1.0128455162048
.95170730352402
.93951219320297
.98162603378296
.9811382095019
.99772357940674
.97967481613159
.91886180639267
.96243902047475
.96195121606191
.96796747048696
.94016259908676
.98016262054443
.93382114171982
.91512195269267
.95430892705917
.89788615703583
.95414632558823
.99886178970337
.94943088293076
.92764228582382
.97414636611938
1.0095934867859
.98634147644043
.98081300656001
.9879674911499
.9585365653038
.9882926940918
.94390243291855
.94796746969223
.93853658437729
.93707317113876
.95788615942001
.90845529238383
.91203254461288
.95170730352402
.93447154760361
.98764228820801
.93951219320297
.91626018285751
.95918699105581
.95772357781728
.97203250726064
.96731706460317
.92796748876572
.99853658676147
.98975610733032
.95447152853012
.94943088293076
.89869916439056
.96959348519643
.97430896759033
.97317071755727
.94260162115097
.98308944702148
.91430894533793
.95154470205307
.90195123354594
.96357723077138
.96243902047475
.95999997854233
.99008131027222
.95024389028549
.97333333889643
.99300813674927
.93008130788803
.97089431683222
1.0050406455994
.92325204610825
.91983739535014
.9852032661438
.96943088372548
.96585365136464
.98032520214717
.97707317272822
.98000001907349
.90975610415141
.97024389108022
.94113820791245
.92731708288193
1.0100812911987
.97300813595454
.90552846590678
1.0134959220886
.89609756072362
.9258536696434
.98373983303706
.97739837567012
.94894307851791
.98747968673706
.91707317034403
.9406504034996
.91333335638046
.93967479467392
.98520324627558
.9554471373558
.97463417053223
.96943088372548
.90926827987035
.92195121447245
.91788619756699
1.0017886161804
.9320325255394
.97609756390254
.99560976028442
.93593496084213
.97073169549306
.95479675134023
.90422763427099
1.0169105529785
.91821140050888
.90227641661962
.94341462850571
.94390243291855
.97170730431875
.96617885430654
.92097562551498
.93447154760361
.94178861379623
.98975610733032
.94617887338003
.96390245358149
.9317073225975
.95430892705917
.92178863286972
.9725203315417
.93105691671371
.98910568157832
.9495934844017
1.0071544647217
.91235772768656
.97544715801875
.88585364818573
.92178861300151
.91414634386698
.9598373969396
.95837398370107
1.0260162353516
.92471545934677
.96048778295517
.93252032995224
.92292684316635
.9125203092893
.89544715483983
1.006178855896
.96081302563349
.91902440786362
.98991870880127
.95707317193349
.96032520135244
.95317073663076
.91886180639267
.93333333730698
.92747968435287
.94585365056992
.95349591970444
.89918696880341
.95560973882675
.95691057046254
.92552846670151
.90422763427099
.90260161956151
.95983741680781
.90390243132909
.94569104909897
.9317073225975
.90991868575414
.93414634466171
.97154472271601
.98357723156611
.94504064321518
.96715448300044
.9691057006518
.91707319021225
.94796748956045
.96308940649033
.95886178811391
.91219514608383
.93056911230087
.93186992406845
.97772357861201
.90666665633519
.87869918346405
.93658536672592
.93349593877792
.91560977697372
1.009268283844
.87772357463837
.93577235937119
.94178861379623
.95252031087875
.95804876089096
.86910569667816
.89593495925268
.9499186873436
.92829269170761
.9499186873436
.95121949911118
.9159349600474
.9882926940918
.86715447902679
.9190243879954
.90926829973857
.99365854263306
.93186992406845
.91756099462509
.95024389028549
.93317073583603
.9289430975914
.99528455734253
.90569104750951
.94634145498276
.93089431524277
.91821140050888
.96682928005854
.8967479467392
.85203250249227
.93577235937119
.96780486901601
.87918698787689
.91138209899267
.95821138223012
.95024389028549
.87642276287079
.95528455575307
.92991870641708
.94243901968002
.9622764190038
.92439025640488
.92536586523056
.91365855932236
.94211381673813
.96162601312002
.9468292593956
1.0042276382446
.9100813070933
.91495937108994
.84666667381922
.91121951738993
.90764226516088
.9317073225975
.98195123672485
.93040651082993
.9131707350413
.93739837408066
.94878047704697
.91804877916972
.87333333492279
.9378861784935
.91934961080551
.97674796978633
.91853660345078
.91463416814804
.91772359609604
.95739837487539
.9134959379832
.92634147405624
.95918697118759
.93073171377182
.92097562551498
.94601625204086
.92552846670151
.92325204610825
.93918699026108
.8884552915891
.92341464757919
.91170732180278
.95349591970444
.9378861784935
.91837400197983
.87999999523163
.9138211607933
.90065038204193
.92227643728256
.90097560485204
.97008130947749
.9066666563352
.91983741521835
.91317071517309
.94764226675034
.88455283641815
.90048782030741
.96113820870717
.89918700853984
.93317073583603
.93268293142319
.94975608587265
.88536584377289
.89999999602636
.94617885351181
1.0383739471436
.9793496131897
.86666667461395
.91398374239604
.93967479467392
1.0021138191223
.89593497912089
.93739837408066
.90699185927709
.91024390856425
.93365854024887
.96455283959707
.95170732339223
.94162601232529
.96422763665517
.94211381673813
.91869920492172
1.0034146308899
.90861789385478
.89317073424657
.88520324230194
.91723577181498
.93284553289413
.8874796628952
.90162601073583
.9162601629893
.90195123354594
.88943088054657
.90504066149394
.91804877916972
.85495934883753
.9063414533933
.91788617769877
.89999997615814
.95235770940781
.85739837090174
.89170730113983
.92373985052109
.9104065100352
.92357724905014
.97284553448359
.89528455336889
.92520326375961
.94113820791245
.89268290996552
.86308944225311
.88764228423437
.89203250408173
.92390245199203
.881951212883
.92178863286972
.9227642416954
.87707316875458
.88227641582489
.9653658469518
.89008130629857
.90569106737773
.93463414907455
.84634145100911
.91056911150614
.85902440547943
.89918698867162
.86813008785248
.86227643489838
.8609756231308
.82813006639481
.83333333333333
.90146340926488
.86308944225311
.89252030849457
.86634147167206
.86813008785248
.92764228582382
.87626016139984
.85463416576385
.83691056569417
.88130080699921
.84601626793544
.92373985052109
.8606504201889
.89528453350067
.84292682011922
.8915447195371
.86699185768763
.86000001430511
.9317073225975
.84715445836385
.83138209581375
.87756097316742
.86894309520721
.92048780123393
.88016259670258
.81073170900345
.87138211727142
.8442276318868
.86292684078217
.89642276366552
.87024390697479
.78032519419988
.85430896282196
.85186994075775
.88650405406952
.84650407234828
.82032519578934
.82471543550491
.81203252077103
.80991870164871
.88390243053436
.8630894223849
.81723576784134
.8383739789327
.83593495686849
.82747968037923
.86227643489838
.83024388551712
.85430894295375
.85089433193207
.88764226436615
.77967480818431
.88065040111542
.86569106578827
.87040650844574
.87105691432953
.78406504789988
.8448780576388
.82601624727249
.86130082607269
.88504064083099
.78471545378367
.79902440309525
.80357724428177
.88032519817352
.85073171059291
.87593495845795
.79447156190872
.81252032518387
.78390244642893
.82406502962112
.82276421785355
.80813008546829
.76308941841125
.81414633989334
.82308942079544
.82975608110428
.76569104194641
.81382113695145
.83073168992996
.79723578691483
.8291056950887
.84682927529017
.79691058397293
.86780488491058
.82569106419881
.80422765016556
.86926829814911
.77918698390325
.77463414271673
0
0
0
0
0
0
0
0
0
0
0
0
0
0
0
0
0
0
0
0
0
0
0
0
0
0
0
0
0
0
0
0
0
0
0
0
0
0
0
0
0
0
0
0
0
0
0
0
0
0
0
0
0
0
0
0
0
0
0
0
0
0
0
0
0
0
0
0
0
0
0
0
0
0
0
0
0
0
0
0
0
0
0
0
0
0
0
0
0
0
0
0
0
0
0
0
0
0
0
0
0
0
0
0
0
0
0
0
0
0
0
0
0
0
0
0
0
0
0
0
0
0
0
0
0
0
0
0
0
0
0
0
0
0
0
0
0
0
0
0
0
0
0
0
0
0
0
0
0
0
0
0
0
0
0
0
0
0
0
0
0
0
0
0
0
0
0
0
0
0
0
0
0
0
0
0
0
0
0
0
0
0
0
0
0
0
0
0
0
0
0
0
0
0
0
0
0
0
0
0
0
0
0
0
0
0
0
0
0
0
0
0
0
0
0
0
0
0
0
0
0
0
0
0
0
0
0
0
0
0
0
0
0
0
0
0
0
0
0
0
0
0
0
0
0
0
0
0
0
0
0
0
0
0
0
0
0
0
0
0
0
0
0
0
0
0
0
0
0
0
0
0
0
0
0
0
0
0
0
0
0
0
0
0
0
0
0
0
0
0
0
0
0
0
0
0
0
0
0
0
0
0
0
0
0
0
0
0
0
0
0
0
0
0
0
0
0
0
0
0
0
0
0
0
0
0
0
0
0
0
0
0
0
0
0
0
0
0
0
0
0
0
0
0
0
0
0
0
0
0
0
0
0
0
0
0
0
0
0
0
0
0
0
0
0
0
0
0
0
0
0
0
0
0
0
0
0
0
0
0
0
0
0
0
0
0
0
0
0
0
0
0
0
0
0
0
0
0
0
0
0
0
0
0
0
0
0
0
0
0
0
0
0
0
0
0
0
0
0
0
0
0
0
0
0
0
0
0
0
0
0
0
0
0
0
0
0
0
0
0
0
0
0
0
0
0
0
0
0
0
0
0
0
0
0
0
0
0
0
0
0
0
0
0
0
0
0
0
0
0
0
0
0
0
0
0
0
0
0
0
0
0
0
0
0
0
0
0
0
0
0
0
0
0
0
0
0
0
0
0
0
0
0
0
0
0
0
0
0
0
0
0
0
0
0
0
0
0
0
0
0
0
0
0
0
0
0
0
0
0
0
0
0
0
0
0
0
0
0
0
0
0
0
0
0
0
0
0
0
0
0
0
0
0
0
0
0
0
0
0
0
0
0
0
0
0
0
0
0
0
0
0
0
0
0
0
0
0
0
0
0
0
0
0
0
0
0
0
0
0
0
0
0
0
0
0
0
0
0
0
0
0
0
0
0
0
0
0
0
0
0
0
0
0
0
0
0
0
0
0
0
0
0
0
0
0
0
0
0
0
0
0
0
0
0
0
0
0
0
0
0
0
0
0
0
0
0
0
0
0
0
0
0
0
0
0
0
0
0
0
0
0
0
0
0
0
0
0
0
0
0
0
0
0
0
0
0
0
0
0
0
0
0
0
0
0
0
0
0
0
0
0
0
0
0
0
0
0
0
0
0
0
0
0
0
0
0
0
0
0
0
0
0
0
0
0
0
0
0
0
0
0
0
0
0
0
0
0
0
0
0
0
0
0
0
0
0
0
0
0
0
0
0
0
0
0
0
0
0
0
0
0
0
0
0
0
0
0
0
0
0
0
0
0
0
0
0
0
0
0
0
0
0
0
0
0
0
0
0
0
0
0
0
0
0
0
0
0
0
0
0
0
0
0
0
0
0
0
0
0
0
0
0
0
0
0
0
0
0
0
0
0
0
0
0
0
0
0
0
0
0
0
0
0
0
0
0
0
0
0
0
0
0
0
0
0
0
0
0
0
0
0
0
0
0
0
0
0
0
0
0
0
0
0
0
0
0
0
0
0
0
0
0
0
0
0
0
0
0
0
0
0
0
0
0
0
0
0
0
0
0
0
0
0
0
0
0
0
0
0
0
0
0
0
0
0
0
0
0
0
0
0
0
0
0
0
0
0
0
0
0
0
0
0
0
0
0
0
0
0
0
0
0
0
0
0
0
0
0
0
0
0
0
0
0
0
0
0
0
0
0
0
0
0
0
0
0
0
0
0
0
0
0
0
0
0
0
0
0
0
0
0
0
0
0
0
0
0
0
0
0
0
0
0
0
0
0
0
0
0
0
0
0
0
0
0
0
0
0
0
0
0
0
0
0
0
0
0
0
0
0
0
0
0
0
0
0
0
0
0
0
0
0
0
0
0
0
0
0
0
0
0
0
0
0
0
0
0
0
0
0
0
0
0
0
0
0
0
0
0
0
0
0
0
0
0
0
0
0
0
0
0
0
0
0
0
0
0
0
0
0
0
0
0
0
0
0
0
0
0
0
0
0
0
0
0
0
0
0
0
0
0
0
0
0
0
0
0
0
0
0
0
0
0
0
0
0
0
0
0
0
0
0
0
0
0
0
0
0
0
0
0
0
0
0
0
0
0
0
0
0
0
0
0
0
0
0
0
0
0
0
0
0
0
0
0
0
0
0
0
0
0
0
0
0
0
0
0
0
0
0
0
0
0
0
0
0
0
0
0
0
0
0
0
0
0
0
0
0
0
0
0
0
0
0
0
0
0
0
0
0
0
0
0
0
0
0
0
0
0
0
0
0
0
0
0
0
0
0
0
0
0
0
0
0
0
0
0
0
0
0
0
0
0
0
0
0
0
0
0
0
0
0
0
0
0
0
0
0
0
0
0
0
0
0
0
0
0
0
0
0
0
0
0
0
0
0
0
0
0
0
0
0
0
0
0
0
0
0
0
0
0
0
0
0
0
0
0
0
0
0
0
0
0
0
0
0
0
0
0
0
0
0
0
0
0
0
0
0
0
0
0
0
0
0
0
0
0
0
0
0
0
0
0
0
0
0
0
0
0
0
0
0
0
0
0
0
0
0
0
0
0
0
0
0
0
0
0
0
0
0
0
0
0
0
0
0
0
0
0
0
0
0
0
0
0
0
0
0
0
0
0
0
0
0
0
0
0
0
0
0
0
0
0
0
0
0
0
0
0
0
0
0
0
0
0
0
0
0
0
0
0
0
0
0
0
0
0
0
0
0
0
0
0
0
0
0
0
0
0
0
0
0
0
0
0
0
0
0
0
0
0
0
0
0
0
0
0
0
0
0
0
0
0
0
0
0
0
0
0
0
0
0
0
0
0
0
0
0
0
0
0
0
0
0
0
0
0
0
0
0
0
0
0
0
0
0
0
0
0
0
0
0
0
0
0
0
0
0
0
0
0
0
0
0
0
0
0
0
0
0
0
0
0
0
0
0
0
0
0
0
0
0
0
0
0
0
0
0
0
0
0
0
0
0
0
0
0
0
0
0
0
0
0
0
0
0
0
0
0
0
0
0
0
0
0
0
0
0
0
0
0
0
0
0
0
0
0
0
0
0
0
0
0
0
0
0
0
0
0
0
0
0
0
0
0
0
0
0
0
0
0
0
0
0
0
0
0
0
0
0
0
0
0
0
0
0
0
0
0
0
0
0
0
0
0
0
0
0
0
0
0
0
0
0
0
0
0
0
0
0
0
0
0
0
0
0
0
0
0
0
0
0
0
0
0
0
0
0
0
0
0
0
0
0
0
0
0
0
0
0
0
0
0
0
0
0
0
0
0
0
0
0
0
0
0
0
0
