.72943900028865
.71500545740128
.72208607196808
.72358387708664
.71881808837255
.71623094876607
.72154138485591
.71990742286046
.71704790989558
.71963506937027
.71255445480347
.71868193149567
.71745642026265
.71813726425171
.72222222884496
.72045209010442
.70996733506521
.73284314076106
.72194989522298
.72181371847788
.72453705469767
.72480936845144
.71854573488235
.72113289435705
.72453703482946
.71745644013087
.72045207023621
.71881806850433
.71922657887141
.71868191162745
.72249456246694
.71214596430461
.72045207023621
.71881806850433
.72712419430415
.72467321157455
.71650326251984
.7239923675855
.71922655900319
.71405227979024
.7227668762207
.71704790989558
.72222222884496
.72630717357
.72031589349111
.71800110737483
.73297929763794
.71214598417282
.72222222884496
.71500543753306
.74183005094528
.72480936845144
.72480936845144
.72372005383174
.71486928065618
.72671568393707
.71568628152212
.71868193149567
.72657952706019
.71500543753306
.72480936845144
.73529412349065
.72222220897675
.72903048992157
.7322984735171
.72467319170634
.72222222884496
.72331154346466
.72657950719198
.72222222884496
.72617101669312
.72372003396352
.71800110737483
.7335239648819
.72004357973735
.71840959787369
.72712419430415
.72154140472412
.72358387708664
.7333877881368
.71732026338577
.72181371847788
.72263071934382
.7145969470342
.71377994616826
.72208607196808
.71623094876607
.71840957800547
.7393790880839
.72603487968445
.72549021244049
.7312091588974
.72848584254583
.73406863212585
.7416938940684
.73815359671911
.7238561908404
.72508170207342
.74074073632558
.75054466724396
.71650328238805
.72194989522298
.72072440385818
.72943898042043
.72480936845144
.71663941939672
.71323529879252
.73325165112813
.71568628152212
.71909042199453
.71881806850433
.71636710564295
.72372003396352
.72862199942271
.721677561601
.73148147265116
.72154138485591
.71663943926493
.72317538658778
.7335239648819
.72208605209986
.72126905123393
.72630717357
.71881808837255
.71187363068263
.7229030529658
.71840959787369
.71922655900319
.73120913902918
.71582241853078
.72617101669312
.72957515716553
.71813726425171
.72807733217875
.72794117530187
.71868191162745
.72372005383174
.72440087795258
.72467319170634
.72372005383174
.72372005383174
.71677559614182
.72086058060328
.72698801755905
.72017971674601
.71813726425171
.72848584254583
.71037582556407
.71650326251984
.72698801755905
.71854575475057
.72562636931737
.72494552532832
.71595861514409
.71813726425171
.76811001698176
.73856208721797
.71309914191564
.71854575475057
.72399238745371
.72453703482946
.72194987535477
.73243463039398
.71786493062973
.72126907110214
.72726033131282
.72685184081395
.72957515716553
.73107300202052
.72385623057683
.72113287448883
.72903050978978
.72181371847788
.72875817616781
.73011982440948
.71282678842545
.72630719343821
.72576252619425
.7122821410497
.72576250632604
.72440087795258
.72222222884496
.72984751065572
.72576252619425
.72303920984268
.72072440385818
.72943900028865
.71759257713954
.71800108750661
.72971133391062
.7250816822052
.7299836675326
.73148147265116
.71759259700775
.71895424524943
.71977124611537
.72317538658778
.72453703482946
.72807733217875
.71963506937027
.71745644013087
.72576252619425
.71949891249339
.72426472107569
.72889433304469
.72099671761195
.71677559614182
.72589870293935
.73325165112813
.721677561601
.72589868307114
.7145969470342
.72603485981623
.72072440385818
.71704792976379
.721677561601
.73011982440948
.73188998301824
.72794117530187
.71813726425171
.72657952706019
.72739652792613
.72263073921204
.72916666666667
.7218137383461
.72113291422526
.72671568393707
.7227668762207
.71704790989558
.73066449165344
.71010347207387
.72480936845144
.72657950719198
.72399238745372
.73080064853032
.72916664679845
.72535403569539
.72766884167989
.74087691307068
.71909040212631
.71718410650889
.72194989522298
.71650326251984
.72562636931737
.72617101669312
.73202613989512
.71922657887141
.7312091588974
.72208605209986
.72467321157455
.721677561601
.71691177288691
.721677561601
.72480936845144
.71337147553762
.7312091588974
.72494554519653
.71541394790014
.72753266493479
.72603483994802
.72494552532832
.71704792976379
.72508170207342
.71718410650889
.72617101669312
.73039215803146
.72113289435705
.70669933160146
.72930282354355
.72807735204697
.72235838572184
.72712419430415
.72317538658778
.72780501842499
.73066449165344
.71840959787369
.72385623057683
.7227668762207
.73515796661377
.71623094876607
.72140524784724
.72998364766439
.71813726425171
.72263071934382
.7512254913648
.78090957800547
.72535403569539
.7335239648819
.72426470120748
.72222220897675
.72549019257228
.715822438399
.71023966868718
.72249456246694
.72494554519653
.72140524784724
.71772877375285
.72126907110214
.71868191162745
.73910675446192
.70928649107615
.72698801755905
.73039215803146
.72154140472412
.72848584254583
.74046842257182
.72821350892385
.74128542343775
.7322984735171
.7241285443306
.71827340126038
.73025600115458
.72017973661423
.71255447467168
.73570261398951
.71173747380575
.71269063154856
.73039215803146
.72004357973735
.72344770034154
.71949891249339
.71732028325399
.71922657887141
.7313453356425
.71718410650889
.72140522797902
.72072440385818
.71813724438349
.72235838572184
.72344772020976
.7169117530187
.7238561908404
.72834966580073
.71922657887141
.72154138485591
.72930282354355
.73720043897629
.71827342112859
.71732026338577
.71650328238805
.70928649107615
.71309914191564
.71745642026265
.71677559614182
.71323529879252
.72072440385818
.71555012464523
.72549019257228
.7310729821523
.72126907110214
.71786491076152
.72589870293935
.71364378929138
.7180010676384
.72467319170634
.71514161427816
.70683552821477
.71541394790014
.71582245826721
.72045207023621
.78690087795258
.7180010676384
.71745642026265
.72004357973735
.70642699797948
.71391612291336
.7145969470342
.71527779102325
.71854575475057
.72889433304469
.72644335031509
.72358387708664
.72508170207342
.71949891249339
.7239923675855
.73379629850388
.72440087795258
.72263071934382
.72167754173279
.7169117530187
.72657952706019
.72154140472412
.7133714556694
.71936273574829
.72644335031509
.72440087795258
.72317538658778
.72739650805791
.71881808837255
.72194989522298
.73788126309713
.72685186068217
.7227668762207
.72603483994802
.72385621070862
.72344770034154
.73815359671911
.72058822711309
.71990738312403
.72862199942271
.73611110448837
.73597494761149
.73515796661377
.74482570091883
.72644335031509
.72698803742727
.73502178986867
.71636710564295
.72943900028865
.72385621070862
.72235838572184
.72004355986913
.73134531577428
.70887800057729
.71800108750661
.72875815629959
.71432461341222
.71949891249339
.72671568393707
.70955882469813
.72712417443593
.72358387708664
.72045207023621
.72766884167989
.73080064853032
.72072440385818
.72726035118103
.72521787881851
.7156862616539
.71582245826721
.72140524784724
.70697168509165
.71527779102325
.73447712262472
.72508170207342
.72004359960556
.7252178589503
.70969498157501
.71555010477702
.72535403569539
.71377996603648
.71595859527588
.71990740299225
.71446079015732
.71391614278158
.72344772020976
.71282678842545
.72031591335932
.71963508923848
.71800108750661
.7241285443306
.71786493062973
.71391612291336
.71840957800547
.72453703482946
.7252178589503
.71623094876607
.72181371847788
.70710784196854
.72181371847788
.71895424524943
.73488563299179
.72208607196808
.73447712262472
.73325163125992
.71623092889786
.72712417443593
.72753268480301
.72263071934382
.71772877375285
.72834964593252
.7241285443306
.72753266493479
.73134531577428
.72140522797902
.72971133391062
.73992375532786
.72031589349111
.72494552532832
.72739652792613
.71432461341222
.73134531577428
.74005991220474
.71555010477702
.72331152359645
.73216231664022
.71745644013087
.7229030529658
.72834966580073
.71922657887141
.71949891249339
.72712419430415
.71922657887141
.72630719343821
.7313453356425
.7135076324145
.7324346502622
.73638343811035
.71459692716599
.72385621070862
.73434096574783
.71827342112859
.71840957800547
.72685184081395
.72194987535477
.7229030529658
.7227668762207
.71977124611537
.72344770034154
.72671568393707
.71881808837255
.72045207023621
.72657950719198
.71132898330688
.71228212118149
.72603485981623
.71704792976379
.72031591335932
.7241285443306
.72385623057683
.7239923675855
.71881808837255
.72603483994802
.72017975648244
.72004355986913
.72467319170634
.71323529879252
.72140522797902
.72794117530187
.7145969470342
.72739650805791
.72617103656133
.72222220897675
.71514163414637
.71772875388463
.72099671761195
.72630719343821
.73515794674555
.72303920984268
.71977124611537
.72617103656133
.72208605209986
.72535403569539
.72903048992157
.71718408664068
.72031591335932
.72045207023621
.71214598417282
.71963506937027
.72344772020976
.7135076324145
.72603483994802
.7310729821523
.71840959787369
.72630717357
.72508170207342
.72875817616781
.71990740299225
.73951522509257
.71704792976379
.72222222884496
.73161764939626
.72480936845144
.72072440385818
.72494552532832
.71309914191564
.71595859527588
.72726035118103
.71500543753306
.71772875388463
.72072438398997
.71759259700775
.71963506937027
.7205882469813
.72249454259872
.7229030529658
.73257080713908
.71377996603648
.73270696401596
.71677561601003
.71881808837255
.72562634944916
.72290303309758
.7241285443306
.72208605209986
.72208607196808
.72671568393707
.72154140472412
.72848582267761
.72385621070862
.72535403569539
.72916664679845
.7241285443306
.7229030529658
.7229030529658
.72875819603602
.72521787881851
.73216231664022
.73148147265116
.7333877881368
.72630719343821
.72930282354355
.72916668653488
.72889433304469
.73093680540721
.72644335031509
.71745642026265
.72113289435705
.7230392297109
.72303920984268
.73910675446192
.72303920984268
.72589868307114
.72317536671956
.7241285443306
.71881808837255
.72848584254583
.71895426511765
.72331156333288
.72603485981623
.71527775128682
.72344772020976
.75190631548564
.70887798070908
.715822438399
.72126905123393
.71963506937027
.72154138485591
.7218137383461
.71949891249339
.71323529879252
.72685184081395
.71132896343867
.71514161427816
.71609477202098
.71800108750661
.71323529879252
.72562634944916
.721677561601
.71786493062973
.7230392297109
.71909040212631
.72753268480301
.72086058060328
.72453703482946
.71255445480347
.7227668762207
.72589870293935
.72766884167989
.73148147265116
.73393247524897
.73025598128637
.72317538658778
.72998364766439
.72235838572184
.72494552532832
.73624728123347
.71745642026265
.73393245538076
.73297929763794
.721677561601
.72903050978978
.72535403569539
.72208607196808
.71092047293981
.71732026338577
.70669935146968
.72017973661423
.71895424524943
.72004357973735
.72603485981623
.73311545451482
.72303918997447
.71541394790014
.72017973661423
.72113289435705
.72440087795258
.72780499855677
.72385623057683
.71255445480347
.73257080713908
.71391612291336
.72644335031509
.73543028036753
.7218137383461
.72644337018331
.72303920984268
.72222222884496
.72671570380529
.73447714249293
.7145969470342
.72644335031509
.73311545451482
.72644333044688
.72821348905563
.73597494761149
.7145969470342
.72263073921204
.72698801755905
.71800108750661
.72263071934382
.72303920984268
.72181371847788
.70942264795303
.72058822711309
.72780499855677
.71990742286046
.72589868307114
.73611112435659
.71663943926493
.73679192860921
.72930284341176
.72208605209986
.72916666666667
.73188998301824
.72807733217875
.72154138485591
.72712419430415
.72494552532832
.73515794674555
.72903048992157
.72494552532832
.71936273574829
.73338780800501
.71636710564295
.72140522797902
.73379629850388
.72685184081395
.72126907110214
.73461329936981
.71922657887141
.72263071934382
.72194989522298
.72249456246694
.72263073921204
.72630719343821
.71800108750661
.73066449165344
.72794117530187
.71527777115504
.71895424524943
.72685184081395
.72549019257228
.73120913902918
.73366012175878
.721677561601
.72535403569539
.73447712262472
.72644337018331
.73175382614136
.73856210708618
.72671568393707
.73611112435659
.73379627863566
.73093680540721
.73379629850388
.73243463039398
.73311547438304
.74632352590561
.74210238456726
.72766886154811
.72862201929092
.73216231664022
.73052831490835
.72739650805791
.72317536671956
.73175380627314
.72290303309759
.72644335031509
.7332516113917
.72494554519653
.73039215803146
.76211873690287
.72208605209986
.7239923675855
.72903050978978
.72249456246694
.72344770034154
.73611110448837
.73066447178523
.72848586241404
.73406863212585
.71813726425171
.73093682527542
.72657950719198
.72617101669312
.72494552532832
.73148147265116
.72780501842499
.73338780800502
.7312091588974
.72426470120748
.72440087795258
.74332787593206
.72058822711309
.72807735204697
.72685186068217
.72467321157455
.73284312089284
.73311547438304
.7312091588974
.74264705181122
.74387254317602
.73243463039398
.72916668653488
.73760892947515
.72834966580073
.7322984735171
.73284314076106
.73202615976334
.72726035118103
.73420478900274
.72834966580073
.73080064853032
.73488561312358
.73188996315002
.72807733217875
.74264707167943
.72508170207342
.72739652792613
.72276689608892
.73148147265116
.73393247524897
.73325163125992
.73080064853032
.72848582267761
.73188996315002
.74441721041997
.72794117530187
.72698801755905
.73965142170588
.73869826396306
.73434094587962
.74278322855632
.73379627863566
.73543028036753
.74155775705973
.73965142170588
.73461329936981
.73406863212585
.73543028036753
.74441721041997
.73325163125992
.73515794674555
.74605119228363
.75108933448792
.73747275273005
.73978759845098
.74537038803101
.74605121215185
.74114922682444
.75299564997355
.73978757858276
.75762528181076
.7960239648819
.77491829792658
.78771787881851
.78907950719198
.79330064853032
.80065359671911
.81876361370087
.82775054375331
.83428649107615
.85757080713908
.86356208721797
.87745096286138
.89773964881897
.90631808837255
.9268790880839
.93913400173187
.95315903425217
.96160129706065
.98066449165344
.98856208721797
1.0084422628085
1.0141612490018
.99782135089238
1.0137527187665
1.023420492808
1.0209695100784
1.0110294222832
1.0183823506037
1.0031318068504
1.0130718946457
1.0441176692645
1.0023148258527
.99237473805745
.99918299913406
.99482568105062
.99196622769038
.97971133391062
.98025600115458
.96922657887141
.96772877375285
.96418845653534
.94771242141724
.94063180685043
.94784857829412
.92333877086639
.93423203627268
.92973856131236
.91612199942271
.91830064853032
.91190085808436
.89828431606293
.88997821013133
.88943354288737
.87717864910762
.87336601813634
.86655773719152
.84041392803192
.8323801557223
.83564815918605
.81821896632512
.81617647409439
.80637254317602
.79234749078751
.79847494761149
.79684096574783
.78730934858322
.77519063154856
.77859477202098
.76565905412038
.76797386010488
.77614378929138
.78022873401642
.76742921272914
.76974401871363
.76470589637756
.76293573776881
.77423747380575
.76620370149612
.75789759556452
.76089324553808
.75326796372732
.75272331635157
.75367647409439
.74455338716507
.75231482585271
.75898693005244
.74523419141769
.74564268191655
.7501361767451
.74019606908162
.74618736902873
.77205882469813
.75340414047241
.75040849049886
.75163398186366
.75626361370087
.75762528181076
.75966775417328
.76334422826767
.7510893146197
.74605119228363
.75585512320201
.74360020955404
.74700435002645
.7617102265358
.73747275273005
.74305554231008
.74360022942225
.73978757858276
.74564270178477
.74441721041997
.7404684027036
.7416938940684
.75081700086594
.73434094587962
.74836599826813
.74618736902873
.73760894934336
.75639979044596
.7512254913648
.74455338716507
.7393790880839
.74673203627268
.73556645711263
.73638343811035
.73434096574783
.73175380627314
.7346132795016
.73910675446192
.72971133391062
.72862199942271
.74237471818924
.72930284341176
.73665577173233
.74087689320246
.73679194847743
.7299836675326
.73842593034108
.72031589349111
.72862199942271
.73243463039398
.72603485981623
.72971133391062
.74237471818924
.72263071934382
.72971131404241
.72807733217875
.7322984735171
.72086058060328
.73760894934336
.73188996315002
.71868191162745
.73325163125992
.72753268480301
.72480936845144
.73039215803146
.73011982440948
.72372005383174
.73093680540721
.73910675446192
.72698799769084
.72766884167989
.74101306994756
.72671570380529
.72317538658778
.73284314076106
.72957517703374
.72875817616781
.73951524496078
.72113289435705
.72194989522298
.74223856131236
.72889433304469
.73284314076106
.72222222884496
.72426472107569
.72848584254583
.74400871992111
.73066449165344
.72726035118103
.73270696401596
.72331154346466
.72943900028865
.732162296772
.72834968566895
.72372005383174
.73474945624669
.72549021244049
.72344770034154
.73011982440948
.7135076324145
.73202613989512
.72957515716553
.71732026338577
.72576252619425
.73202615976334
.72644335031509
.72535403569539
.72045207023621
.71881808837255
.7144607702891
.73406861225764
.72535401582718
.72385621070862
.72848584254583
.72099673748016
.72072440385818
.73474945624669
.72017975648244
.71977122624715
.73856208721797
.72657952706019
.72862199942271
.74550652503967
.73366012175878
.72984749078751
.72549019257228
.73420478900274
.72358387708664
.72671568393707
.72576254606247
.73325163125992
.73052831490835
.72480936845144
.72181371847789
.72140522797902
.72698801755905
.72480936845144
.72903048992157
.74074073632558
.72698799769084
.72126905123393
.72671570380529
.71759259700775
.72685184081395
.72943900028865
.72780501842499
.73366012175878
.73325163125992
.71527777115504
.71881806850433
.72848584254583
.72235840559006
.73120913902918
.73284314076106
.71922657887141
.72086056073507
.71813726425171
.71582245826721
.72072438398997
.72440087795258
.71200980742772
.71936273574829
.71745642026265
.71922659873962
.72099673748016
.73093682527542
.71609477202098
.71745644013087
.72385621070862
.71636710564295
.71636708577474
.72739650805791
.71323529879252
.71949891249339
.72617101669312
.70901413758596
.72017971674601
.72576252619425
.70846949021022
.72181371847788
.73093680540721
.70955884456635
.71786493062973
.71051198244095
.70996731519699
.71895424524943
.70874182383219
.72263071934382
.71827342112859
.71732026338577
.73257080713908
.7133714556694
.71309912204742
.72235840559006
.70915033419927
.71677559614182
.7239923675855
.71391612291336
.72603485981623
.72344770034154
.70901415745417
.72263071934382
.71963506937027
.72603485981623
.71881808837255
.72194987535477
.72194989522298
.7229030529658
.72317538658778
.72017973661423
.7144607702891
.72712419430415
.71827342112859
.72072440385818
.73243463039398
.71037582556407
.7239923675855
.72372003396352
.71064813931783
.71977124611537
.72549017270406
.72031591335932
.72426470120748
.72794117530187
.71704792976379
.72194989522298
.73910675446192
.71759259700775
.71881808837255
.72766884167989
.72140522797902
.72113291422526
.72753268480301
.721677561601
.72263071934382
.72562634944916
.72671568393707
.71827342112859
.73665579160055
.72194987535477
.72603485981623
.72807735204697
.7227668762207
.73080064853032
.72794117530187
.71949889262517
.71663943926493
.71405227979024
.73502178986867
.71895426511765
.72617103656133
.72263073921204
.71881808837255
.71527779102325
.72930282354355
.71023964881897
.72875817616781
.732162296772
.72031591335932
.73747277259827
.73202613989512
.72194989522298
.71527777115504
.73039215803146
.72480936845144
.72453703482946
.71827342112859
.72426470120748
.71718410650889
.72766884167989
.71486928065618
.71827342112859
.72943900028865
.71949891249339
.72017973661423
.72385621070862
.70887800057729
.7252178589503
.71922657887141
.72971133391062
.72004357973735
.73406861225764
.71200980742772
.70806101957957
.72358387708664
.71732026338577
.72058822711309
.71255447467168
.71023966868718
.72508170207342
.72426470120748
.71650328238805
.72290307283401
.72440085808436
.72603485981623
.72657952706019
.72644335031509
.71064813931783
.72372003396352
.72426470120748
.72889433304469
.7252178589503
.72562636931737
.72480936845144
.72249456246694
.72875815629959
.71527777115504
.71909042199453
.72821350892385
.72303920984268
.72372003396352
.72344770034154
.73093682527542
.71827340126038
.71977124611537
.73093682527542
.72535403569539
.72331152359645
.72698801755905
.71446079015732
.72072440385818
.72249456246694
.72222220897675
.72889433304469
.71881806850433
.71663941939672
.71677561601003
.71895424524943
.71323527892431
.71963506937027
.73161762952805
.71595861514409
.72889433304469
.72630719343821
.71160131692886
.71623092889786
.72344772020976
.71772875388463
.71514161427816
.72426470120748
.70983115832011
.72440087795258
.7252178589503
.71663941939672
.7241285443306
.72834966580073
.71051198244095
.71364378929138
.71514161427816
.71840957800547
.71840959787369
.72017973661423
.71432463328044
.72794117530187
.72657952706019
.70846949021022
.72249454259872
.72644335031509
.72017971674601
.72453703482946
.73488561312358
.71922657887141
.72031589349111
.72807733217875
.71663943926493
.72154140472412
.72630719343821
.7122821410497
.71949891249339
.71514161427816
.73311547438304
.7241285443306
.71800108750661
.72412852446238
.7156862616539
.71650328238805
.71759257713954
.71377996603648
.72126905123393
.72058822711309
.71500543753306
.71650326251984
.72086056073507
.72181371847788
.71732026338577
.71990740299225
.72058822711309
.72154140472412
.71813726425171
.70588237047195
.71187365055084
.7239923675855
.71732024351756
.71405227979024
.7156862616539
.70588235060374
.71446079015732
.72358385721842
.72086056073507
.72086056073507
.73447712262472
.71132898330688
.72753268480301
.72712417443593
.71772877375285
.72399238745371
.72549019257228
.71718408664068
.71663943926493
.72807733217875
.71813724438349
.72154140472412
.72303920984268
.71704792976379
.71827340126038
.71759261687597
.71786493062973
.71064813931783
.71840959787369
.71609479188919
.72113289435705
.72426470120748
.71187363068263
.71623092889786
.72140522797902
.71405227979024
.72698803742727
.72113287448883
.72344772020976
.72072440385818
.72426470120748
.73570261398951
.71609477202098
.72017973661423
.71241829792658
.71936273574829
.7145969470342
.73011982440948
.72467319170634
.72181371847788
.72957517703374
.71609477202098
.7227668762207
.73447712262472
.71881808837255
.71323527892431
.71418843666712
.71840959787369
.71963506937027
.72834966580073
.72576250632604
.7238561908404
.72453703482946
.71704794963201
.72385621070862
.72562636931737
.71555010477702
.72126907110214
.73447712262472
.7241285443306
.72399238745371
.71922657887141
.71745642026265
.72603487968445
.72903050978978
.71786493062973
.72031591335932
.72821350892385
.72780499855677
.72208605209986
.72916666666667
.72467319170634
.71813726425171
.72440087795258
.71391612291336
.71854575475057
.721677561601
.71813726425171
.71269063154856
.72589870293935
.71922657887141
.72617103656133
.72535403569539
.71405229965846
.71214596430461
.72167758146922
.71922657887141
.71650328238805
.72440087795258
.72317538658778
.73025598128637
.72535401582718
.73488563299179
.7156862616539
.72671568393707
.72317538658778
.72331154346466
.71486926078796
.72630719343821
.72903048992157
.71949891249339
.73202613989512
.72126907110214
.71868193149567
.73488561312358
.71255447467168
.72535403569539
.72739650805791
.72140524784724
.71405227979024
.7218137383461
.71691177288691
.72031591335932
.72263069947561
.71132896343867
.71309912204742
.71650324265162
.70765248934428
.71527777115504
.72589868307114
.71432463328044
.71296296517054
.72698801755905
.715822438399
.72099673748016
.72739652792613
.71704794963201
.72453701496124
.72181371847788
.71745642026265
.71772875388463
.72957515716553
.71786493062973
.71732026338577
.72372003396352
.71473310391108
.71895424524943
.71990742286046
.71759257713954
.71827340126038
.72875817616781
.71704792976379
.72290303309759
.7229030529658
.72140522797902
.71990740299225
.73257080713908
.71881810824076
.72086058060328
.72957515716553
.71745642026265
.71323527892431
.73325163125992
.72889433304469
.72045207023621
.72698801755905
.72862199942271
.71854575475057
.71323529879252
.71854573488235
.72440085808436
.73025598128637
.73093682527542
.7218137383461
.72644335031509
.71745644013087
.7133714556694
.71745644013087
.72263069947561
.71541396776835
.71650326251984
.72794119517008
.70928651094437
.70479301611582
.72698801755905
.71759259700775
.71663943926493
.72971133391062
.71446079015732
.72154138485591
.72494552532832
.70724401871363
.72072440385818
.7252178589503
.70383985837301
.72004357973735
.72263071934382
.70615470409393
.71595861514409
.71405229965846
.71282680829366
.7124183177948
.7147331237793
.71269061168035
.71609477202098
.72303920984268
.71555010477702
.71051198244095
.71527779102325
.70683550834656
.71949891249339
.71827344099681
.7061546643575
.72303920984268
.72385621070862
.70860566695531
.71963506937027
.71663943926493
.7167755762736
.71813724438349
.72685186068217
.70983115832011
.72099673748016
.7250816822052
.73175382614136
.71936273574829
.72440087795258
.72126907110214
.71241829792658
.72181371847788
.72440087795258
.70792482296626
.72562636931737
.7230392297109
.72113289435705
.71527777115504
.73406863212585
.72017973661423
.72739650805791
.71555012464523
.72140522797902
.72508170207342
.7310729821523
.72671568393707
.71963506937027
.72657952706019
.71990740299225
.72385623057683
.71800108750661
.72072440385818
.71868191162745
.72617103656133
.71922657887141
.72903048992157
.73025598128637
.72794117530187
.71677559614182
.73502178986867
.71786491076152
.73052831490835
.72848582267761
.72562636931737
.7239923675855
.7218137383461
.72535403569539
.7250816822052
.72249456246694
.71732026338577
.71772875388463
.71881806850433
.71650328238805
.72249456246694
.71786493062973
.71868193149567
.72453705469767
.72208605209986
.71377996603648
.72344772020976
.72943898042043
.72140524784724
.72031591335932
.71977124611537
.71269063154856
.71977124611537
.71541394790014
.72426470120748
.71827342112859
.7230392297109
.72017973661423
.71078431606293
.71977124611537
.7241285443306
.71759257713954
.721677561601
.72930282354355
.72017973661423
.72875815629959
.72875815629959
.7144607702891
.72344770034154
.72603483994802
.71636710564295
.72617101669312
.72971133391062
.71868191162745
.71922659873962
.72603487968445
.72263071934382
.72126907110214
.72222220897675
.73311547438304
.72916666666667
.73393245538076
.71650326251984
.72630719343821
.73583877086639
.72017975648244
.72004357973735
.72072438398997
.71541394790014
.72426470120748
.72331156333288
.70942264795303
.72399238745371
.73828975359599
.71568628152212
.7156862616539
.72712419430415
.71173747380575
.71868193149567
.72617103656133
.72154138485591
.72671568393707
.72372005383174
.71732026338577
.72467319170634
.72140522797902
.72154138485591
.71827344099681
.71527777115504
.71895426511765
.72317538658778
.73284314076106
.71582241853078
.71718408664068
.71514161427816
.72154138485591
.71827342112859
.71827340126038
.71895424524943
.7133714556694
.71309912204742
.72208605209986
.71187365055084
.72562636931737
.72657952706019
.71623094876607
.71663941939672
.72794117530187
.71909040212631
.72780501842499
.73543026049932
.7239923675855
.73039217789968
.7288943529129
.72113291422526
.72943900028865
.72535401582718
.72140522797902
.7219499150912
.73120913902918
.71786491076152
.70778866608938
.72726035118103
.72617103656133
.72072440385818
.70806099971135
.71514161427816
.70887798070908
.72589870293935
.71446079015732
.71377996603648
.71868191162745
.72263071934382
.72644337018331
.72480936845144
.72017973661423
.72113291422526
.71555012464523
.70697166522344
.715822438399
.72263071934382
.71241829792658
.71922657887141
.72549019257228
.71704792976379
.72263071934382
.73202613989512
.7145969470342
.71282678842545
.72440085808436
.71323527892431
.71650328238805
.71840959787369
.721677561601
.72249456246694
.7218137383461
.72154138485591
.72208605209986
.72998364766439
.72903048992157
.72208607196808
.72562634944916
.72576252619425
.72385621070862
.71895424524943
.72657950719198
.71800108750661
.71173747380575
.71977124611537
.7124183177948
.72576252619425
.72848584254583
.72004357973735
.71568628152212
.71772875388463
.71309914191564
.71800108750661
.72644335031509
.71514161427816
.71459696690241
.72508170207342
.7136438091596
.70819717645645
.71119282643
.71405227979024
.71010349194209
.71500545740128
.71010349194209
.70901415745417
.71282680829366
.71718408664068
.71718408664068
.72099673748016
.70942266782125
.71595859527588
.71922657887141
.70356754461924
.71146516005198
.71909042199453
.70724401871363
.70697166522344
.72154138485591
.71092049280802
.71663943926493
.71990740299225
.70424836874008
.71609477202098
.71718410650889
.71377996603648
.71718408664068
.72058822711309
.71623092889786
.71609477202098
.71800108750661
.71214596430461
.72045207023621
.7218137383461
.72780501842499
.72576252619425
.72412852446238
.7288943529129
.71732024351756
.72943900028865
.71718410650889
.71922657887141
.72290303309759
.72930282354355
.72426472107569
.7229030529658
.72807735204697
.7169117530187
.71364378929138
.72930284341176
.72535401582718
.72521787881851
.72086056073507
.71269063154856
.7241285443306
.72930282354355
.71745642026265
.721677561601
.72889433304469
.72249456246694
.73216231664022
.73093684514364
.72562636931737
.73297929763794
.7252178589503
.71881808837255
.71732026338577
.73570261398951
.72263071934382
.72372005383174
.72453703482946
.71800108750661
.72617101669312
.72440087795258
.71827342112859
.72521787881851
.72086056073507
.71391612291336
.71609475215276
.72140520811081
.71595859527588
.71473310391108
.72739652792613
.71132898330688
.71595861514409
.73080064853032
.72480936845144
.71827342112859
.73529410362244
.7145969470342
.72372003396352
.72535401582718
.72194989522298
.72140520811081
.72372003396352
.73611112435659
.71772877375285
.71990740299225
.73134529590607
.7205882469813
.72031589349111
.73393247524897
.72303920984268
.73556643724442
.73325163125992
.71827342112859
.72235838572184
.72344770034154
.72113289435705
.7227668762207
.72644335031509
.71500545740128
.72154138485591
.73093680540721
.72426472107569
.72862199942271
.73080066839854
.72780499855677
.72331156333288
.71745644013087
.72344772020976
.72072440385818
.76293571790059
.71514159440994
.73039215803146
.72943900028865
.71514159440994
.72576252619425
.73188998301824
.71241829792658
.71786491076152
.72984749078751
.70465685923894
.7205882469813
.72562636931737
.71473310391108
.71813724438349
.71105664968491
.71922657887141
.71949891249339
.72140522797902
.70765250921249
.71446079015732
.71623092889786
.7122821410497
.70792484283447
.71786493062973
.70452070236206
.71704792976379
.7169117530187
.71663941939672
.71827340126038
.71405229965846
.70615470409393
.71854575475057
.72358385721842
.72794119517008
.71963508923848
.71418847640355
.72412852446238
.72113289435705
.72208605209986
.73706426223119
.71173749367396
.72004357973735
.72780501842499
.71282678842545
.72494552532832
.72916664679845
.7241285443306
.71337143580119
.72440085808436
.71105662981669
.7144607702891
.72657952706019
.72181371847789
.72222220897675
.71881808837255
.71718410650889
.71909040212631
.72494552532832
.72508170207342
.71840957800547
.72303920984268
.71650328238805
.70969498157501
.72372005383174
.7133714556694
.72154140472412
.71895424524943
.7073801557223
.71595859527588
.72045207023621
.72235840559006
.72194989522298
.72303920984268
.70492919286092
.70969498157501
.715822438399
.70683550834656
.71718408664068
.71963506937027
.7239923675855
.71446079015732
.72317536671956
.71486930052439
.71623092889786
.71990742286046
.71486928065618
.71500545740128
.71922657887141
.70424836874008
.71732026338577
.72535403569539
.71868193149567
.71800108750661
.71241829792658
.7145969470342
.71092049280802
.71037580569585
.70969500144323
.71623092889786
.71500543753306
.72535403569539
.71745640039444
.7122821410497
.72494552532832
.71228212118149
.7156862616539
.71854573488235
.71051200230916
.70806101957957
.71255447467168
.70343138774236
.71405227979024
.71187365055084
.70465685923894
.69989107052485
.70029958089193
.70315903425217
.69022331635157
.70792484283447
.6958061059316
.69430828094482
.69635075330734
.69253812233607
.69975491364797
.69825708866119
.6887254913648
.6781045794487
.68273421128591
.67742375532786
.66721133391062
.68654684225718
.67701522509257
.67783224582672
.68600217501322
.67946622769038
.67224945624669
.67238563299179
.66067538658778
.65659040212631
.65454792976379
.6508714556694
.64419933160146
.65999454259872
.64093138774236
.6262254913648
.6331699291865
.60688998301824
.61206428209941
.60062636931737
.58809914191564
.58564813931783
.5886438091596
.5565087000529
.56209150950114
.55024510622025
.52137800057729
.57693354288737
0
0
0
0
0
0
0
0
0
0
0
0
0
0
0
0
0
0
0
0
0
0
0
0
0
0
0
0
0
0
0
0
0
0
0
0
0
0
0
0
0
0
0
0
0
0
0
0
0
0
0
0
0
0
0
0
0
0
0
0
0
0
0
0
0
0
0
0
0
0
0
0
0
0
0
0
0
0
0
0
0
0
0
0
0
0
0
0
0
0
0
0
0
0
0
0
0
0
0
0
0
0
0
0
0
0
0
0
0
0
0
0
0
0
0
0
0
0
0
0
0
0
0
0
0
0
0
0
0
0
0
0
0
0
0
0
0
0
0
0
0
0
0
0
0
0
0
0
0
0
0
0
0
0
0
0
0
0
0
0
0
0
0
0
0
0
0
0
0
0
0
0
0
0
0
0
0
0
0
0
0
0
0
0
0
0
0
0
0
0
0
0
0
0
0
0
0
0
0
0
0
0
0
0
0
0
0
0
0
0
0
0
0
0
0
0
0
0
0
0
0
0
0
0
0
0
0
0
0
0
0
0
0
0
0
0
0
0
0
0
0
0
0
0
0
0
0
0
0
0
0
0
0
0
0
0
0
0
0
0
0
0
0
0
0
0
0
0
0
0
0
0
0
0
0
0
0
0
0
0
0
0
0
0
0
0
0
0
0
0
0
0
0
0
0
0
0
0
0
0
0
0
0
0
0
0
0
0
0
0
0
0
0
0
0
0
0
0
0
0
0
0
0
0
0
0
0
0
0
0
0
0
0
0
0
0
0
0
0
0
0
0
0
0
0
0
0
0
0
0
0
0
0
0
0
0
0
0
0
0
0
0
0
0
0
0
0
0
0
0
0
0
0
0
0
0
0
0
0
0
0
0
0
0
0
0
0
0
0
0
0
0
0
0
0
0
0
0
0
0
0
0
0
0
0
0
0
0
0
0
0
0
0
0
0
0
0
0
0
0
0
0
0
0
0
0
0
0
0
0
0
0
0
0
0
0
0
0
0
0
0
0
0
0
0
0
0
0
0
0
0
0
0
0
0
0
0
0
0
0
0
0
0
0
0
0
0
0
0
0
0
0
0
0
0
0
0
0
0
0
0
0
0
0
0
0
0
0
0
0
0
0
0
0
0
0
0
0
0
0
0
0
0
0
0
0
0
0
0
0
0
0
0
0
0
0
0
0
0
0
0
0
0
0
0
0
0
0
0
0
0
0
0
0
0
0
0
0
0
0
0
0
0
0
0
0
0
0
0
0
0
0
0
0
0
0
0
0
0
0
0
0
0
0
0
0
0
0
0
0
0
0
0
0
0
0
0
0
0
0
0
0
0
0
0
0
0
0
0
0
0
0
0
0
0
0
0
0
0
0
0
0
0
0
0
0
0
0
0
0
0
0
0
0
0
0
0
0
0
0
0
0
0
0
0
0
0
0
0
0
0
0
0
0
0
0
0
0
0
0
0
0
0
0
0
0
0
0
0
0
0
0
0
0
0
0
0
0
0
0
0
0
0
0
0
0
0
0
0
0
0
0
0
0
0
0
0
0
0
0
0
0
0
0
0
0
0
0
0
0
0
0
0
0
0
0
0
0
0
0
0
0
0
0
0
0
0
0
0
0
0
0
0
0
0
0
0
0
0
0
0
0
0
0
0
0
0
0
0
0
0
0
0
0
0
0
0
0
0
0
0
0
0
0
0
0
0
0
0
0
0
0
0
0
0
0
0
0
0
0
0
0
0
0
0
0
0
0
0
0
0
0
0
0
0
0
0
0
0
0
0
0
0
0
0
0
0
0
0
0
0
0
0
0
0
0
0
0
0
0
0
0
0
0
0
0
0
0
0
0
0
0
0
0
0
0
0
0
0
0
0
0
0
0
0
0
0
0
0
0
0
0
0
0
0
0
0
0
0
0
0
0
0
0
0
0
0
0
0
0
0
0
0
0
0
0
0
0
0
0
0
0
0
0
0
0
0
0
0
0
0
0
0
0
0
0
0
0
0
0
0
0
0
0
0
0
0
0
0
0
0
0
0
0
0
0
0
0
0
0
0
0
0
0
0
0
0
0
0
0
0
0
0
0
0
0
0
0
0
0
0
0
0
0
0
0
0
0
0
0
0
0
0
0
0
0
0
0
0
0
0
0
0
0
0
0
0
0
0
0
0
0
0
0
0
0
0
0
0
0
0
0
0
0
0
0
0
0
0
0
0
0
0
0
0
0
0
0
0
0
0
0
0
0
0
0
0
0
0
0
0
0
0
0
0
0
0
0
0
0
0
0
0
0
0
0
0
0
0
0
0
0
0
0
0
0
0
0
0
0
0
0
0
0
0
0
0
0
0
0
0
0
0
0
0
0
0
0
0
0
0
0
0
0
0
0
0
0
0
0
0
0
0
0
0
0
0
0
0
0
0
0
0
0
0
0
0
0
0
0
0
0
0
0
0
0
0
0
0
0
0
0
0
0
0
0
0
0
0
0
0
0
0
0
0
0
0
0
0
0
0
0
0
0
0
0
0
0
0
0
0
0
0
0
0
0
0
0
0
0
0
0
0
0
0
0
0
0
0
0
0
0
0
0
0
0
0
0
0
0
0
0
0
0
0
0
0
0
0
0
0
0
0
0
0
0
0
0
0
0
0
0
0
0
0
0
0
0
0
0
0
0
0
0
0
0
0
0
0
0
0
0
0
0
0
0
0
0
0
0
0
0
0
0
0
0
0
0
0
0
0
0
0
0
0
0
0
0
0
0
0
0
0
0
0
0
0
0
0
0
0
0
0
0
0
0
0
0
0
0
0
0
0
0
0
0
0
0
0
0
0
0
0
0
0
0
0
0
0
0
0
0
0
0
0
0
0
0
0
0
0
0
0
0
0
0
0
0
0
0
0
0
0
0
0
0
0
0
0
0
0
0
0
0
0
0
0
0
0
0
0
0
0
0
0
0
0
0
0
0
0
0
0
0
0
0
0
0
0
0
0
0
0
0
0
0
0
0
0
0
0
0
0
0
0
0
0
0
0
0
0
0
0
0
0
0
0
0
0
0
0
0
0
0
0
0
0
0
0
0
0
0
0
0
0
0
0
0
0
0
0
0
0
0
0
0
0
0
0
0
0
0
0
0
0
0
0
0
0
0
0
0
0
0
0
0
0
0
0
0
0
0
0
0
0
0
0
0
0
0
0
0
0
0
0
0
0
0
0
0
0
0
0
0
0
0
0
0
0
0
0
0
0
0
0
0
0
0
0
0
0
0
0
0
0
0
0
0
0
0
0
0
0
0
0
0
0
0
0
0
0
0
0
0
0
0
0
0
0
0
0
0
0
0
0
0
0
0
0
0
0
0
0
0
0
0
0
0
0
0
0
0
0
0
0
0
0
0
0
0
0
0
0
0
0
0
0
0
0
0
0
0
0
0
0
0
0
0
0
0
0
0
0
0
0
0
0
0
0
0
0
0
0
0
0
0
0
0
0
0
0
0
0
0
0
0
0
0
0
0
0
0
0
0
0
0
0
0
0
0
0
0
0
0
0
0
0
0
0
0
0
0
0
0
0
0
0
0
0
0
0
0
0
0
0
0
0
0
0
0
0
0
0
0
0
0
0
0
0
0
0
0
0
0
0
0
0
0
0
0
0
0
0
0
0
0
0
0
0
0
0
0
0
0
0
0
0
0
0
0
0
0
0
0
0
0
0
0
0
0
0
0
0
0
0
0
0
0
0
0
0
0
0
0
0
0
0
0
0
0
0
0
0
0
0
0
0
0
0
0
0
0
0
0
0
0
0
0
0
0
0
0
0
0
0
0
0
0
0
0
0
0
0
0
0
0
0
0
0
0
0
0
0
0
0
0
0
0
0
0
0
0
0
0
0
0
0
0
0
0
0
0
0
0
0
0
0
0
0
0
0
0
0
0
0
0
0
0
0
0
0
0
0
0
0
0
0
0
0
0
0
0
0
0
0
0
0
0
0
0
0
0
0
0
0
0
0
0
0
0
0
0
0
0
0
0
0
0
0
0
0
0
0
0
0
0
0
0
0
0
0
0
0
0
0
0
0
0
0
0
0
0
0
0
0
0
0
0
0
0
0
0
0
0
0
0
0
0
0
0
0
0
0
0
0
0
0
0
0
0
0
0
0
0
0
0
0
0
0
0
0
0
0
0
0
0
0
0
0
0
0
0
0
0
0
0
0
0
0
0
0
0
0
0
0
0
0
0
0
0
0
0
0
0
0
0
0
0
0
0
0
0
0
0
0
0
0
0
0
0
0
0
0
0
0
0
0
0
0
0
0
0
0
0
0
0
0
0
0
0
0
0
0
0
0
0
0
0
0
0
0
0
0
0
0
0
0
0
0
0
0
0
0
0
0
0
0
0
0
0
0
0
0
0
0
0
0
0
0
0
0
0
0
0
0
0
0
0
0
0
0
0
0
0
0
0
0
0
0
0
0
0
0
0
0
0
0
0
0
0
0
0
0
0
0
0
0
0
0
0
0
0
0
0
0
0
0
0
0
0
0
0
0
0
0
0
0
0
0
0
0
0
0
0
0
0
0
0
0
0
0
0
0
0
0
0
0
0
0
0
0
0
0
0
0
0
0
0
0
0
0
0
0
0
0
0
0
0
0
0
0
0
0
0
0
0
