.72821348905563
.72562636931737
.71963506937027
.72903048992157
.70710784196854
.71759259700775
.7230392297109
.71691177288691
.7124183177948
.72031591335932
.72140522797902
.71296296517054
.72263071934382
.72331154346466
.72249456246694
.71895424524943
.71146514018377
.71160129706065
.72494554519653
.70683550834656
.71269063154856
.72154140472412
.70833333333333
.71990740299225
.72549019257228
.71078433593114
.71949891249339
.72167754173279
.71527777115504
.71704792976379
.7230392297109
.70874180396398
.71418843666712
.71269065141678
.71677559614182
.71909040212631
.7145969470342
.72140522797902
.71854575475057
.72480936845144
.7230392297109
.72140522797902
.71255445480347
.72126907110214
.71555010477702
.71786491076152
.72875815629959
.72276689608892
.72194987535477
.72698801755905
.71051198244095
.71364376942317
.72222220897675
.72045207023621
.71405229965846
.72426470120748
.72344772020976
.7227668762207
.73134531577428
.71623092889786
.72766884167989
.72657950719198
.71677559614182
.70887800057729
.72508170207342
.71977124611537
.72508170207342
.73175382614136
.71568628152212
.71990740299225
.72154138485591
.72249456246694
.72017973661423
.71800108750661
.72086056073507
.72331156333288
.72698801755905
.71527777115504
.72657950719198
.72344772020976
.71323529879252
.71704792976379
.72072440385818
.71146516005198
.71446079015732
.71800110737483
.71840957800547
.71636710564295
.72644335031509
.71609477202098
.71500543753306
.71895426511765
.71377996603648
.71514159440994
.72072440385818
.72154138485591
.71037582556407
.71132896343867
.72222220897675
.70765252908071
.7218137383461
.72644335031509
.71800108750661
.71323527892431
.7227668762207
.71786491076152
.71963506937027
.71977124611537
.71786493062973
.72072440385818
.72712419430415
.70887800057729
.71609477202098
.7252178589503
.72222222884496
.71759259700775
.71990740299225
.71636710564295
.71377994616826
.72290303309759
.72671570380529
.72086056073507
.72794115543365
.71963508923848
.72086056073507
.72562634944916
.71718408664068
.71759259700775
.72671570380529
.71023964881897
.72263071934382
.73039215803146
.71609477202098
.72630719343821
.72535403569539
.71868191162745
.7124183177948
.72916666666667
.71051198244095
.71704792976379
.71854575475057
.70860568682353
.71555010477702
.72480936845144
.71909040212631
.71432463328044
.72617101669312
.72562634944916
.715822438399
.72753268480301
.72194989522298
.71323529879252
.72916666666667
.71473310391108
.71745644013087
.71977124611537
.73488561312358
.72235838572184
.73011980454127
.7346132795016
.72535403569539
.73474945624669
.72630719343821
.72535403569539
.71881806850433
.72780501842499
.72630717357
.72181371847789
.72889433304469
.71990740299225
.72303920984268
.73366014162699
.72235838572184
.71868191162745
.73148147265116
.72480936845144
.71527777115504
.72657952706019
.71936273574829
.71023964881897
.72480936845144
.72208605209986
.721677561601
.73338780800502
.72072438398997
.72766886154811
.73107300202052
.72494554519653
.71663943926493
.72562634944916
.72045207023621
.72222222884496
.73148147265116
.73093682527542
.73515794674555
.73202613989512
.71963506937027
.71840957800547
.7310729821523
.71718410650889
.71459696690241
.71949891249339
.72535403569539
.72535401582718
.72726035118103
.72031589349111
.73093680540721
.7335239648819
.70683550834656
.71187363068263
.73978757858276
.7581699291865
.72072440385818
.7205882469813
.72031589349111
.72235840559006
.72290303309758
.71922657887141
.72344770034154
.71840957800547
.72644335031509
.71119282643
.71663943926493
.72916668653488
.72222222884496
.72440085808436
.71840959787369
.72263071934382
.72140522797902
.73297929763794
.71868191162745
.72344770034154
.73011982440948
.71868191162745
.72903050978978
.71623094876607
.70669935146968
.72181371847789
.72358387708664
.72208605209986
.72222222884496
.72685186068217
.71786493062973
.72957515716553
.73025600115458
.72426470120748
.71037580569585
.72426468133926
.72712417443593
.71813726425171
.72467321157455
.71677561601003
.72208607196808
.72766882181168
.72072440385818
.72903050978978
.7299836675326
.7064270178477
.72480936845144
.72480936845144
.71364378929138
.72358387708664
.72331154346466
.72249454259872
.72453703482946
.72903050978978
.71555012464523
.7135076324145
.72712419430415
.71990740299225
.71405229965846
.73188998301824
.71745644013087
.72943898042043
.73910675446192
.72576252619425
.71895424524943
.72194989522298
.7250816822052
.72017975648244
.715822438399
.72372005383174
.72358387708664
.7205882469813
.72440087795258
.71759257713954
.71677559614182
.74005989233653
.72617103656133
.72004357973735
.72480936845144
.71269063154856
.7229030529658
.73502177000046
.72521787881851
.71663943926493
.72263071934382
.71623092889786
.7252178589503
.72467319170634
.71350761254629
.71718408664068
.71582245826721
.72208607196808
.72494552532832
.73474945624669
.71840959787369
.72222222884496
.72317538658778
.72208605209986
.72235838572184
.71963508923848
.70915031433105
.7135076324145
.72331154346466
.71527777115504
.71119282643
.72140524784724
.71704792976379
.72549019257228
.72753266493479
.71977122624715
.72086058060328
.72317538658778
.71840959787369
.71309914191564
.72930284341176
.71718408664068
.71064813931783
.72453701496124
.70778866608938
.71909040212631
.71813726425171
.72004357973735
.71555010477702
.71840957800547
.71800108750661
.72263073921204
.71868191162745
.72181371847788
.72017973661423
.71936273574829
.72549017270406
.72017971674601
.71800108750661
.73039215803146
.7229030529658
.71881808837255
.73066449165344
.72031589349111
.71786493062973
.72753266493479
.72440087795258
.7335239648819
.73910677433014
.7205882469813
.72086056073507
.72589868307114
.72331154346466
.72698801755905
.72494552532832
.71759259700775
.71663943926493
.72916666666667
.71582245826721
.72004357973735
.73039215803146
.71827342112859
.72807735204697
.72399238745371
.72113289435705
.71568628152212
.72249456246694
.72263071934382
.72480936845144
.72943898042043
.72508170207342
.71663943926493
.72317538658778
.72344772020976
.72263071934382
.73651961485545
.71160131692886
.71990740299225
.72834966580073
.72086058060328
.72317538658778
.71800108750661
.71677559614182
.71840957800547
.72440087795258
.72889433304469
.72058822711309
.72385623057683
.71092049280802
.71609479188919
.72930284341176
.71691177288691
.72140522797902
.71813726425171
.73120913902918
.71827342112859
.72017973661423
.74033224582672
.72984751065572
.72753266493479
.72780501842499
.72508170207342
.7310729821523
.73270696401596
.72113291422526
.73951524496079
.7344771027565
.7136438091596
.72603485981623
.7312091588974
.71691177288691
.73515796661377
.73529410362244
.70996731519699
.72753266493479
.72480936845144
.72630717357
.72331156333288
.73188998301824
.71949889262517
.71977122624715
.72331154346466
.715822438399
.72331154346466
.7147331237793
.72154140472412
.7301198442777
.72494552532832
.71064813931783
.71418845653534
.71854575475057
.7241285443306
.72385621070862
.72126907110214
.71500543753306
.71895426511765
.72603485981623
.72208605209986
.71868191162745
.72222222884496
.71868191162745
.71704792976379
.7372004588445
.72698801755905
.71990740299225
.7335239648819
.72181371847789
.72739652792613
.72235838572184
.71623092889786
.7230392297109
.73434096574783
.71936273574829
.7252178589503
.72576252619425
.72576252619425
.72494552532832
.72140522797902
.73011982440948
.71745644013087
.72194989522298
.72726035118103
.71486930052439
.71609477202098
.72821348905563
.72617101669312
.71840959787369
.73093682527542
.71623092889786
.71854575475057
.73161764939626
.72562634944916
.71827342112859
.72875817616781
.71650328238805
.71772877375285
.72344772020976
.71432461341222
.72249456246694
.72739650805791
.72140522797902
.72263071934382
.72875815629959
.71718410650889
.721677561601
.72562636931737
.72712419430415
.72303920984268
.7241285443306
.72113291422526
.72399238745371
.72780499855677
.71636710564295
.73093682527542
.73148147265116
.71623094876607
.71786493062973
.72957517703374
.7205882469813
.71977124611537
.72739650805791
.71840957800547
.7229030529658
.7335239648819
.72440085808436
.71963508923848
.72903050978978
.72140524784724
.72249456246694
.72576252619425
.7229030529658
.72494554519653
.73025600115458
.72331156333288
.7075163324674
.72004355986913
.73161764939626
.71854575475057
.71718410650889
.72671568393707
.72072440385818
.72494552532832
.71078431606293
.72358387708664
.72576254606247
.72617101669312
.71255445480347
.7147331237793
.72576250632604
.71813724438349
.71840957800547
.7239923675855
.71405227979024
.71282678842545
.71718408664068
.72208605209986
.72766884167989
.72794117530187
.71772875388463
.72154138485591
.73148147265116
.73025600115458
.71977122624715
.72276689608892
.72017973661423
.72331154346466
.72331154346466
.72222222884496
.73325165112813
.72644335031509
.72113289435705
.71432463328044
.72508170207342
.71173747380575
.74577887852987
.73052831490835
.71759259700775
.71963506937027
.73692810535431
.75163398186366
.72630719343821
.73202613989512
.72072440385818
.72780501842499
.72521787881851
.71255447467168
.71405227979024
.72862199942271
.72426470120748
.72943900028865
.72385621070862
.71555010477702
.71936273574829
.71881808837255
.71854575475057
.71650328238805
.71895426511765
.721677561601
.71759259700775
.72589870293935
.72807733217875
.72167758146922
.71718408664068
.72603487968445
.71827342112859
.72807733217875
.72807733217875
.72113289435705
.71963506937027
.71922655900319
.71309912204742
.71636708577474
.71732028325399
.7147331237793
.71895426511765
.7239923675855
.71146514018377
.72862199942271
.72344770034154
.71718408664068
.72113287448883
.72426472107569
.72576252619425
.72671568393707
.72889433304469
.72331154346466
.72140520811081
.73039215803146
.71990740299225
.73311545451482
.72685186068217
.71677559614182
.72453705469767
.72467321157455
.71977122624715
.73869826396306
.72576250632604
.71173749367396
.72467319170634
.73134531577428
.71813726425171
.71881808837255
.71990740299225
.71010349194209
.72480936845144
.72113291422526
.71064813931783
.72154140472412
.72862199942271
.7133714556694
.71132896343867
.72576252619425
.72453703482946
.72685186068217
.72453703482946
.71609475215276
.72453705469767
.72045207023621
.72412856419881
.71718410650889
.72031589349111
.73393245538076
.72263071934382
.72045207023621
.73788126309713
.71541394790014
.71963508923848
.72821350892385
.7229030529658
.72535403569539
.72807735204697
.72344772020976
.71963506937027
.72603485981623
.73011982440948
.72276689608892
.73720043897629
.72086056073507
.71881808837255
.72698801755905
.72235840559006
.71759259700775
.73052831490835
.71786493062973
.72644335031509
.73243463039398
.71555010477702
.72113289435705
.72726033131282
.72412852446238
.72644335031509
.73461329936981
.72113289435705
.71418843666712
.73270696401596
.7250816822052
.73134531577428
.72521787881851
.71772875388463
.72426470120748
.73679194847743
.72467319170634
.72426470120748
.73257080713908
.72875817616781
.72126907110214
.72589870293935
.71949891249339
.72140520811081
.72889433304469
.71800108750661
.72385623057683
.73583877086639
.72576250632604
.72984749078751
.73406863212585
.71977124611537
.7229030529658
.72562636931737
.72971133391062
.74155773719152
.72657952706019
.73474947611491
.72440087795258
.73134531577428
.73080064853032
.72385621070862
.72766884167989
.71691177288691
.72440085808436
.72004355986913
.74727668364843
.72521787881851
.72222220897675
.72794117530187
.71432461341222
.71745644013087
.73202613989512
.71786493062973
.73311547438304
.72453703482946
.72344772020976
.72017973661423
.72317538658778
.72017973661423
.71949889262517
.72821350892385
.70983115832011
.72426472107569
.72698801755905
.7239923675855
.72385621070862
.73434096574783
.71105664968491
.72467319170634
.73025600115458
.72671570380529
.72017975648244
.72154140472412
.71881808837255
.71909042199453
.72589870293935
.72589868307114
.72644335031509
.73665575186412
.72385623057683
.72753268480301
.73406863212585
.72848582267761
.7310729821523
.73869824409485
.73202612002691
.72698801755905
.73052831490835
.71813726425171
.71132898330688
.74019608894984
.72875815629959
.72875817616781
.72794117530187
.73583877086639
.72617101669312
.72630719343821
.73774510622025
.72467321157455
.73066449165344
.7344771027565
.72821350892385
.72589870293935
.73924291133881
.72358387708664
.71881808837255
.73202613989512
.72685186068217
.71677559614182
.73624726136525
.72154140472412
.7335239648819
.73066449165344
.72480934858322
.7333877881368
.72331154346466
.71922659873962
.73257080713908
.74523419141769
.72698801755905
.73243463039398
.72766884167989
.72644335031509
.73066449165344
.73052831490835
.71895424524943
.72753268480301
.73515794674555
.72726035118103
.72494554519653
.72753268480301
.71827342112859
.72753268480301
.72889433304469
.72194989522298
.72916666666667
.72630717357
.72480936845144
.73297929763794
.73583879073461
.73570261398951
.73679194847743
.73788124322891
.72494554519653
.71827342112859
.73025598128637
.73488561312358
.73093682527542
.73243463039398
.74074073632558
.74196622769038
.7406045794487
.73461329936981
.74632352590561
.74700435002645
.75217864910761
.73515794674555
.74264705181122
.75585512320201
.74632352590561
.75776143868764
.75735294818878
.75449347496033
.75694445768992
.76552285750707
.76334424813588
.7675653497378
.77056101957957
.76239107052485
.77382896343867
.77696081002553
.78227122624715
.78295205036799
.78077340126038
.78458607196808
.7854030529658
.7947984735171
.79752177000046
.80460238456726
.81495098272959
.81181917587916
.8123638232549
.81168299913406
.81971677144368
.82230393091838
.83442264795303
.83265248934428
.84381808837255
.84463506937027
.83251635233561
.83769063154856
.85212419430415
.83959692716599
.84586054086685
.85866012175878
.85226033131282
.84912852446238
.85307735204697
.85362201929092
.85893245538076
.85934096574783
.84858385721842
.85797929763794
.86533224582672
.86056643724442
.85811545451482
.87091503540675
.85430284341176
.85539215803146
.85049019257228
.84613291422526
.86083879073461
.85171568393707
.84980936845144
.83700980742772
.84640522797902
.84994552532832
.83319715658824
.83864378929138
.85198801755905
.84409042199453
.84177559614182
.84381808837255
.83905227979024
.83755447467168
.85511980454127
.83823529879252
.84014161427816
.85443900028865
.84313726425171
.83918845653534
.84477124611537
.83156317472458
.83523964881897
.83932463328044
.83592047293981
.83714596430461
.85375815629959
.82543571790059
.83333333333333
.83605664968491
.83238017559052
.83156319459279
.83360566695531
.82094226280848
.82856754461924
.83047386010488
.82461873690287
.82162308692932
.83183550834656
.81563180685043
.82598038514455
.82516340414683
.81563180685043
.80637254317602
.8125
.8043300708135
.80909585952759
.81917210419973
.80555554231008
.79697712262472
.80691719055176
.79833877086639
.79534314076106
.80228757858276
.7960239648819
.79084966580073
.79520696401596
.77777777115504
.77954790989558
.77750545740128
.78009257713954
.77464596430461
.77736928065618
.78131806850433
.76130175590515
.76429738601049
.78145426511765
.76089322566986
.75803375244141
.75912308692932
.75449345509211
.75612743695577
.76089324553808
.75435731808345
.75639979044596
.76034857829412
.74645970265071
.74972766637802
.75966777404149
.7478213707606
.75544663270315
.75599128007889
.74686821301778
.74319169918696
.74319171905518
.73175380627314
.74278324842453
.74114924669266
.7393790880839
.75068082412084
.74400871992111
.74822986125946
.74564270178477
.74945533275604
.73202613989512
.75299564997355
.75299564997355
.7393790880839
.74360022942225
.7427832086881
.73080064853032
.75054466724396
.74822986125946
.73543028036753
.73760894934336
.74114922682444
.74005991220474
.73842593034108
.75
.72807733217875
.73474945624669
.72875817616781
.74441721041997
.73338780800502
.74305556217829
.73039215803146
.73910675446192
.74155775705973
.73134531577428
.73420478900274
.73801741997401
.72712419430415
.73080064853032
.74468954404195
.73188998301824
.72549019257228
.73951524496078
.73815359671911
.73692810535431
.72821350892385
.74332789580027
.7288943529129
.73692810535431
.74455338716507
.72630717357
.73883442083995
.74169387420019
.73175380627314
.72685186068217
.74128540356954
.73052831490835
.73284314076106
.74210238456726
.73188998301824
.73611110448837
.73161764939626
.72480936845144
.72780501842499
.72603485981623
.73202613989512
.72521787881851
.73447712262472
.73257080713908
.73011982440948
.7324346502622
.7299836675326
.7406045794487
.7404684027036
.73910673459371
.73774508635203
.73434096574783
.72712417443593
.72726035118103
.73393247524897
.71840959787369
.72671568393707
.73842591047287
.72317536671956
.72031591335932
.72780501842499
.72344772020976
.72549019257228
.73720041910807
.72589870293935
.72208605209986
.73638343811035
.72276689608892
.72086056073507
.73052831490835
.72317536671956
.72453703482946
.72671566406886
.72031591335932
.72194989522298
.72194989522298
.72031591335932
.71704792976379
.71555012464523
.75313180685043
.74550654490789
.71745642026265
.72644335031509
.7207244237264
.72194987535477
.73406863212585
.7135076324145
.72235838572184
.73202613989512
.71759259700775
.71922657887141
.73025600115458
.72698801755905
.72807733217875
.73188998301824
.71772875388463
.73543028036753
.74509803454081
.72794117530187
.72045207023621
.73311547438304
.72630719343821
.71786493062973
.72657952706019
.71364378929138
.71881806850433
.73406863212585
.72263071934382
.72698801755905
.73325163125992
.71949891249339
.7252178589503
.72712419430415
.71936273574829
.73066449165344
.73897059758504
.72589868307114
.73583877086639
.73093682527542
.71486926078796
.72440085808436
.73556643724442
.73093682527542
.73297931750615
.72181371847788
.71772877375285
.71868191162745
.73570261398951
.72358389695485
.71609477202098
.72154140472412
.7227668762207
.72031591335932
.7406045794487
.72331156333288
.72508170207342
.72807733217875
.72344772020976
.73148149251938
.72971133391062
.71759259700775
.71609477202098
.72698801755905
.72753268480301
.71936275561651
.75544663270315
.71704792976379
.72440087795258
.7229030529658
.73080064853032
.72222220897675
.73665577173233
.73897057771683
.74387256304423
.73039215803146
.78199891249339
.75871461629868
.73393245538076
.7333877881368
.71922657887141
.72671568393707
.72903050978978
.7133714556694
.72834968566895
.73052831490835
.72385621070862
.71922657887141
.73842593034108
.71936275561651
.72126905123393
.72930282354355
.72916666666667
.71840959787369
.73188998301824
.72848584254583
.72753268480301
.72589868307114
.71609477202098
.72154140472412
.72317536671956
.72017973661423
.72235838572184
.72440087795258
.721677561601
.72698801755905
.72712419430415
.73910675446192
.72739652792613
.72549019257228
.71800108750661
.73188998301824
.73447712262472
.71486928065618
.71827342112859
.72984749078751
.71500543753306
.71840959787369
.72862199942271
.71840957800547
.72821348905563
.72154140472412
.73243463039398
.72834966580073
.72903050978978
.73706426223119
.72589870293935
.71922655900319
.72726035118103
.72126907110214
.7299836675326
.73515796661377
.72222222884496
.72072440385818
.72726037104925
.72072440385818
.72480936845144
.73025600115458
.73093680540721
.72126907110214
.72549019257228
.72086058060328
.71800108750661
.7310729821523
.71813724438349
.71854575475057
.73529412349065
.71745644013087
.71623092889786
.73025598128637
.71486928065618
.72099671761195
.72916666666667
.71895422538122
.72657952706019
.73611112435659
.71949891249339
.71555010477702
.73188998301824
.71064815918605
.72140524784724
.72603485981623
.72317538658778
.71800108750661
.72031591335932
.72181371847789
.73229845364889
.72617103656133
.72385621070862
.72834968566895
.73583877086639
.71364378929138
.72331154346466
.72344772020976
.71418845653534
.7239923675855
.72358387708664
.72099671761195
.72848584254583
.73188998301824
.72004357973735
.72344772020976
.72154138485591
.72780499855677
.7145969470342
.71704792976379
.72113289435705
.72154138485591
.73011982440948
.7393790880839
.72998364766439
.72589868307114
.72889433304469
.71527777115504
.72154140472412
.72916666666667
.72480936845144
.72426470120748
.73039215803146
.71677559614182
.7156862616539
.72140520811081
.71990740299225
.72535401582718
.72004355986913
.73325163125992
.72113289435705
.72317536671956
.72644335031509
.72698799769084
.72126907110214
.71854575475057
.72521787881851
.73216231664022
.71881806850433
.72058822711309
.73474945624669
.71895424524943
.72126907110214
.72943900028865
.71840957800547
.71936275561651
.72644335031509
.72412852446238
.72739650805791
.71895424524943
.71759259700775
.72794117530187
.71704790989558
.72290303309759
.71500545740128
.72372005383174
.71827342112859
.72739650805791
.72998364766439
.71500543753306
.7145969470342
.7299836675326
.72154140472412
.72045207023621
.71827342112859
.72276689608892
.71241829792658
.71759259700775
.72140522797902
.71527777115504
.71432461341222
.72331154346466
.70860566695531
.71350761254629
.72480936845144
.70806099971135
.72045205036799
.72726035118103
.71636710564295
.72208605209986
.71759257713954
.71977122624715
.71840957800547
.72603485981623
.72644335031509
.71800108750661
.72671570380529
.72222222884496
.71895422538122
.73379629850388
.72154140472412
.7239923675855
.73039215803146
.71309914191564
.72712419430415
.72426470120748
.72235840559006
.71800108750661
.72140522797902
.71854575475057
.72834968566895
.7299836675326
.7229030529658
.72426470120748
.72317536671956
.72589870293935
.71187363068263
.72222222884496
.71650328238805
.71732024351756
.71949891249339
.7169117530187
.72440087795258
.72399238745371
.71977124611537
.71800108750661
.72589870293935
.71132898330688
.71364378929138
.72521783908208
.70710782210032
.71432461341222
.71813724438349
.70955882469813
.70942266782125
.72766886154811
.70547386010488
.71214596430461
.71432463328044
.71854577461878
.71881806850433
.72848584254583
.72372003396352
.71432461341222
.715822438399
.72140524784724
.71282678842545
.72739650805791
.721677561601
.7145969470342
.71786493062973
.72058822711309
.71105664968491
.71800108750661
.72521787881851
.72126905123393
.71732026338577
.72943900028865
.7205882469813
.71609475215276
.72412852446238
.71391612291336
.72126905123393
.72331154346466
.71514159440994
.71936273574829
.72222222884496
.71323529879252
.72739652792613
.72984749078751
.71555012464523
.71827342112859
.72372003396352
.72194989522298
.70738017559052
.71977122624715
.71228212118149
.7145969470342
.72862199942271
.71704792976379
.71936273574829
.72589870293935
.7219499150912
.72249454259872
.72249456246694
.7218137383461
.72930282354355
.73488561312358
.72916664679845
.73175382614136
.72726035118103
.71704790989558
.71200980742772
.72903048992157
.72045207023621
.72263071934382
.72766884167989
.71418845653534
.72617101669312
.72194989522298
.72630719343821
.72222222884496
.7218137383461
.73011982440948
.7239923675855
.732162296772
.72834966580073
.72780501842499
.73188998301824
.72589868307114
.72671568393707
.72072440385818
.72943900028865
.73434094587962
.73175380627314
.73161764939626
.71514161427816
.7312091588974
.72916666666667
.71405229965846
.7252178589503
.72440087795258
.7227668762207
.7229030529658
.72739650805791
.72113289435705
.7239923675855
.72480934858322
.72549017270406
.72589868307114
.73297929763794
.72494554519653
.71636710564295
.72957517703374
.72385621070862
.71732026338577
.71963506937027
.7145969470342
.71677561601003
.72644337018331
.71228212118149
.71486928065618
.71772875388463
.71214598417282
.72290303309758
.72235838572184
.71078431606293
.72208605209986
.72194989522298
.71323529879252
.71881806850433
.72072440385818
.72372005383174
.72331154346466
.72494554519653
.72058822711309
.73175382614136
.72671568393707
.71527777115504
.72208605209986
.73080064853032
.72821350892385
.72657950719198
.72453705469767
.72385621070862
.71963506937027
.72603485981623
.73325163125992
.72494552532832
.71854575475057
.72344772020976
.71309914191564
.732162296772
.72848584254583
.71827344099681
.71595861514409
.73556643724442
.71949891249339
.71977124611537
.7238561908404
.72072440385818
.71418843666712
.71827342112859
.71595861514409
.72889433304469
.73107300202052
.72998364766439
.72589870293935
.72726035118103
.71391612291336
.72263071934382
.72971133391062
.70806099971135
.72617103656133
.72194989522298
.71854575475057
.72440087795258
.72453703482946
.72017973661423
.71977124611537
.73665577173233
.72862199942271
.72344772020976
.72685184081395
.73202613989512
.71759259700775
.71772877375285
.71732026338577
.72099671761195
.72521787881851
.7252178589503
.73148147265116
.73025600115458
.71337147553762
.72562634944916
.72290303309759
.71323529879252
.71922657887141
.72099673748016
.71200980742772
.70955882469813
.71813726425171
.72113289435705
.71895424524943
.72031591335932
.72603485981623
.7147331237793
.7169117530187
.73529412349065
.71963506937027
.71759259700775
.72807735204697
.72549019257228
.71691177288691
.72317538658778
.71636708577474
.72222220897675
.7239923675855
.71269063154856
.71486928065618
.7239923675855
.71895424524943
.71772875388463
.72276689608892
.71200980742772
.71854575475057
.71500543753306
.71405227979024
.71282680829366
.71732026338577
.70452072223028
.71568628152212
.72017973661423
.71663945913315
.71718408664068
.73052833477656
.70547384023666
.72058822711309
.71854575475057
.71555010477702
.72099671761195
.715822438399
.71527777115504
.71514161427816
.7229030529658
.71990738312403
.71364376942317
.71732026338577
.70928649107615
.71718408664068
.71323529879252
.71636710564295
.70860566695531
.7122821410497
.71745642026265
.71064815918605
.72916666666667
.70710784196854
.71759259700775
.72508170207342
.70383987824122
.71623094876607
.71377996603648
.71895424524943
.71977124611537
.72004355986913
.72807733217875
.72154138485591
.72753268480301
.71868193149567
.71745644013087
.71296294530233
.72712419430415
.72222222884496
.71704792976379
.71092047293981
.71187365055084
.72072440385818
.72426470120748
.7239923675855
.71541394790014
.72766882181168
.71391612291336
.72426472107569
.73011982440948
.71800110737483
.72290303309759
.73379629850388
.71732026338577
.72549019257228
.72685186068217
.70234205325445
.71990740299225
.72535403569539
.715822438399
.76375271876653
.71704792976379
.71977124611537
.71745642026265
.72154138485591
.71922657887141
.72344772020976
.72126907110214
.71555010477702
.71718408664068
.72889433304469
.71772875388463
.71677559614182
.72372005383174
.71555010477702
.71636710564295
.72957515716553
.70915033419927
.72004357973735
.72617101669312
.7229030529658
.72685186068217
.72821350892385
.71200978755951
.72453703482946
.72685186068217
.72344770034154
.72235838572184
.71977124611537
.72834966580073
.72208605209986
.71132898330688
.72440087795258
.71868191162745
.71963508923848
.72004355986913
.70915033419927
.71949891249339
.72494552532832
.72017973661423
.71636708577474
.72372005383174
.71432463328044
.71854573488235
.72603485981623
.72848584254583
.72726035118103
.72426470120748
.71949891249339
.72467321157455
.72916664679845
.7229030529658
.71405229965846
.72154138485591
.71255445480347
.71827344099681
.72807735204697
.7147331237793
.72263073921204
.72943900028865
.72140522797902
.71759259700775
.72916666666667
.7147331237793
.71881808837255
.72698801755905
.72031591335932
.71949891249339
.72698799769084
.71609477202098
.73025600115458
.72385621070862
.71555010477702
.71309914191564
.72685186068217
.71772875388463
.72630721330643
.73611110448837
.71078431606293
.73107300202052
.72508170207342
.71514161427816
.71922657887141
.73161762952805
.72140524784724
.71745642026265
.72971131404241
.72358387708664
.71568628152212
.72372005383174
.72957515716553
.72017971674601
.72671568393707
.72984747091929
.71977124611537
.72630719343821
.71881808837255
.72317536671956
.71881808837255
.72807733217875
.71759259700775
.71881806850433
.72385621070862
.71759259700775
.71977124611537
.7322984735171
.72222222884496
.72235838572184
.72753268480301
.715822438399
.71936273574829
.72140524784724
.71364378929138
.70778866608938
.72031591335932
.7122821410497
.7133714556694
.72467321157455
.71064815918605
.70983115832011
.72821348905563
.70846949021022
.7133714556694
.72004357973735
.71500543753306
.72004355986913
.71990740299225
.7133714556694
.71200978755951
.72372005383174
.71555012464523
.72712417443593
.72126905123393
.71881808837255
.7136438091596
.72916668653488
.71078431606293
.71595859527588
.71977122624715
.71309912204742
.71800110737483
.72276689608892
.70411219199498
.71704794963201
.71555010477702
.70915033419927
.70819717645645
.7227668762207
.70574619372686
.71623092889786
.71895424524943
.71446079015732
.71296294530233
.7156862616539
.73052831490835
.71200980742772
.71759259700775
.72903050978978
.71391612291336
.71296298503876
.72426470120748
.71881806850433
.72698799769084
.73039215803146
.71990742286046
.72426470120748
.72712417443593
.72249456246694
.72698801755905
.72385621070862
.71650326251984
.71990740299225
.72889433304469
.71609477202098
.72685184081395
.73406861225764
.72753268480301
.72984749078751
.7241285443306
.72317538658778
.72726035118103
.73502177000046
.72017975648244
.72426470120748
.72154140472412
.72372005383174
.72154138485591
.73080064853032
.71677559614182
.71909042199453
.73325163125992
.715822438399
.72467319170634
.73148149251938
.72834968566895
.72358387708664
.73651961485545
.72222222884496
.72045207023621
.73311545451482
.71977124611537
.72426470120748
.72630719343821
.71650326251984
.72453703482946
.72235838572184
.7218137383461
.72549021244049
.73284312089284
.72249454259872
.72317538658778
.71881808837255
.72739652792613
.73093680540721
.72344770034154
.72644335031509
.72045207023621
.72045207023621
.7218137383461
.71051198244095
.72086056073507
.72426470120748
.71377996603648
.7252178589503
.72480936845144
.72208605209986
.71173747380575
.72099673748016
.72385621070862
.71909042199453
.73134531577428
.72617103656133
.72766886154811
.73611110448837
.72263071934382
.72535403569539
.72903050978978
.71555010477702
.72167754173279
.74795752763748
.71078433593114
.71282680829366
.72099673748016
.76851852734884
.74700435002645
.71827344099681
.71963506937027
.71704792976379
.73052831490835
.71732026338577
.72358387708664
.71895424524943
.72426472107569
.72249456246694
.72644335031509
.71909042199453
.72249456246694
.72644337018331
.71663943926493
.71309914191564
.71827342112859
.72099671761195
.72589870293935
.72726035118103
.71078433593114
.72480936845144
.72235840559006
.7124183177948
.71881808837255
.72712417443593
.71732026338577
.73134531577428
.72358387708664
.73611110448837
.71595859527588
.7230392297109
.72780501842499
.71895424524943
.72480934858322
.73406863212585
.72263073921204
.72344770034154
.71595859527588
.71868191162745
.71909042199453
.73706426223119
.71718408664068
.72358387708664
.7310729821523
.71922655900319
.71922657887141
.72657950719198
.71854575475057
.71064815918605
.71418845653534
.71405227979024
.70901417732239
.7241285443306
.71432459354401
.72113291422526
.7218137383461
.70833333333333
.72031589349111
.72426472107569
.71745642026265
.71759259700775
.7252178589503
.70275056362152
.71377996603648
.7229030529658
.72086056073507
.71309914191564
.72058822711309
.715822438399
.71990740299225
.72453703482946
.72875815629959
.71704792976379
.72358387708664
.72126905123393
.71500543753306
.71623092889786
.72099671761195
.71418845653534
.72426470120748
.7229030529658
.71704792976379
.72372003396352
.72058822711309
.71595861514409
.71786491076152
.71405227979024
.71745642026265
.72031591335932
.7241285443306
.71023966868718
.71391612291336
.71486928065618
.70383985837301
.71200980742772
.7133714556694
.70683550834656
.71813724438349
.72358387708664
.70969500144323
.71663943926493
.71663943926493
.69716775417328
.7075163324674
.71309914191564
.69362745682398
.70710784196854
.7135076324145
.70343138774236
.71010347207387
.7133714556694
.70152505238851
.6992102265358
.70261438687642
.69730393091838
.6970315972964
.7050653497378
.69907406965892
.70179738601049
.70874184370041
.69090414047241
.68831700086594
.69635077317556
.67551743984222
.67660675446192
.68532135089238
.67905773719152
.67483659585317
.67429192860921
.6699346502622
.66544117530187
.66653048992157
.65250545740128
.66761982440948
.66625817616781
.64842049280802
.63643791278203
.6439270178477
.63494008779526
.62894878784815
.62322986125946
.614515264829
.60430282354355
.61410673459371
.58496731519699
.58537582556407
.57843136787415
.55501087506612
.55950436989466
.5447984735171
.51307189464569
.57652505238851
0
0
0
0
0
0
0
0
0
0
0
0
0
0
0
0
0
0
0
0
0
0
0
0
0
0
0
0
0
0
0
0
0
0
0
0
0
0
0
0
0
0
0
0
0
0
0
0
0
0
0
0
0
0
0
0
0
0
0
0
0
0
0
0
0
0
0
0
0
0
0
0
0
0
0
0
0
0
0
0
0
0
0
0
0
0
0
0
0
0
0
0
0
0
0
0
0
0
0
0
0
0
0
0
0
0
0
0
0
0
0
0
0
0
0
0
0
0
0
0
0
0
0
0
0
0
0
0
0
0
0
0
0
0
0
0
0
0
0
0
0
0
0
0
0
0
0
0
0
0
0
0
0
0
0
0
0
0
0
0
0
0
0
0
0
0
0
0
0
0
0
0
0
0
0
0
0
0
0
0
0
0
0
0
0
0
0
0
0
0
0
0
0
0
0
0
0
0
0
0
0
0
0
0
0
0
0
0
0
0
0
0
0
0
0
0
0
0
0
0
0
0
0
0
0
0
0
0
0
0
0
0
0
0
0
0
0
0
0
0
0
0
0
0
0
0
0
0
0
0
0
0
0
0
0
0
0
0
0
0
0
0
0
0
0
0
0
0
0
0
0
0
0
0
0
0
0
0
0
0
0
0
0
0
0
0
0
0
0
0
0
0
0
0
0
0
0
0
0
0
0
0
0
0
0
0
0
0
0
0
0
0
0
0
0
0
0
0
0
0
0
0
0
0
0
0
0
0
0
0
0
0
0
0
0
0
0
0
0
0
0
0
0
0
0
0
0
0
0
0
0
0
0
0
0
0
0
0
0
0
0
0
0
0
0
0
0
0
0
0
0
0
0
0
0
0
0
0
0
0
0
0
0
0
0
0
0
0
0
0
0
0
0
0
0
0
0
0
0
0
0
0
0
0
0
0
0
0
0
0
0
0
0
0
0
0
0
0
0
0
0
0
0
0
0
0
0
0
0
0
0
0
0
0
0
0
0
0
0
0
0
0
0
0
0
0
0
0
0
0
0
0
0
0
0
0
0
0
0
0
0
0
0
0
0
0
0
0
0
0
0
0
0
0
0
0
0
0
0
0
0
0
0
0
0
0
0
0
0
0
0
0
0
0
0
0
0
0
0
0
0
0
0
0
0
0
0
0
0
0
0
0
0
0
0
0
0
0
0
0
0
0
0
0
0
0
0
0
0
0
0
0
0
0
0
0
0
0
0
0
0
0
0
0
0
0
0
0
0
0
0
0
0
0
0
0
0
0
0
0
0
0
0
0
0
0
0
0
0
0
0
0
0
0
0
0
0
0
0
0
0
0
0
0
0
0
0
0
0
0
0
0
0
0
0
0
0
0
0
0
0
0
0
0
0
0
0
0
0
0
0
0
0
0
0
0
0
0
0
0
0
0
0
0
0
0
0
0
0
0
0
0
0
0
0
0
0
0
0
0
0
0
0
0
0
0
0
0
0
0
0
0
0
0
0
0
0
0
0
0
0
0
0
0
0
0
0
0
0
0
0
0
0
0
0
0
0
0
0
0
0
0
0
0
0
0
0
0
0
0
0
0
0
0
0
0
0
0
0
0
0
0
0
0
0
0
0
0
0
0
0
0
0
0
0
0
0
0
0
0
0
0
0
0
0
0
0
0
0
0
0
0
0
0
0
0
0
0
0
0
0
0
0
0
0
0
0
0
0
0
0
0
0
0
0
0
0
0
0
0
0
0
0
0
0
0
0
0
0
0
0
0
0
0
0
0
0
0
0
0
0
0
0
0
0
0
0
0
0
0
0
0
0
0
0
0
0
0
0
0
0
0
0
0
0
0
0
0
0
0
0
0
0
0
0
0
0
0
0
0
0
0
0
0
0
0
0
0
0
0
0
0
0
0
0
0
0
0
0
0
0
0
0
0
0
0
0
0
0
0
0
0
0
0
0
0
0
0
0
0
0
0
0
0
0
0
0
0
0
0
0
0
0
0
0
0
0
0
0
0
0
0
0
0
0
0
0
0
0
0
0
0
0
0
0
0
0
0
0
0
0
0
0
0
0
0
0
0
0
0
0
0
0
0
0
0
0
0
0
0
0
0
0
0
0
0
0
0
0
0
0
0
0
0
0
0
0
0
0
0
0
0
0
0
0
0
0
0
0
0
0
0
0
0
0
0
0
0
0
0
0
0
0
0
0
0
0
0
0
0
0
0
0
0
0
0
0
0
0
0
0
0
0
0
0
0
0
0
0
0
0
0
0
0
0
0
0
0
0
0
0
0
0
0
0
0
0
0
0
0
0
0
0
0
0
0
0
0
0
0
0
0
0
0
0
0
0
0
0
0
0
0
0
0
0
0
0
0
0
0
0
0
0
0
0
0
0
0
0
0
0
0
0
0
0
0
0
0
0
0
0
0
0
0
0
0
0
0
0
0
0
0
0
0
0
0
0
0
0
0
0
0
0
0
0
0
0
0
0
0
0
0
0
0
0
0
0
0
0
0
0
0
0
0
0
0
0
0
0
0
0
0
0
0
0
0
0
0
0
0
0
0
0
0
0
0
0
0
0
0
0
0
0
0
0
0
0
0
0
0
0
0
0
0
0
0
0
0
0
0
0
0
0
0
0
0
0
0
0
0
0
0
0
0
0
0
0
0
0
0
0
0
0
0
0
0
0
0
0
0
0
0
0
0
0
0
0
0
0
0
0
0
0
0
0
0
0
0
0
0
0
0
0
0
0
0
0
0
0
0
0
0
0
0
0
0
0
0
0
0
0
0
0
0
0
0
0
0
0
0
0
0
0
0
0
0
0
0
0
0
0
0
0
0
0
0
0
0
0
0
0
0
0
0
0
0
0
0
0
0
0
0
0
0
0
0
0
0
0
0
0
0
0
0
0
0
0
0
0
0
0
0
0
0
0
0
0
0
0
0
0
0
0
0
0
0
0
0
0
0
0
0
0
0
0
0
0
0
0
0
0
0
0
0
0
0
0
0
0
0
0
0
0
0
0
0
0
0
0
0
0
0
0
0
0
0
0
0
0
0
0
0
0
0
0
0
0
0
0
0
0
0
0
0
0
0
0
0
0
0
0
0
0
0
0
0
0
0
0
0
0
0
0
0
0
0
0
0
0
0
0
0
0
0
0
0
0
0
0
0
0
0
0
0
0
0
0
0
0
0
0
0
0
0
0
0
0
0
0
0
0
0
0
0
0
0
0
0
0
0
0
0
0
0
0
0
0
0
0
0
0
0
0
0
0
0
0
0
0
0
0
0
0
0
0
0
0
0
0
0
0
0
0
0
0
0
0
0
0
0
0
0
0
0
0
0
0
0
0
0
0
0
0
0
0
0
0
0
0
0
0
0
0
0
0
0
0
0
0
0
0
0
0
0
0
0
0
0
0
0
0
0
0
0
0
0
0
0
0
0
0
0
0
0
0
0
0
0
0
0
0
0
0
0
0
0
0
0
0
0
0
0
0
0
0
0
0
0
0
0
0
0
0
0
0
0
0
0
0
0
0
0
0
0
0
0
0
0
0
0
0
0
0
0
0
0
0
0
0
0
0
0
0
0
0
0
0
0
0
0
0
0
0
0
0
0
0
0
0
0
0
0
0
0
0
0
0
0
0
0
0
0
0
0
0
0
0
0
0
0
0
0
0
0
0
0
0
0
0
0
0
0
0
0
0
0
0
0
0
0
0
0
0
0
0
0
0
0
0
0
0
0
0
0
0
0
0
0
0
0
0
0
0
0
0
0
0
0
0
0
0
0
0
0
0
0
0
0
0
0
0
0
0
0
0
0
0
0
0
0
0
0
0
0
0
0
0
0
0
0
0
0
0
0
0
0
0
0
0
0
0
0
0
0
0
0
0
0
0
0
0
0
0
0
0
0
0
0
0
0
0
0
0
0
0
0
0
0
0
0
0
0
0
0
0
0
0
0
0
0
0
0
0
0
0
0
0
0
0
0
0
0
0
0
0
0
0
0
0
0
0
0
0
0
0
0
0
0
0
0
0
0
0
0
0
0
0
0
0
0
0
0
0
0
0
0
0
0
0
0
0
0
0
0
0
0
0
0
0
0
0
0
0
0
0
0
0
0
0
0
0
0
0
0
0
0
0
0
0
0
0
0
0
0
0
0
0
0
0
0
0
0
0
0
0
0
0
0
0
0
0
0
0
0
0
0
0
0
0
0
0
0
0
0
0
0
0
0
0
0
0
0
0
0
0
0
0
0
0
0
0
0
0
0
0
0
0
0
0
0
0
0
0
0
0
0
0
0
0
0
0
0
0
0
0
0
0
0
0
0
0
0
0
0
0
0
0
0
0
0
0
0
0
0
0
0
0
0
0
0
0
0
0
0
0
0
0
0
0
0
0
0
0
0
0
0
0
0
0
0
0
0
0
0
0
0
0
0
0
0
0
0
0
0
0
0
0
0
0
0
0
0
0
0
0
0
0
0
0
0
0
0
0
0
0
0
0
0
0
0
0
0
0
0
0
0
0
0
0
0
0
0
0
0
0
0
0
0
0
0
0
0
0
0
0
0
0
0
0
0
0
0
0
0
0
0
0
0
0
0
0
0
0
0
0
0
0
0
0
0
0
0
0
0
0
0
0
0
0
0
0
0
0
0
0
0
