.72930284341176
.71486928065618
.72358385721842
.72222222884496
.71228212118149
.71772877375285
.73406861225764
.72698801755905
.71663941939672
.71772875388463
.7135076324145
.72426470120748
.72685186068217
.72358389695485
.71936273574829
.72480936845144
.72154140472412
.72140522797902
.72072440385818
.71922657887141
.71691177288691
.73107300202052
.71010347207387
.71350761254628
.71459696690242
.71132896343867
.72086056073507
.71922659873962
.71132896343867
.72344772020976
.72848584254583
.71473310391108
.72385621070862
.72848582267761
.72549019257228
.71282678842545
.721677561601
.73066449165344
.72698801755905
.71800108750661
.72739650805791
.72698801755905
.72712417443593
.72208605209986
.7241285443306
.72317538658778
.72045207023621
.72372003396352
.71391612291336
.72208605209986
.72249456246694
.72031589349111
.7299836675326
.72126907110214
.72576252619425
.72440087795258
.71827342112859
.72576254606247
.73461329936981
.72099671761195
.72249456246694
.72807735204697
.72739650805791
.72358389695485
.73257080713908
.72358385721842
.72630721330643
.73188996315002
.71963508923848
.7357025941213
.72399238745371
.71827340126038
.71868191162745
.72903050978978
.7135076324145
.72317538658778
.72712419430415
.72154140472412
.71977122624715
.71977124611537
.71595859527588
.72453703482946
.73379629850388
.72372003396352
.7227668762207
.7288943529129
.72004357973735
.71840957800547
.72426470120748
.72739650805791
.71922657887141
.72426470120748
.71718410650889
.72549019257228
.71895424524943
.72535403569539
.71691177288691
.71255445480347
.72971133391062
.71732024351756
.71936275561651
.72317538658778
.72385621070862
.72685184081395
.72113289435705
.72617103656133
.72753268480301
.72249454259872
.71119280656179
.72045207023621
.72344772020976
.72440085808436
.72099673748016
.71840959787369
.70424836874008
.71936273574829
.721677561601
.72235836585363
.72099673748016
.72331154346466
.71269063154856
.72126905123393
.71990740299225
.71827340126038
.71936273574829
.72576252619425
.71840959787369
.72331154346466
.71936273574829
.71827342112859
.73216231664022
.7229030529658
.71881808837255
.72058822711309
.7227668762207
.71160131692886
.70778866608938
.72685186068217
.71840959787369
.72181371847788
.72603485981623
.71745644013087
.71037582556407
.72249456246694
.71214596430461
.73216231664022
.72508172194163
.72045207023621
.72004357973735
.71949891249339
.72154138485591
.72004355986913
.72358389695485
.71990740299225
.7229030529658
.72358387708664
.73257080713908
.72045209010442
.71854573488235
.72140522797902
.71228212118149
.71732024351756
.72031589349111
.72181371847788
.70915033419927
.71881808837255
.71132896343867
.71200980742772
.72535403569539
.71977124611537
.71200980742772
.7227668762207
.70874182383219
.71922657887141
.72862199942271
.72562634944916
.72317538658778
.72235838572184
.71092047293981
.71704792976379
.7227668762207
.7124183177948
.72984749078751
.72862199942271
.70942266782125
.71895422538122
.71800108750661
.715822438399
.71609477202098
.72235838572184
.71187363068263
.72589870293935
.72671566406886
.71405229965846
.72426470120748
.73597494761149
.72099671761195
.72644335031509
.73175380627314
.72004355986913
.72794117530187
.7207244237264
.72453703482946
.72126907110214
.73202615976334
.72535403569539
.71786491076152
.7227668762207
.72916666666667
.72480938831965
.72535403569539
.7124183177948
.7227668762207
.72766884167989
.72535401582718
.72875817616781
.72412852446238
.71868191162745
.71677559614182
.71255447467168
.72712417443593
.71078429619471
.72235838572184
.7312091588974
.71119280656179
.72317538658778
.71595859527588
.71650326251984
.71486928065618
.72807735204697
.72099671761195
.73188996315002
.73134531577428
.72126907110214
.7241285443306
.72657950719198
.72126905123393
.72126907110214
.72834966580073
.71772877375285
.71977124611537
.72113287448883
.71623094876607
.72480936845144
.72726035118103
.72712417443593
.72794117530187
.7239923675855
.71840957800547
.72358385721842
.72971131404241
.72045207023621
.72017973661423
.7333877881368
.71881806850433
.72208603223165
.73270694414775
.72331156333288
.72385621070862
.72630719343821
.72549019257228
.72753266493479
.72916666666667
.71977124611537
.72494552532832
.7252178589503
.71446079015732
.72154140472412
.72004357973735
.72086056073507
.72317536671956
.72480936845144
.71309912204742
.72358387708664
.72712419430415
.73107296228409
.72494554519653
.72630717357
.73039215803146
.72222222884496
.72766884167989
.73965140183767
.72317536671956
.71650328238805
.73461329936981
.72140522797902
.72358389695485
.73556645711263
.71827342112859
.72753266493479
.72099673748016
.71813726425171
.71759257713954
.72848584254583
.72031591335932
.73284314076106
.72589868307114
.71582245826721
.71473310391108
.71840957800547
.72562634944916
.71732026338577
.73420478900274
.71486928065618
.71568628152212
.72453703482946
.72467319170634
.72358387708664
.73679194847743
.72712417443593
.72889433304469
.73529410362244
.7288943529129
.71732026338577
.72998364766439
.72372003396352
.71704792976379
.73529412349065
.75354029734929
.71772875388463
.72943900028865
.71173747380575
.72317538658778
.72603485981623
.72099673748016
.7241285443306
.72358387708664
.72031591335932
.72004355986913
.71568628152212
.71473310391108
.72004357973735
.72004357973735
.70669937133789
.72603483994802
.7252178589503
.71595859527588
.72712417443593
.72753268480301
.72957517703374
.71255445480347
.72440085808436
.72426470120748
.71527777115504
.721677561601
.72249456246694
.71772875388463
.72167754173279
.73011982440948
.71527777115504
.72848582267761
.72807735204697
.71759261687597
.71446079015732
.71963506937027
.715822438399
.71377994616826
.72235838572184
.70738017559052
.70792484283447
.72222220897675
.70860566695531
.71759257713954
.71922657887141
.71868191162745
.71840959787369
.71895424524943
.70588235060374
.71377994616826
.72004357973735
.70315903425217
.70915031433105
.74319171905518
.71377996603648
.72630717357
.71555010477702
.70792482296626
.7227668762207
.72385621070862
.71677559614182
.72739652792613
.72766884167989
.71541394790014
.72167758146922
.73039217789968
.71214598417282
.71023964881897
.72589870293935
.72385621070862
.72807735204697
.7239923675855
.72508170207342
.71255445480347
.72154138485591
.71269063154856
.70588235060374
.72644335031509
.71323529879252
.71555010477702
.7145969470342
.72617103656133
.71595859527588
.72099673748016
.72113291422526
.71595861514409
.72372005383174
.72549019257228
.7145969470342
.72685184081395
.73570261398951
.715822438399
.71486928065618
.72521787881851
.71269063154856
.71936275561651
.72167758146922
.71854575475057
.72249456246694
.73284314076106
.72480936845144
.72644335031509
.73202613989512
.7229030529658
.72875817616781
.73297931750615
.72576254606247
.7273964881897
.72045209010442
.72576252619425
.72998364766439
.7335239648819
.71854575475057
.72726035118103
.72726035118103
.72807733217875
.70996731519699
.72263069947561
.72031589349111
.71840959787369
.72671568393707
.715822438399
.71650326251984
.721677561601
.71214596430461
.71677559614182
.71949891249339
.71187363068263
.71282678842545
.73393245538076
.71949891249339
.7241285443306
.71432463328044
.7135076324145
.73011982440948
.72480936845144
.71813724438349
.71064813931783
.72834966580073
.71255447467168
.72480936845144
.71718410650889
.72358385721842
.71677559614182
.72058822711309
.72440087795258
.71881808837255
.71990742286046
.72630719343821
.72535401582718
.71759257713954
.72685184081395
.71759257713954
.72385621070862
.73080064853032
.71990742286046
.72222222884496
.72943900028865
.71595861514409
.72167758146922
.72889431317647
.71377994616826
.72344770034154
.72181371847788
.71187363068263
.72140522797902
.72099673748016
.71255447467168
.71432461341222
.72004357973735
.71132896343867
.71200980742772
.72671568393707
.71418843666712
.7156862616539
.72453703482946
.70846951007843
.72984751065572
.72004357973735
.71173749367396
.71786493062973
.71990742286046
.71677559614182
.721677561601
.72344770034154
.72671568393707
.71691177288691
.71568628152212
.71023964881897
.71241829792658
.7252178589503
.7299836675326
.71704792976379
.73311545451482
.7229030529658
.71786493062973
.72317536671956
.71854575475057
.71377994616826
.72480936845144
.71704792976379
.72113287448883
.72031589349111
.73420478900274
.72072440385818
.72086056073507
.72617101669312
.72331156333288
.72004357973735
.72017973661423
.71064815918605
.721677561601
.72480936845144
.7241285443306
.71527777115504
.72685184081395
.71868191162745
.71514163414637
.72045207023621
.71391612291336
.71840957800547
.72794117530187
.71840955813726
.71582241853078
.72099673748016
.71990740299225
.71691177288691
.72766886154811
.71704794963201
.72222222884496
.73052833477656
.71446079015732
.71977124611537
.72698801755905
.72807735204697
.72549021244049
.72576252619425
.72412852446238
.73420478900274
.73080064853032
.72317538658778
.72603485981623
.73175382614136
.71936273574829
.71963506937027
.72480934858322
.71881808837255
.71963506937027
.72549019257228
.72045207023621
.72440087795258
.72031589349111
.71377994616826
.72494552532832
.7239923675855
.71840959787369
.7145969470342
.71064813931783
.71350761254628
.72426470120748
.71255445480347
.71405229965846
.72303920984268
.71555012464523
.72889433304469
.72126907110214
.72140524784724
.72372003396352
.72535403569539
.72535403569539
.72807733217875
.71568628152212
.72235838572184
.72657952706019
.71405227979024
.71922657887141
.73175380627314
.71541394790014
.71078431606293
.72249454259872
.72630717357
.71446079015732
.73120913902919
.71650326251984
.7207244237264
.73257080713908
.72113287448883
.72086058060328
.73488561312358
.71405229965846
.71064813931783
.72480936845144
.72303920984268
.72535403569539
.72045207023621
.71800108750661
.7133714556694
.72031589349111
.72058822711309
.7230392297109
.72916666666667
.71105664968491
.71187365055084
.72045207023621
.72385621070862
.71800108750661
.72589868307114
.72372005383174
.71609477202098
.72426472107569
.70833335320155
.71432461341222
.71704792976379
.70411219199498
.71132898330688
.71990740299225
.71486928065618
.71663943926493
.7147331237793
.71269065141678
.71132898330688
.71827342112859
.70915031433105
.7122821410497
.71963506937027
.72303920984268
.72045207023621
.71718410650889
.73515794674555
.72726035118103
.72957515716553
.72971133391062
.71541394790014
.72440087795258
.73420478900274
.72072440385818
.72126905123393
.72794117530187
.71854575475057
.72821348905563
.72086058060328
.72426470120748
.71936273574829
.72998364766439
.71092047293981
.7227668762207
.72099671761195
.71609477202098
.72194989522298
.72317536671956
.71704792976379
.72671568393707
.73461329936981
.72426468133926
.72453703482946
.71881808837255
.71023964881897
.71963508923848
.7241285443306
.71677559614182
.72167758146922
.72644335031509
.71309912204742
.71881808837255
.7322984735171
.72535403569539
.7230392297109
.72603483994802
.72181371847788
.71895424524943
.72753268480301
.71813726425171
.72276689608892
.72412852446238
.71868191162745
.72589868307114
.72508170207342
.71854575475057
.71949891249339
.7145969470342
.71704792976379
.71309914191564
.71949891249339
.71527777115504
.71677559614182
.72058822711309
.72862199942271
.72140522797902
.72753266493479
.72930284341176
.72099671761195
.7227668762207
.72154140472412
.71037582556407
.72222222884496
.72617101669312
.71391612291336
.71418843666712
.72072438398997
.71309912204742
.71405227979024
.72017971674601
.71732026338577
.72045207023621
.72222220897675
.71800108750661
.72154140472412
.7252178589503
.72644335031509
.71663941939672
.71909040212631
.71282680829366
.7227668762207
.72712417443593
.72031591335932
.71595861514409
.72535403569539
.70874184370041
.71759259700775
.72794117530187
.72943900028865
.72385621070862
.72685184081395
.71309914191564
.72821350892385
.72943900028865
.7075163324674
.72358387708664
.73148149251938
.71772875388463
.71718410650889
.72848584254583
.71949891249339
.72426470120748
.73624728123347
.71868191162745
.72126905123393
.7593954205513
.7169117530187
.72331154346466
.72930282354355
.72194989522298
.72780499855677
.7312091588974
.72412852446238
.7205882469813
.72644337018331
.73801741997401
.72712417443593
.73338780800502
.73325165112813
.72154140472412
.73284314076106
.72508170207342
.71840957800547
.72113291422526
.72576252619425
.72630717357
.71813724438349
.72848582267761
.71732024351756
.73338780800501
.7310729821523
.72549019257228
.72126907110214
.72766886154811
.72072438398997
.72753268480301
.73366012175878
.73080066839854
.73011982440948
.72794117530187
.72113289435705
.72058822711309
.72222222884496
.72372003396352
.72399238745372
.73406861225764
.72194987535477
.72971133391062
.74305554231008
.7322984735171
.72562636931737
.73406863212585
.72031591335932
.72930282354355
.73025600115458
.7238561908404
.72875815629959
.73624726136525
.73066449165344
.73679194847743
.73951524496078
.73066447178523
.73624728123347
.73774508635203
.73080066839854
.73515794674555
.73406863212585
.7250816822052
.73502178986867
.74496187766393
.72821350892385
.72698801755905
.74591503540675
.72984749078751
.73039215803146
.73788126309713
.74428105354309
.7333877881368
.73733659585317
.73815359671911
.72875817616781
.74414489666621
.74414489666621
.7440087000529
.74332789580027
.75558278958003
.75313180685043
.75326798359553
.77028866608938
.75653594732285
.7675653497378
.77736928065618
.76892699797948
.76375271876653
.78063726425171
.77314815918605
.79507080713908
.80119826396306
.79507080713908
.80637254317602
.81290849049886
.80936819314957
.82298475503922
.83197168509165
.83319715658824
.83483115832011
.85348584254583
.85117101669312
.85580066839854
.87309370438258
.86941721041997
.87758713960648
.8856209119161
.88725489377975
.90699891249339
.90441177288691
.89760349194209
.90672655900319
.90754357973735
.90740740299225
.91476035118103
.90563724438349
.89882896343867
.91612199942271
.91680282354355
.91053920984268
.89855662981669
.91489650805791
.90318628152211
.89760349194209
.91244552532832
.89719498157501
.90291394790014
.90904140472412
.90659042199453
.90127994616826
.8925653497378
.90223310391108
.89937363068263
.89392699797948
.90604577461878
.88262528181076
.88453157742818
.8999183177948
.88357841968536
.88997821013133
.88439544041951
.87282135089239
.87077885866165
.87254901727041
.86723858118057
.88371459643046
.86764705181122
.86465140183767
.85879631837209
.85866012175878
.86070261398951
.85226035118103
.86410673459371
.85539215803146
.85716231664022
.85484749078751
.83646514018377
.85035403569539
.84749456246694
.83183550834656
.83755447467168
.82979301611582
.8291122118632
.83251635233561
.83033768335978
.81181915601095
.80827885866165
.81985294818878
.79561545451482
.79752178986867
.79697712262472
.79071350892385
.78022877375285
.78404138485591
.76838237047195
.77464596430461
.77205882469813
.77328433593114
.75531045595805
.76143791278203
.75748912493388
.75953157742818
.76334420839945
.74931917587916
.74959150950114
.75639979044596
.75857843955358
.75149782498678
.75599128007889
.74632354577382
.74673203627268
.75204249223073
.74237471818924
.73080064853032
.74537036816279
.74714052677155
.7404684027036
.74400871992111
.74332789580027
.74591503540675
.75245098272959
.73747277259827
.74632354577382
.74183005094528
.739515264829
.73638343811035
.74741286039352
.74428103367488
.73515796661377
.74305556217829
.74550652503967
.74373638629913
.74414487679799
.76102940241496
.7415577173233
.75136166810989
.74114922682444
.73992375532786
.73910675446192
.73720043897629
.73393247524897
.73474945624669
.7324346502622
.72943900028865
.73039215803146
.74087691307068
.7333877881368
.73570261398951
.74564270178477
.72984749078751
.74142158031464
.73801741997401
.73611112435659
.72657952706019
.72657952706019
.73992375532786
.7335239648819
.73025598128637
.73039215803146
.73856208721797
.74564272165298
.72726035118103
.72780499855677
.73897057771683
.72603485981623
.7335239648819
.74169387420019
.7310729821523
.72821350892385
.73924291133881
.73379627863566
.72603485981623
.73556643724442
.73583877086639
.72194989522298
.72903050978978
.72753266493479
.72086056073507
.72208605209986
.73311547438304
.71677559614182
.73216231664022
.74918299913406
.71677559614182
.73420478900274
.73134531577428
.72426470120748
.73325163125992
.74782135089238
.72726035118103
.72249456246694
.73257078727086
.72358387708664
.73883442083995
.74087689320246
.72766884167989
.7335239648819
.73529412349065
.73856208721797
.7241285443306
.73774508635203
.73366012175878
.72848582267761
.73583877086639
.73297927776972
.72644335031509
.71963506937027
.72562634944916
.72562636931737
.72930284341176
.71759259700775
.72821350892385
.73692810535431
.71990740299225
.73434094587962
.73039215803146
.71827342112859
.72331154346466
.72807733217875
.71555012464523
.71527779102325
.73284314076106
.71990742286046
.73434094587962
.7406045794487
.7239923675855
.72957515716553
.72766884167989
.71609479188919
.73148147265116
.73052833477656
.72385621070862
.72494552532832
.7322984735171
.73257080713908
.72494552532832
.73325165112813
.74019608894984
.72372003396352
.72263071934382
.73651961485545
.72617101669312
.72508170207342
.73134531577428
.73188998301824
.72358389695485
.73434096574783
.72031589349111
.72671570380529
.7230392297109
.72739650805791
.72821350892385
.73502178986867
.721677561601
.72984749078751
.72549019257228
.71759257713954
.73679194847743
.73747275273005
.72657952706019
.72453703482946
.73597494761149
.71677561601003
.72834968566895
.73543028036753
.72167754173279
.7346132795016
.73039215803146
.72576252619425
.73025598128637
.73992373545965
.71990740299225
.72984749078751
.72957515716553
.7144607702891
.72712419430415
.72766886154811
.72372003396352
.72440085808436
.72453705469767
.7205882469813
.721677561601
.73148147265116
.721677561601
.72072440385818
.7229030529658
.72099673748016
.7239923675855
.71854575475057
.71677559614182
.71160131692886
.72058822711309
.71691177288691
.72657950719198
.72154138485591
.72480936845144
.7135076324145
.70846949021022
.72453703482946
.72086058060328
.72562634944916
.72848584254583
.71909042199453
.72372005383174
.71418845653534
.71718408664068
.72508170207342
.71840957800547
.72031589349111
.72848584254583
.7346132795016
.71187365055084
.72099671761195
.72385621070862
.72031591335932
.71813726425171
.73297929763794
.71922657887141
.73011982440948
.72794117530187
.71786493062973
.73447712262472
.72903048992157
.71568628152212
.72549019257228
.732162296772
.71854575475057
.72889433304469
.72889433304469
.71881808837255
.72562636931737
.73216231664022
.7239923675855
.72726033131282
.72698803742727
.73270696401596
.72671568393707
.7241285443306
.70942266782125
.72603485981623
.71541394790014
.72167758146922
.71514163414637
.72685184081395
.70955882469813
.70574617385864
.721677561601
.71010349194209
.71732024351756
.73515794674555
.71446079015732
.72235840559006
.73284314076106
.72072440385818
.72263071934382
.72058822711309
.72807733217875
.72630719343821
.72086056073507
.72998364766439
.72194987535477
.72726035118103
.72766884167989
.71228212118149
.72576252619425
.72862199942271
.71963508923848
.72467321157455
.72739650805791
.71541392803192
.72099673748016
.73148149251938
.72875817616781
.72453703482946
.7252178589503
.71391612291336
.7252178589503
.72739650805791
.72698801755905
.71854575475057
.73161764939626
.71949891249339
.72440087795258
.72780501842499
.71269063154856
.72031589349111
.721677561601
.72113289435705
.72222222884496
.71840957800547
.72399238745372
.7169117530187
.72235838572184
.71718408664068
.71813726425171
.72263071934382
.71377994616826
.71745642026265
.72848584254583
.71269063154856
.72004355986913
.72766884167989
.71623092889786
.72698803742727
.71963506937027
.71255447467168
.71963508923848
.72957515716553
.7205882469813
.72589870293935
.73148149251938
.71963508923848
.72031589349111
.72467321157455
.72113291422526
.71840959787369
.71745644013087
.72821350892385
.72657952706019
.72181371847788
.72848584254583
.71718408664068
.71881806850433
.72480936845144
.71909040212631
.72739652792613
.72208605209986
.7122821410497
.71977124611537
.72712419430415
.72126905123393
.72017973661423
.73393245538076
.7252178589503
.72194989522298
.73080062866211
.71023964881897
.72372005383174
.73175380627314
.72303920984268
.72916666666667
.72453703482946
.72644335031509
.72222222884496
.72549019257228
.71732026338577
.71132898330688
.71909042199453
.70792484283447
.71432461341222
.71786493062973
.71963508923848
.71391612291336
.72671568393707
.72072440385818
.72440087795258
.72834966580073
.71527777115504
.72562634944916
.71936275561651
.72099673748016
.72154138485591
.73134531577428
.71745642026265
.71881808837255
.72467321157455
.72004357973735
.73325163125992
.7239923675855
.72058822711309
.72154138485591
.72058822711309
.72331156333288
.72086056073507
.72317538658778
.72263071934382
.72494554519653
.72698801755905
.72208607196808
.72576252619425
.72249454259872
.72916664679845
.71595861514409
.71418845653534
.7252178589503
.71541392803192
.72766886154811
.72576252619425
.7227668762207
.74795750776927
.73529412349065
.73080064853032
.73338780800501
.73788126309713
.72916666666667
.73311547438304
.73011982440948
.72017975648244
.72535403569539
.72562634944916
.72031589349111
.72685184081395
.73420480887095
.71881806850433
.73897059758504
.74537036816279
.72194987535477
.73039215803146
.73842591047287
.72303920984268
.73434094587962
.73325163125992
.72181371847788
.72235838572184
.73161764939626
.71827340126038
.72385621070862
.72344772020976
.71132898330688
.72671568393707
.71541396776835
.71323527892431
.7227668762207
.72726035118103
.7169117530187
.7239923675855
.72875817616781
.71718410650889
.72126907110214
.7382897734642
.71446079015732
.7239923675855
.72644337018331
.71105662981669
.71323529879252
.72372005383174
.71732026338577
.72385621070862
.73134531577428
.72685186068217
.72208605209986
.7310729821523
.72930284341176
.7335239648819
.72126907110214
.72780501842499
.71827342112859
.7145969470342
.72562634944916
.71772875388463
.71337147553762
.73066447178523
.71459696690241
.71555010477702
.72453703482946
.71037582556407
.71854573488235
.72222220897675
.71555010477702
.721677561601
.71595861514409
.71296294530233
.71282678842545
.7252178589503
.71119280656179
.71595861514409
.71840957800547
.71092049280802
.72331156333288
.71595861514409
.71391612291336
.70942266782125
.72344772020976
.71609477202098
.71432461341222
.72249456246694
.71391612291336
.7133714556694
.7147331237793
.70438452561696
.71813726425171
.72113287448883
.69839324553808
.70329521099726
.70942266782125
.69730393091838
.69744008779526
.70846949021022
.71854575475057
.7205882469813
.72617103656133
.70738017559052
.71500545740128
.71949891249339
.7252178589503
.72235838572184
.73066447178523
.72045205036799
.71813724438349
.71473310391108
.72630719343821
.72140522797902
.72167754173279
.72521787881851
.72249456246694
.72821350892385
.73052831490835
.72943898042043
.71963506937027
.73284314076106
.72753266493479
.71568628152212
.72821350892385
.71391612291336
.72126905123393
.71949891249339
.71936273574829
.71963506937027
.72426470120748
.71541394790014
.71405229965846
.72726035118103
.71786491076152
.72263073921204
.72181371847789
.72385621070862
.72222220897675
.71309912204742
.72862201929092
.72317538658778
.71881808837255
.72317538658778
.72726033131282
.73093682527542
.71677559614182
.71949889262517
.72249456246694
.72113289435705
.7227668762207
.72671568393707
.71718408664068
.71623094876607
.72480936845144
.71909042199453
.72045207023621
.72630719343821
.72630719343821
.72045209010442
.72589868307114
.71949891249339
.71718408664068
.72235838572184
.71759259700775
.71909042199453
.72562636931737
.71500545740128
.71555010477702
.72794117530187
.71187365055084
.71881808837255
.72331154346466
.73924291133881
.71936275561651
.73161764939626
.72181371847788
.71309914191564
.7218137383461
.72739650805791
.7241285443306
.72017973661423
.72603487968445
.71173747380575
.71514161427816
.71840957800547
.70329519112905
.71200980742772
.71391612291336
.71527777115504
.71568628152212
.71092047293981
.71800108750661
.71568628152212
.72453703482946
.71623094876607
.71840957800547
.72208605209986
.72276689608892
.71813724438349
.72603485981623
.71282680829366
.71609479188919
.72086056073507
.71323529879252
.72208605209986
.71963508923848
.7133714556694
.71759257713954
.72957515716553
.72017971674601
.71636708577474
.72358387708664
.7205882469813
.72045207023621
.72276689608892
.71269063154856
.71200980742772
.721677561601
.71854575475057
.71200980742772
.72644335031509
.71418845653534
.71718410650889
.72549019257228
.71772877375285
.72480938831965
.73093682527542
.72235838572184
.70846949021022
.72807733217875
.71909042199453
.71364378929138
.71745642026265
.72848584254583
.72181371847788
.71105662981669
.72086056073507
.71745644013087
.72031591335932
.73502177000046
.7122821410497
.72004355986913
.72930282354355
.721677561601
.71800108750661
.72453703482946
.7052015264829
.71269063154856
.71446079015732
.71282680829366
.72317538658778
.72617103656133
.71405229965846
.72058822711309
.72412852446238
.72126907110214
.71759259700775
.72181371847788
.71840957800547
.72331154346466
.72589868307114
.72113291422526
.72317538658778
.72426470120748
.72726035118103
.72385621070862
.72222220897675
.72222220897675
.72480936845144
.72263071934382
.71623092889786
.71187365055084
.72726035118103
.7133714556694
.72331156333288
.73120913902918
.71963506937027
.72031589349111
.71909042199453
.71759259700775
.72617101669312
.72235838572184
.70724399884542
.71541394790014
.72726033131282
.71037582556407
.72290303309758
.72113289435705
.71064815918605
.71650326251984
.72834968566895
.71650326251984
.71868191162745
.72331154346466
.71772875388463
.71636710564295
.72753268480301
.74142158031464
.7229030529658
.73134531577428
.72222222884496
.71840959787369
.72113289435705
.72344770034154
.71732024351756
.7124183177948
.72766884167989
.72099673748016
.72208605209986
.72385621070862
.71868191162745
.71909040212631
.72617103656133
.71868189175924
.77178649107615
.72603485981623
.71023966868718
.71187363068263
.72603485981623
.71527777115504
.72453705469767
.72794115543365
.72235840559006
.71949891249339
.72671568393707
.71977124611537
.71909042199453
.72467321157455
.7250816822052
.72263071934382
.72399238745371
.76729303598404
.73366012175878
.74237471818924
.72508170207342
.72657950719198
.73161764939626
.72058822711309
.72453701496124
.72726035118103
.72671568393707
.71636710564295
.72535403569539
.71051198244095
.71881808837255
.72031589349111
.71745642026265
.71854575475057
.72467319170634
.71772877375285
.71949891249339
.72426472107569
.72276689608892
.72113291422526
.71936275561651
.72140522797902
.71936275561651
.72372003396352
.72766884167989
.71963508923848
.72004357973735
.72971131404241
.71391610304515
.71391612291336
.72644337018331
.71881808837255
.71800108750661
.72712419430415
.72440085808436
.72126907110214
.7238561908404
.7135076324145
.71064813931783
.7205882469813
.71092049280802
.71663941939672
.72317536671956
.71514161427816
.71663943926493
.73393245538076
.71541394790014
.72903048992157
.72154140472412
.70697166522344
.70887800057729
.71881808837255
.70846949021022
.71881806850433
.72331154346466
.71432463328044
.71636708577474
.7229030529658
.71309912204742
.71827340126038
.72249456246694
.71732028325399
.7133714556694
.71636708577474
.71405227979024
.7135076324145
.721677561601
.71922655900319
.71282680829366
.72766884167989
.71813724438349
.71037582556407
.72140522797902
.71377996603648
.71282680829366
.72385621070862
.71023964881897
.7252178589503
.72004355986913
.72126907110214
.72276689608892
.71922657887141
.72726035118103
.72589868307114
.72834966580073
.73025600115458
.71786493062973
.72780499855677
.73488563299179
.72344772020976
.72194989522298
.72753266493479
.71405229965846
.72399238745371
.73134529590607
.72576252619425
.72194989522298
.72181371847788
.71160131692886
.72222222884496
.72589868307114
.71663943926493
.72004355986913
.73338780800502
.7180010676384
.71977122624715
.73093682527542
.73175382614136
.72644335031509
.72562634944916
.71595861514409
.72045207023621
.73188996315002
.71786493062973
.72494554519653
.72821350892385
.72194989522298
.72807733217875
.72780501842499
.72017973661423
.72562636931737
.71745644013087
.71922657887141
.71609477202098
.7310729821523
.71800108750661
.71881806850433
.72943900028865
.71813726425171
.72045207023621
.72753268480301
.72045207023621
.72154138485591
.71868191162745
.71541394790014
.71922657887141
.72249454259872
.71500543753306
.71650328238805
.7322984735171
.71555010477702
.72630719343821
.72235838572184
.74087689320246
.7229030529658
.72834966580073
.73910675446192
.72494552532832
.72807735204697
.73815357685089
.71759259700775
.71636708577474
.73733661572138
.71527779102325
.72508170207342
.721677561601
.70969500144323
.71909042199453
.73406863212585
.71595859527588
.72508172194163
.73297929763794
.72099671761195
.72848584254583
.73311547438304
.72657950719198
.72440087795258
.72753268480301
.72154140472412
.72208607196808
.72058822711309
.70574617385864
.72031589349111
.72930284341176
.71255445480347
.7156862616539
.72303920984268
.71527777115504
.72113289435705
.72766884167989
.721677561601
.72276689608892
.72331156333288
.71895426511765
.72263069947561
.72821350892385
.72562636931737
.72698801755905
.72862201929092
.71446079015732
.72372003396352
.72358387708664
.71636708577474
.71282678842545
.71582245826721
.72004357973735
.71990740299225
.72222222884496
.72358387708664
.71909040212631
.72480936845144
.71092049280802
.715822438399
.72249456246694
.72589870293935
.72440087795258
.71895426511765
.72113291422526
.72072440385818
.71909042199453
.72467321157455
.71704792976379
.71691177288691
.72766884167989
.71772875388463
.72140522797902
.72385621070862
.72698801755905
.71704794963201
.72807733217875
.72222222884496
.72249456246694
.72181371847788
.71514161427816
.71691177288691
.72685184081395
.71813724438349
.72535401582718
.72821350892385
.7230392297109
.72685184081395
.72930284341176
.72249456246694
.71078431606293
.72467321157455
.7145969470342
.7122821410497
.71555010477702
.71663943926493
.71854575475057
.71963506937027
.71881806850433
.72521783908208
.7239923675855
.72031591335932
.71064815918605
.72385621070862
.7133714556694
.71595859527588
.71718410650889
.71623092889786
.71977122624715
.72276689608892
.7194989323616
.71514161427816
.72276689608892
.7122821410497
.72440085808436
.72657952706019
.71337147553762
.71500543753306
.71813726425171
.71691177288691
.71813726425171
.7229030529658
.72780501842499
.71827340126038
.71459692716599
.72875815629959
.72263071934382
.721677561601
.72780499855677
.72508172194163
.71936273574829
.72154138485591
.71636710564295
.73325163125992
.73760894934336
.72317538658778
.71963508923848
.72385621070862
.70452070236206
.71868193149567
.72004357973735
.70738017559052
.71623094876607
.72099671761195
.71486930052439
.72208603223165
.7229030529658
.72154138485591
.7312091588974
.72726035118103
.7156862616539
.71732026338577
.71977124611537
.71377996603648
.71963506937027
.71840959787369
.71200978755951
.71854573488235
.71636712551117
.71078431606293
.71432459354401
.71963506937027
.72126907110214
.71623092889786
.72426470120748
.71323527892431
.71963506937027
.72058822711309
.71132896343867
.72930284341176
.72181371847788
.71977124611537
.72099673748016
.72276689608892
.70955882469813
.715822438399
.71854575475057
.71391612291336
.70928649107615
.71745644013087
.70942266782125
.72372003396352
.71595859527588
.72331154346466
.70506536960602
.71173747380575
.7229030529658
.70901413758596
.71364378929138
.72385621070862
.71977124611537
.7218137383461
.72331156333288
.71636712551117
.72208605209986
.73134531577428
.71446079015732
.70629086097082
.71745642026265
.71105664968491
.70833333333333
.71446079015732
.70411219199498
.70465683937073
.70683550834656
.71146512031555
.70683550834656
.70860566695531
.70601852734884
.70016342401505
.70724399884542
.69921024640401
.70220587650935
.69784857829412
.69172112147013
.68327885866165
.69430828094482
.68382352590561
.68777235349019
.69144880771637
.67973856131236
.67551743984222
.67647057771683
.67143245538076
.66898149251938
.67524508635203
.65740742286046
.6721132795016
.65550108750661
.68845317761103
.64719500144323
.64311001698176
.6405228972435
.62581698099772
.62745100259781
.62431917587916
.61342591047287
.60906863212585
.59558822711309
.58278866608938
.58210784196854
.56427015860875
.56045750776927
.5518790880839
.52369280656179
.57761438687642
0
0
0
0
0
0
0
0
0
0
0
0
0
0
0
0
0
0
0
0
0
0
0
0
0
0
0
0
0
0
0
0
0
0
0
0
0
0
0
0
0
0
0
0
0
0
0
0
0
0
0
0
0
0
0
0
0
0
0
0
0
0
0
0
0
0
0
0
0
0
0
0
0
0
0
0
0
0
0
0
0
0
0
0
0
0
0
0
0
0
0
0
0
0
0
0
0
0
0
0
0
0
0
0
0
0
0
0
0
0
0
0
0
0
0
0
0
0
0
0
0
0
0
0
0
0
0
0
0
0
0
0
0
0
0
0
0
0
0
0
0
0
0
0
0
0
0
0
0
0
0
0
0
0
0
0
0
0
0
0
0
0
0
0
0
0
0
0
0
0
0
0
0
0
0
0
0
0
0
0
0
0
0
0
0
0
0
0
0
0
0
0
0
0
0
0
0
0
0
0
0
0
0
0
0
0
0
0
0
0
0
0
0
0
0
0
0
0
0
0
0
0
0
0
0
0
0
0
0
0
0
0
0
0
0
0
0
0
0
0
0
0
0
0
0
0
0
0
0
0
0
0
0
0
0
0
0
0
0
0
0
0
0
0
0
0
0
0
0
0
0
0
0
0
0
0
0
0
0
0
0
0
0
0
0
0
0
0
0
0
0
0
0
0
0
0
0
0
0
0
0
0
0
0
0
0
0
0
0
0
0
0
0
0
0
0
0
0
0
0
0
0
0
0
0
0
0
0
0
0
0
0
0
0
0
0
0
0
0
0
0
0
0
0
0
0
0
0
0
0
0
0
0
0
0
0
0
0
0
0
0
0
0
0
0
0
0
0
0
0
0
0
0
0
0
0
0
0
0
0
0
0
0
0
0
0
0
0
0
0
0
0
0
0
0
0
0
0
0
0
0
0
0
0
0
0
0
0
0
0
0
0
0
0
0
0
0
0
0
0
0
0
0
0
0
0
0
0
0
0
0
0
0
0
0
0
0
0
0
0
0
0
0
0
0
0
0
0
0
0
0
0
0
0
0
0
0
0
0
0
0
0
0
0
0
0
0
0
0
0
0
0
0
0
0
0
0
0
0
0
0
0
0
0
0
0
0
0
0
0
0
0
0
0
0
0
0
0
0
0
0
0
0
0
0
0
0
0
0
0
0
0
0
0
0
0
0
0
0
0
0
0
0
0
0
0
0
0
0
0
0
0
0
0
0
0
0
0
0
0
0
0
0
0
0
0
0
0
0
0
0
0
0
0
0
0
0
0
0
0
0
0
0
0
0
0
0
0
0
0
0
0
0
0
0
0
0
0
0
0
0
0
0
0
0
0
0
0
0
0
0
0
0
0
0
0
0
0
0
0
0
0
0
0
0
0
0
0
0
0
0
0
0
0
0
0
0
0
0
0
0
0
0
0
0
0
0
0
0
0
0
0
0
0
0
0
0
0
0
0
0
0
0
0
0
0
0
0
0
0
0
0
0
0
0
0
0
0
0
0
0
0
0
0
0
0
0
0
0
0
0
0
0
0
0
0
0
0
0
0
0
0
0
0
0
0
0
0
0
0
0
0
0
0
0
0
0
0
0
0
0
0
0
0
0
0
0
0
0
0
0
0
0
0
0
0
0
0
0
0
0
0
0
0
0
0
0
0
0
0
0
0
0
0
0
0
0
0
0
0
0
0
0
0
0
0
0
0
0
0
0
0
0
0
0
0
0
0
0
0
0
0
0
0
0
0
0
0
0
0
0
0
0
0
0
0
0
0
0
0
0
0
0
0
0
0
0
0
0
0
0
0
0
0
0
0
0
0
0
0
0
0
0
0
0
0
0
0
0
0
0
0
0
0
0
0
0
0
0
0
0
0
0
0
0
0
0
0
0
0
0
0
0
0
0
0
0
0
0
0
0
0
0
0
0
0
0
0
0
0
0
0
0
0
0
0
0
0
0
0
0
0
0
0
0
0
0
0
0
0
0
0
0
0
0
0
0
0
0
0
0
0
0
0
0
0
0
0
0
0
0
0
0
0
0
0
0
0
0
0
0
0
0
0
0
0
0
0
0
0
0
0
0
0
0
0
0
0
0
0
0
0
0
0
0
0
0
0
0
0
0
0
0
0
0
0
0
0
0
0
0
0
0
0
0
0
0
0
0
0
0
0
0
0
0
0
0
0
0
0
0
0
0
0
0
0
0
0
0
0
0
0
0
0
0
0
0
0
0
0
0
0
0
0
0
0
0
0
0
0
0
0
0
0
0
0
0
0
0
0
0
0
0
0
0
0
0
0
0
0
0
0
0
0
0
0
0
0
0
0
0
0
0
0
0
0
0
0
0
0
0
0
0
0
0
0
0
0
0
0
0
0
0
0
0
0
0
0
0
0
0
0
0
0
0
0
0
0
0
0
0
0
0
0
0
0
0
0
0
0
0
0
0
0
0
0
0
0
0
0
0
0
0
0
0
0
0
0
0
0
0
0
0
0
0
0
0
0
0
0
0
0
0
0
0
0
0
0
0
0
0
0
0
0
0
0
0
0
0
0
0
0
0
0
0
0
0
0
0
0
0
0
0
0
0
0
0
0
0
0
0
0
0
0
0
0
0
0
0
0
0
0
0
0
0
0
0
0
0
0
0
0
0
0
0
0
0
0
0
0
0
0
0
0
0
0
0
0
0
0
0
0
0
0
0
0
0
0
0
0
0
0
0
0
0
0
0
0
0
0
0
0
0
0
0
0
0
0
0
0
0
0
0
0
0
0
0
0
0
0
0
0
0
0
0
0
0
0
0
0
0
0
0
0
0
0
0
0
0
0
0
0
0
0
0
0
0
0
0
0
0
0
0
0
0
0
0
0
0
0
0
0
0
0
0
0
0
0
0
0
0
0
0
0
0
0
0
0
0
0
0
0
0
0
0
0
0
0
0
0
0
0
0
0
0
0
0
0
0
0
0
0
0
0
0
0
0
0
0
0
0
0
0
0
0
0
0
0
0
0
0
0
0
0
0
0
0
0
0
0
0
0
0
0
0
0
0
0
0
0
0
0
0
0
0
0
0
0
0
0
0
0
0
0
0
0
0
0
0
0
0
0
0
0
0
0
0
0
0
0
0
0
0
0
0
0
0
0
0
0
0
0
0
0
0
0
0
0
0
0
0
0
0
0
0
0
0
0
0
0
0
0
0
0
0
0
0
0
0
0
0
0
0
0
0
0
0
0
0
0
0
0
0
0
0
0
0
0
0
0
0
0
0
0
0
0
0
0
0
0
0
0
0
0
0
0
0
0
0
0
0
0
0
0
0
0
0
0
0
0
0
0
0
0
0
0
0
0
0
0
0
0
0
0
0
0
0
0
0
0
0
0
0
0
0
0
0
0
0
0
0
0
0
0
0
0
0
0
0
0
0
0
0
0
0
0
0
0
0
0
0
0
0
0
0
0
0
0
0
0
0
0
0
0
0
0
0
0
0
0
0
0
0
0
0
0
0
0
0
0
0
0
0
0
0
0
0
0
0
0
0
0
0
0
0
0
0
0
0
0
0
0
0
0
0
0
0
0
0
0
0
0
0
0
0
0
0
0
0
0
0
0
0
0
0
0
0
0
0
0
0
0
0
0
0
0
0
0
0
0
0
0
0
0
0
0
0
0
0
0
0
0
0
0
0
0
0
0
0
0
0
0
0
0
0
0
0
0
0
0
0
0
0
0
0
0
0
0
0
0
0
0
0
0
0
0
0
0
0
0
0
0
0
0
0
0
0
0
0
0
0
0
0
0
0
0
0
0
0
0
0
0
0
0
0
0
0
0
0
0
0
0
0
0
0
0
0
0
0
0
0
0
0
0
0
0
0
0
0
0
0
0
0
0
0
0
0
0
0
0
0
0
0
0
0
0
0
0
0
0
0
0
0
0
0
0
0
0
0
0
0
0
0
0
0
0
0
0
0
0
0
0
0
0
0
0
0
0
0
0
0
0
0
0
0
0
0
0
0
0
0
0
0
0
0
0
0
0
0
0
0
0
0
0
0
0
0
0
0
0
0
0
0
0
0
0
0
0
0
0
0
0
0
0
0
0
0
0
0
0
0
0
0
0
0
0
0
0
0
0
0
0
0
0
0
0
0
0
0
0
0
0
0
0
0
0
0
0
0
0
0
0
0
0
0
0
0
0
0
0
0
0
0
0
0
0
0
0
0
0
0
0
0
0
0
0
0
0
0
0
0
0
0
0
0
0
0
0
0
0
0
0
0
0
0
0
0
0
0
0
0
0
0
0
0
0
0
0
0
0
0
0
0
0
0
0
0
0
0
0
0
0
0
0
0
0
0
0
0
0
0
0
0
0
0
0
0
0
0
0
0
0
0
0
0
0
0
0
0
0
0
0
0
0
0
0
0
0
0
0
0
0
0
0
0
0
0
0
0
0
0
0
0
0
0
0
0
0
0
0
0
0
0
0
0
0
0
0
0
0
0
0
0
0
0
0
0
0
0
0
0
0
0
0
0
0
0
0
0
0
0
0
0
0
0
0
0
0
0
0
0
0
0
0
0
0
0
0
0
0
0
0
0
0
0
0
0
0
0
0
0
0
0
0
0
0
0
0
0
0
0
0
0
0
0
0
0
0
0
0
0
0
0
0
0
0
