.73366014162699
.71895424524943
.72440085808436
.73148147265116
.70955882469813
.72140522797902
.72317538658778
.7133714556694
.71759259700775
.72535403569539
.71514161427816
.72276689608892
.72099673748016
.71800108750661
.7229030529658
.72126907110214
.72494554519653
.72739650805791
.72576254606247
.71636710564295
.71772877375285
.72617101669312
.70833333333333
.71663943926493
.7227668762207
.71623092889786
.70942264795303
.71909042199453
.71555010477702
.72031591335932
.71377996603648
.71187363068263
.72113291422526
.70601850748062
.71650328238805
.71486930052439
.7169117530187
.72617101669312
.70642699797948
.71105664968491
.72249456246694
.71500545740128
.72086056073507
.71895426511765
.71868193149567
.72657952706019
.73175380627314
.72671568393707
.71051198244095
.72045209010442
.715822438399
.72726035118103
.72889431317647
.72971131404241
.72589868307114
.77396514018377
.72875817616781
.72657950719198
.73679192860921
.7227668762207
.72712419430415
.71854577461878
.72603483994802
.7252178589503
.72208605209986
.72140522797902
.72957515716553
.72617101669312
.70928651094437
.72099675734838
.72589870293935
.71595861514409
.72072440385818
.71772875388463
.7205882469813
.72126907110214
.72753268480301
.72072440385818
.72249456246694
.72875815629959
.71650326251984
.72807733217875
.73080064853032
.72222222884496
.73338780800501
.72412852446238
.7133714556694
.72875817616781
.72726033131282
.72208605209986
.71541394790014
.7313453356425
.73134531577428
.72222222884496
.72399238745371
.71990742286046
.7241285443306
.72263069947561
.72807735204697
.72930282354355
.73202613989512
.73202612002691
.72126907110214
.72031589349111
.72589868307114
.71636708577474
.72031589349111
.72698801755905
.72630717357
.72984751065572
.72535403569539
.71500543753306
.72671568393707
.72998364766439
.73039215803146
.72235838572184
.72276689608892
.72031589349111
.72480934858322
.73406863212585
.7145969470342
.7133714556694
.73556645711263
.72058822711309
.72303920984268
.72930282354355
.71255447467168
.71800110737483
.72194989522298
.7136438091596
.72126907110214
.72685186068217
.70874182383219
.71704792976379
.73039217789968
.71173749367396
.72834966580073
.73869826396306
.71949889262517
.71595861514409
.7241285443306
.71296296517054
.71800108750661
.72126905123393
.71840959787369
.71119280656179
.72576254606247
.71500543753306
.71963508923848
.71636710564295
.70874182383219
.7241285443306
.7241285443306
.71595861514409
.71732026338577
.71963506937027
.72508170207342
.7144607702891
.72045207023621
.72222222884496
.71527777115504
.71527777115504
.7230392297109
.71868193149567
.7122821410497
.73148149251938
.71936273574829
.72017973661423
.73175380627314
.72235838572184
.73188998301824
.72726035118103
.72317536671956
.71936275561651
.72957515716553
.7252178589503
.72698801755905
.7239923675855
.72426470120748
.71663943926493
.72589870293935
.72399238745371
.7227668762207
.72821352879206
.71418845653534
.72480936845144
.71922657887141
.71446079015732
.71269063154856
.71214596430461
.71541394790014
.71704792976379
.73188996315002
.71309912204742
.71595861514409
.71990740299225
.72263071934382
.71909042199453
.73039215803146
.70860566695531
.72576250632604
.71840959787369
.71418845653534
.71732026338577
.73502178986867
.70547386010488
.72276689608892
.72821350892385
.71214596430461
.72344772020976
.72194989522298
.70778866608938
.72480934858322
.72562634944916
.71486930052439
.72017971674601
.7252178589503
.73080066839854
.72698801755905
.71840957800547
.72086058060328
.71282678842545
.71418847640355
.72480936845144
.72317538658778
.72208605209986
.7310729821523
.72086058060328
.73216231664022
.72726035118103
.71840959787369
.72698801755905
.72072438398997
.71391612291336
.72113289435705
.72535401582718
.72126905123393
.72589868307114
.72630717357
.71786493062973
.72971133391062
.73297929763794
.72017973661423
.72194987535477
.72344770034154
.71486928065618
.71732026338577
.73066447178523
.71568628152212
.72222222884496
.73379629850388
.71595861514409
.72372003396352
.73420478900274
.72031591335932
.7310729821523
.73257080713908
.71677559614182
.72780501842499
.72753266493479
.72235838572184
.72930284341176
.73093680540721
.71500545740128
.72045207023621
.73148147265116
.70928649107615
.72113289435705
.73080064853032
.72113289435705
.72576250632604
.72780501842499
.71909040212631
.72535403569539
.72589868307114
.71214596430461
.72562636931737
.721677561601
.72235838572184
.72794117530187
.72058822711309
.7230392297109
.71691177288691
.71527777115504
.72685184081395
.71269063154856
.72385621070862
.73434096574783
.71187363068263
.72807733217875
.72685184081395
.72753268480301
.71909042199453
.72875817616781
.72358385721842
.72589870293935
.7299836675326
.71663943926493
.72099671761195
.732162296772
.72113289435705
.72140524784724
.72113289435705
.71772875388463
.71854573488235
.72875817616781
.72603485981623
.71092047293981
.72399238745371
.71541392803192
.7288943529129
.72508170207342
.72072440385818
.72589868307114
.72739652792613
.70806101957957
.71527779102325
.71827340126038
.71037580569585
.71309914191564
.72222222884496
.71909042199453
.72126907110214
.72017975648244
.7041122118632
.71337147553762
.7239923675855
.71840957800547
.72045205036799
.71949891249339
.71609477202098
.71895424524943
.72045207023621
.70697166522344
.71092047293981
.71119280656179
.70915033419927
.71881806850433
.71868191162745
.71609477202098
.71010349194209
.70915033419927
.71228212118149
.71323529879252
.71187365055084
.72031591335932
.70206973950068
.7156862616539
.7133714556694
.7169117530187
.71745644013087
.72058822711309
.71868193149567
.71255447467168
.72385621070862
.71391614278158
.71786493062973
.72331156333288
.71936273574829
.72045209010442
.72671568393707
.71391612291336
.71650326251984
.73175382614136
.71909042199453
.72303920984268
.73039215803146
.71377994616826
.72889431317647
.71990742286046
.71759259700775
.72930282354355
.72698801755905
.72848582267761
.72875817616781
.76579521099726
.72930284341176
.71663943926493
.72862201929092
.7144607702891
.71977124611537
.7310729821523
.7230392297109
.71527777115504
.71922657887141
.71391612291336
.71772875388463
.72617101669312
.70778866608938
.71623092889786
.72698801755905
.72453705469767
.71269063154856
.72821348905563
.71446079015732
.72208607196808
.72603485981623
.72494552532832
.71527779102325
.72222220897675
.72290303309758
.72072440385818
.7333877881368
.73311545451482
.73066447178523
.7229030529658
.72903050978978
.72494552532832
.71813726425171
.7252178589503
.71092049280802
.72222220897675
.72657952706019
.71963506937027
.72821350892385
.72807735204697
.7124183177948
.72467319170634
.73978757858276
.73733659585317
.72072438398997
.72698801755905
.71977124611537
.72194989522298
.72698803742727
.71786493062973
.72848582267761
.72875817616781
.71527779102325
.71909042199453
.72630719343821
.7135076324145
.71963508923848
.72889433304469
.71527777115504
.71881808837255
.72385621070862
.72181371847788
.72058822711309
.72480936845144
.71772877375285
.71527779102325
.72998364766439
.72834968566895
.72780501842499
.73148147265116
.71677559614182
.71677561601003
.73379627863566
.72562636931737
.71772877375285
.71840957800547
.72549019257228
.72181371847788
.7322984735171
.71119280656179
.72549019257228
.72657952706019
.73161762952805
.72331156333288
.72657952706019
.73175382614136
.72480936845144
.72576252619425
.72821350892385
.72058822711309
.72753268480301
.73216231664022
.7252178589503
.73080064853032
.73175380627314
.73393247524897
.72794115543365
.72862201929092
.71895424524943
.72263071934382
.73488563299179
.71650326251984
.72072440385818
.73447712262472
.71813726425171
.72276689608892
.73461329936981
.71623092889786
.72467319170634
.72794117530187
.71949891249339
.72249456246694
.72617101669312
.72480936845144
.72589870293935
.72821350892385
.72848584254583
.72916666666667
.73011982440948
.71677561601003
.72753266493479
.72685186068217
.71895424524943
.72399238745371
.73175380627314
.70928649107615
.71786491076152
.71936275561651
.7180010676384
.72017975648244
.72344770034154
.72113289435705
.72263073921204
.72154138485591
.72072440385818
.72154138485591
.73311549425125
.71364378929138
.72263071934382
.72508170207342
.7205882469813
.71936275561651
.72099671761195
.72344770034154
.72031591335932
.72222222884496
.72126907110214
.72031589349111
.72549019257228
.72113289435705
.7310729821523
.72263069947561
.7241285443306
.72480938831965
.73052833477656
.73216231664022
.71718408664068
.73052833477656
.73570261398951
.72576252619425
.71990740299225
.72862199942271
.71786491076152
.72317536671956
.72140524784724
.71759259700775
.71909042199453
.7230392297109
.71909042199453
.72589868307114
.72780501842499
.72222222884496
.721677561601
.72685186068217
.72017975648244
.73011982440948
.72630719343821
.71527779102325
.72862199942271
.72916666666667
.72249456246694
.72794117530187
.72848584254583
.71827342112859
.72194989522298
.732162296772
.72045207023621
.72943900028865
.72467321157455
.71990742286046
.72086058060328
.72412852446238
.71881808837255
.72317538658778
.72344772020976
.71868193149567
.71786493062973
.72099673748016
.71922657887141
.72249456246694
.72930284341176
.71663943926493
.72603485981623
.73039215803146
.71813724438349
.72126907110214
.72222222884496
.73229849338531
.72208605209986
.71609477202098
.7239923675855
.71391612291336
.71759259700775
.73447712262472
.71377994616826
.721677561601
.72971131404241
.71704792976379
.71977124611537
.72862199942271
.71732026338577
.71241829792658
.72072438398997
.72562634944916
.71745644013087
.72671568393707
.71173747380575
.71813726425171
.73597494761149
.7241285443306
.72031589349111
.72657952706019
.70806101957957
.71650326251984
.72086056073507
.71663943926493
.70983117818832
.73148147265116
.72126905123393
.72303920984268
.7169117530187
.70370370149612
.70438452561696
.72276689608892
.71418843666712
.71432461341222
.71405227979024
.70601852734884
.72058822711309
.71854575475057
.71405227979024
.70887800057729
.72426470120748
.70819717645645
.70356754461924
.72045207023621
.70996731519699
.7144607702891
.71187363068263
.71691177288691
.72099671761195
.72862197955449
.71922657887141
.72126905123393
.72726035118103
.71296294530233
.71650326251984
.72358387708664
.73148147265116
.72222222884496
.72331154346466
.73733659585317
.72807733217875
.72208605209986
.72222222884496
.71881808837255
.72317538658778
.72494552532832
.72031589349111
.71949891249339
.72617103656133
.71772873401642
.71827342112859
.73039215803146
.71446079015732
.72726033131282
.72167754173279
.715822438399
.71623094876607
.72671568393707
.71663943926493
.71323529879252
.72726035118103
.71786491076152
.71977124611537
.71827342112859
.72017971674601
.71759259700775
.73257080713908
.71459696690242
.71323529879252
.71718408664068
.7135076324145
.71200980742772
.7238561908404
.71146514018377
.70778868595759
.71813726425171
.71064815918605
.71595859527588
.71827342112859
.71092049280802
.72630717357
.7250816822052
.71895424524943
.73052831490835
.72453705469767
.7145969470342
.7133714556694
.73080066839854
.71745642026265
.72045207023621
.72208607196808
.71909040212631
.71895424524943
.73801741997401
.71718408664068
.72562636931737
.72140522797902
.73066447178523
.72426470120748
.72249456246694
.72508170207342
.71827342112859
.73025600115458
.72154138485591
.71527779102325
.71854575475057
.7324346502622
.73257080713908
.72630719343821
.73406863212585
.71677559614182
.71895424524943
.7310729821523
.7227668762207
.721677561601
.72535401582718
.71296296517054
.72004357973735
.7252178589503
.71732026338577
.72331154346466
.72739652792613
.72099673748016
.72617101669312
.72834966580073
.72453703482946
.72113289435705
.72317540645599
.72617101669312
.72794115543365
.72807733217875
.72344772020976
.72004355986913
.73175380627314
.71214598417282
.72657950719198
.72535401582718
.71663943926493
.71759259700775
.72086056073507
.70860566695531
.71500543753306
.71432463328044
.71745644013087
.71759259700775
.72072440385818
.71663941939672
.72017973661423
.72807735204697
.71459696690242
.71623092889786
.72194987535477
.72004357973735
.71255445480347
.7169117530187
.71977124611537
.72004357973735
.72194989522298
.72086058060328
.71718410650889
.73080064853032
.73216231664022
.71949889262517
.72698801755905
.72494552532832
.71854575475057
.71772875388463
.72834968566895
.7135076324145
.72589868307114
.73488561312358
.71732026338577
.7218137383461
.72875815629959
.71691177288691
.71514161427816
.72263071934382
.7135076324145
.72058822711309
.72630717357
.71868191162745
.71568628152212
.72331154346466
.72331152359645
.71541392803192
.72372003396352
.72480936845144
.72263069947561
.72303920984268
.72167754173279
.71405227979024
.73080064853032
.71881806850433
.72603485981623
.7156862616539
.70860566695531
.72453703482946
.72903050978978
.72113289435705
.72794117530187
.72889433304469
.72440085808436
.72004357973735
.72916666666667
.71677559614182
.71173747380575
.71840957800547
.71514161427816
.72657950719198
.72440087795258
.72222222884496
.72807735204697
.74346403280894
.71759257713954
.72249454259872
.72698801755905
.71650326251984
.72331154346466
.72440085808436
.72086056073507
.72671568393707
.72372005383174
.72671568393707
.71772877375285
.72235838572184
.73011982440948
.71405227979024
.73202613989512
.73188998301824
.72807733217875
.7205882469813
.73502178986867
.72848584254583
.72644335031509
.74005991220474
.7239923675855
.72086056073507
.72739652792613
.71759259700775
.72154138485591
.73461329936981
.72712417443593
.73393247524897
.73788126309713
.74455338716507
.73624726136525
.73815359671911
.74223854144414
.75136166810989
.75953157742818
.75980393091838
.76130173603694
.77641612291336
.77655227979024
.78513071934382
.80106208721797
.81522331635157
.83959696690241
.86111110448837
.89052287737528
.91176470120748
.96432461341222
1.0080337921778
1.0837418238322
1.1700707674026
1.2442810535431
1.3157679637273
1.4067265590032
1.4820261398951
1.5265522797902
1.5676743189494
1.5680828094482
1.5486110846202
1.5164760351181
1.4508442481359
1.3961056868235
1.3084150155385
1.2103758255641
1.135484735171
1.0672657887141
1.0088507334391
.95288670063019
.89869280656179
.875
.84545207023621
.8289760351181
.81821894645691
.78799021244049
.7830882469813
.77260349194209
.76361656188965
.76293573776881
.75449347496033
.75081700086594
.75871457656225
.75394880771637
.73910675446192
.73651959498723
.73325163125992
.72617101669312
.7252178589503
.73474945624669
.72862199942271
.73025598128637
.73080064853032
.72562634944916
.72875817616781
.71555012464523
.72766884167989
.72671568393707
.73257078727086
.7230392297109
.73502178986867
.7310729821523
.71759259700775
.73679192860921
.73093682527542
.71868191162745
.73297929763794
.7227668762207
.71936273574829
.71745644013087
.73257080713908
.71623094876607
.71813726425171
.73039217789968
.72222220897675
.72385621070862
.72249454259872
.72712417443593
.71732028325399
.72657950719198
.71636710564295
.71786493062973
.72303920984268
.71704792976379
.72263071934382
.72467319170634
.72086058060328
.72031591335932
.72589870293935
.72562636931737
.71909040212631
.71772875388463
.72140520811081
.72276689608892
.72017973661423
.73175380627314
.71786491076152
.71064813931783
.72263071934382
.71895424524943
.71663943926493
.71514163414637
.71800108750661
.71827342112859
.72576252619425
.72916664679845
.72058822711309
.72957517703374
.72290303309759
.72998364766439
.73202613989512
.72263073921204
.73788126309713
.72712417443593
.72494552532832
.72440087795258
.73406863212585
.72004357973735
.72467321157455
.7312091588974
.72140522797902
.72617103656133
.72358387708664
.72331154346466
.72086056073507
.73216231664022
.72549019257228
.72004357973735
.72344772020976
.71623094876607
.72726035118103
.72957515716553
.72726033131282
.7229030529658
.732162296772
.71759259700775
.71936275561651
.72521787881851
.72657950719198
.7241285443306
.73434094587962
.73148147265116
.72467321157455
.73774510622025
.71990740299225
.71813726425171
.72440085808436
.71963508923848
.72099673748016
.71868191162745
.73039215803146
.71786491076152
.7227668762207
.72998364766439
.72739650805791
.71800110737483
.7346132795016
.72045207023621
.72235838572184
.71840957800547
.72617101669312
.72045207023621
.72263071934382
.72630719343821
.72807733217875
.73379629850388
.72971133391062
.72508170207342
.73311547438304
.71922657887141
.72467321157455
.73529412349065
.72249456246694
.71228212118149
.72263071934382
.71909042199453
.72903050978978
.73202613989512
.72412852446238
.7322984735171
.7310729821523
.72303920984268
.72426468133926
.72562636931737
.73447712262472
.72399238745371
.721677561601
.71949891249339
.72549021244049
.72535403569539
.72358387708664
.72331154346466
.73311547438304
.71718408664068
.72235838572184
.72943900028865
.7147331237793
.71840959787369
.72099671761195
.72753266493479
.72194989522298
.72617101669312
.72181371847788
.72671568393707
.72031591335932
.71636710564295
.71813724438349
.72494552532832
.71677561601003
.721677561601
.72194989522298
.72576250632604
.71786493062973
.71936275561651
.72971133391062
.72671568393707
.73297931750615
.73311545451482
.71527777115504
.7239923675855
.73515794674555
.72235838572184
.72004355986913
.73202613989512
.71446079015732
.71909042199453
.72889433304469
.721677561601
.72249454259872
.73434096574783
.71527777115504
.73120913902918
.7250816822052
.71514161427816
.72385621070862
.7312091588974
.7155500849088
.72249456246694
.72657952706019
.71881806850433
.72657952706019
.73733661572138
.72099671761195
.72154138485591
.7357025941213
.73270696401596
.72589868307114
.72453703482946
.72372003396352
.74482570091883
.73474945624669
.72494552532832
.72086058060328
.73011982440948
.70928649107615
.72930282354355
.72794117530187
.72467319170634
.72194987535477
.72698801755905
.72467319170634
.7241285443306
.72086056073507
.71868193149567
.72222222884496
.71786493062973
.70887802044551
.72657952706019
.72154140472412
.7145969470342
.71609477202098
.7229030529658
.72058822711309
.71146514018377
.72549019257228
.72017973661423
.71119280656179
.72603485981623
.72739650805791
.71214596430461
.71895426511765
.72848584254583
.71772877375285
.72562636931737
.73406865199407
.72766884167989
.72807733217875
.72249456246694
.72058822711309
.72726033131282
.72276689608892
.71895424524943
.72971131404241
.72494554519653
.72440087795258
.72589868307114
.73134531577428
.72154140472412
.72113289435705
.71786493062973
.70819715658824
.72821350892385
.72712417443593
.72126905123393
.71963506937027
.72562634944916
.71990740299225
.71963508923848
.73025600115458
.70479303598404
.71949891249339
.71759261687597
.71650326251984
.72303920984268
.73556645711263
.72467319170634
.72086058060328
.72657952706019
.71772875388463
.71922657887141
.72399238745371
.71868193149567
.72263073921204
.72440087795258
.71718408664068
.72739650805791
.72508170207342
.72126907110214
.71895424524943
.72712417443593
.71555012464523
.75204249223073
.73284314076106
.72957515716553
.73107300202052
.72331154346466
.72017973661423
.71718410650889
.73025600115458
.73720041910807
.72698801755905
.73434094587962
.72848584254583
.72099671761195
.71732028325399
.72753268480301
.71704792976379
.72657950719198
.72576252619425
.72290303309759
.72031589349111
.7273964881897
.7144607702891
.71909040212631
.72372005383174
.71963506937027
.71609475215276
.71895424524943
.7122821410497
.72372005383174
.72576252619425
.71650328238805
.72508170207342
.73175382614136
.72480936845144
.72875817616781
.72739650805791
.71745644013087
.72058822711309
.73202613989512
.71636708577474
.72480936845144
.73175380627314
.71977124611537
.72426470120748
.71990740299225
.71200978755951
.71323529879252
.72317538658778
.72508170207342
.71895424524943
.7335239648819
.71105664968491
.72235838572184
.73052831490835
.72113289435705
.71555012464523
.71881808837255
.71936275561651
.7241285443306
.72372005383174
.72045209010442
.71405227979024
.72467319170634
.72739652792613
.71119280656179
.72576252619425
.7312091588974
.72031591335932
.70983115832011
.73134529590607
.7227668762207
.71582245826721
.72589870293935
.72263071934382
.71800108750661
.72467321157455
.71119280656179
.71963506937027
.72875817616781
.71514161427816
.71772877375285
.72794117530187
.71296296517054
.72194989522298
.72521787881851
.7241285443306
.72726035118103
.71704794963201
.71527777115504
.72235840559006
.72657952706019
.71309912204742
.71909040212631
.7252178589503
.72821350892385
.72562636931737
.72453705469767
.71405227979024
.72263071934382
.71963506937027
.71922657887141
.71146514018377
.72140524784724
.71827342112859
.71800110737483
.72726033131282
.71541394790014
.72086056073507
.72753268480301
.71418845653534
.72385621070862
.72208605209986
.70465685923894
.7218137383461
.72984749078751
.71323529879252
.71282678842545
.73052833477656
.71704792976379
.71732026338577
.72317538658778
.71677559614182
.71963506937027
.7230392297109
.72862199942271
.72004355986913
.71514161427816
.72971133391062
.72235838572184
.72222220897675
.73270698388418
.72317536671956
.72726035118103
.71990740299225
.70874184370041
.7145969470342
.72372005383174
.71527779102325
.71881808837255
.72399238745371
.72017975648244
.72494552532832
.73270696401596
.71555010477702
.72399238745372
.72657952706019
.7145969470342
.72222222884496
.72807735204697
.71990742286046
.72426472107569
.73161764939626
.72889433304469
.72589870293935
.73393247524897
.71718410650889
.73570261398951
.73039215803146
.71827342112859
.72467319170634
.72344772020976
.72276689608892
.71813724438349
.72045207023621
.71051198244095
.72072438398997
.71854575475057
.71868193149567
.71555010477702
.72467319170634
.71119282643
.71595859527588
.7227668762207
.71881808837255
.71527779102325
.72685186068217
.72712419430415
.72698801755905
.72154140472412
.72753266493479
.71732026338577
.72031589349111
.71541394790014
.71269063154856
.7147331237793
.72031591335932
.71609477202098
.71663943926493
.7229030529658
.71214596430461
.71309912204742
.72589868307114
.72235838572184
.721677561601
.71241829792658
.71051198244095
.71963506937027
.72031589349111
.71160131692886
.72712417443593
.72480936845144
.71555010477702
.71745644013087
.7218137383461
.71391612291336
.71500545740128
.71173747380575
.71214596430461
.71146514018377
.72344772020976
.72045207023621
.71568628152212
.72317536671956
.71609477202098
.72126907110214
.71949891249339
.71691177288691
.72140522797902
.71541394790014
.7227668762207
.71677559614182
.71718408664068
.71119280656179
.71759257713954
.71677559614182
.71132898330688
.71704792976379
.7241285443306
.72385623057683
.72957517703374
.72916666666667
.7147331237793
.72372003396352
.73107300202052
.71786493062973
.72222222884496
.72617101669312
.71800108750661
.71759259700775
.73665579160055
.72521783908208
.72099671761195
.73025598128637
.72126907110214
.71827342112859
.71840957800547
.72780501842499
.72045207023621
.7207244237264
.72576252619425
.73107300202052
.72603485981623
.72726033131282
.72263071934382
.72589868307114
.72971133391062
.71827342112859
.72181371847789
.72535401582718
.72154140472412
.71963508923848
.73543026049932
.72086058060328
.72385621070862
.71745644013087
.72331154346466
.72222222884496
.72358387708664
.72099673748016
.71241829792658
.71827340126038
.71323529879252
.70955880482992
.71187363068263
.71051198244095
.71895424524943
.72072440385818
.71650328238805
.7147331237793
.72685186068217
.71064813931783
.71377994616826
.71527777115504
.70302287737528
.71514163414637
.72358385721842
.71023964881897
.71514161427816
.70969500144323
.72412852446238
.71636710564295
.72712419430415
.70778866608938
.71105662981669
.72862201929092
.71173747380575
.71623092889786
.71677559614182
.71405227979024
.70942266782125
.72154138485591
.71200978755951
.71949889262517
.72154140472412
.70765250921249
.7156862616539
.72222222884496
.72712417443593
.71827342112859
.72222220897675
.72181371847789
.71786493062973
.72794117530187
.72685186068217
.71800108750661
.72317536671956
.7227668762207
.72058822711309
.71813726425171
.72726035118103
.71691177288691
.7135076324145
.705337703228
.72086056073507
.70669933160146
.7229030529658
.71432461341222
.72385621070862
.72099675734838
.71786493062973
.72535401582718
.72508170207342
.72358387708664
.71636710564295
.73066447178523
.71214596430461
.7241285443306
.72889433304469
.71759259700775
.71827340126038
.72099673748016
.71364378929138
.7239923675855
.72657952706019
.71650326251984
.71228212118149
.71949891249339
.71541394790014
.72562634944916
.72617101669312
.72698801755905
.721677561601
.73202615976334
.71541396776835
.71732026338577
.71977124611537
.71500543753306
.71827342112859
.72630719343821
.72739650805791
.72494552532832
.72943900028865
.71990740299225
.72549019257228
.72753266493479
.72113289435705
.71200978755951
.72834968566895
.75980393091838
.72072440385818
.72698801755905
.72889433304469
.71704792976379
.7252178589503
.7324346502622
.71772875388463
.72303920984268
.72045205036799
.72113287448883
.71854575475057
.72181371847788
.71269063154856
.72753268480301
.732162296772
.71391612291336
.72344770034154
.72426470120748
.72263071934382
.72453703482946
.7252178589503
.72045207023621
.71759259700775
.7169117530187
.71827342112859
.72712417443593
.72657952706019
.72140520811081
.71759259700775
.72535403569539
.71500543753306
.71732026338577
.72671568393707
.72113287448883
.75462963183721
.71691177288691
.71405227979024
.71704792976379
.72726035118103
.71541392803192
.72194989522298
.71977124611537
.72317536671956
.72494554519653
.71963506937027
.71514161427816
.72222222884496
.71936275561651
.7073801557223
.72208607196808
.73543028036753
.71759259700775
.7205882469813
.7227668762207
.71623094876607
.71486928065618
.72576252619425
.71813724438349
.71786493062973
.71527777115504
.72549019257228
.74632352590561
.7218137383461
.72780501842499
.72440087795258
.71555010477702
.73461329936981
.7156862616539
.72453703482946
.732162296772
.72848584254583
.72780501842499
.73093682527542
.71936273574829
.71800110737483
.7241285443306
.72126905123393
.72208607196808
.73025598128637
.71990740299225
.72222222884496
.7333877881368
.71868191162745
.71881808837255
.72004357973735
.7230392297109
.71636710564295
.72821350892385
.72194989522298
.72331154346466
.72984751065572
.72167754173279
.71609477202098
.72617103656133
.72943898042043
.72208605209986
.73447714249293
.71786493062973
.71663941939672
.72017971674601
.71568628152212
.71282678842545
.72671568393707
.71119282643
.72834966580073
.71936275561651
.7064270178477
.71936273574829
.71949891249339
.70942266782125
.71936273574829
.70656319459279
.71037582556407
.71364378929138
.71323529879252
.71827344099681
.721677561601
.71800110737483
.72154138485591
.72331156333288
.71936273574829
.7169117530187
.71745644013087
.72276689608892
.7218137383461
.71990738312403
.71772877375285
.71949891249339
.715822438399
.71187363068263
.71541394790014
.72194989522298
.7147331237793
.72453703482946
.71078431606293
.72017973661423
.72780499855677
.71650326251984
.72726035118103
.71977122624715
.71691177288691
.7145969470342
.72031591335932
.71786491076152
.71772875388463
.72644335031509
.72004357973735
.72480936845144
.72549019257228
.72017973661423
.71636708577474
.71759259700775
.71922657887141
.72358389695485
.72617101669312
.72222222884496
.71854573488235
.71745642026265
.70901415745417
.71514161427816
.72480936845144
.72589868307114
.71922657887141
.71636710564295
.72412852446238
.71105664968491
.72930282354355
.72467321157455
.71541396776835
.71868191162745
.72235838572184
.72154140472412
.72794119517008
.72167754173279
.72072440385818
.72072440385818
.72086056073507
.7147331237793
.72698801755905
.7122821410497
.71527777115504
.72072440385818
.72698801755905
.721677561601
.72453705469767
.71990740299225
.71636710564295
.72249456246694
.72467319170634
.70942264795303
.71895424524943
.72971133391062
.71595861514409
.7133714556694
.72562636931737
.71269063154856
.72113289435705
.72889433304469
.7229030529658
.72385621070862
.72875819603602
.72126905123393
.72004357973735
.72317536671956
.7062908411026
.71704792976379
.72140522797902
.70479303598404
.71037582556407
.71446079015732
.72208603223165
.72154138485591
.72671570380529
.715822438399
.71922657887141
.73093680540721
.7145969470342
.7133714556694
.7252178589503
.71173745393753
.71609477202098
.72657950719198
.71650326251984
.71827340126038
.72984749078751
.71909040212631
.71800108750661
.7238561908404
.71146514018377
.7122821410497
.72194987535477
.71337147553762
.7147331237793
.71269063154856
.71160129706065
.71405227979024
.71718408664068
.71800108750661
.721677561601
.71949889262517
.72726033131282
.72154138485591
.72671570380529
.7218137383461
.71064813931783
.71037580569585
.72467319170634
.71323529879252
.71650326251984
.72126905123393
.71936273574829
.71786491076152
.73148149251938
.71827342112859
.72603485981623
.72576252619425
.71555010477702
.73624728123347
.72685186068217
.72726035118103
.7227668762207
.72167754173279
.71555010477702
.71595859527588
.73134531577428
.71541394790014
.72235838572184
.72385621070862
.71377996603648
.71323529879252
.71786493062973
.71364378929138
.71759259700775
.71827342112859
.71718410650889
.71636708577474
.71990740299225
.71636710564295
.72453703482946
.72644335031509
.70942266782125
.7218137383461
.73366012175878
.71990740299225
.72589870293935
.72072440385818
.71282680829366
.70955882469813
.721677561601
.71718408664068
.7169117530187
.7219499150912
.7135076324145
.72453705469767
.71691177288691
.7064270178477
.71486928065618
.72426470120748
.71432461341222
.72657952706019
.72766884167989
.72480936845144
.71827340126038
.73202613989512
.72862199942271
.72140520811081
.73216231664022
.72862199942271
.71977124611537
.72208607196808
.73556645711263
.71813724438349
.71922657887141
.72358387708664
.71745642026265
.74714052677155
.72113289435705
.71759261687597
.71881806850433
.71895424524943
.71459692716599
.70778866608938
.72698803742727
.72058822711309
.72263071934382
.71759259700775
.70656317472458
.71200978755951
.71473310391108
.71772875388463
.72031591335932
.72589868307114
.70656319459279
.71827340126038
.72031591335932
.71269063154856
.72358385721842
.72194989522298
.70656319459279
.73052833477656
.72249454259872
.71418845653534
.72004357973735
.721677561601
.71459696690241
.72576252619425
.7227668762207
.72712419430415
.72453703482946
.72630719343821
.71541394790014
.71010349194209
.71936273574829
.71854575475057
.72235838572184
.71868191162745
.70656317472458
.71827342112859
.72181371847789
.71173747380575
.7122821410497
.72889433304469
.71568628152212
.72235838572184
.72549019257228
.72617101669312
.72726035118103
.72753266493479
.72303920984268
.72589870293935
.72657950719198
.73066449165344
.72453701496124
.71555010477702
.72317538658778
.72862199942271
.72794117530187
.72222220897675
.72222222884496
.71936275561651
.71854573488235
.71827344099681
.72154140472412
.71963508923848
.71446079015732
.71977124611537
.72562636931737
.72017975648244
.72004357973735
.72480936845144
.71051200230916
.72303920984268
.72453703482946
.715822438399
.71037582556407
.71432461341222
.71650326251984
.72249454259872
.72086056073507
.71296296517054
.70697168509165
.72372003396352
.71759259700775
.72834966580073
.72099671761195
.71105662981669
.71718410650889
.72698801755905
.71704792976379
.71623092889786
.72099673748016
.71977124611537
.71296296517054
.72126907110214
.7135076324145
.71800110737483
.72263071934382
.70833333333333
.72058822711309
.72344772020976
.71064815918605
.71691177288691
.72045207023621
.71827342112859
.71514161427816
.71745644013087
.72630717357
.72303920984268
.71527779102325
.72113289435705
.7122821410497
.71650326251984
.70533768335978
.71813724438349
.71023964881897
.72249454259872
.71010349194209
.72072438398997
.72113287448883
.70070807139079
.71691177288691
.71092047293981
.69444443782171
.70343136787415
.70697168509165
.70152505238851
.69131263097127
.70819717645645
.69417212406794
.69635075330734
.69253812233607
.70520154635112
.68218952417374
.68886164824168
.69253812233607
.68777233362198
.69798475503922
.6875
.68586601813634
.68899782498678
.67374728123347
.68191719055176
.68259805440903
.67606210708618
.67374728123347
.67660675446192
.6688453356425
.67510894934336
.66476035118103
.65359477202098
.66122003396352
.66258170207342
.65127994616826
.64460784196854
.63766342401505
.64460784196854
.61941723028819
.614515264829
.61056645711263
.61369824409485
.60198803742727
.58455880482992
.58074619372686
.57829521099726
.55255991220474
.55078975359599
.54806643724442
.50994006792704
.57775054375331
0
0
0
0
0
0
0
0
0
0
0
0
0
0
0
0
0
0
0
0
0
0
0
0
0
0
0
0
0
0
0
0
0
0
0
0
0
0
0
0
0
0
0
0
0
0
0
0
0
0
0
0
0
0
0
0
0
0
0
0
0
0
0
0
0
0
0
0
0
0
0
0
0
0
0
0
0
0
0
0
0
0
0
0
0
0
0
0
0
0
0
0
0
0
0
0
0
0
0
0
0
0
0
0
0
0
0
0
0
0
0
0
0
0
0
0
0
0
0
0
0
0
0
0
0
0
0
0
0
0
0
0
0
0
0
0
0
0
0
0
0
0
0
0
0
0
0
0
0
0
0
0
0
0
0
0
0
0
0
0
0
0
0
0
0
0
0
0
0
0
0
0
0
0
0
0
0
0
0
0
0
0
0
0
0
0
0
0
0
0
0
0
0
0
0
0
0
0
0
0
0
0
0
0
0
0
0
0
0
0
0
0
0
0
0
0
0
0
0
0
0
0
0
0
0
0
0
0
0
0
0
0
0
0
0
0
0
0
0
0
0
0
0
0
0
0
0
0
0
0
0
0
0
0
0
0
0
0
0
0
0
0
0
0
0
0
0
0
0
0
0
0
0
0
0
0
0
0
0
0
0
0
0
0
0
0
0
0
0
0
0
0
0
0
0
0
0
0
0
0
0
0
0
0
0
0
0
0
0
0
0
0
0
0
0
0
0
0
0
0
0
0
0
0
0
0
0
0
0
0
0
0
0
0
0
0
0
0
0
0
0
0
0
0
0
0
0
0
0
0
0
0
0
0
0
0
0
0
0
0
0
0
0
0
0
0
0
0
0
0
0
0
0
0
0
0
0
0
0
0
0
0
0
0
0
0
0
0
0
0
0
0
0
0
0
0
0
0
0
0
0
0
0
0
0
0
0
0
0
0
0
0
0
0
0
0
0
0
0
0
0
0
0
0
0
0
0
0
0
0
0
0
0
0
0
0
0
0
0
0
0
0
0
0
0
0
0
0
0
0
0
0
0
0
0
0
0
0
0
0
0
0
0
0
0
0
0
0
0
0
0
0
0
0
0
0
0
0
0
0
0
0
0
0
0
0
0
0
0
0
0
0
0
0
0
0
0
0
0
0
0
0
0
0
0
0
0
0
0
0
0
0
0
0
0
0
0
0
0
0
0
0
0
0
0
0
0
0
0
0
0
0
0
0
0
0
0
0
0
0
0
0
0
0
0
0
0
0
0
0
0
0
0
0
0
0
0
0
0
0
0
0
0
0
0
0
0
0
0
0
0
0
0
0
0
0
0
0
0
0
0
0
0
0
0
0
0
0
0
0
0
0
0
0
0
0
0
0
0
0
0
0
0
0
0
0
0
0
0
0
0
0
0
0
0
0
0
0
0
0
0
0
0
0
0
0
0
0
0
0
0
0
0
0
0
0
0
0
0
0
0
0
0
0
0
0
0
0
0
0
0
0
0
0
0
0
0
0
0
0
0
0
0
0
0
0
0
0
0
0
0
0
0
0
0
0
0
0
0
0
0
0
0
0
0
0
0
0
0
0
0
0
0
0
0
0
0
0
0
0
0
0
0
0
0
0
0
0
0
0
0
0
0
0
0
0
0
0
0
0
0
0
0
0
0
0
0
0
0
0
0
0
0
0
0
0
0
0
0
0
0
0
0
0
0
0
0
0
0
0
0
0
0
0
0
0
0
0
0
0
0
0
0
0
0
0
0
0
0
0
0
0
0
0
0
0
0
0
0
0
0
0
0
0
0
0
0
0
0
0
0
0
0
0
0
0
0
0
0
0
0
0
0
0
0
0
0
0
0
0
0
0
0
0
0
0
0
0
0
0
0
0
0
0
0
0
0
0
0
0
0
0
0
0
0
0
0
0
0
0
0
0
0
0
0
0
0
0
0
0
0
0
0
0
0
0
0
0
0
0
0
0
0
0
0
0
0
0
0
0
0
0
0
0
0
0
0
0
0
0
0
0
0
0
0
0
0
0
0
0
0
0
0
0
0
0
0
0
0
0
0
0
0
0
0
0
0
0
0
0
0
0
0
0
0
0
0
0
0
0
0
0
0
0
0
0
0
0
0
0
0
0
0
0
0
0
0
0
0
0
0
0
0
0
0
0
0
0
0
0
0
0
0
0
0
0
0
0
0
0
0
0
0
0
0
0
0
0
0
0
0
0
0
0
0
0
0
0
0
0
0
0
0
0
0
0
0
0
0
0
0
0
0
0
0
0
0
0
0
0
0
0
0
0
0
0
0
0
0
0
0
0
0
0
0
0
0
0
0
0
0
0
0
0
0
0
0
0
0
0
0
0
0
0
0
0
0
0
0
0
0
0
0
0
0
0
0
0
0
0
0
0
0
0
0
0
0
0
0
0
0
0
0
0
0
0
0
0
0
0
0
0
0
0
0
0
0
0
0
0
0
0
0
0
0
0
0
0
0
0
0
0
0
0
0
0
0
0
0
0
0
0
0
0
0
0
0
0
0
0
0
0
0
0
0
0
0
0
0
0
0
0
0
0
0
0
0
0
0
0
0
0
0
0
0
0
0
0
0
0
0
0
0
0
0
0
0
0
0
0
0
0
0
0
0
0
0
0
0
0
0
0
0
0
0
0
0
0
0
0
0
0
0
0
0
0
0
0
0
0
0
0
0
0
0
0
0
0
0
0
0
0
0
0
0
0
0
0
0
0
0
0
0
0
0
0
0
0
0
0
0
0
0
0
0
0
0
0
0
0
0
0
0
0
0
0
0
0
0
0
0
0
0
0
0
0
0
0
0
0
0
0
0
0
0
0
0
0
0
0
0
0
0
0
0
0
0
0
0
0
0
0
0
0
0
0
0
0
0
0
0
0
0
0
0
0
0
0
0
0
0
0
0
0
0
0
0
0
0
0
0
0
0
0
0
0
0
0
0
0
0
0
0
0
0
0
0
0
0
0
0
0
0
0
0
0
0
0
0
0
0
0
0
0
0
0
0
0
0
0
0
0
0
0
0
0
0
0
0
0
0
0
0
0
0
0
0
0
0
0
0
0
0
0
0
0
0
0
0
0
0
0
0
0
0
0
0
0
0
0
0
0
0
0
0
0
0
0
0
0
0
0
0
0
0
0
0
0
0
0
0
0
0
0
0
0
0
0
0
0
0
0
0
0
0
0
0
0
0
0
0
0
0
0
0
0
0
0
0
0
0
0
0
0
0
0
0
0
0
0
0
0
0
0
0
0
0
0
0
0
0
0
0
0
0
0
0
0
0
0
0
0
0
0
0
0
0
0
0
0
0
0
0
0
0
0
0
0
0
0
0
0
0
0
0
0
0
0
0
0
0
0
0
0
0
0
0
0
0
0
0
0
0
0
0
0
0
0
0
0
0
0
0
0
0
0
0
0
0
0
0
0
0
0
0
0
0
0
0
0
0
0
0
0
0
0
0
0
0
0
0
0
0
0
0
0
0
0
0
0
0
0
0
0
0
0
0
0
0
0
0
0
0
0
0
0
0
0
0
0
0
0
0
0
0
0
0
0
0
0
0
0
0
0
0
0
0
0
0
0
0
0
0
0
0
0
0
0
0
0
0
0
0
0
0
0
0
0
0
0
0
0
0
0
0
0
0
0
0
0
0
0
0
0
0
0
0
0
0
0
0
0
0
0
0
0
0
0
0
0
0
0
0
0
0
0
0
0
0
0
0
0
0
0
0
0
0
0
0
0
0
0
0
0
0
0
0
0
0
0
0
0
0
0
0
0
0
0
0
0
0
0
0
0
0
0
0
0
0
0
0
0
0
0
0
0
0
0
0
0
0
0
0
0
0
0
0
0
0
0
0
0
0
0
0
0
0
0
0
0
0
0
0
0
0
0
0
0
0
0
0
0
0
0
0
0
0
0
0
0
0
0
0
0
0
0
0
0
0
0
0
0
0
0
0
0
0
0
0
0
0
0
0
0
0
0
0
0
0
0
0
0
0
0
0
0
0
0
0
0
0
0
0
0
0
0
0
0
0
0
0
0
0
0
0
0
0
0
0
0
0
0
0
0
0
0
0
0
0
0
0
0
0
0
0
0
0
0
0
0
0
0
0
0
0
0
0
0
0
0
0
0
0
0
0
0
0
0
0
0
0
0
0
0
0
0
0
0
0
0
0
0
0
0
0
0
0
0
0
0
0
0
0
0
0
0
0
0
0
0
0
0
0
0
0
0
0
0
0
0
0
0
0
0
0
0
0
0
0
0
0
0
0
0
0
0
0
0
0
0
0
0
0
0
0
0
0
0
0
0
0
0
0
0
0
0
0
0
0
0
0
0
0
0
0
0
0
0
0
0
0
0
0
0
0
0
0
0
0
0
0
0
0
0
0
0
0
0
0
0
0
0
0
0
0
0
0
0
0
0
0
0
0
0
0
0
0
0
0
0
0
0
0
0
0
0
0
0
0
0
0
0
0
0
0
0
0
0
0
0
0
0
0
0
0
0
0
0
0
0
0
0
0
0
0
0
0
0
0
0
0
0
0
0
0
0
0
0
0
0
0
0
0
0
0
0
0
0
0
0
0
0
0
0
0
0
0
0
0
0
0
0
0
0
0
0
0
0
0
0
0
0
0
0
0
0
