.81186991930008
.76829266548157
.74764227867126
.78666667143504
.77235772212346
.78487807512283
.76195120811462
.78406504789988
.81967478990555
.78341464201609
.8105691075325
.75626015663147
.77674796183904
.79707318544388
.72325203816096
.79772359132767
.78780490159988
.75170731544495
.81918698549271
.82276423772176
.8226016163826
.76894307136536
.87934960921605
.81170731782913
.87073171138763
.76536583900452
.78195120890935
.83138211568197
.77756096919378
.77414633830388
.8266666730245
.80991870164871
.83333331346512
.85268294811249
.83577235539754
.80601626634598
.82699185609818
.80406504869461
.8452032605807
.90032519896825
.78878047068914
.83284550905228
.8226016163826
.84601626793544
.8294308980306
.88308942317963
.89398372173309
.80276423692703
.87235772609711
.86601626873016
.78016261259715
.82991870244344
.8198373913765
.85219512383143
.85235772530238
.83626013994217
.86243903636932
.79414633909861
.97398374478022
.82065039873123
.8874796628952
.83560975392659
.84552844365438
.85739839076996
.86065040032069
.83951218922933
.87317073345184
.84357722600301
.85073171059291
.91626018285751
.94455283880234
.89235770702362
.90146340926488
.83691056569417
.8479674855868
.89121949672699
.90113818645477
.90113818645477
.89853658278783
.91902440786362
.94878049691518
.85918700695038
.84878049294154
.88845527172089
.87203252315521
.85951220989227
.90162603060404
.89544715483983
.85008130470912
.8383739789327
.92780488729477
.90162601073583
.86471545696259
.88292682170868
.86439025402069
.8816260099411
.87252032756805
.881951212883
.83674794435501
1.0541463295619
.98130083084106
.86227643489838
.92325204610825
.93252032995224
.872682929039
.86910569667816
.86504065990448
.92813009023666
.90130078792572
.89300811290741
.94260162115097
.94439023733139
.94455283880234
.93707317113876
.9221138159434
.8943089445432
.9227642416954
.94731706380844
.875772356987
.88097560405731
.92325204610825
1.1123577356339
.89365853865941
.88715445995331
.94455283880234
.89235770702362
.92878049612045
.95024391015371
.92048782110214
.88617885112762
1.0393495559692
.88813008864721
.87951219081879
.88373982906342
.9694309035937
.91447154680888
.96178861459096
.97772359848022
.99073171615601
.94601625204086
.9495934844017
.98975610733032
.99463415145874
.98097562789917
.96455283959707
.98341463009516
.92747968435287
.90585364898046
.94146341085434
.92682927846909
.93186992406845
.97073169549306
.95008128881454
.90081300338109
.94390243291855
.89951221148173
.91934961080551
.91121953725815
.91430894533793
.96032520135244
.92845529317856
.88943088054657
.95837396383286
.96504064400991
.89967479308446
.92065042257309
.93528455495834
.94910567998886
.9252032438914
.94829267263412
.90439023574193
.92130080858866
.91772359609604
.90585364898046
.96780486901601
.92861789464951
.88097560405731
.92747968435287
.94910567998886
.8699187040329
.91284553209941
.92764228582382
.92325204610825
.89414634307226
.95967479546865
1.0292682647705
.90813008944194
1.0304064750671
.98032520214717
.93934959173203
.96081302563349
.91804879903793
.9104065100352
.88292684157689
.92813009023666
.90731706221898
.89447152614594
.90585364898046
.97788619995117
.87560975551605
.93642276525497
.92682927846909
.9221138159434
.91626018285751
.8915447195371
.97821140289307
.9465040564537
.91268293062846
.88357722759247
.92650407552719
.91024390856425
.94081300497055
1.0102438926697
.88178861141205
1.0029268264771
.95024389028549
.88943088054657
.8699187040329
.93853658437729
.9289430975914
.96325202782949
.93869918584824
.90861789385478
.92130082845688
.91447156667709
.8343089222908
1.0157723426819
.92796748876572
.9824390411377
.9317073225975
.88065040111542
.95853658517202
.91479674975077
.94471544027328
.95089429616928
.94813007116318
.93154472112656
.91707319021225
.91398374239604
.88276424010595
.96715448300044
.89300813277562
.95642274618149
.92227643728256
.97593496243159
.90813008944194
.92439025640488
.93853658437729
.97577236096064
.97626016537348
.92699187994003
.92780488729477
.89886178572973
.92016259829203
.97333333889643
.89463412761688
.9351219534874
.91658536593119
.9004878004392
.93138211965561
.94146341085434
.93902438879013
.9320325255394
.89349591732025
.90146340926488
.91252034902573
.91073171297709
.94943088293076
.92471543947856
.86520326137543
.94878047704697
.94357722997665
.95804876089096
.95626014471054
.94130080938339
.94487804174423
.89707316954931
.93040651082993
.9378861784935
.95463414986928
.99170732498169
.86845529079437
.98341464996338
.93999999761581
.90715448061625
.97512195507685
.94878047704697
.9289430975914
.96699186166128
.92097562551498
.92390243212382
.97073169549306
.94260162115097
.92439025640488
.92373985052109
.92552846670151
.93186992406845
.96471544106801
.95040649175644
.90780488650004
.8973983724912
.91284551223119
.94699186086655
.88260161876678
.90845529238383
.98910570144653
.93040651082993
.9687804778417
.97902439037959
.9941463470459
.93235772848129
.97073169549306
.92959350347519
.9406504034996
.95154470205307
.87593495845795
.9004878004392
.93934959173203
.9533333381017
.95073169469833
.90552844603856
.90308942397436
.91642276446025
.92585364977519
1.0047154426575
.89479672908783
.92439025640488
.95560975869497
.97056909402211
.95479673147202
.91560977697372
.89707314968109
.95999997854233
.85024390618006
.92991870641708
.95918697118759
.9622764190038
.94601625204086
.96016259988149
.93528455495834
.91024388869603
.91967479387919
.94585365056992
.92569106817245
.98292684555054
.91089431444804
.92878049612045
.88943088054657
.89317073424657
.91642278432846
.89105689525604
.89886178572973
.97333331902822
.89447152614594
.9468292593956
.96487804253896
.9684552748998
.97349594036738
.93300813436508
.91804879903793
.92666665712992
.97528457641602
.94699186086655
.97707317272822
1.0177235603333
.98585367202759
1.0113821029663
.90569104750951
.92357722918193
.92910569906235
.93642276525497
.92243903875351
.93235772848129
.93739837408066
.87999999523163
.90130082766215
.93902438879013
.91902440786362
.91203252474467
.85268290837606
.88829267024994
.88373982906342
.9879674911499
.94195121526718
.98000001907349
.88894307613373
.89479674895604
.92975610494614
.94731706380844
.92081302404404
.9258536696434
.89918698867162
.93252032995224
.87642276287079
.93983739614487
.95008128881454
.95967477560043
.88682925701141
.87398374080658
.92373985052109
.94747966527939
.88585364818573
.91528457403183
.94178861379623
.92699187994003
.92813009023666
.86406503121058
1.1134959459305
.98162603378296
.94666665792465
.93300813436508
.93951219320297
.92991870641708
.94520324468613
.95138210058212
.92227643728256
.88943090041478
.83886180321376
.9045528570811
.89886178572973
.89138209819794
.92926830053329
.9409756064415
.86975610256195
.89837396144867
.94292682409286
.91365853945414
.90634147326152
.91089431444804
.91512197256088
.92650407552719
.9172357916832
.90959350268046
.93999999761581
.95398374398549
.90130080779394
.94796746969223
.93609756231308
.9104065100352
.86292684078217
.88845527172089
.93154472112656
.94747966527939
.8936585187912
.93577235937119
.92699187994003
.91983741521835
.94162601232529
.92422765493393
.93707317113876
.9406504034996
.92699187994003
.9495934844017
.89121949672699
1.0052032470703
.91300813357035
.97772357861201
.92699187994003
.93300813436508
.90308942397436
.90195121367772
.9554471373558
.90520326296488
.92910569906235
.9554471373558
.90308942397436
.9409756064415
.9069918791453
.93138211965561
.89658536513646
.92455285787582
.90520324309667
.95560973882675
.92878049612045
.9783739844958
.87951219081879
.98292682568232
.92227643728256
.89853656291962
.89886178572973
.91105691591899
.93300813436508
.9203252196312
.89577233791351
.86422765254974
.89723577102025
.86829268932343
.92731706301371
.86260163784027
.90536584456762
.90894309679667
.89821137984594
.9530081152916
.91203252474467
.97268293301264
.85447156429291
.9626016219457
.94894307851791
.93560973803202
.91821138064067
.93951219320297
.89268290996552
.8967479467392
.90780488650004
.93674796819687
.92552846670151
.9258536696434
.92471543947856
.93219512701035
.92699187994003
.87008130550385
.95105689764023
.92357724905014
.90487804015478
.93056911230087
.87365853786469
.97138210137685
.9499186873436
.93154472112656
.91463416814804
.91284553209941
.88178861141205
.91073171297709
.92552846670151
.89593493938446
.88032519817352
.93967479467392
.90780488650004
.93463414907455
.95674794912338
.92390245199203
.89577235778173
.93349593877792
.92195121447245
.88926829894384
.86260163784027
.91821138064067
.88585364818573
.97024391094844
.85235774517059
.89040648937225
.89886176586151
.89658536513646
.9910569190979
.91723577181498
.92081302404404
.94910567998886
.93691056966782
.91252032915751
.94666665792465
.90195121367772
.90227641661962
.89544713497162
.99951219558716
.95089429616928
.92975610494614
.94487804174423
.94617885351181
.95658534765244
.85495936870575
.95398372411728
.93577235937119
.89626014232635
.89560973644257
.94487804174423
.90471543868383
.90991870562236
.83398371934891
.96552844842275
.83853658040365
.96308942635854
.93365854024887
.9221138159434
.88373982906342
.90097560485204
.88601624965668
.91869920492172
.90975612401962
.9162601629893
.91105691591899
.89219510555267
.91804877916972
.95105689764023
.95674794912338
.91203252474467
.89186990261078
.87967479228973
.91544715563456
.96699186166128
.86845529079437
.93317073583603
.94975608587265
.92552846670151
.91414634386698
.89837398131688
.98585367202759
.96520324548086
.92471545934677
.90276422103246
.90731706221898
.9100813070933
.95512193441391
.91479676961899
.94699186086655
.91024392843246
.93398374319077
.91772357622782
.9169105887413
.84341464440028
.94861789544423
.91495937108994
.91268293062846
.92357724905014
.90959350268046
.94471544027328
.88829267024994
.91479674975077
.91691056887309
.90764226516088
.94731706380844
.87951219081879
.9712194999059
.93040651082993
.91983741521835
.88406503200531
.88601624965668
.96682928005854
.95333331823349
.90617885192235
.87707316875458
.91252032915751
.96146341164907
.92390245199203
.93869918584824
.88325202465057
.91609756151835
.9261788725853
.8874796628952
.92813009023666
.89999997615814
.92162603139877
.82715445756912
.90130080779394
.85544715325038
.95024389028549
.92991870641708
.87609755992889
.92650407552719
.92991870641708
.92097562551498
.94048780202866
.89869918425878
.89902436733246
.92569106817245
.89577235778173
.90943090120951
.9598373969396
.8578861951828
.89577233791351
.91024390856425
.93349593877792
.9063414533933
.885691066583
.91056911150614
.97951221466064
.94943088293076
.91869918505351
.93365854024887
.87219512462616
.93430894613266
.91317075490952
.88032519817352
.90894307692846
.91544717550278
.90276424090068
.92227643728256
.92747968435287
.97170732418696
.91983741521835
.87837398052216
.92747968435287
.98813009262085
.8551219701767
.93024390935898
.8847154378891
.91284553209941
.9440650343895
.84406505028407
.92341464757919
.86731708049774
.9465040564537
.92211383581161
.89268290996552
.96211381753286
.92975610494614
.92455285787582
.93528455495834
.91479674975077
.92292684316635
.90308942397436
.89268290996552
.93739837408066
.93739837408066
.96504064400991
.9317073225975
.95252031087875
.92178863286972
.82829266786575
.91154472033183
.97756099700928
.88829267024994
.93268293142319
.93154472112656
.92991870641708
.91918698946635
.93284553289413
.86422765254974
.96552842855453
.88455283641815
.82731707890828
.9159349600474
.88764226436615
.87609755992889
.88699185848236
.92682927846909
.8946341474851
.86146342754364
.87707316875458
.94861787557602
.91821138064067
.92195123434067
.93886178731918
.90520326296488
.89170730113983
.92373985052109
.94520324468613
.95918697118759
.9289430975914
.9440650343895
.91918698946635
.90422763427099
.93723577260971
.92731708288193
.92601627111435
.91284555196762
.88016259670258
.9258536696434
.89772355556488
.94504064321518
.9227642416954
.98113822937012
.89252030849457
.96617887417475
.87089431285858
.8936585187912
.91869920492172
.9882926940918
.90455283721288
.88032519817352
.90113818645477
.89886178572973
.89886176586151
.88975608348846
.8908942937851
.9588617682457
.86130080620448
.91382114092509
.92715448141098
.9004878004392
.93739837408066
.8816260099411
.91154472033183
.94601625204086
.84471545616786
.95642274618149
.90308942397436
.86780488491058
.88487803936005
.86845529079437
.88357722759247
.9440650343895
.84455285469691
.89544715483983
.86162602901459
.92292684316635
.93365854024887
.89756097396215
.93121951818466
.91495935122172
.93544715642929
.92699187994003
.93365854024887
.98276424407959
.86878049373627
.9113821387291
.90439023574193
.85479674736659
.89479674895604
.86585366725922
.85918698708216
.88487803936005
.90211379528046
.87430894374847
.90845529238383
.94130080938339
.8936585187912
.88113820552826
.81105691194534
.91333333651225
.89284551143646
.92504066228867
.85252032677333
.95365852117538
.99560976028442
.91105691591899
.85138211647669
.96715446313222
.8843902349472
.90682927767436
.90178861220678
.86975610256195
.87463414669037
.91121951738993
.87398374080658
.86601626873016
.8510569135348
.86520326137543
.93105691671371
.89869918425878
.91886180639267
.93544715642929
.85707318782806
.88991870482763
.86471545696259
.90130080779394
.91252032915751
.88243901729584
.881951212883
.91642278432846
.87772357463837
.90032519896825
.87951219081879
.9131707350413
.92601627111435
.85609757900238
.8816260099411
.87219512462616
.90829269091288
.94211381673813
.89219510555267
.89170730113983
.84943091869354
.89853658278783
.92747968435287
.90715446074804
.88422763347626
.89203252394994
.83040648698807
1.0094308853149
.89642276366552
.89219510555267
.86878049373627
.94731706380844
.89658536513646
.92178863286972
.87934958934784
.9378861784935
.93300813436508
.86731706062953
.91739839315414
.90097560485204
.84032521645228
.93414634466171
.87235772609711
.90439023574193
.93495935201645
.93186992406845
.89170732100805
.92487806081772
.89186990261078
.90975610415141
.91040652990341
.91723577181498
.89691054821014
.89691056807836
.85073171059291
.89821137984594
.86634147167206
.90569104750951
.83951218922933
.9026015996933
.86422765254974
.89918696880341
.96325200796127
.91804877916972
.90032519896825
.89040648937225
.95056909322739
.95219512780507
.91479676961899
.84878047307332
.87430894374847
.83691054582596
.90390245119731
.90747968355815
.87512195110321
.93674796819687
.8473170598348
.86487805843353
.91138211886088
.92829269170761
.85934960842133
.87398374080658
.90780486663183
.91430894533793
.82747968037923
.89154469966888
.8964227437973
.84276421864827
.8995121717453
.878861784935
.85235772530238
.86845529079437
.94048780202866
.9289430975914
.92406505346298
.90845527251562
.84617886940638
.89853658278783
.85918700695038
.92195123434067
.84065041939418
.90211381514867
.84016259511312
.88585364818573
.92016261816025
.87642276287079
.95495935281118
.85121951500575
.85723578929901
.84130080540975
.81869918107986
.83349593480428
.88276422023773
.93691056966782
.89983739455541
.88845527172089
.89105689525604
.93577235937119
.89918698867162
.87869918346405
.87056910991669
.89268292983373
.84195123116175
.91333333651225
.8936585187912
.9351219534874
.84878051280975
.87528455257416
.88016259670258
.87951219081879
.84130080540975
.83723574876785
.87528455257416
.89674796660741
.91365855932236
.86276423931122
.88666665554047
.8936585187912
.84325202306112
.93626016378403
.88406503200531
.86471545696259
.88097560405731
.89365853865941
.88016259670258
.85235774517059
.88373982906342
.91869920492172
.8730081319809
.9138211607933
.87121951580048
.87691056728363
.85056912899017
.91365853945414
.92113822698593
.93739837408066
.81593495607376
.93902438879013
.88796746730804
.93024390935898
.87626016139984
.87219512462616
.85252032677333
.91430896520615
.87154471874237
.9032520254453
.90341462691625
.86715445915858
.87447154521942
.84926829735438
.8551219701767
.87333333492279
.88926829894384
.87365853786469
.84113822380702
.91951221227646
.9032520254453
.90406503280004
.88764226436615
.88487803936005
.84682927529017
.86601626873016
.88048779964447
.88032519817352
.86650407314301
.84276421864827
.89544713497162
.83983739217122
.87951219081879
.92536586523056
.8843902349472
.84731707970301
.87073171138763
.89886176586151
.89463412761688
.86764228343964
.94130080938339
.91447152694066
.89447152614594
.85902438561122
.92162603139877
.875772356987
.88601624965668
.87951219081879
.83105689287186
.86422765254974
.87642276287079
.87837398052216
.86845529079437
.92601627111435
.85626016060511
.8668292760849
.84487803777059
.8730081319809
.87398374080658
.83886178334554
.91626018285751
.83284550905228
.84536586205165
.87252032756805
.87479674816132
.88081300258636
.86747968196869
.86341464519501
.87512195110321
.87821137905121
.87121951580048
.8578861951828
.91414634386698
.91203252474467
.82520323991776
.95235770940781
.82341462373734
.89447152614594
.84666667381922
.84764226277669
.85837399959564
.88861787319183
.80764228105545
.81170731782913
.84585366646449
.8995121717453
.89040650924047
.87788617610931
.86113820473353
.95170732339223
.81203252077103
.85642278194427
.88504064083099
.85593495766322
.87626016139984
.84926829735438
.85804877678553
.8500812848409
.8946341474851
.8973983724912
.84731707970301
.88178861141205
.81219512224197
.82439023256302
.88878047466278
.86292684078217
.93902438879013
.92471545934677
.89560975631078
.92325204610825
.881951212883
.87772357463837
.84699187676112
.85739839076996
.86390244960785
.84894309441249
.90406505266825
.86975610256195
.81414633989334
.82813006639481
.82504063844681
.86845529079437
.87495934963226
.84894309441249
.91918700933456
.84975610176722
.87658536434174
.87902438640594
.88617885112762
.84292682011922
.88910567760468
.88373982906342
.86357724666595
.83333331346512
.91479674975077
.90065040191015
.83658534288406
.87512195110321
.90601627031962
.88016259670258
.87186992168427
.85121953487396
.88650405406952
.87430894374847
.87560975551605
.86926829814911
.8315446972847
.92422765493393
.85739839076996
.90813008944194
.88504064083099
.80292683839798
.89512195189794
.8874796628952
.87040650844574
.80699187517166
.89235772689184
.86195123195648
.91739837328593
.86439025402069
.83723576863607
.84699189662933
.82146340608597
.86195123195648
.86422765254974
.85333333412806
.86894309520721
.84097560246785
.85268292824427
.89512193202972
.84341464440028
.87674796581268
.88130080699921
.86699187755585
.85821137825648
.84682927529017
.79235772291819
.89219510555267
.86845529079437
.86813008785248
.83463414510091
.88097560405731
.83967477083206
.88357724746068
.8640650510788
.8315446972847
.8226016163826
.91040652990341
.88065040111542
.97918699185053
.90650405486425
.87528455257416
.80634146928787
.81203252077103
.8668292760849
.8569105664889
.82585364580154
.87674796581268
.80634146928787
.8785365819931
.82926829655965
.86829268932343
.85560977458954
.86845529079437
.84048779805501
.90162601073583
.82113820314407
.86211381355921
.86000001430511
.86878049373627
.8847154378891
.8404877781868
.85447156429291
.84699189662933
.79902440309525
.82373982667923
.85040652751923
.84861791133881
.84699187676112
.84715449810028
.84276423851649
.86081302165985
.83138209581375
.80487805604935
.89869916439056
.88016259670258
.9091056783994
.96813009182612
.84569106499354
.83821137746175
.81837397813797
.8380487759908
.84715447823207
.87593495845795
.87284553050995
.86162602901459
.92341464757919
.94162601232529
.97674796978633
1.0452032089233
.90617887179057
.87723577022552
.91512197256088
.95788615942001
.92487806081772
.93528455495834
.94308942556381
.93772357702255
.96325202782949
.92682927846909
.95073169469833
1.0094308853149
.95479673147202
.9200000166893
.90471543868383
.95284551382065
.95691057046254
.9378861784935
.91170734167099
.99788618087769
.9289430975914
.92504066228867
1.015284538269
.92097560564677
.98780488967896
.9221138159434
.94894307851791
.95999999841054
.96065040429433
.95138210058212
.94422763586044
.90813008944194
.97609756390254
.94113820791245
.91626018285751
.9567479689916
.95333331823349
.91154472033183
.9721951285998
.98764228820801
.99154472351074
.91577235857646
.94032520055771
.92146341005961
.96910568078359
.9230894446373
1.0221138000488
.96894307931264
.93040651082993
.91447156667709
.94146341085434
.97772359848022
.98975610733032
.96406503518422
.94243901968002
.93560975790024
.9104065100352
.90634147326152
.96747966607412
.94910567998886
.93723577260971
.95886178811391
.96243902047475
.97073171536128
.94796748956045
.92943090200424
.97300815582275
.87219512462616
.98325204849243
.95691055059433
.95918697118759
.93008130788803
.91365853945414
.96081300576528
.94666665792465
.95138210058212
.95008128881454
.94178861379623
.99268293380737
.95398372411728
.95447152853012
.92861789464951
.97691057125727
.94032520055771
.93105691671371
.95772355794907
.90959350268046
.9557723402977
1.0076422691345
.92455285787582
.93560975790024
.95008128881454
.98536586761475
.95967477560043
.98065042495728
.97967481613159
.94764226675034
.90926829973857
.97609756390254
.95804878075918
1.0144715309143
.91235772768656
.93317073583603
.94439023733139
.95040649175644
1.0821138620377
1.009105682373
.94113820791245
.95008128881454
.9066666563352
.98032520214717
.94487804174423
.98113822937012
.90845529238383
.92943090200424
.93577235937119
.91902440786362
.97479675213496
1.0100812911987
.92959350347519
.93333333730698
.94601625204086
.96097560723623
1.0120325088501
.97268293301264
.95073169469833
.96455283959707
.97398376464844
.92504066228867
.97040651241938
.97707319259644
.97886178890864
.99609756469727
.90032519896825
.98666667938232
.98032522201538
.94715446233749
.95203250646591
.96585367123286
.90747968355815
.91528455416362
.94390243291855
1.0295934677124
.94439023733139
.93333333730698
.99544715881348
.95577236016591
1.0039024353027
.95430892705917
.98861787716548
.9824390411377
.92634147405624
.96390243371328
.9320325255394
.98016262054443
.96325202782949
.89040648937225
.9616259932518
.9533333381017
.97788618008296
.93040651082993
.99056909481684
.93154472112656
.9752845565478
.95479675134023
.97284553448359
.94455283880234
.96682926019033
.9557723402977
.94666665792465
.94601625204086
1.0037398338318
.92455285787582
.95284551382065
.96162603298823
.97821138302485
.94536584615707
.91382114092509
.92487806081772
.91414634386698
.91886178652445
.98471546173096
.97105691830317
.94308942556381
.92666667699814
.94536584615707
.99252033233643
.92373985052109
.93284553289413
.94471544027328
.99837398529053
.93138211965561
.95414632558823
1.021625995636
.97447154919306
1.0108942985535
.99658536911011
.91268293062846
.98813007275263
1.0230894088745
.96341464916865
.96178861459096
.98292684555054
.98162603378296
.91333333651225
.96504064400991
.98439025878906
.95739835500717
1.0577235619227
.98081302642822
.91756097475688
.96308942635854
.98471546173096
.996910572052
.97317073742549
.97365854183833
1.0578861633937
.92260164022446
.9691057006518
1.0199999809265
1.021463394165
1.0165853500366
1.0253658294678
.98439025878906
1.0557723442713
.97609758377075
.93235772848129
.98016262054443
1.0201625823975
.94422763586044
.96829269329707
.94569104909897
.95577236016591
.95804876089096
.96146341164907
.99479675292969
.99138212203979
1.0160975456238
.96878049770991
1.0321950912476
.99560976028442
.94910567998886
.98130079110463
.96796747048696
.99121952056885
1.0039024353027
1.0047154426575
.99967479705811
1.0715447664261
.99040651321411
1.0258536338806
1.0157723426819
1.0593496163686
1.0395121971766
1.0702439546585
1.0720325708389
1.1117073297501
1.1003252267838
1.1263414621353
1.087317109108
1.1053658723831
1.2152845859528
1.1421138048172
1.2094309329987
1.1806503931681
1.2783739566803
1.2282927036285
1.1780487298965
1.2060163021088
1.2765853404999
1.3034146229426
1.2482926845551
1.3040650288264
1.3276423215866
1.2829267978668
1.2835772037506
1.3473170995712
1.3154471715291
1.314471522967
1.2684552669525
1.2586991786957
1.2848780155182
1.3209756215413
1.312682946523
1.2897560596466
1.2591869831085
1.2557723522186
1.3104065259298
1.22682929039
1.2125203609467
1.2543089389801
1.1861788829168
1.1921951373418
1.2452032566071
1.1621137857437
1.1439024209976
1.1134959459305
1.1497560739517
1.0834146738052
1.1756097475688
1.2029268344243
1.0601626237233
1.0752846002579
1.096585392952
1.0357723236084
1.1793495416641
1.0487804810206
1.0760976076126
1.0045528411865
1.0404877662659
1.0186991691589
1.009105682373
1.0199999809265
.99804878234863
1.0687805016836
1.0305690765381
1.0022764205933
.97479675213496
1.0274796485901
1.0063414573669
.99040651321411
.9619511961937
1.0156097412109
.99170732498169
1.0008130073547
1.0413007736206
.96455285946528
.95398372411728
1.0266666412354
.96276420354843
.9258536696434
.99138212203979
.96845529476802
1.0047154426575
.98666667938232
.99788618087769
1.0146341323853
.96455283959707
1.0073170661926
.93934959173203
.98341463009516
.96926828225454
.97544715801875
.9941463470459
.99642276763916
1.0011382102966
.98113822937012
.97658538818359
.99089429775874
1.0034146308899
.96829267342885
.99983739852905
.93333333730698
.96601625283559
.98032520214717
.98731708526611
.96747968594233
1.0131707191467
.98617887496948
1.0024390220642
.96276422341665
.94634145498276
.95317071676254
.95723577340444
1.0063414573669
.98666667938232
.97967479626338
.96243904034297
.91788619756699
.9656910498937
.93414634466171
1.0149593353271
.9783739844958
.94455283880234
.98813007275263
.89317071437836
.91983739535014
.95609754323959
.90195121367772
.94146341085434
.97138212124507
.97284553448359
.98390245437622
.9848780632019
.94292682409286
.97317073742549
.9440650343895
.9821138381958
.96504064400991
.96325202782949
.97739837567012
.97447154919306
.93739837408066
.94000001748403
.96130081017812
.94569104909897
.99186992645264
.95739837487539
1.0302438735962
.93626016378403
.98227643966675
.91560977697372
.97138212124507
.98113822937012
1.0573983589808
.94032520055771
.97333333889643
.92943090200424
.94926828145981
.93186992406845
.99040651321411
.94113820791245
.97203252712886
.9694309035937
.9725203315417
.93691056966782
.96487806240718
.95869916677475
.95609756310781
.94796746969223
.96308940649033
.96032520135244
.95967479546865
.96780486901601
.99300813674927
.96243902047475
.96455283959707
1.0143089294434
.91544715563456
.91365853945414
.9495934844017
.99252033233643
1.0222764015198
.94357722997665
.94243901968002
.96666665871938
.94845527410507
1.0261788368225
.90569104750951
.92764228582382
.96504064400991
.96178861459096
.95447152853012
.9317073225975
.97430894772212
.95756097634633
.94455283880234
1.0039024353027
.98065040508906
.9495934844017
.9203252196312
.92081302404404
1.0125203132629
1.0421137809753
.91495937108994
.9073170820872
.98764226833979
.97414634625117
.96373981237411
.96926830212275
.91284551223119
.96796747048696
.99268293380737
.98715448379517
.96991870800654
.99398374557495
.96959348519643
.96487804253896
.94569104909897
.94715446233749
.98260164260864
.98276424407959
.94211381673813
.96829269329707
.99056911468506
.96504064400991
.97121951977412
.97821140289307
.94130080938339
.91560977697372
.95560973882675
.9530081152916
1.0720325708389
.97121951977412
.97349594036738
.94227641820908
.96650407711665
.95430892705917
1.0637398163478
.98569107055664
.93365854024887
.90813006957372
.98845529556274
.93219512701035
.9811382095019
.99577236175537
.95609756310781
.996910572052
.97918701171875
.95121949911118
.9756097594897
.96016258001328
.97300815582275
.98357725143433
.94747966527939
.96796747048696
.93235772848129
.9258536696434
.93414634466171
.99284553527832
.94243901968002
1.0131707191467
.93349593877792
.93739837408066
1.009105682373
1.0326828956604
.94585365056992
.94634145498276
.96016259988149
.94455283880234
.97170732418696
1.0292682647705
1.0297560691833
.92634147405624
.9221138159434
1.0159349441528
.95203250646591
.98813009262085
.9595121939977
.89902436733246
.94276422262192
.96829269329707
.97707319259644
.93642276525497
1.0032520294189
.91040652990341
.98065042495728
.97918701171875
.95089429616928
.92406505346298
.92813009023666
.96276422341665
.97463415066401
.91707319021225
.9687804778417
.92260164022446
.96292684475581
.95788617928823
.94796746969223
.98699188232422
.96341464916865
.93024390935898
.97626016537348
.95853658517202
.9756097594897
1.018373966217
.97138212124507
.91430896520615
.97382114330928
.93560975790024
.9159349600474
.98504064480464
.92260162035624
.95691055059433
.95024389028549
.9588617682457
.94780486822128
.92715448141098
.96585367123286
.97463415066401
1.0357723236084
.94569104909897
.99593496322632
1.027804851532
1.0016260147095
.96227639913559
.94422763586044
.96829269329707
.95284551382065
.94016259908676
.95626014471054
.94292682409286
.91186994314194
.95105689764023
.96991870800654
.89170730113983
.95999997854233
.94943090279897
.95902438958486
.89284551143646
.97691057125727
.93707317113876
.99626016616821
.9261788725853
.97479677200317
.90195121367772
.96373983224233
.94715446233749
.93902438879013
.91121951738993
.98943090438843
.93268293142319
1.0078048706055
.96325202782949
.96731706460317
.97642276684443
.9001625974973
.98308942715327
.97170732418696
.91479676961899
.97398374478022
.95154470205307
.96520324548086
.95073169469833
.99300813674927
.96634145577749
.95593494176865
.92520326375961
.95414632558823
.95219510793686
1.0139837265015
.90796746810277
.97886178890864
1.024715423584
.95512195428212
.94666665792465
.91528457403183
.90796746810277
.9622764190038
.93772357702255
.96113820870717
.94666665792465
1.0237398147583
.97886180877686
.97934959332148
.96975610653559
1.0095934867859
1.0190243721008
.9725203315417
.96487804253896
.92081302404404
.99219512939453
.97463415066401
.97073171536128
.95999997854233
.92276422182719
.94211381673813
.96373983224233
.91284553209941
.89252032836278
.94471544027328
.95284551382065
.97268293301264
.92406505346298
1.0286178588867
.92325204610825
1.006016254425
.93056911230087
.96178861459096
.97040651241938
.96422763665517
.94471544027328
.95756097634633
.95447154839834
.95089429616928
.91983741521835
.96520324548086
.93934959173203
.96406501531601
.98455286026001
.97804880142212
1.0068292617798
.96666663885117
.98130083084106
.92991870641708
.93658536672592
.95398372411728
.96682928005854
.9756097594897
.93219512701035
.95772355794907
.97056911389033
1.0066666603088
.95495933294296
.91788619756699
.94162601232529
.9691057006518
.88991868495941
.95626014471054
.97430894772212
1.0175609588623
.98975610733032
.96097560723623
.95707315206528
.97723577419917
.96829267342885
.97495935360591
.97268293301264
.98471546173096
.9721951285998
.98422765731812
.92682927846909
.94975608587265
.93821138143539
.95918699105581
.98780488967896
.93918699026108
.9762601852417
.98991870880127
.92634147405624
.96552844842275
.95804878075918
.97463415066401
.94943088293076
1.0133333206177
1.0019512176514
.91463414827983
.93918699026108
.97983739773432
.9437398314476
.95869916677475
1.0022764205933
.95203250646591
.92341464757919
.95788615942001
.9656910498937
.98845529556274
.96146339178085
1.0118699073792
.9734959602356
.90715446074804
.93008130788803
.97658536831538
.93317073583603
.96796747048696
.92373985052109
1.0578861633937
.96471546093623
.98731708526611
1.0013008117676
.91252032915751
.90243901809057
.97430894772212
.96016259988149
.94943088293076
.90536584456762
.94276422262192
.88878047466278
.97853658596675
.95024389028549
.95268293221792
.98780488967896
.98439025878906
.96796749035517
.9759349822998
.97447154919306
.99642276763916
.9598373969396
.99203252792358
.9320325255394
1.0310568809509
.93658536672592
.96780486901601
.99463415145874
.97479675213496
.91235772768656
.94227641820908
.97707319259644
.9756097594897
.90390243132909
.93154472112656
.99186992645264
.93869918584824
1.0102438926697
.95821136236191
.94601625204086
.98910570144653
.97317073742549
1.0035772323608
.98569107055664
.92569106817245
.96552844842275
.94325202703476
.95869916677475
.9351219534874
.97642276684443
.95902436971664
.9227642416954
.95804876089096
.89219510555267
.96601627270381
.99739837646484
.93951219320297
.93073171377182
.99073171615601
1.0014634132385
.99512195587158
.97983741760254
.99609756469727
.95560975869497
.99056911468506
.94764226675034
.93284553289413
.94487804174423
.92325204610825
.94617885351181
.89528455336889
.91398376226425
.94585365056992
.95317071676254
.98292682568232
.95414634545644
.91089431444804
.96699186166128
.95658534765244
.96715448300044
.96146339178085
.9100813070933
.97739837567012
.97983739773432
.96439023812612
.94878047704697
.87821137905121
.96162601312002
.9725203315417
.97723575433095
.94292682409286
.993821144104
.90991868575414
.96048778295517
.89886178572973
.9437398314476
.97268293301264
.95756097634633
.99772357940674
.95479675134023
.96682926019033
1.0056910514832
.93999999761581
.9530081152916
1.0110569000244
.92829269170761
.91528455416362
.99902439117432
.99593496322632
.95170730352402
.98650407791138
.97821136315664
.98878049850464
.91593497991562
.96634145577749
.92357724905014
.94308942556381
1.0058536529541
.96699186166128
.91333333651225
1.0128455162048
.89333333571752
.9227642416954
.98747968673706
.98666667938232
.93821138143539
.98878049850464
.90910569826762
.94943088293076
.93089431524277
.94764226675034
.96650407711665
.96861789623896
.96422763665517
.96747968594233
.9162601629893
.92227643728256
.91902440786362
.99300813674927
.93333333730698
.98113822937012
1.0094308853149
.94308942556381
.9752845565478
.94520324468613
.89951219161352
1.0318699280421
.92390245199203
.90617887179057
.93317073583603
.95365852117538
.96292680501938
.97138212124507
.93105691671371
.92861789464951
.9289430975914
.99886178970337
.94764226675034
.96390243371328
.91089433431625
.96471544106801
.91512197256088
.96276424328486
.93495935201645
.9530081152916
.93642276525497
.99317073822021
.91463412841161
.9626016219457
.88211381435394
.93089431524277
.91008128722509
.95349591970444
.96162601312002
1.0199999809265
.9138211607933
.94357722997665
.92991870641708
.92780488729477
.90520324309667
.89853658278783
.98910570144653
.95333331823349
.92650407552719
.98227641979853
.94829267263412
.95203252633413
.93398374319077
.91365853945414
.94130080938339
.93593496084213
.97528453667959
.95235770940781
.89203250408173
.95609754323959
.96764226754506
.93658536672592
.90926829973857
.89788615703583
.95869916677475
.90422763427099
.94016259908676
.92601627111435
.8936585187912
.92959350347519
.96894307931264
.97398376464844
.93235772848129
.95934957265854
.96243902047475
.9131707350413
.93772357702255
.97430894772212
.96065040429433
.90162599086761
.93235772848129
.93886178731918
.95837396383286
.89739835262299
.89219510555267
.96406503518422
.93658536672592
.91528457403183
1.01544713974
.88894307613373
.92113822698593
.92731708288193
.95934957265854
.96130081017812
.86341464519501
.89999999602636
.95235770940781
.91512195269267
.94910567998886
.95154472192128
.91577235857646
.98325204849243
.87593495845795
.92455285787582
.9069918791453
.99739837646484
.9347967505455
.9351219534874
.9595121939977
.93268293142319
.95430894692739
1.0321951111158
.89951219161352
.95658534765244
.92764228582382
.92081300417582
.96081300576528
.90016257762909
.85609757900238
.93544715642929
.96439023812612
.88032519817352
.88926827907562
.95528453588486
.94504064321518
.89512195189794
.93707317113876
.92878049612045
.92780488729477
.96878049770991
.92422765493393
.92829269170761
.90878049532572
.93349593877792
.95398374398549
.94552844762802
1.0035772323608
.90422763427099
.91430896520615
.8547967672348
.91382114092509
.9169105887413
.93999999761581
.99317073822021
.93138211965561
.91154472033183
.91772359609604
.9715447028478
.92081302404404
.87414634227753
.93593496084213
.90959350268046
.96146341164907
.90991870562236
.91479674975077
.92357724905014
.95349591970444
.89837396144867
.94260162115097
.95658534765244
.92764228582382
.92991870641708
.93528455495834
.92016261816025
.92504066228867
.94829267263412
.88764226436615
.92764226595561
.91642276446025
.94487804174423
.93837398290634
.90747968355815
.86845529079437
.89772355556488
.90097560485204
.9001625974973
.90292682250341
.97479675213496
.9169105887413
.90780488650004
.91284551223119
.96796747048696
.88260161876678
.89739835262299
.94796746969223
.88926827907562
.91024390856425
.92146342992783
.95040649175644
.89951219161352
.90390243132909
.94845527410507
1.0304064750671
.97739837567012
.85382115840912
.91463412841161
.94813009103139
1.009268283844
.89544715483983
.92325204610825
.91430894533793
.90780488650004
.94276422262192
.9557723402977
.95902436971664
.95154472192128
.96097562710444
.94308942556381
.91967479387919
.95967479546865
.92130082845688
.88601624965668
.89398374160131
.91447154680888
.92666667699814
.88666665554047
.89349591732025
.91772359609604
.9073170820872
.89512195189794
.91268293062846
.9162601629893
.8421138326327
.90260161956151
.91154472033183
.89577233791351
.94569104909897
.85317073265711
.89040648937225
.91430894533793
.90829269091288
.92243903875351
.97691057125727
.90552844603856
.92715448141098
.94975608587265
.88764226436615
.86325204372406
.87121951580048
.89967479308446
.92178863286972
.86520324150721
.91853658358256
.93398374319077
.87333333492279
.89398372173309
.96894309918086
.88406503200531
.90650407473246
.94276422262192
.84178860982259
.9134959379832
.8637398481369
.90032519896825
.87252032756805
.8538211385409
.8637398481369
.84341464440028
.82373982667923
.88747968276342
.85365855693817
.89203250408173
.86585366725922
.87642276287079
.9134959379832
.87658536434174
.86422765254974
.84373984734217
.87512195110321
.85674798488617
.92178861300151
.85934960842133
.87626016139984
.8479674855868
.9011382261912
.86113822460175
.86016261577606
.92113822698593
.84471543629964
.82130080461502
.88097560405731
.8730081319809
.92422765493393
.88097560405731
.82975610097249
.86471543709437
.84666667381922
.87528455257416
.88910567760468
.86032521724701
.78910569349925
.8551219701767
.86130080620448
.8847154378891
.84780488411585
.83951218922933
.82520323991776
.81203252077103
.82617884874344
.87089431285858
.87024390697479
.81853657960892
.84813008705775
.81999999284744
.83382113774617
.85837399959564
.8136585354805
.862764219443
.86032521724701
.89024388790131
.77528454860051
.86634147167206
.87430894374847
.86146342754364
.8517073392868
.80308943986893
.84813008705775
.81934958696365
.86081302165985
.8785365819931
.78390244642893
.80569106340408
.79544715086619
.87186992168427
.84715447823207
.87967479228973
.80081301927567
.81121951341629
.79430894056956
.83008128404617
.82813006639481
.81300812959671
.77430893977483
.79934960603714
.82959349950155
.83447152376175
.76617884635925
.81804877519608
.82048779726028
.8016260266304
.82894307374954
.83609755833944
.79349593321482
.85918700695038
.83040648698807
.80178862810135
.86878049373627
.78113822142283
.77609755595525
0
0
0
0
0
0
0
0
0
0
0
0
0
0
0
0
0
0
0
0
0
0
0
0
0
0
0
0
0
0
0
0
0
0
0
0
0
0
0
0
0
0
0
0
0
0
0
0
0
0
0
0
0
0
0
0
0
0
0
0
0
0
0
0
0
0
0
0
0
0
0
0
0
0
0
0
0
0
0
0
0
0
0
0
0
0
0
0
0
0
0
0
0
0
0
0
0
0
0
0
0
0
0
0
0
0
0
0
0
0
0
0
0
0
0
0
0
0
0
0
0
0
0
0
0
0
0
0
0
0
0
0
0
0
0
0
0
0
0
0
0
0
0
0
0
0
0
0
0
0
0
0
0
0
0
0
0
0
0
0
0
0
0
0
0
0
0
0
0
0
0
0
0
0
0
0
0
0
0
0
0
0
0
0
0
0
0
0
0
0
0
0
0
0
0
0
0
0
0
0
0
0
0
0
0
0
0
0
0
0
0
0
0
0
0
0
0
0
0
0
0
0
0
0
0
0
0
0
0
0
0
0
0
0
0
0
0
0
0
0
0
0
0
0
0
0
0
0
0
0
0
0
0
0
0
0
0
0
0
0
0
0
0
0
0
0
0
0
0
0
0
0
0
0
0
0
0
0
0
0
0
0
0
0
0
0
0
0
0
0
0
0
0
0
0
0
0
0
0
0
0
0
0
0
0
0
0
0
0
0
0
0
0
0
0
0
0
0
0
0
0
0
0
0
0
0
0
0
0
0
0
0
0
0
0
0
0
0
0
0
0
0
0
0
0
0
0
0
0
0
0
0
0
0
0
0
0
0
0
0
0
0
0
0
0
0
0
0
0
0
0
0
0
0
0
0
0
0
0
0
0
0
0
0
0
0
0
0
0
0
0
0
0
0
0
0
0
0
0
0
0
0
0
0
0
0
0
0
0
0
0
0
0
0
0
0
0
0
0
0
0
0
0
0
0
0
0
0
0
0
0
0
0
0
0
0
0
0
0
0
0
0
0
0
0
0
0
0
0
0
0
0
0
0
0
0
0
0
0
0
0
0
0
0
0
0
0
0
0
0
0
0
0
0
0
0
0
0
0
0
0
0
0
0
0
0
0
0
0
0
0
0
0
0
0
0
0
0
0
0
0
0
0
0
0
0
0
0
0
0
0
0
0
0
0
0
0
0
0
0
0
0
0
0
0
0
0
0
0
0
0
0
0
0
0
0
0
0
0
0
0
0
0
0
0
0
0
0
0
0
0
0
0
0
0
0
0
0
0
0
0
0
0
0
0
0
0
0
0
0
0
0
0
0
0
0
0
0
0
0
0
0
0
0
0
0
0
0
0
0
0
0
0
0
0
0
0
0
0
0
0
0
0
0
0
0
0
0
0
0
0
0
0
0
0
0
0
0
0
0
0
0
0
0
0
0
0
0
0
0
0
0
0
0
0
0
0
0
0
0
0
0
0
0
0
0
0
0
0
0
0
0
0
0
0
0
0
0
0
0
0
0
0
0
0
0
0
0
0
0
0
0
0
0
0
0
0
0
0
0
0
0
0
0
0
0
0
0
0
0
0
0
0
0
0
0
0
0
0
0
0
0
0
0
0
0
0
0
0
0
0
0
0
0
0
0
0
0
0
0
0
0
0
0
0
0
0
0
0
0
0
0
0
0
0
0
0
0
0
0
0
0
0
0
0
0
0
0
0
0
0
0
0
0
0
0
0
0
0
0
0
0
0
0
0
0
0
0
0
0
0
0
0
0
0
0
0
0
0
0
0
0
0
0
0
0
0
0
0
0
0
0
0
0
0
0
0
0
0
0
0
0
0
0
0
0
0
0
0
0
0
0
0
0
0
0
0
0
0
0
0
0
0
0
0
0
0
0
0
0
0
0
0
0
0
0
0
0
0
0
0
0
0
0
0
0
0
0
0
0
0
0
0
0
0
0
0
0
0
0
0
0
0
0
0
0
0
0
0
0
0
0
0
0
0
0
0
0
0
0
0
0
0
0
0
0
0
0
0
0
0
0
0
0
0
0
0
0
0
0
0
0
0
0
0
0
0
0
0
0
0
0
0
0
0
0
0
0
0
0
0
0
0
0
0
0
0
0
0
0
0
0
0
0
0
0
0
0
0
0
0
0
0
0
0
0
0
0
0
0
0
0
0
0
0
0
0
0
0
0
0
0
0
0
0
0
0
0
0
0
0
0
0
0
0
0
0
0
0
0
0
0
0
0
0
0
0
0
0
0
0
0
0
0
0
0
0
0
0
0
0
0
0
0
0
0
0
0
0
0
0
0
0
0
0
0
0
0
0
0
0
0
0
0
0
0
0
0
0
0
0
0
0
0
0
0
0
0
0
0
0
0
0
0
0
0
0
0
0
0
0
0
0
0
0
0
0
0
0
0
0
0
0
0
0
0
0
0
0
0
0
0
0
0
0
0
0
0
0
0
0
0
0
0
0
0
0
0
0
0
0
0
0
0
0
0
0
0
0
0
0
0
0
0
0
0
0
0
0
0
0
0
0
0
0
0
0
0
0
0
0
0
0
0
0
0
0
0
0
0
0
0
0
0
0
0
0
0
0
0
0
0
0
0
0
0
0
0
0
0
0
0
0
0
0
0
0
0
0
0
0
0
0
0
0
0
0
0
0
0
0
0
0
0
0
0
0
0
0
0
0
0
0
0
0
0
0
0
0
0
0
0
0
0
0
0
0
0
0
0
0
0
0
0
0
0
0
0
0
0
0
0
0
0
0
0
0
0
0
0
0
0
0
0
0
0
0
0
0
0
0
0
0
0
0
0
0
0
0
0
0
0
0
0
0
0
0
0
0
0
0
0
0
0
0
0
0
0
0
0
0
0
0
0
0
0
0
0
0
0
0
0
0
0
0
0
0
0
0
0
0
0
0
0
0
0
0
0
0
0
0
0
0
0
0
0
0
0
0
0
0
0
0
0
0
0
0
0
0
0
0
0
0
0
0
0
0
0
0
0
0
0
0
0
0
0
0
0
0
0
0
0
0
0
0
0
0
0
0
0
0
0
0
0
0
0
0
0
0
0
0
0
0
0
0
0
0
0
0
0
0
0
0
0
0
0
0
0
0
0
0
0
0
0
0
0
0
0
0
0
0
0
0
0
0
0
0
0
0
0
0
0
0
0
0
0
0
0
0
0
0
0
0
0
0
0
0
0
0
0
0
0
0
0
0
0
0
0
0
0
0
0
0
0
0
0
0
0
0
0
0
0
0
0
0
0
0
0
0
0
0
0
0
0
0
0
0
0
0
0
0
0
0
0
0
0
0
0
0
0
0
0
0
0
0
0
0
0
0
0
0
0
0
0
0
0
0
0
0
0
0
0
0
0
0
0
0
0
0
0
0
0
0
0
0
0
0
0
0
0
0
0
0
0
0
0
0
0
0
0
0
0
0
0
0
0
0
0
0
0
0
0
0
0
0
0
0
0
0
0
0
0
0
0
0
0
0
0
0
0
0
0
0
0
0
0
0
0
0
0
0
0
0
0
0
0
0
0
0
0
0
0
0
0
0
0
0
0
0
0
0
0
0
0
0
0
0
0
0
0
0
0
0
0
0
0
0
0
0
0
0
0
0
0
0
0
0
0
0
0
0
0
0
0
0
0
0
0
0
0
0
0
0
0
0
0
0
0
0
0
0
0
0
0
0
0
0
0
0
0
0
0
0
0
0
0
0
0
0
0
0
0
0
0
0
0
0
0
