.81349593400955
.77170731623967
.75333333015442
.80373984575272
.77024388313293
.77804879347483
.76504063606262
.78991870085398
.81528455018997
.78845528761546
.81024390459061
.75008130073547
.78910569349925
.79902440309525
.72878050804138
.7926829457283
.78650408983231
.77772359053294
.81463414430618
.82634145021439
.82276421785355
.77170729637146
.89268290996552
.81691056489944
.85853658119837
.7759349544843
.79479676485062
.83869918187459
.78813006480535
.78455283244451
.8312194943428
.82666665315628
.82406502962112
.88682925701141
.82715447743734
.81609755754471
.8136585354805
.7957723736763
.83853658040365
.90146340926488
.79544717073441
.84178862969081
.80943089723587
.84276423851649
.83626013994217
.87772357463837
.89398374160131
.8105691075325
.87398374080658
.85284554958344
.77821137507757
.8253658413887
.80325204133987
.85951220989227
.85121951500575
.83902438481649
.85674796501795
.79447156190872
.9842276374499
.80926829576492
.87999999523163
.83268292744954
.84406505028407
.84780490398407
.85772359371185
.8325203259786
.88243901729584
.87008130550385
.85333333412806
.92699187994003
.93967479467392
.88829267024994
.91121953725815
.84520328044891
.84682925542196
.90227641661962
.90406505266825
.89008128643036
.90065042177836
.90308942397436
.93642276525497
.85349595546722
.85349595546722
.88699185848236
.86292684078217
.84195121129354
.88943088054657
.89691056807836
.84276423851649
.83186992009481
.92065042257309
.89447154601415
.86601624886195
.89999999602636
.85495936870575
.88504064083099
.86617887020111
.89544715483983
.83967481056849
1.0305690765381
.9762601852417
.86276423931122
.91837400197983
.93853658437729
.88666665554047
.8785365819931
.86617887020111
.91723577181498
.9203252196312
.8843902349472
.95447152853012
.94552844762802
.95300813515981
.94813009103139
.92666667699814
.87951219081879
.91804877916972
.95154470205307
.87609755992889
.88829267024994
.92390245199203
1.1019512414932
.89886180559794
.88504064083099
.95495935281118
.8943089445432
.92682927846909
.94455283880234
.9200000166893
.86926829814911
1.0416259765625
.88894307613373
.87430894374847
.881951212883
.97203252712886
.91756097475688
.96178861459096
.97284553448359
.99983739852905
.94357722997665
.95284551382065
.99268293380737
.98439023892085
.98178863525391
.96097560723623
.97154472271601
.93121951818466
.92243903875351
.95837396383286
.91869918505351
.94195121526718
.97121953964233
.94357722997665
.91268293062846
.9564227660497
.90162599086761
.91918700933456
.91577235857646
.91170734167099
.95382112264633
.94276424249013
.88845527172089
.95902438958486
.95837398370107
.90991870562236
.92650407552719
.93869918584824
.92861789464951
.90813008944194
.93138211965561
.90178859233856
.90373984972636
.92390245199203
.91544715563456
.97300813595454
.91333335638046
.89414632320404
.93333333730698
.95284551382065
.87739837169647
.90780488650004
.9261788725853
.91609758138657
.88471545775731
.96000001827876
1.0195121765137
.90780488650004
1.0373983383179
.96991870800654
.93560975790024
.96292684475581
.91186994314194
.92910569906235
.8847154378891
.92829269170761
.91495935122172
.91170732180278
.9042276541392
.98016262054443
.87447154521942
.92699187994003
.91821140050888
.91756097475688
.92260164022446
.89073169231415
.97756097714106
.93349593877792
.91642276446025
.91040649016698
.93869918584824
.91430894533793
.94325202703476
1.0146341323853
.87252032756805
1.0104064941406
.96634145577749
.87252032756805
.88227641582489
.93902438879013
.93333333730698
.96455285946528
.94195121526718
.91772359609604
.91121951738993
.92682927846909
.84504067897797
1.0006504058838
.9261788725853
.99577236175537
.93008130788803
.88227641582489
.95105691750844
.93252032995224
.9440650343895
.94487804174423
.95528453588486
.92422765493393
.90991868575414
.91073171297709
.89105691512426
.96634145577749
.90796746810277
.95658534765244
.94341462850571
.97056911389033
.90081298351288
.93642276525497
.93918699026108
.9526829123497
.98536586761475
.93723577260971
.91837400197983
.89073169231415
.93105691671371
.96796747048696
.89040648937225
.9351219534874
.92373985052109
.89528455336889
.93593496084213
.94520324468613
.93528455495834
.93869918584824
.9230894446373
.91252032915751
.91837400197983
.91333333651225
.93837398290634
.92243903875351
.878861784935
.95674794912338
.94780486822128
.9378861784935
.96699188152949
.94032520055771
.95349591970444
.89349593718847
.94048780202866
.93999999761581
.93560975790024
.98991870880127
.87788617610931
.99219512939453
.92520326375961
.91707319021225
.97479675213496
.95186992486318
.93804877996445
.96634145577749
.91512197256088
.92227641741435
.97512197494507
.93382114171982
.89869918425878
.92731708288193
.90845529238383
.91089431444804
.96422761678696
.95479673147202
.89967477321625
.89186992247899
.9159349600474
.94715448220571
.87642276287079
.91869918505351
.99560976028442
.92699187994003
.97300815582275
.96813007195791
1.0039024353027
.9351219534874
.95788615942001
.92016261816025
.93691056966782
.94764226675034
.87008130550385
.89398374160131
.94341462850571
.93902438879013
.94845527410507
.90406503280004
.9032520254453
.91869920492172
.92780488729477
1.0053658485413
.89349591732025
.92357724905014
.97788618008296
.97089431683222
.95138210058212
.91512193282445
.88585364818573
.95495937267939
.84439025322596
.92373985052109
.96390243371328
.95495933294296
.95268293221792
.97756097714106
.93658536672592
.91414634386698
.92650407552719
.95398374398549
.92520326375961
.97333333889643
.90943090120951
.92292682329814
.88146342833837
.89089431365331
.9001625974973
.89073169231415
.89528453350067
.9821138381958
.91089431444804
.96195121606191
.95707315206528
.98617885510127
.97365854183833
.92504066228867
.93235772848129
.93235772848129
.97642278671265
.95447154839834
.96731708447138
1.0133333206177
.97382114330928
1.0056910514832
.90813006957372
.93577235937119
.92065042257309
.92406505346298
.92439025640488
.93317073583603
.93626016378403
.88032519817352
.90292682250341
.93268293142319
.91707319021225
.90032519896825
.86260163784027
.88325202465057
.88926827907562
.98878049850464
.9499186873436
.95999999841054
.878861784935
.89105689525604
.92780488729477
.95317073663076
.92243903875351
.92666667699814
.90341464678446
.92682927846909
.87967479228973
.93170730272929
.9468292593956
.95772357781728
.89707316954931
.87008130550385
.91593497991562
.94845527410507
.88975608348846
.9104065100352
.93121951818466
.9248780409495
.92569106817245
.875772356987
1.1226016283035
.97967481613159
.93983739614487
.92829269170761
.9409756064415
.93317073583603
.94081300497055
.94211381673813
.91577237844467
.88292682170868
.85121951500575
.89479672908783
.92195123434067
.90341464678446
.93837398290634
.93967479467392
.87739837169647
.89577233791351
.95642274618149
.91219512621562
.89853658278783
.91024390856425
.89593495925268
.9317073225975
.92699187994003
.89918698867162
.94130080938339
.96325200796127
.89105689525604
.93609756231308
.94162601232529
.89186990261078
.86764228343964
.88552846511205
.9258536696434
.93447154760361
.89577235778173
.95138210058212
.92634147405624
.91252032915751
.9406504034996
.92536586523056
.94585365056992
.9468292593956
.93853658437729
.95463414986928
.89739835262299
1.0079674720764
.91544717550278
.97674796978633
.9289430975914
.93447154760361
.90260161956151
.90991870562236
.96780486901601
.90991868575414
.92065042257309
.9585365653038
.90097560485204
.94796748956045
.90699185927709
.92780488729477
.90195121367772
.91756097475688
.90975608428319
.9526829123497
.93138211965561
.98341463009516
.88845527172089
.98081302642822
.92146342992783
.8977235754331
.91268293062846
.90569104750951
.94504066308339
.90845529238383
.92357722918193
.86243903636932
.89219510555267
.88227641582489
.93398374319077
.87317073345184
.89967477321625
.91235772768656
.90373982985814
.94455283880234
.92682927846909
.96959348519643
.86081302165985
.9619511961937
.93609756231308
.9261788725853
.91658538579941
.94195121526718
.88292682170868
.89983739455541
.91804879903793
.94357722997665
.92715448141098
.92520326375961
.92487806081772
.9468292593956
.93219512701035
.86634147167206
.94325202703476
.93609756231308
.92178863286972
.94243901968002
.88373982906342
.95495933294296
.94650407632192
.93739837408066
.90829269091288
.91105691591899
.88552844524384
.92081300417582
.91707319021225
.89626016219457
.89073169231415
.94260162115097
.9069918791453
.93317073583603
.95365852117538
.9230894446373
.87999999523163
.93609756231308
.91284553209941
.87674796581268
.85447156429291
.91479674975077
.88536584377289
.96829267342885
.84308944145838
.8874796628952
.89382112026215
.89658534526825
.98016262054443
.91203252474467
.92650407552719
.94666665792465
.93918699026108
.91333335638046
.95317073663076
.90894309679667
.90227641661962
.90211381514867
.99772357940674
.94975608587265
.93186992406845
.93040651082993
.93772357702255
.95284553368886
.85739839076996
.94422763586044
.92487806081772
.89186990261078
.90146340926488
.93918699026108
.90536584456762
.91138211886088
.83593495686849
.9530081152916
.84113822380702
.97414634625117
.93154472112656
.92504066228867
.88065040111542
.89853660265605
.90130080779394
.93349593877792
.89398372173309
.92048782110214
.90439023574193
.89463412761688
.91300813357035
.95707315206528
.95154470205307
.92195121447245
.88617885112762
.87105691432953
.9141463637352
.96926830212275
.86130082607269
.9440650343895
.95577236016591
.93609756231308
.9203252196312
.89495933055878
.98504066467285
.96699186166128
.92341464757919
.90162603060404
.90634147326152
.91024390856425
.96081298589706
.90065040191015
.93528455495834
.9094308813413
.91186994314194
.90227643648783
.90943090120951
.84390244881312
.94439023733139
.90764226516088
.9162601629893
.92715448141098
.89869918425878
.94211381673813
.88406505187353
.9261788725853
.91918700933456
.91203254461288
.93934959173203
.89056911071142
.95024389028549
.93983739614487
.91642276446025
.89317071437836
.88845527172089
.95821138223012
.9406504034996
.89886178572973
.87658536434174
.90373982985814
.9533333381017
.90878051519394
.94341462850571
.88504064083099
.9035772283872
.92764228582382
.88975608348846
.92113820711772
.90260161956151
.91772357622782
.83983739217122
.89609754085541
.84276421864827
.94211381673813
.93642276525497
.87999999523163
.92032519976298
.92878049612045
.93707317113876
.94943088293076
.91674796740214
.8915447195371
.94780486822128
.88796746730804
.90032517910004
.96065040429433
.86146342754364
.90308942397436
.9169105887413
.93658536672592
.91300813357035
.89121949672699
.90487806002299
.95284553368886
.93983739614487
.92634147405624
.92845529317856
.87674796581268
.91983741521835
.92325204610825
.87902438640594
.91203252474467
.92975610494614
.88910567760468
.9172357916832
.92536586523056
.96211381753286
.90861791372299
.87024390697479
.91739839315414
.9793496131897
.86308944225311
.93235772848129
.88585364818573
.9045528570811
.94341462850571
.85089431206385
.95886178811391
.86747968196869
.94634145498276
.93463414907455
.88585366805395
.96471544106801
.93739837408066
.94699186086655
.93447154760361
.91056909163793
.92211383581161
.88813006877899
.89170730113983
.94390243291855
.9474796851476
.96520324548086
.95739837487539
.93918699026108
.94260162115097
.83268292744954
.91252034902573
.96894309918086
.89317071437836
.93430894613266
.92650407552719
.92569106817245
.91512195269267
.93626016378403
.86715447902679
.9533333381017
.89349591732025
.83268290758133
.91869920492172
.88357722759247
.87999999523163
.87447154521942
.9320325255394
.89593493938446
.85739837090174
.90195119380951
.95121949911118
.92991870641708
.92016261816025
.93040651082993
.87951219081879
.89902436733246
.92569106817245
.93837398290634
.95788615942001
.90991870562236
.94390243291855
.92390245199203
.89528453350067
.93772357702255
.9289430975914
.91528455416362
.90390245119731
.87609755992889
.91739839315414
.90406505266825
.93317073583603
.9190243879954
.97365852197011
.88829267024994
.95365852117538
.86780488491058
.90682927767436
.90032519896825
.98536586761475
.90260161956151
.88406503200531
.89626016219457
.89495933055878
.91300813357035
.89609756072362
.89560973644257
.95317071676254
.86894309520721
.92991870641708
.93235772848129
.90032519896825
.92991870641708
.87658536434174
.91300813357035
.93544715642929
.84617886940638
.96178863445918
.90292682250341
.87447154521942
.88861787319183
.87170732021332
.87105691432953
.94341462850571
.84975612163544
.89560973644257
.88097560405731
.92276422182719
.92634147405624
.88325202465057
.92861789464951
.91430896520615
.93349593877792
.9289430975914
.9406504034996
.99577236175537
.86504065990448
.90552846590678
.89593495925268
.84390244881312
.89073169231415
.86065040032069
.84650407234828
.88292682170868
.88959348201752
.87707316875458
.91300811370214
.93821138143539
.90439025561015
.8699187040329
.8164227604866
.91837400197983
.88699185848236
.92829269170761
.85414636135101
.95804878075918
.98747968673706
.91626018285751
.87203252315521
.95560973882675
.87626016139984
.91186994314194
.89398372173309
.87414634227753
.86731708049774
.9230894446373
.86943089962006
.85642278194427
.83739837010701
.88325202465057
.93577235937119
.89756095409393
.92357722918193
.93447154760361
.84650407234828
.89512193202972
.869593501091
.89398374160131
.92146341005961
.88845527172089
.87317073345184
.9159349600474
.88422763347626
.89479672908783
.88552844524384
.92097562551498
.9131707350413
.84455283482869
.89008128643036
.87837398052216
.90504066149394
.93707317113876
.89463412761688
.89577235778173
.85284552971522
.89853658278783
.91138211886088
.9100813070933
.87739837169647
.89658534526825
.83056908845901
.99902439117432
.9004878004392
.89772355556488
.86130082607269
.94764226675034
.89934957027435
.9261788725853
.89560973644257
.9351219534874
.92504066228867
.85707318782806
.92536586523056
.9200000166893
.84536586205165
.92520326375961
.88276422023773
.90455283721288
.94308942556381
.93658536672592
.88048779964447
.92439025640488
.88666665554047
.90520326296488
.92439023653666
.90975610415141
.89528453350067
.90390243132909
.8637398481369
.91609758138657
.87414634227753
.90747968355815
.84130080540975
.88601624965668
.86926829814911
.90357724825541
.94113820791245
.92747968435287
.90260161956151
.87999999523163
.96032520135244
.95252031087875
.92048782110214
.85349593559901
.87804877758026
.83447154362996
.89024388790131
.89317071437836
.86699187755585
.94243901968002
.84926829735438
.86552846431732
.91626018285751
.92601627111435
.86308944225311
.88178861141205
.92178863286972
.90926829973857
.82975608110428
.88097560405731
.89447154601415
.83317073186239
.90162601073583
.88211381435394
.87382113933563
.86113822460175
.93138211965561
.92016261816025
.91447154680888
.90195123354594
.85723578929901
.88943088054657
.85739839076996
.9172357916832
.83999997377396
.89235770702362
.83512192964554
.88211381435394
.90552844603856
.88536584377289
.94715446233749
.84162600835164
.86227643489838
.8346341252327
.82975610097249
.83317071199417
.88699185848236
.93918699026108
.89626014232635
.88536584377289
.87186992168427
.93252032995224
.90601627031962
.87349593639374
.85658538341522
.89528453350067
.83560973405838
.90910569826762
.8908942937851
.94715446233749
.83219510316849
.86390244960785
.8668292760849
.8785365819931
.83593495686849
.83138211568197
.87138211727142
.90422763427099
.90650407473246
.86211383342743
.86796748638153
.89626016219457
.83186990022659
.93219512701035
.87382113933563
.85089429219564
.87219512462616
.89528455336889
.88910567760468
.84341462453206
.86634147167206
.92666667699814
.88373982906342
.91495937108994
.88032519817352
.87967479228973
.86536586284637
.92292684316635
.93365854024887
.93934959173203
.82162600755692
.9351219534874
.87821137905121
.91593497991562
.88390243053436
.87349593639374
.85642278194427
.91414634386698
.86390244960785
.91154472033183
.90829269091288
.86227643489838
.87821137905121
.84861789147059
.86000001430511
.87252032756805
.89317073424657
.88829267024994
.83967479070028
.91512195269267
.89674796660741
.89512195189794
.90650407473246
.88130080699921
.84211381276449
.86243903636932
.88146340847015
.88032519817352
.88178861141205
.8482926885287
.88455283641815
.8411382039388
.87121951580048
.90422763427099
.86650407314301
.84943091869354
.86910567680995
.88829267024994
.89528453350067
.869593501091
.93804877996445
.91284553209941
.86975610256195
.85560975472132
.90520326296488
.88943088054657
.89186992247899
.8668292760849
.84439023335775
.87089431285858
.88065040111542
.88373982906342
.87951219081879
.90991870562236
.85951220989227
.88211381435394
.86861789226532
.87609755992889
.87609755992889
.84130082527796
.91024390856425
.83593493700027
.84861789147059
.84455283482869
.88211381435394
.86260163784027
.87073171138763
.86829268932343
.86211383342743
.87203252315521
.87333333492279
.86048779884974
.92081302404404
.91934961080551
.81723576784134
.95707317193349
.83544713258743
.89821137984594
.84422765175502
.83918700615565
.85300813118617
.88894307613373
.8108943104744
.8198373913765
.85658538341522
.89902438720067
.88276422023773
.88211381435394
.86731708049774
.95056909322739
.80699187517166
.86357724666595
.90113818645477
.83203250169754
.88276422023773
.84878049294154
.85430894295375
.8551219701767
.90292682250341
.90406505266825
.83349591493607
.89235772689184
.81626015901566
.83853660027186
.88861787319183
.84747970104218
.92845529317856
.92081300417582
.88504064083099
.91577233870824
.89707316954931
.87447154521942
.84861789147059
.8346341252327
.85886178414027
.84357724587123
.9045528570811
.87024390697479
.81544715166092
.8198373913765
.81382113695145
.87056910991669
.87252032756805
.84617886940638
.9141463637352
.84178860982259
.87707316875458
.87170732021332
.89268290996552
.85186990102132
.89642276366552
.88926827907562
.85853660106659
.84065037965775
.91577237844467
.88016259670258
.83073168992996
.87382113933563
.91170732180278
.8874796628952
.86081302165985
.84455285469691
.88390243053436
.88943088054657
.88406503200531
.87821137905121
.82650405168533
.91983741521835
.86146342754364
.89983739455541
.88406503200531
.80439025163651
.89186990261078
.88796748717626
.87186992168427
.81934958696365
.8905690908432
.85756099224091
.92016261816025
.86845529079437
.83333333333333
.84813008705775
.81495934724808
.85674796501795
.85235774517059
.84764226277669
.85983739296595
.84146342674891
.86325204372406
.90910569826762
.83544715245565
.88504064083099
.88276422023773
.86292684078217
.85463416576385
.85252034664154
.77073170741399
.89235770702362
.88016259670258
.88699185848236
.83235770463943
.88390243053436
.83983737230301
.89170730113983
.85804879665375
.82666665315628
.83284552892049
.90455283721288
.87317073345184
.99626016616821
.91365853945414
.87479674816132
.81073170900345
.81918698549271
.89170730113983
.85772357384364
.82845528920492
.87170732021332
.80243903398514
.87252032756805
.83544715245565
.87902438640594
.8541463414828
.85219512383143
.84504065910975
.90617887179057
.81528455018997
.86569106578827
.84878051280975
.86178861061732
.878861784935
.84065039952596
.8609756231308
.85138213634491
.78731709718704
.83593495686849
.84601626793544
.85170731941859
.85577235619227
.83674794435501
.83479672670364
.85804879665375
.83284550905228
.80682927370071
.89642276366552
.87382113933563
.92731708288193
.9585365653038
.84878049294154
.82178860902786
.82487803697586
.83544715245565
.8401625752449
.88260161876678
.88731708129247
.87398374080658
.9317073225975
.9261788725853
.98471546173096
1.0486178398132
.91024390856425
.89040648937225
.91447156667709
.95853658517202
.91073173284531
.92975610494614
.94178861379623
.92861789464951
.9721951285998
.93999999761581
.94552844762802
1.0001626014709
.94878047704697
.92048782110214
.91252032915751
.95121951897939
.94959350426992
.95495933294296
.91674796740214
1.0089430809021
.92926830053329
.91528457403183
1.0138211250305
.89138209819794
.99008131027222
.91317075490952
.93918699026108
.96341462930044
.94471544027328
.96308942635854
.96959350506465
.93447154760361
.96699186166128
.91869918505351
.91642276446025
.95528453588486
.94764226675034
.91268293062846
.9783739844958
.9879674911499
.98373985290527
.91674798727036
.94894307851791
.90861789385478
.97447154919306
.93073171377182
1.0032520294189
.9694309035937
.9409756064415
.90796748797099
.95235770940781
.9756097594897
.9879674911499
.97089431683222
.94260162115097
.93252032995224
.92292684316635
.90975610415141
.9687804778417
.95089429616928
.93999999761581
.93609756231308
.96699186166128
.98699188232422
.95382112264633
.91756099462509
.97365854183833
.85203252236048
.98032522201538
.96764226754506
.96341464916865
.92325204610825
.90455283721288
.96634145577749
.94276422262192
.94211381673813
.94195121526718
.93723577260971
1.0013008117676
.94861787557602
.95723575353622
.94845527410507
.98178863525391
.91772357622782
.93333333730698
.96520324548086
.90520324309667
.95821136236191
1.0149593353271
.92065042257309
.92943090200424
.94764226675034
.98764228820801
.96796747048696
.96943088372548
.98585367202759
.94666665792465
.90276422103246
.97739839553833
.96308940649033
1.015284538269
.91642276446025
.94130080938339
.93853658437729
.9317073225975
1.0834146738052
1.0008130073547
.94195121526718
.94569104909897
.91447156667709
.97382112344106
.94747966527939
.98357723156611
.91691056887309
.92536586523056
.93723577260971
.9069918791453
.97544715801875
1.0081300735474
.9440650343895
.9200000166893
.94715446233749
.9687804778417
.99869918823242
.96747966607412
.94617885351181
.97495935360591
.97723579406738
.93105691671371
.97089431683222
.97967481613159
.97837400436401
.99804878234863
.90260161956151
.96813007195791
.9879674911499
.94829267263412
.95723575353622
.95886178811391
.91073171297709
.92715448141098
.95089429616928
1.0287804603577
.94796746969223
.92650407552719
.99918699264526
.9616259932518
.98178863525391
.95219510793686
.9821138381958
.98178861538569
.91674796740214
.96081298589706
.93447154760361
.95804876089096
.95235770940781
.89609756072362
.95414632558823
.95463413000107
.96650405724843
.94081300497055
.99837398529053
.94308942556381
.9567479689916
.93707317113876
.95235770940781
.94699188073476
.94211381673813
.95560975869497
.95105689764023
.93967479467392
.98796747128169
.93056911230087
.93674796819687
.95138210058212
.97089429696401
.95121949911118
.90747966368993
.91837400197983
.91869920492172
.91024390856425
.97414634625117
.9694309035937
.93886178731918
.92373985052109
.9289430975914
.9848780632019
.91756097475688
.9289430975914
.93821138143539
.98617887496948
.91821138064067
.94829267263412
1.0039024353027
.96016258001328
1.0203251838684
.98910570144653
.90975612401962
.97544715801875
1.024715423584
.94747966527939
.95186992486318
.98081302642822
.98341464996338
.90991870562236
.94504064321518
.98959350585937
.94829267263412
1.0655284325282
.98227643966675
.91739837328593
.96666665871938
.96894309918086
.98731708526611
.96910568078359
.96552844842275
1.0528455177943
.9227642416954
.96715446313222
1.0089430809021
1.0017886161804
1.015284538269
.99934959411621
.9666666785876
1.0505690574646
.97430894772212
.9261788725853
.98373985290527
1.0108942985535
.96325202782949
.94975608587265
.95333331823349
.97170732418696
.97804880142212
.97447154919306
1.006178855896
1.009105682373
1.0445528030396
.97934959332148
1.0595122178396
1.0222764015198
.99593496322632
1.0250406265259
1.0242276191711
1.0669918855031
1.0952845811844
1.1258536577225
1.1417886018753
1.248455286026
1.2284553050995
1.3273171186447
1.3808130025864
1.5356097221375
1.6178861856461
1.7559349536896
1.8611382246017
1.98455286026
1.9720325072606
1.9962601661682
1.9021137952805
1.822113831838
1.8385365804036
1.6201626062393
1.5834146340688
1.4398374160131
1.4278048674266
1.3208130200704
1.1910568873088
1.1751219034195
1.1731706857681
1.1630893945694
1.0850406885147
1.0886179208755
1.0848780870438
1.0373983383179
1.0186991691589
1.0505690574646
1.0105690956116
1.0235772132874
.96715446313222
.94471544027328
.97414636611938
1.009268283844
1.0162601470947
1.0013008117676
.96666665871938
.95869918664296
1.0315446853638
.96406503518422
.9557723402977
1.0081300735474
.95821136236191
.98439025878906
1.0165853500366
.96308942635854
.94032520055771
.92211383581161
.96162601312002
.90926829973857
1.0035772323608
1.0287804603577
.93707317113876
.95626014471054
.97674796978633
.92861789464951
1.0856910943985
.94926828145981
.99203252792358
.92682927846909
.98471546173096
.95414632558823
.95967477560043
.9824390411377
.94130082925161
1.0382113456726
.98715448379517
.97772357861201
.94520324468613
.99138212203979
.97560973962148
.95252031087875
.94130080938339
.98601627349854
.98569107055664
.98195123672485
.99934959411621
.93333333730698
.92666667699814
1.0172357559204
.94829267263412
.91382114092509
.98504064480464
.95691055059433
.98991870880127
.97056913375854
.97300813595454
.98699188232422
.94308942556381
1.0032520294189
.9317073225975
.9759349822998
.94747966527939
.96926830212275
.986991862456
.97821140289307
.98162601391474
.98894308010737
.95186990499496
.97609756390254
.99609756469727
.95707315206528
1.0003252029419
.92845527331034
.97056909402211
.99138212203979
.98699188232422
.9725203315417
1.0009756088257
.97886180877686
.99170732498169
.93918699026108
.93577235937119
.95853658517202
.95560973882675
1.0118699073792
.98569107055664
.98081302642822
.9533333381017
.91934961080551
.94585365056992
.94504064321518
1.0037398338318
.98065042495728
.92959350347519
.97479677200317
.90341464678446
.91268295049667
.93821138143539
.91008128722509
.9478048880895
.96715446313222
.97024391094844
.98601627349854
.98032520214717
.94276422262192
.96341462930044
.96292680501938
.9780487815539
.95349593957265
.95056909322739
.9725203315417
.97414634625117
.94113820791245
.93821138143539
.95756097634633
.94699186086655
.98455286026001
.95040649175644
1.024715423584
.9227642416954
.98585367202759
.91495935122172
.97804880142212
.97040651241938
1.0648780663808
.92048782110214
.96682928005854
.92504066228867
.95447154839834
.94243901968002
.98195121685664
.93219512701035
.97430894772212
.9783739844958
.97723579406738
.94666665792465
.95512193441391
.95252033074697
.96471544106801
.9588617682457
.95983737707138
.96552844842275
.95821138223012
.97089431683222
.98341464996338
.9616259932518
.94943088293076
1.0108942985535
.91300813357035
.91593497991562
.95252031087875
.99008131027222
1.015284538269
.93951219320297
.95430892705917
.96048780282338
.94130080938339
1.0026016235352
.91479674975077
.9200000166893
.97593496243159
.95008128881454
.93447154760361
.92764228582382
.96845529476802
.96032518148422
.95008128881454
1.006178855896
.98552846908569
.94130080938339
.92390245199203
.92715448141098
1.0099186897278
1.0386991500854
.90536584456762
.90959350268046
.98016262054443
.96048780282338
.95479673147202
.96341462930044
.90308942397436
.96260164181391
.98845529556274
.97203250726064
.96178859472275
.98195123672485
.9783739844958
.96243902047475
.94747966527939
.92601625124613
.97414632638295
.99203252792358
.93772357702255
.97495933373769
.98536586761475
.96813007195791
.96715446313222
.9910569190979
.9530081152916
.92325204610825
.9440650343895
.95105689764023
1.0808130502701
.97365854183833
.97495935360591
.94162601232529
.97284555435181
.9622764190038
1.0591869751612
.99495935440063
.94536584615707
.89642276366552
.98764228820801
.93756097555161
.98406505584717
.99235773086548
.95674794912338
1.0008130073547
.97674798965454
.94878047704697
.97073171536128
.95869918664296
.97691057125727
.98065040508906
.94731706380844
.97170732418696
.92829269170761
.92357724905014
.94032520055771
.98764228820801
.94243901968002
1.0167479515076
.93382114171982
.93674796819687
1.0087804794312
1.0390243530273
.94747966527939
.96308940649033
.95284551382065
.94796746969223
.96471544106801
1.0120325088501
1.0248780250549
.91284553209941
.93008130788803
1.0167479515076
.95593494176865
.98569105068843
.95723575353622
.89902438720067
.93609756231308
.97170732418696
.99024391174316
.93463414907455
1.0139837265015
.91382114092509
.98292682568232
.97577238082886
.95186990499496
.91154472033183
.93983739614487
.96130079030991
.9780487815539
.91626018285751
.95967477560043
.90227641661962
.96243902047475
.93999999761581
.95138210058212
.9759349822998
.95853658517202
.93349593877792
.97382116317749
.96439025799433
.96780488888423
1.0146341323853
.98276424407959
.91138211886088
.97951221466064
.94130080938339
.92813009023666
.98861789703369
.93284553289413
.9554471373558
.95317073663076
.95723575353622
.94520324468613
.91658538579941
.96666665871938
.96081300576528
1.043089389801
.94439023733139
1.0001626014709
1.0222764015198
.99902439117432
.9526829123497
.93772357702255
.9756097594897
.95479673147202
.95219510793686
.9619511961937
.95186990499496
.90487804015478
.94081300497055
.96113820870717
.89121949672699
.96601625283559
.9526829123497
.96390243371328
.89170730113983
.96357723077138
.9289430975914
.98715448379517
.93138211965561
.97707317272822
.88845527172089
.95869918664296
.94926828145981
.94048780202866
.90585364898046
.98373985290527
.93658536672592
.99837398529053
.96715448300044
.96552846829096
.96373983224233
.89983737468719
.97235773007075
.97951221466064
.92097562551498
.97951221466064
.95040649175644
.96504064400991
.95105689764023
.98731708526611
.96308942635854
.96991870800654
.91804879903793
.95528453588486
.96032520135244
1.0065040588379
.92178863286972
.96341462930044
1.0330080986023
.95804878075918
.96113820870717
.92731708288193
.9035772283872
.94861787557602
.92455285787582
.97577236096064
.94146341085434
1.0221138000488
.97447152932485
.97138212124507
.96097560723623
1.0240650177002
.99495935440063
.97918699185053
.96845529476802
.92357724905014
1.0055284500122
.97723577419917
.97008130947749
.95447152853012
.91203254461288
.94341462850571
.98032522201538
.91821140050888
.90260163942973
.94357722997665
.9478048880895
.97430894772212
.91577237844467
1.0304064750671
.9351219534874
.99772357940674
.93089431524277
.96829269329707
.98439023892085
.9656910498937
.94699186086655
.9495934844017
.93235772848129
.9495934844017
.89886178572973
.97333333889643
.93902438879013
.96130079030991
.9793496131897
.99414632717768
1.003089427948
.9616259932518
.98292684555054
.93463414907455
.92813009023666
.95138210058212
.97138212124507
.98016260067622
.94048780202866
.95447154839834
.96650405724843
.99902439117432
.95804878075918
.92926830053329
.94016259908676
.97203252712886
.88520324230194
.97512195507685
.9746341307958
.99089431762695
.99317073822021
.94894307851791
.97447154919306
.95317071676254
.97869920730591
.98016262054443
.97203252712886
.99495935440063
.97609758377075
.98813009262085
.93593496084213
.93967479467392
.95723575353622
.9557723402977
.98341463009516
.94227641820908
.97934959332148
1
.93154472112656
.97609756390254
.96308942635854
.96227639913559
.95934957265854
1.0069918632507
.98357725143433
.92130082845688
.93983739614487
.99252033233643
.93853658437729
.96341464916865
1.0173983573914
.95837398370107
.9258536696434
.96617885430654
.96634145577749
1.0055284500122
.94943088293076
1.0056910514832
.96780486901601
.91918700933456
.93674796819687
.98276422421137
.93268293142319
.95674794912338
.9409756064415
1.0632520516713
.96357721090317
1.0024390220642
.99756097793579
.91430894533793
.90747968355815
.97707319259644
.94162601232529
.94504064321518
.92325204610825
.95447152853012
.88634145259857
.97837400436401
.95073169469833
.95626014471054
.96991870800654
.96943088372548
.97382112344106
.95788615942001
.97934959332148
.99918699264526
.94081300497055
.98471546173096
.9172357916832
1.0213007926941
.93138211965561
.96422763665517
.99658536911011
.97317073742549
.92016259829203
.93886178731918
.96764228741328
.98227641979853
.90373982985814
.94634145498276
.98325204849243
.94048780202866
.99821138381958
.95479673147202
.93691056966782
.9842276374499
.97398374478022
1.0032520294189
.98910570144653
.92097560564677
.95560973882675
.95788615942001
.96520324548086
.93626016378403
.97382112344106
.95235772927602
.91544717550278
.96016259988149
.90536584456762
.97040649255117
.99463415145874
.94894307851791
.92682927846909
.97073171536128
1.0104064941406
.99219512939453
.99219512939453
.99398374557495
.9554471373558
.98845527569453
.9468292593956
.93967479467392
.9499186873436
.93040651082993
.95235772927602
.90292684237162
.89495935042699
.95772355794907
.94195121526718
.98536586761475
.95121949911118
.9069918791453
.95837396383286
.95252033074697
.95609754323959
.96504064400991
.91447154680888
.9811382095019
.99170732498169
.95430894692739
.94341462850571
.89365853865941
.96699186166128
.98260164260864
.9793496131897
.93577235937119
.98357723156611
.90569106737773
.95804878075918
.9131707350413
.93674796819687
.97268293301264
.9530081152916
.99089431762695
.96894309918086
.96861787637075
.99252033233643
.94926828145981
.96195121606191
1.0110569000244
.9261788725853
.90747968355815
.99008131027222
.96601625283559
.96130079030991
.99170732498169
.97723579406738
.97203254699707
.91365855932236
.96146341164907
.94731706380844
.92455285787582
1.0039024353027
.96926830212275
.90552846590678
1.0126829147339
.89967479308446
.91739839315414
.9824390411377
.98065040508906
.93999999761581
.98146343231201
.92243903875351
.95463414986928
.92048782110214
.94634145498276
.96162601312002
.96081302563349
.97024391094844
.96780488888423
.91642278432846
.92406505346298
.91642276446025
.99495935440063
.92829269170761
.97999999920527
1.0050406455994
.94243901968002
.96390243371328
.93918699026108
.90845529238383
1.021625995636
.90861789385478
.91593497991562
.94130080938339
.95902438958486
.95609754323959
.97772357861201
.92569106817245
.93544715642929
.94390243291855
.99073171615601
.95040649175644
.95902436971664
.92065042257309
.96357723077138
.92715448141098
.98520324627558
.92552846670151
.94747966527939
.92715448141098
.99235773086548
.90926827987035
.96260160207748
.88422763347626
.92878049612045
.89479672908783
.96829269329707
.95837398370107
1.018373966217
.92650407552719
.9465040564537
.94178861379623
.93056911230087
.91495933135351
.89934959014257
.99398374557495
.96699188152949
.92146342992783
.97203252712886
.96975610653559
.94894307851791
.93934959173203
.91479674975077
.92975610494614
.93560975790024
.95203250646591
.94422763586044
.8878048658371
.92422765493393
.96926830212275
.92878049612045
.90260161956151
.91804879903793
.95804878075918
.90715448061625
.93528455495834
.9409756064415
.90682925780614
.93073171377182
.96813007195791
.9879674911499
.92634147405624
.9564227660497
.97382116317749
.92146342992783
.94634145498276
.96439025799433
.95447152853012
.90926829973857
.92910569906235
.98439025878906
.99593496322632
.91056911150614
.91138209899267
.97300813595454
.94601625204086
.9289430975914
1.0056910514832
.88227641582489
.93284553289413
.9440650343895
.96585363149643
.95268293221792
.84959352016449
.90292684237162
.94943088293076
.9073170820872
.9465040564537
.95707317193349
.90926829973857
.97333331902822
.86439025402069
.92634147405624
.90146340926488
.98601625363032
.9317073225975
.92113822698593
.94910569985708
.93024390935898
.92829269170761
.97577236096064
.88991868495941
.93821138143539
.93056911230087
.91739839315414
.9499186873436
.90439023574193
.85626016060511
.93853658437729
.97495935360591
.87495934963226
.90520324309667
.94617885351181
.94487804174423
.89577235778173
.93804877996445
.93024390935898
.92390245199203
.95804876089096
.92813009023666
.92195123434067
.92130082845688
.94325202703476
.95235772927602
.95235770940781
1.0053658485413
.90243901809057
.92081302404404
.86569106578827
.91479676961899
.90081300338109
.9378861784935
.9882926940918
.91495935122172
.91691056887309
.9317073225975
.96178861459096
.92829269170761
.87495934963226
.93073171377182
.92016259829203
.96373983224233
.92162601153056
.92471545934677
.90243899822235
.95772355794907
.91235772768656
.94130080938339
.96959350506465
.92032519976298
.91235772768656
.95219510793686
.91772357622782
.93691056966782
.95674794912338
.89869918425878
.90292684237162
.91024388869603
.94666665792465
.92487806081772
.92016261816025
.86569106578827
.90308942397436
.90861787398656
.90910569826762
.90552844603856
.96065040429433
.90308944384257
.91154472033183
.9169105887413
.96439023812612
.88065040111542
.90699185927709
.95495933294296
.89398374160131
.91056909163793
.91821140050888
.93853658437729
.8936585187912
.91186992327372
.93739837408066
1.0398373603821
.98634147644043
.86211383342743
.92032519976298
.92731708288193
1.0014634132385
.89642276366552
.92260164022446
.92439025640488
.90536584456762
.94195121526718
.95479673147202
.9567479689916
.94130080938339
.96130083004634
.95186990499496
.91691056887309
1.0178861816724
.95365852117538
.88325202465057
.89170730113983
.90130080779394
.92439023653666
.88243901729584
.90536586443583
.93284551302592
.91186992327372
.89382112026215
.90845529238383
.91495937108994
.85121953487396
.8973983724912
.92195121447245
.90373984972636
.93886178731918
.85609755913417
.90682925780614
.92195123434067
.91121951738993
.92861789464951
.97804880142212
.91089431444804
.92113820711772
.94081300497055
.89902438720067
.8730081319809
.88211381435394
.90276424090068
.92813009023666
.87284553050995
.92634147405624
.92601627111435
.88373982906342
.88650405406952
.95983737707138
.88650405406952
.88975608348846
.95349591970444
.84097560246785
.91154470046361
.86276423931122
.9001625974973
.87252032756805
.84601624806722
.86715447902679
.84097560246785
.81544715166092
.89040648937225
.86585366725922
.9069918791453
.87528455257416
.88097560405731
.91691056887309
.88308942317963
.86130082607269
.83723576863607
.88081300258636
.86325204372406
.91967479387919
.85528455177943
.87512195110321
.85056910912196
.89691056807836
.86585366725922
.84943087895711
.94227641820908
.84601626793544
.82016259431839
.88032519817352
.878861784935
.92715448141098
.87528455257416
.82032519578934
.85821139812469
.84601624806722
.875772356987
.89577233791351
.86552846431732
.78780488173167
.86325202385585
.85560977458954
.89040648937225
.85512195030848
.8226016163826
.8253658413887
.79723578691483
.82081300020218
.8754471540451
.86699187755585
.82650405168533
.85544717311859
.8232520421346
.82081300020218
.86016261577606
.82975608110428
.85186992088954
.85658536354701
.88617885112762
.76747965812683
.87235772609711
.86617887020111
.86715447902679
.86081302165985
.7947967449824
.86000001430511
.82422763109207
.86146342754364
.87398374080658
.77512194712957
.79382115602493
.79804879426956
.87593495845795
.84243901570638
.87967479228973
.79317075014114
.81463414430618
.78926831483841
.83317071199417
.83821137746175
.81544715166092
.75853657722473
.81300812959671
.82439023256302
.82861787080765
.77268290519714
.82926827669144
.82520323991776
.80000001192093
.83382113774617
.83398373921712
.79154471556346
.86439025402069
.8164227604866
.80390244722366
.86211383342743
.79089430967967
.76780488093694
0
0
0
0
0
0
0
0
0
0
0
0
0
0
0
0
0
0
0
0
0
0
0
0
0
0
0
0
0
0
0
0
0
0
0
0
0
0
0
0
0
0
0
0
0
0
0
0
0
0
0
0
0
0
0
0
0
0
0
0
0
0
0
0
0
0
0
0
0
0
0
0
0
0
0
0
0
0
0
0
0
0
0
0
0
0
0
0
0
0
0
0
0
0
0
0
0
0
0
0
0
0
0
0
0
0
0
0
0
0
0
0
0
0
0
0
0
0
0
0
0
0
0
0
0
0
0
0
0
0
0
0
0
0
0
0
0
0
0
0
0
0
0
0
0
0
0
0
0
0
0
0
0
0
0
0
0
0
0
0
0
0
0
0
0
0
0
0
0
0
0
0
0
0
0
0
0
0
0
0
0
0
0
0
0
0
0
0
0
0
0
0
0
0
0
0
0
0
0
0
0
0
0
0
0
0
0
0
0
0
0
0
0
0
0
0
0
0
0
0
0
0
0
0
0
0
0
0
0
0
0
0
0
0
0
0
0
0
0
0
0
0
0
0
0
0
0
0
0
0
0
0
0
0
0
0
0
0
0
0
0
0
0
0
0
0
0
0
0
0
0
0
0
0
0
0
0
0
0
0
0
0
0
0
0
0
0
0
0
0
0
0
0
0
0
0
0
0
0
0
0
0
0
0
0
0
0
0
0
0
0
0
0
0
0
0
0
0
0
0
0
0
0
0
0
0
0
0
0
0
0
0
0
0
0
0
0
0
0
0
0
0
0
0
0
0
0
0
0
0
0
0
0
0
0
0
0
0
0
0
0
0
0
0
0
0
0
0
0
0
0
0
0
0
0
0
0
0
0
0
0
0
0
0
0
0
0
0
0
0
0
0
0
0
0
0
0
0
0
0
0
0
0
0
0
0
0
0
0
0
0
0
0
0
0
0
0
0
0
0
0
0
0
0
0
0
0
0
0
0
0
0
0
0
0
0
0
0
0
0
0
0
0
0
0
0
0
0
0
0
0
0
0
0
0
0
0
0
0
0
0
0
0
0
0
0
0
0
0
0
0
0
0
0
0
0
0
0
0
0
0
0
0
0
0
0
0
0
0
0
0
0
0
0
0
0
0
0
0
0
0
0
0
0
0
0
0
0
0
0
0
0
0
0
0
0
0
0
0
0
0
0
0
0
0
0
0
0
0
0
0
0
0
0
0
0
0
0
0
0
0
0
0
0
0
0
0
0
0
0
0
0
0
0
0
0
0
0
0
0
0
0
0
0
0
0
0
0
0
0
0
0
0
0
0
0
0
0
0
0
0
0
0
0
0
0
0
0
0
0
0
0
0
0
0
0
0
0
0
0
0
0
0
0
0
0
0
0
0
0
0
0
0
0
0
0
0
0
0
0
0
0
0
0
0
0
0
0
0
0
0
0
0
0
0
0
0
0
0
0
0
0
0
0
0
0
0
0
0
0
0
0
0
0
0
0
0
0
0
0
0
0
0
0
0
0
0
0
0
0
0
0
0
0
0
0
0
0
0
0
0
0
0
0
0
0
0
0
0
0
0
0
0
0
0
0
0
0
0
0
0
0
0
0
0
0
0
0
0
0
0
0
0
0
0
0
0
0
0
0
0
0
0
0
0
0
0
0
0
0
0
0
0
0
0
0
0
0
0
0
0
0
0
0
0
0
0
0
0
0
0
0
0
0
0
0
0
0
0
0
0
0
0
0
0
0
0
0
0
0
0
0
0
0
0
0
0
0
0
0
0
0
0
0
0
0
0
0
0
0
0
0
0
0
0
0
0
0
0
0
0
0
0
0
0
0
0
0
0
0
0
0
0
0
0
0
0
0
0
0
0
0
0
0
0
0
0
0
0
0
0
0
0
0
0
0
0
0
0
0
0
0
0
0
0
0
0
0
0
0
0
0
0
0
0
0
0
0
0
0
0
0
0
0
0
0
0
0
0
0
0
0
0
0
0
0
0
0
0
0
0
0
0
0
0
0
0
0
0
0
0
0
0
0
0
0
0
0
0
0
0
0
0
0
0
0
0
0
0
0
0
0
0
0
0
0
0
0
0
0
0
0
0
0
0
0
0
0
0
0
0
0
0
0
0
0
0
0
0
0
0
0
0
0
0
0
0
0
0
0
0
0
0
0
0
0
0
0
0
0
0
0
0
0
0
0
0
0
0
0
0
0
0
0
0
0
0
0
0
0
0
0
0
0
0
0
0
0
0
0
0
0
0
0
0
0
0
0
0
0
0
0
0
0
0
0
0
0
0
0
0
0
0
0
0
0
0
0
0
0
0
0
0
0
0
0
0
0
0
0
0
0
0
0
0
0
0
0
0
0
0
0
0
0
0
0
0
0
0
0
0
0
0
0
0
0
0
0
0
0
0
0
0
0
0
0
0
0
0
0
0
0
0
0
0
0
0
0
0
0
0
0
0
0
0
0
0
0
0
0
0
0
0
0
0
0
0
0
0
0
0
0
0
0
0
0
0
0
0
0
0
0
0
0
0
0
0
0
0
0
0
0
0
0
0
0
0
0
0
0
0
0
0
0
0
0
0
0
0
0
0
0
0
0
0
0
0
0
0
0
0
0
0
0
0
0
0
0
0
0
0
0
0
0
0
0
0
0
0
0
0
0
0
0
0
0
0
0
0
0
0
0
0
0
0
0
0
0
0
0
0
0
0
0
0
0
0
0
0
0
0
0
0
0
0
0
0
0
0
0
0
0
0
0
0
0
0
0
0
0
0
0
0
0
0
0
0
0
0
0
0
0
0
0
0
0
0
0
0
0
0
0
0
0
0
0
0
0
0
0
0
0
0
0
0
0
0
0
0
0
0
0
0
0
0
0
0
0
0
0
0
0
0
0
0
0
0
0
0
0
0
0
0
0
0
0
0
0
0
0
0
0
0
0
0
0
0
0
0
0
0
0
0
0
0
0
0
0
0
0
0
0
0
0
0
0
0
0
0
0
0
0
0
0
0
0
0
0
0
0
0
0
0
0
0
0
0
0
0
0
0
0
0
0
0
0
0
0
0
0
0
0
0
0
0
0
0
0
0
0
0
0
0
0
0
0
0
0
0
0
0
0
0
0
0
0
0
0
0
0
0
0
0
0
0
0
0
0
0
0
0
0
0
0
0
0
0
0
0
0
0
0
0
0
0
0
0
0
0
0
0
0
0
0
0
0
0
0
0
0
0
0
0
0
0
0
0
0
0
0
0
0
0
0
0
0
0
0
0
0
0
0
0
0
0
0
0
0
0
0
0
0
0
0
0
0
0
0
0
0
0
0
0
0
0
0
0
0
0
0
0
0
0
0
0
0
0
0
0
0
0
0
0
0
0
0
0
0
0
0
0
0
0
0
0
0
0
0
0
0
0
0
0
0
0
0
0
0
0
0
0
0
0
0
0
0
0
0
0
0
0
0
0
0
0
0
0
0
0
0
0
0
0
0
0
0
0
0
0
0
0
0
0
0
0
0
0
0
0
0
0
0
0
0
0
0
0
0
0
0
0
0
0
0
0
0
0
0
0
0
0
0
0
0
0
0
0
0
0
0
0
0
0
0
0
0
0
0
0
0
0
0
0
0
0
0
0
0
0
0
0
0
0
0
0
0
0
0
0
0
0
0
0
0
0
0
0
0
0
0
0
0
0
0
0
0
0
0
0
0
0
0
0
0
0
0
0
0
0
0
0
0
0
0
0
0
0
0
