.2306610395511
.27566806475321
.22187060614427
.21343178550402
.26476792494456
.27426159381866
.23663853605588
.27390998601913
.2376933892568
.21835442880789
.28656821449598
.21659634510676
.21378340323766
.25140647093455
.18635724484921
.18002813061078
.20077355702718
.23909986019135
.19409283002218
.22433193027973
.20428973436356
.25140647093455
.24437412122885
.25
.20886075993379
.23030942181746
.21905766427517
.21976089974244
.28481012582779
.22151898841063
.25210970640182
.29676510890325
.227848097682
.22081575294336
.17088607947032
.21870605150859
.25914206107457
.26828410228093
.25140647093455
.26054852207502
.23804500202338
.30450069904327
.26090014974276
.26336145401001
.22187061111132
.2623066107432
.25773558020592
.26969058314959
.21026722590129
.27461322148641
.23945148289204
.24156118929386
.19655414919058
.24402250349522
.26582278807958
.18917018175125
.30414909124374
.23171588778496
.18213783204556
.2707454264164
.26125175754229
.23804500699043
.26300984621048
.23699015378952
.22468354304632
.29887482523918
.19514767825603
.22819971541564
.25351618230343
.2376933892568
.20499296486378
.27215188741684
.23980309565862
.26652602354685
.22890295088291
.22503516574701
.19549929598967
.26371308167775
.23382559418678
.20112517476082
.25
.20921237766743
.23101266225179
.20182841022809
.26828410228093
.20428973436356
.22960618635019
.24753867586454
.2236286898454
.23241912821929
.23171589771907
.22046413520972
.24120956659317
.18037974834442
.2099156131347
.19127988318602
.24894515176614
.23066104451815
.19936708609263
.22609001894792
.21835442880789
.16596343119939
.23558368782202
.22855133314927
.20675105353196
.19022502998511
.24156117935975
.21835442880789
.23171589275201
.23417721688747
.2528129418691
.22046413520972
.24472573399544
.20077355702718
.21518986920516
.23980309565862
.2306610395511
.25984529654185
.24824191629887
.27215189735095
.29571027557055
.28727144996325
.22011251747608
.2538677851359
.23909985522429
.20956399540106
.28973277409871
.21483826140563
.23558368285497
.21026723086834
.26969058314959
.21167370180289
.21765119830767
.20147679249446
.24367088576158
.26054852207502
.23101266225179
.174050634106
.25281293690205
.30063291390737
.24085794389248
.28164557615916
.23593530058861
.24507735669613
.26969057321548
.26019691427549
.22925456861655
.2099156131347
.24507735669613
.22538677354654
.21483825643857
.23804501195749
.19690576692422
.26406469941139
.24718706309795
.23452883462111
.19725738465786
.22257384161154
.19514767825603
.16877637306849
.22960618635019
.24964838723342
.25597750147184
.20499296486378
.22151898841063
.17088607450326
.21202531456947
.23699015378952
.19198312362035
.23136427501837
.2485935340325
.22960619131724
.24753868083159
.21518987417221
.27566807468732
.27777778108915
.23030942181746
.20639943579833
.26898734768232
.23523207008839
.18037974834442
.25140647093455
.25703235467275
.21378339827061
.2471870581309
.18424753844738
.18213783701261
.21061884860198
.2679324845473
.22362869481246
.27285514275233
.22327707211177
.18635724484921
.20007032155991
.21483825643857
.23312235871951
.28656821449598
.27953585982323
.20991560816765
.18706047534943
.24156117935975
.24226441482703
.27566807468732
.26371308167775
.26617440581322
.24824191629887
.29254570603371
.23663853605588
.2802390952905
.28832631309827
.24085794389248
.27144866188367
.24578058719635
.2334739814202
.31118143598239
.24753868083159
.23417721192042
.22995780408382
.26300985614459
.23909986019135
.20182841022809
.26265822847684
.23628691832225
.23277074595292
.24964838723342
.24085794885953
.2113220791022
.256680727005
.24789029856523
.24648382266363
.29254571596781
.26336146394412
.25281294683615
.2514064759016
.23417721688747
.2264416317145
.23980309565862
.25351617733637
.24718706309795
.24507735669613
.2362869232893
.23523207008839
.26652601361275
.25316455960274
.22398030757904
.26828410228093
.24789029856523
.24085794389248
.22222222387791
.22503516077995
.21765119830767
.28691983222961
.21870604654153
.27320675055186
.26054853200912
.25527426600456
.20358649889628
.2348804473877
.23101265728474
.2405063311259
.2774261534214
.26582278807958
.25351617733637
.27461322148641
.31118142604828
.2348804473877
.27812938888868
.22046413520972
.24718706309795
.26476793487867
.25386779507001
.23839662472407
.26195499300957
.27777778108915
.29781998197238
.28938115636508
.25492264827092
.28551336129506
.24542897939682
.2651195526123
.22890295088291
.21448663870494
.26160338521004
.21624472240607
.2264416317145
.2169479628404
.23452883462111
.23523207008839
.20815752943357
.21343178550402
.23347397645315
.26547117034594
.243319272995
.19831223785877
.30379747351011
.26090014974276
.25
.27672292788823
.26687764128049
.23030942181746
.26300984621048
.25457103053729
.25175808866819
.26441630721092
.23699015875657
.24894514679909
.21624472737312
.22257384161154
.21343178550402
.24929676453272
.26265823841095
.22960619131724
.2718002696832
.23101265728474
.20323488116264
.26863572001457
.2348804473877
.24191280206045
.24402250349522
.21378340323766
.19866385559241
.23734177152316
.2320675154527
.25105485320091
.25140647093455
.26441631714503
.23734177649021
.23277074595292
.2457805921634
.27496482928594
.21835443377495
.21940928200881
.25281294683615
.23523206512133
.2141350209713
.22714486221472
.22116736570994
.23136427998543
.20077356199423
.18811533351739
.19725738465786
.18143459657828
.21976089974244
.20534458259741
.21518987417221
.15963431696097
.28691983222961
.23839661975702
.23980309565862
.24542897442977
.22609001398087
.1947960605224
.23312236368656
.23241912821929
.22292545934518
.24929676949978
.22784810264905
.21659634013971
.21694795787334
.1933895945549
.15506329139074
.24331926802794
.22081575294336
.21061884363492
.23066104451815
.23558368782202
.23874824245771
.25457103053729
.25105485320091
.2348804473877
.18073136111101
.28059071302414
.26125175754229
.24648382763068
.2623066107432
.24894514679909
.2485935340325
.20147679746151
.18670886258284
.26195499300957
.20077355702718
.25492265323798
.27144866188367
.23839662472407
.25773558020592
.22819971541564
.31118143598239
.23241913318634
.2538677851359
.25914205114047
.25703234473864
.26265822847684
.26125175754229
.22819972038269
.27812939882278
.27461322148641
.2594936688741
.23804500699043
.26406469941139
.24120956162612
.25597749650478
.30063290397326
.27953585982323
.25175808866819
.27848100662231
.25914206107457
.24507735172908
.27883262435595
.19479606548945
.23593530555566
.27390998601913
.24718706309795
.22151898841063
.27672291795413
.27953585982323
.22222222387791
.30133613944054
.25914205114047
.27883262435595
.27039380868276
.29289733370145
.21976089974244
.2612517674764
.28270041942596
.20112517972787
.28199718395869
.22609000901381
.25105485816797
.24578059713046
.29641351103783
.2376933892568
.26441632707914
.28445850809415
.20886075496674
.26090013980865
.27390997608503
.20358649889628
.23452883462111
.24367088576158
.22151898841063
.29078761736552
.30309423804283
.22503516077995
.27988747755686
.29289732376734
.23699015875657
.25949367384116
.27918424208959
.23523207008839
.22925456861655
.26969056328138
.22011251250903
.26687764128049
.2485935340325
.2623066107432
.23488045235475
.23558368782202
.22503516077995
.25984529654185
.25879044334094
.24929675956567
.23241912821929
.28059072295825
.29043599963188
.23593530058861
.27426160375277
.25246132413546
.24789029856523
.26265822847684
.25703234473864
.26265822847684
.2556258837382
.31962025165558
.29360055923462
.27320675055186
.26617439587911
.24331926802794
.32243319352468
.25492264827092
.24120956659317
.30379747351011
.24261603752772
.25984528660774
.28129394849141
.27215189735095
.19514767825603
.28445850809415
.33087201913198
.23874824245771
.28551336129506
.26476792494456
.23417721192042
.26687763134638
.29184248050054
.24156117935975
.25175808866819
.31715892752012
.2651195526123
.30590716997782
.2556258837382
.29746836423874
.30555555224419
.31153305371602
.31786216298739
.34774964054426
.25668073693911
.30520394444466
.30766525864601
.2746132115523
.26195499300957
.30836848417918
.26371308167775
.25246132910252
.30731364091237
.29324895143509
.26195498307546
.24753867586454
.30907172958056
.19831223785877
.28516174356143
.28727144996325
.23030942181746
.20323487619559
.26652603348096
.2528129418691
.30274262030919
.26617439587911
.28481012582779
.24402250349522
.2858649790287
.26300985614459
.27953585982323
.23136427501837
.256680727005
.31153305371602
.29465541243553
.26898733774821
.27812938888868
.32208157579104
.25105485816797
.23101265728474
.3368495007356
.24367088576158
.22292545934518
.27004219094912
.27742616335551
.19022503495216
.22573840121428
.25316455960274
.22819972038269
.24648382266363
.24226441482703
.24824191133181
.23452882965406
.23136427501837
.22679324944814
.31047820051511
.26617440581322
.15365682045619
.26160337527593
.26476793487867
.27039381861687
.27777777115504
.26933895548185
.27250350515048
.23206751048565
.2774261534214
.30203938484192
.29219408830007
.26969057321548
.29606189330419
.24789029856523
.36005626122157
.27988747755686
.28481012582779
.30485232671102
.27426160375277
.27672291795413
.31223627924919
.23452883462111
.32700422406197
.28656820456187
.26054852207502
.25070323546727
.26687764128049
.29641350110372
.27215189735095
.2802390952905
.28481012582779
.27320675055186
.27918424208959
.22995780408382
.22855133314927
.30590717991193
.26933896541595
.2528129418691
.29676510890325
.27883262435595
.31082981824875
.26863572001457
.28902953863144
.23945147792498
.28410689036051
.28164557615916
.27285512288411
.32348804672559
.32348804672559
.27355835835139
.3161040743192
.26336146394412
.26582278807958
.34845288594564
.24085794389248
.30274262030919
.34704640507698
.28516174356143
.26406469941139
.29113924503326
.27039379874865
.32348804672559
.28621659676234
.32594936092695
.32032348712285
.29746835430463
.31680730978648
.28129394849141
.28270041942596
.30414908130964
.2886779208978
.33790435393651
.27215188741684
.30696202317874
.33368495106697
.41561181346575
.25492263833682
.40822785099347
.38080168763796
.30485232671102
.31926863392194
.2971167465051
.34704640507698
.31962025165558
.3178621729215
.34106892347336
.36322082082431
.39240506291389
.35161744554838
.35829816261927
.33122362693151
.34704640507698
.29992967844009
.35900140802066
.37834037343661
.2802390952905
.39099859197934
.40682138005892
.34458509087563
.41068917512894
.36497890949249
.3217299580574
.33684951066971
.37834035356839
.30907172958056
.32278481125832
.34353022774061
.29008439183235
.32770744959513
.32594937086105
.32524612545967
.40787623325984
.32841069499652
.31399437785149
.38045007983843
.37341771523158
.39697609345118
.44866384069125
.40541490912437
.44092827041944
.38537270824114
.39029535651207
.52109704415003
.43002813061078
.48523206512133
.34353023767471
.46272855003675
.34634317954381
.3755274216334
.33087201913198
.35794655481974
.4198312163353
.41350210706393
.42405062913895
.43706047534943
.46940928697586
.46589310963949
.47398030757904
.37130801876386
.39416315158208
.40471168359121
.40893107652664
.4585091372331
.43565400441488
.39170182744662
.42862164974213
.43143460154533
.39873417218526
.5056258837382
.4613220791022
.39592124025027
.50035159786542
.48452882965406
.45218003789584
.55907173951467
.45499295989672
.43565401434898
.52285512288411
.47151898344358
.50632910927137
.53902951876322
.50281293193499
.46202531456947
.52180025974909
.47819972038269
.43600563208262
.65857946872711
.55555556217829
.52531645695368
.55590716997782
.67158931493759
.41526019573212
.46448663870494
.49613219499588
.4367088675499
.52285512288411
.54113924503326
.56188466151555
.55520393451055
.52777777115504
.53270039955775
.60302390654882
.54043598969777
.50527426600456
.62095640103022
.5151195526123
.46905765930812
.47222221891085
.4848804473877
.48030943671862
.63291138410568
.59282702207565
.46202531456947
.61392404635747
.51195498307546
.56364274024963
.69831224282583
.63220814863841
.64205344518026
.69374120235443
.61216598749161
.64416313171387
.66104078292847
.6188466946284
.53691983222961
.73980309565862
.65330521265666
.67018284400304
.65225032965342
.6564697821935
.84177215894063
.68073137601217
.76300984621048
.68248945474625
.70253163576126
.89275668064753
.85513361295064
.85970463355382
.97960619131724
.87130800882975
.965189854304
1.0045710603396
1.1241209308306
1.0720815459887
1.2454289595286
1.2921940883001
1.1424050529798
1.2675808668137
1.4180731376012
1.3298171361287
1.4170182943344
1.3867791493734
1.4092827240626
1.5376230875651
1.5530942678452
1.6220112641652
1.6877636909485
1.7380450169245
1.5355133612951
1.9416315158208
1.7637130816778
1.9004922310511
2.0485232273738
2.1392405430476
2.0773558219274
2.2229253848394
1.9613221089045
2.0689170360565
2.3238397439321
2.3129394849141
2.2721518675486
2.4725737969081
2.2099155982335
2.3906469742457
2.3568917512894
2.4644866387049
2.4894514083862
2.9036568800608
2.8962728182475
2.6627988020579
2.925105492274
2.7331224282583
3.1877636909485
2.9409283002218
2.9803094069163
2.7376933892568
3.0355133215586
3.0770041942596
2.9915611743927
2.9194796085358
3.2056961854299
3.0179324944814
2.9753867785136
3.3231364885966
3.2113220691681
2.9820675055186
3.5323487917582
3.3590013186137
3.2289029757182
3.3073136806488
3.6142756144206
3.4254570802053
3.3843178749084
3.3456399440765
3.3973277409871
3.3410689036051
3.5291841824849
3.5049226284027
3.6220112641652
3.529535929362
3.6114627520243
3.5942334334056
3.5569620132446
3.468002875646
3.908931016922
3.8379042943319
3.5808719793955
3.8361461957296
3.7936006387075
3.781997124354
3.8519690036774
3.901195526123
3.7250351905823
3.7936005592346
3.9166667461395
3.8393108050028
4.1388889948527
4.1009141604106
3.8143459955851
4.0738396644592
4.3445852597555
3.8322784900665
4.2169479529063
4.244725783666
3.9272151788076
4.402602036794
4.1684248447418
4.1613924503326
4.1747538248698
4.1206047534943
4.2306609948476
4.3199718793233
4.2528128623962
4.1156821250916
4.3895921707153
4.3157523473104
4.242264509201
4.1698311169942
4.2426159381866
4.439873456955
4.2609000205994
4.4764417012533
4.2542192935944
4.1445147196452
4.3741211096446
4.3642756144206
4.3372010389964
4.556610584259
4.2067511081696
4.2907875378927
4.4226442972819
4.2837552229563
4.4581575393677
4.4602672259013
4.4127988020579
4.4824191729228
4.5703234672546
4.1518987814585
4.2398029963175
4.5277778307597
4.311533053716
4.2180027961731
4.4033051331838
4.4486638704936
4.1086498101552
4.3632207711538
4.3667370478312
4.2872714996338
4.382559855779
4.1209563414256
4.0105485121409
4.1332631111145
4.3931083679199
4.305907090505
4.1223629315694
4.2682840029399
4.1009141604106
3.9957807064056
4.0928270816803
4.1097045739492
4.0232067902883
3.9592123031616
3.951828400294
4.1093531449636
4.1589310963949
3.7928973038991
4.061533053716
3.9159634113312
3.9922643502553
3.9440928300222
3.6708860397339
3.827355782191
3.7559774716695
3.7707455158234
3.6575245857239
3.561533053716
3.6315048535665
3.3533755143483
3.6160337924957
3.3055555025736
3.3045007387797
3.2661743958791
3.2943038145701
3.4803094069163
3.0625878969828
3.319620291392
3.2609001000722
3.208509127299
3.2644162972768
3.146976073583
3.0699718793233
3.0101969242096
2.9426863988241
3.0323487917582
2.9539381663005
2.8020393848419
2.9036568800608
2.7992263635
2.8502109845479
2.501406510671
2.7707455158234
2.7148382663727
2.7732067902883
2.743319272995
2.5165260632833
2.5488747755686
2.590717236201
2.5545006593068
2.3203233877818
2.4205345312754
2.2180027961731
2.296765089035
2.3895921707153
2.1269339323044
2.2018284797668
2.1480309565862
2.1181435187658
2.0847398042679
2.2092123031616
2.0734880367915
1.988045056661
1.9922643899918
1.9964838425318
1.8611111243566
1.9272151788076
1.9356540441513
1.8329817056656
1.8691983222961
1.7362869183222
1.818213780721
1.767932454745
1.7169479926427
1.6898734172185
1.8252461353938
1.5130098660787
1.6705344120661
1.5101969242096
1.7798875172933
1.4476090272268
1.5956399440765
1.7004219293594
1.5365682045619
1.3695499102275
1.5492264429728
1.5175809065501
1.5137130419413
1.5235583384832
1.4381153583527
1.3547820250193
1.5474683443705
1.3762306769689
1.3526723384857
1.5566103855769
1.399085799853
1.3502109845479
1.4180731376012
1.3456399440765
1.337552746137
1.2718002796173
1.1497890154521
1.2088607549667
1.2672292788823
1.1856540044149
1.1744022766749
1.2601969242096
1.2289029359818
1.2303094466527
1.2932489713033
1.2415611346563
1.0977496306101
1.0295358896255
1.0864979028702
.94866385062536
1.0520394245783
.93073135614395
.96800281604131
1.169127980868
1.0130098263423
.98628689845403
.98628691832225
.97784809271495
1.0573136409124
.95604781309764
.93706049521764
.93706047534943
.94901545842489
.97855134805044
.86392404635747
.96729956070582
.8727144797643
.84739802281062
.99894513686498
.7668776512146
.74226440985998
.90295358498891
.87974683443705
.74929676453272
.81118144591649
.79922644297282
.72222222884496
.83438817660014
.72573838631312
.77707453568776
.59142053127289
.68495078881582
.7348804473877
.6754571000735
.68635723988215
.63291138410568
.65506329139074
.69655414422353
.5801687836647
.57630097866058
.63994373877843
.58649788300196
.52566807468732
.67967651287715
.61849506696065
.52144866188367
.67158933480581
.67897327740987
.58509141206741
.62025316556295
.49542898933093
.50316455960274
.52848099668821
.5028129418691
.50070323546727
.54606189330419
.52601970235507
.43319269021352
.52848100662231
.45534457763036
.51547117034594
.45182841022809
.45112517476082
.51336146394412
.47222222884496
.50738396247228
.37095640103022
.49929675459862
.42158930500348
.4405766526858
.41068916519483
.44409282008807
.43670885761579
.38642756144206
.43706047534943
.38502110044161
.39803093671799
.32278481125832
.37869198123614
.39943741758664
.34634316960971
.28516174356143
.36568213502566
.40260196725527
.32805906732877
.34950772921244
.3424753844738
.30696202317874
.33720112840335
.29852320750554
.26933896541595
.22398030261199
.26441632211208
.29395217696826
.25070323546727
.22292545934518
.32278480132421
.21729957560698
.27953585982323
.30555555224419
.31153305371602
.29043600956599
.21940928200881
.24191280206045
.32313642899195
.27531644701958
.30098453164101
.30098453164101
.33368494113286
.29360056916873
.24472573896249
.2651195526123
.20675105849902
.28727144996325
.27496483922005
.20780590673288
.26054852207502
.30414909124374
.22925456861655
.29113924503326
.28973276416461
.25984527667363
.28375527262688
.26898733774821
.25808720787366
.33122363686562
.26652601361275
.23101265728474
.29289733370145
.2556258837382
.20323487619559
.28516174356143
.29852321743965
.22749648491542
.25
.23206751048565
.2528129418691
.25035161773364
.2292545735836
.26582277814547
.29922643303871
.27426160375277
.26371308167775
.25984528660774
.29817158977191
.2292545735836
.28129394849141
.28902953863144
.26617440581322
.30028128623962
.2612517674764
.25914206107457
.22046413520972
.29254571596781
.24226441482703
.2376933892568
.26160337527593
.2623066107432
.22890295088291
.24964838226636
.25421941280365
.22784810264905
.27672292788823
.21589310963949
.22784810264905
.24437412122885
.243319272995
.23382559915384
.29500703016917
.2623066008091
.25316455960274
.25316455960274
.26969056328138
.20604782303174
.29887481530507
.28270041942596
.26090014974276
.28059071302414
.2429676502943
.24542897442977
.28164556622505
.2651195526123
.23312236368656
.26582278807958
.20991560816765
.2169479628404
.23558368782202
.26054853200912
.23488045235475
.28762306769689
.27426159381866
.26300984621048
.29043599963188
.28199718395869
.24542897442977
.30590716997782
.29887482523918
.24789029359818
.24542897442977
.2971167465051
.26441631714503
.26687764128049
.24894515176614
.2584388256073
.28656821449598
.30168775717417
.31012657284737
.29641351103783
.26933895548185
.2623066107432
.2623066107432
.23312236368656
.24542897442977
.28199718395869
.25984528660774
.25351617733637
.20534458756447
.28516174356143
.25668073693911
.29289732376734
.28164556622505
.22362869481246
.1768635759751
.23909986019135
.26160336534182
.25140647093455
.27074541648229
.23382559915384
.22116737067699
.23382559418678
.24437412619591
.22081575791041
.24929676453273
.31153304378192
.22784810264905
.2707454363505
.28797468543053
.24613220492999
.30450069904327
.27144865194956
.26582278807958
.28973277409871
.27390997608503
.24261603256067
.26090014974276
.28410689036051
.22855133314927
.23136427005132
.21976089974244
.25703235467275
.24753867586454
.24050632615884
.21167370180289
.26125176250935
.23839662472407
.26722925901413
.20921237766743
.24261603256067
.23312235871951
.26969057321548
.26336146394412
.19022503495216
.26652601361275
.25597750147184
.23909986019135
.27672291795413
.29606188337008
.20499296983083
.21624472737312
.30203937490781
.24156118432681
.25738397240639
.256680727005
.23734177152316
.20358649889628
.26547117034594
.23136427501837
.227848097682
.27180027961731
.29746835430463
.23909985522429
.29711673657099
.23241912821929
.20218003292878
.21870604654153
.27988748749097
.18565400441488
.24613220989704
.20815752446651
.21167370180289
.21800281107426
.22960619131724
.22609000901381
.22011251747608
.22292545934518
.22292545437813
.21729957560698
.28129394849141
.2457805921634
.23382559915384
.25351617733637
.18178621927897
.27601969242096
.27531644701958
.1976090023915
.22327707211177
.23241912325223
.1933895945549
.25527426600456
.25597750147184
.22222222387791
.25808719793955
.27848100662231
.26406469941139
.25316455960274
.24578058719635
.22749648491542
.22187060614427
.23101265728474
.24437412122885
.22292545934518
.22327707707882
.2429676502943
.23558368782202
.2292545735836
.18670885761579
.22995780408382
.23558368285497
.21202531456947
.19585091372331
.19936709105968
.18846694628398
.20288325846195
.2401547084252
.2169479628404
.2405063311259
.25738396743933
.28023910522461
.22573839624723
.23101265728474
.2348804473877
.2334739814202
.26300984621048
.25773559014002
.22749648491542
.23593530058861
.22468354801337
.19127988815308
.25843881567319
.22257384161154
.2707454264164
.21026722590129
.22257383664449
.17334739863873
.22995780408382
.20288326342901
.22222222387791
.25
.2334739814202
.19831223785877
.22890295584997
.20815752446651
.20815751949946
.22714486221472
.23945147792498
.24367088576158
.27812939882278
.22116737067699
.19479606548945
.2746132115523
.2623066107432
.23593530058861
.24050632615884
.28270041942596
.24824191629887
.27883262435595
.21026722590129
.19479605555534
.2556258837382
.24507735669613
.25281293193499
.27215189735095
.25457103053729
.20534458756447
.2718002696832
.25914205114047
.23593530555566
.26476793487867
.18600562711557
.26300984621048
.22081575294336
.23734177152316
.23523206512133
.21870604654153
.24156117935975
.19690576692422
.22960618635019
.23417721688747
.21026722590129
.19725738465786
.22819971541564
.2457805921634
.1589310814937
.27320675055186
.21870604654153
.23030942181746
.26441632707914
.23312235871951
.18706048031648
.27355835835139
.19268635412057
.18530239164829
.26441631714503
.25070324043433
.26547117034594
.24964838723342
.25421941280365
.2623066107432
.2774261534214
.26195498307546
.27250350515048
.29113924503326
.23206751048565
.21835442880789
.25246132413546
.22151898841063
.20288326342901
.28727144996325
.2584388256073
.21026722590129
.23523207008839
.30590716997782
.23312236865362
.23030942181746
.28164556622505
.21624472240607
.23030942181746
.29324894150098
.25949367880821
.21518987417221
.25879044334094
.23839662472407
.23804500699043
.27109704415003
.17475386957328
.27320675055186
.31680730978648
.2264416317145
.23382559915384
.28270041942596
.22081575294336
.28340365489324
.19479606548945
.22187060117722
.20323488116264
.24191279709339
.21026723583539
.24402250349522
.21835442880789
.2236286898454
.20780591169993
.24894514679909
.2763713101546
.21413501600424
.23804500202338
.21343178550402
.22151898841063
.20956399043401
.19936708609263
.22960618635019
.25175807873408
.23874824245771
.21132208406925
.25562586883704
.21624472240607
.20675105353196
.24859352906545
.23382559915384
.22538678348064
.21448663870494
.24648382266363
.19374121228854
.26195500294367
.24753868083159
.2141350209713
.22890295584997
.27637130022049
.23171589771907
.22151898841063
.26160337527593
.22011251747608
.28164556622505
.23945147792498
.20358649392923
.27953585982323
.23312236368656
.22503516077995
.18530239164829
.26195499300957
.16209564109643
.24120956659317
.20675105849902
.19514768322309
.21554149190585
.22468354304632
.18917018175125
.24085794885953
.24789029359818
.21132208406925
.23734177152316
.24507735669613
.20007032155991
.26863572001457
.21589310963949
.23874824742476
.26160338521004
.22292545437813
.23382559915384
.21483826140563
.20147679746151
.20147679249446
.23382559915384
.24542897442977
.2292545735836
.22749647994836
.24683544039726
.23523207008839
.21800281107426
.20921237270037
.2169479628404
.2334739814202
.20358649889628
.22609001398087
.16279887159665
.23523207008839
.21167369683584
.17158930997054
.22327707707882
.21343179047108
.18741209308306
.24753867586454
.22573839624723
.20112517476082
.22538677851359
.18670886258284
.20358649889628
.22222222387791
.2514064759016
.2208157479763
.25492264827092
.22714486718178
.18354430298011
.24191279709339
.22609001894792
.18213783204556
.21589310963949
.19831223785877
.22046413024267
.25808720787366
.22292545934518
.23066104451815
.29992967844009
.25351617733637
.19585091372331
.25140647093455
.26054852207502
.24894514679909
.24191279709339
.24648382763068
.25175809363524
.25386779507001
.24191280206045
.2457805921634
.24156117935975
.30801688631376
.20780590673288
.27355835835139
.2141350209713
.2264416317145
.26547117034594
.23171589275201
.19971870382627
.21518986920516
.19831223289172
.20534458756447
.19549929598967
.24613220989704
.21343178550402
.22046413520972
.23382559915384
.22116737067699
.18987341721853
.25703234473864
.22011251250903
.20042193929354
.28481012582779
.23101266225179
.20323487619559
.27039380868276
.16807313760122
.23663854102294
.24120956162612
.21765119334062
.20077355702718
.25949367880821
.2320675154527
.21026723086834
.26336146394412
.24261603256067
.18284107247988
.2461322148641
.24613220989704
.21659634510676
.19831223785877
.21202531456947
.18952179948489
.23382559915384
.23909986019135
.19409282505512
.22046413520972
.25210970143477
.20886075993379
.21940928200881
.2774261534214
.26160337527593
.22960618635019
.26582278807958
.2071026712656
.29324895143509
.26758087674777
.24085794389248
.26160337527593
.24156118432681
.23699014882247
.26441631714503
.26441631714503
.21026723086834
.25773558517297
.25457103053729
.23171589275201
.17862166464329
.25457103053729
.19796062012513
.20253164569537
.25386779507001
.23558368285497
.20534458756447
.20569620033105
.21905766427517
.22151898841063
.21835442880789
.20112517476082
.21483825643857
.25351617733637
.20428973436356
.17827003697554
.25457102060318
.20042193929354
.19479606548945
.24367088576158
.27918424208959
.22609001398087
.21835442880789
.243319272995
.18459915618102
.2401547084252
.1877637108167
.23312236865362
.23136427501837
.21940928200881
.22995780905088
.20077355702718
.20077355702718
.18670886258284
.22257384161154
.21659634510676
.22116737067699
.18741209308306
.2401547084252
.22046413520972
.24472573896249
.23804500202338
.25035162270069
.2127285550038
.21624472737312
.21061884363492
.2651195526123
.27285513281822
.23312236368656
.23382559418678
.24613220989704
.24120956659317
.23523206512133
.2556258837382
.24085794389248
.26019690434138
.27004219094912
.22609001398087
.22257383664449
.2348804473877
.25632912417253
.21976089974244
.26265823841095
.27848101655642
.21800281107426
.25668073693911
.23277075091998
.20604782303174
.24753867586454
.24015471339226
.21308016777039
.21624472737312
.24437412122885
.1976090023915
.22890295088291
.19514768322309
.20042193929354
.25070323546728
.18987341721853
.2071026712656
.2401547084252
.21976089974244
.21518987417221
.25773558020592
.19796062012513
.19936709105968
.23874824245771
.22784810264905
.21272855003675
.28234880169233
.22081575294336
.24683544536432
.19796061515808
.24402250846227
.20147679249446
.2746132115523
.25140647093455
.25105485320091
.26336147387822
.24648382763068
.16385372479757
.28270041942596
.29149085283279
.28164556622505
.26300983627637
.21624472240607
.21765119334062
.22046414017677
.21378340323766
.19479606548945
.26863572001457
.25527426600456
.23593530555566
.28023910522461
.23804500699043
.20639943579833
.2914908627669
.24367088576158
.18987341721853
.22925456861655
.23839662969112
.19866385559241
.18881856898467
.22257384161154
.18811532855034
.22292545437813
.21800281604131
.16736990213394
.18213783701261
.21343179047108
.23663853605588
.20815752943357
.22960618635019
.23417721192042
.21554149190585
.22960619131724
.21237693230311
.23593530555566
.27988748749097
.28762306769689
.2042897293965
.2429676502943
.25140647093455
.24507735669613
.26969057321548
.2457805921634
.2528129418691
.20639943579833
.20358649889628
.18073136607806
.2264416317145
.26125174760818
.24367088576158
.25
.23909986019135
.22538677851359
.22573839624723
.22081575294336
.27777777115504
.26758086681366
.2471870581309
.23312235871951
.23136427501837
.27285513281822
.20639943579833
.22292545934518
.24964838723342
.19092827041944
.21518987417221
.20850914220015
.18424753348033
.24226441482703
.22398031254609
.21097046136856
.26441631714503
.25070323546728
.2292545735836
.24929676453273
.21940927704175
.20710267623266
.21905766427517
.22222222387791
.19866385062536
.23277074098587
.21237693230311
.22398030757904
.19268635412057
.23593530058861
.20042193929354
.1947960605224
.19690576692422
.21870604654153
.1933895945549
.23312236865362
.22433192531268
.21132208406925
.27637130022049
.25949367880821
.18319268524647
.25210971136888
.20850914220015
.23136427501837
.24613220492999
.2169479628404
.19303797185421
.25457102557023
.22433193027973
.20921237766743
.24929676453272
.21659634013971
.19374120732148
.27039380868276
.26828410228093
.25632911920547
.24542897442977
.27601968248685
.22995780408382
.23101266225179
.25457103053729
.22890295584997
.20886075496674
.21448663870494
.24261603752772
.24718706309795
.21167369683584
.20077355702718
.2004219442606
.22081575294336
.21167369683584
.24191279709339
.21589310467243
.19971870879332
.23277074595292
.26969057321548
.23945147295793
.22503516574701
.23945147792498
.20850914220015
.19725738465786
.20182841022809
.22960618635019
.23804500699043
.24120956659317
.25421941280365
.19901547332605
.27496483922005
.2405063311259
.17158930997054
.24296765526136
.23241912325223
.19233474135399
.16174401839574
.20218002796173
.20007032652696
.19971870879332
.19725737969081
.19901547332605
.22433192531268
.23171589275201
.17158931493759
.2376933892568
.21800281107426
.23734177152316
.25457103053729
.20182841022809
.22573839624723
.22538677851359
.22398031254609
.24824191629887
.24648383259773
.19374121228854
.20428973436356
.22011251747608
.24542897442977
.20007032155991
.23030942181746
.20815752446651
.21202531456947
.17194092770418
.26265823841095
.20534458756447
.22222222387791
.21835443377495
.1782700419426
.16350211203098
.18987341721853
.18565400441488
.22187060614427
.21870604654153
.22187060117722
.24929676949978
.21554149190585
.18284106751283
.20534458259741
.19268635908763
.20921238263448
.23628691832225
.22784810264905
.26652602354685
.23839662969112
.18917018175125
.23804500699043
.22679324944814
.22046414017677
.2264416317145
.24929676949978
.21800281107426
.20921237766743
.18284106751283
.28129394849141
.21554148693879
.23066104451815
.20921237766743
.24085794885953
.22081575294336
.21800281107426
.22855133811633
.20534458756447
.23593530058861
.23206751048565
.22398030757904
.25386780003707
.26230662067731
.20077355702718
.21765119334062
.24050632615884
.21272855003675
.23628691832225
.22468354304632
.22257384161154
.24683544039726
.29219408830007
.21343178550402
.2886779208978
.2774261534214
.27215188741684
.33473979433378
.31786216298739
.32876231273015
.26160337527593
.27988747755686
.30836849411329
.30098453164101
.2264416317145
.30590716997782
.39838255445162
.34563994407654
.27355835835139
.35196905334791
.32067510485649
.36146272222201
.38185654083888
.3800984621048
.4170182844003
.41279887159665
.41104078292847
.44163150588671
.48804500699043
.42932489514351
.38748241464297
.46624472737312
.51547116041183
.46343178550402
.58087201913198
.59599157174428
.65682137012482
.5112517674764
.35548523068428
0
0
0
0
0
0
0
0
0
0
0
0
0
0
0
0
0
0
0
0
0
0
0
0
0
0
0
0
0
0
0
0
0
0
0
0
0
0
0
0
0
0
0
0
0
0
0
0
0
0
0
0
0
0
0
0
0
0
0
0
0
0
0
0
0
0
0
0
0
0
0
0
0
0
0
0
0
0
0
0
0
0
0
0
0
0
0
0
0
0
0
0
0
0
0
0
0
0
0
0
0
0
0
0
0
0
0
0
0
0
0
0
0
0
0
0
0
0
0
0
0
0
0
0
0
0
0
0
0
0
0
0
0
0
0
0
0
0
0
0
0
0
0
0
0
0
0
0
0
0
0
0
0
0
0
0
0
0
0
0
0
0
0
0
0
0
0
0
0
0
0
0
0
0
0
0
0
0
0
0
0
0
0
0
0
0
0
0
0
0
0
0
0
0
0
0
0
0
0
0
0
0
0
0
0
0
0
0
0
0
0
0
0
0
0
0
0
0
0
0
0
0
0
0
0
0
0
0
0
0
0
0
0
0
0
0
0
0
0
0
0
0
0
0
0
0
0
0
0
0
0
0
0
0
0
0
0
0
0
0
0
0
0
0
0
0
0
0
0
0
0
0
0
0
0
0
0
0
0
0
0
0
0
0
0
0
0
0
0
0
0
0
0
0
0
0
0
0
0
0
0
0
0
0
0
0
0
0
0
0
0
0
0
0
0
0
0
0
0
0
0
0
0
0
0
0
0
0
0
0
0
0
0
0
0
0
0
0
0
0
0
0
0
0
0
0
0
0
0
0
0
0
0
0
0
0
0
0
0
0
0
0
0
0
0
0
0
0
0
0
0
0
0
0
0
0
0
0
0
0
0
0
0
0
0
0
0
0
0
0
0
0
0
0
0
0
0
0
0
0
0
0
0
0
0
0
0
0
0
0
0
0
0
0
0
0
0
0
0
0
0
0
0
0
0
0
0
0
0
0
0
0
0
0
0
0
0
0
0
0
0
0
0
0
0
0
0
0
0
0
0
0
0
0
0
0
0
0
0
0
0
0
0
0
0
0
0
0
0
0
0
0
0
0
0
0
0
0
0
0
0
0
0
0
0
0
0
0
0
0
0
0
0
0
0
0
0
0
0
0
0
0
0
0
0
0
0
0
0
0
0
0
0
0
0
0
0
0
0
0
0
0
0
0
0
0
0
0
0
0
0
0
0
0
0
0
0
0
0
0
0
0
0
0
0
0
0
0
0
0
0
0
0
0
0
0
0
0
0
0
0
0
0
0
0
0
0
0
0
0
0
0
0
0
0
0
0
0
0
0
0
0
0
0
0
0
0
0
0
0
0
0
0
0
0
0
0
0
0
0
0
0
0
0
0
0
0
0
0
0
0
0
0
0
0
0
0
0
0
0
0
0
0
0
0
0
0
0
0
0
0
0
0
0
0
0
0
0
0
0
0
0
0
0
0
0
0
0
0
0
0
0
0
0
0
0
0
0
0
0
0
0
0
0
0
0
0
0
0
0
0
0
0
0
0
0
0
0
0
0
0
0
0
0
0
0
0
0
0
0
0
0
0
0
0
0
0
0
0
0
0
0
0
0
0
0
0
0
0
0
0
0
0
0
0
0
0
0
0
0
0
0
0
0
0
0
0
0
0
0
0
0
0
0
0
0
0
0
0
0
0
0
0
0
0
0
0
0
0
0
0
0
0
0
0
0
0
0
0
0
0
0
0
0
0
0
0
0
0
0
0
0
0
0
0
0
0
0
0
0
0
0
0
0
0
0
0
0
0
0
0
0
0
0
0
0
0
0
0
0
0
0
0
0
0
0
0
0
0
0
0
0
0
0
0
0
0
0
0
0
0
0
0
0
0
0
0
0
0
0
0
0
0
0
0
0
0
0
0
0
0
0
0
0
0
0
0
0
0
0
0
0
0
0
0
0
0
0
0
0
0
0
0
0
0
0
0
0
0
0
0
0
0
0
0
0
0
0
0
0
0
0
0
0
0
0
0
0
0
0
0
0
0
0
0
0
0
0
0
0
0
0
0
0
0
0
0
0
0
0
0
0
0
0
0
0
0
0
0
0
0
0
0
0
0
0
0
0
0
0
0
0
0
0
0
0
0
0
0
0
0
0
0
0
0
0
0
0
0
0
0
0
0
0
0
0
0
0
0
0
0
0
0
0
0
0
0
0
0
0
0
0
0
0
0
0
0
0
0
0
0
0
0
0
0
0
0
0
0
0
0
0
0
0
0
0
0
0
0
0
0
0
0
0
0
0
0
0
0
0
0
0
0
0
0
0
0
0
0
0
0
0
0
0
0
0
0
0
0
0
0
0
0
0
0
0
0
0
0
0
0
0
0
0
0
0
0
0
0
0
0
0
0
0
0
0
0
0
0
0
0
0
0
0
0
0
0
0
0
0
0
0
0
0
0
0
0
0
0
0
0
0
0
0
0
0
0
0
0
0
0
0
0
0
0
0
0
0
0
0
0
0
0
0
0
0
0
0
0
0
0
0
0
0
0
0
0
0
0
0
0
0
0
0
0
0
0
0
0
0
0
0
0
0
0
0
0
0
0
0
0
0
0
0
0
0
0
0
0
0
0
0
0
0
0
0
0
0
0
0
0
0
0
0
0
0
0
0
0
0
0
0
0
0
0
0
0
0
0
0
0
0
0
0
0
0
0
0
0
0
0
0
0
0
0
0
0
0
0
0
0
0
0
0
0
0
0
0
0
0
0
0
0
0
0
0
0
0
0
0
0
0
0
0
0
0
0
0
0
0
0
0
0
0
0
0
0
0
0
0
0
0
0
0
0
0
0
0
0
0
0
0
0
0
0
0
0
0
0
0
0
0
0
0
0
0
0
0
0
0
0
0
0
0
0
0
0
0
0
0
0
0
0
0
0
0
0
0
0
0
0
0
0
0
0
0
0
0
0
0
0
0
0
0
0
0
0
0
0
0
0
0
0
0
0
0
0
0
0
0
0
0
0
0
0
0
0
0
0
0
0
0
0
0
0
0
0
0
0
0
0
0
0
0
0
0
0
0
0
0
0
0
0
0
0
0
0
0
0
0
0
0
0
0
0
0
0
0
0
0
0
0
0
0
0
0
0
0
0
0
0
0
0
0
0
0
0
0
0
0
0
0
0
0
0
0
0
0
0
0
0
0
0
0
0
0
0
0
0
0
0
0
0
0
0
0
0
0
0
0
0
0
0
0
0
0
0
0
0
0
0
0
0
0
0
0
0
0
0
0
0
0
0
0
0
0
0
0
0
0
0
0
0
0
0
0
0
0
0
0
0
0
0
0
0
0
0
0
0
0
0
0
0
0
0
0
0
0
0
0
0
0
0
0
0
0
0
0
0
0
0
0
0
0
0
0
0
0
0
0
0
0
0
0
0
0
0
0
0
0
0
0
0
0
0
0
0
0
0
0
0
0
0
0
0
0
0
0
0
0
0
0
0
0
0
0
0
0
0
0
0
0
0
0
0
0
0
0
0
0
0
0
0
0
0
0
0
0
0
0
0
0
0
0
0
0
0
0
0
0
0
0
0
0
0
0
0
0
0
0
0
0
0
0
0
0
0
0
0
0
0
0
0
0
0
0
0
0
0
0
0
0
0
0
0
0
0
0
0
0
0
0
0
0
0
0
0
0
0
0
0
0
0
0
0
0
0
0
0
0
0
0
0
0
0
0
0
0
0
0
0
0
0
0
0
0
0
0
0
0
0
0
0
0
0
0
0
0
0
0
0
0
0
0
0
0
0
0
0
0
0
0
0
0
0
0
0
0
0
0
0
0
0
0
0
0
0
0
0
0
0
0
0
0
0
0
0
0
0
0
0
0
0
0
0
0
0
0
0
0
0
0
0
0
0
0
0
0
0
0
0
0
0
0
0
0
0
0
0
0
0
0
0
0
0
0
0
0
0
0
0
0
0
0
0
0
0
0
0
0
0
0
0
0
0
0
0
0
0
0
0
0
0
0
0
0
0
0
0
0
0
0
0
0
0
0
0
0
0
0
0
0
0
0
0
0
0
0
0
0
0
0
0
0
0
0
0
0
0
0
0
0
0
0
0
0
0
0
0
0
0
0
0
0
0
0
0
0
0
0
0
0
0
0
0
0
0
0
0
0
0
0
0
0
0
0
0
0
0
0
0
0
0
0
0
0
0
0
0
0
0
0
0
0
0
0
0
0
0
0
0
0
0
0
0
0
0
0
0
0
0
0
0
0
0
0
0
0
0
0
0
0
0
0
0
0
0
0
0
0
0
0
0
0
0
0
0
0
0
0
0
0
0
0
0
0
0
0
0
0
0
0
0
0
0
0
0
0
0
0
0
0
0
0
0
0
0
0
0
0
0
0
0
0
0
0
0
0
0
0
0
0
0
0
0
0
0
0
0
0
0
0
0
0
0
0
0
0
0
0
0
0
0
0
0
0
0
0
0
0
0
0
0
0
0
0
0
0
0
0
0
0
0
0
0
0
0
0
0
0
0
0
0
0
0
0
0
0
0
0
0
0
0
0
0
0
0
0
0
0
0
0
0
0
0
0
0
0
0
0
0
0
0
0
0
0
0
0
0
0
0
0
0
0
0
0
0
0
0
0
0
0
0
0
0
0
