.23699015378952
.26336147387822
.21870605150859
.21905766427517
.2679324845473
.2858649790287
.25386779507001
.2584388256073
.24648382763068
.22327707211177
.28445850809415
.22538677851359
.19585091869036
.24261603256067
.20253164072831
.19127988318602
.20007032155991
.23101265728474
.20639943579833
.2334739814202
.21132208406925
.2556258837382
.24191279709339
.25105485320091
.20464135209719
.23909986019135
.20780590176582
.23241912821929
.28691983222961
.22011251747608
.25492264827092
.28375527262688
.22784810264905
.22081575294336
.18037974337737
.22925456861655
.2651195526123
.26019691427549
.25210970640182
.26617440581322
.23628691832225
.30274262030919
.25421941280365
.2651195526123
.23136427998543
.25703235467275
.24648382266363
.26019691427549
.20428973436356
.2651195526123
.23593530058861
.26125175754229
.20288326342901
.23874824245771
.26090013980865
.18670885761579
.30801687637965
.24648382763068
.19233473638693
.26722925901413
.26828411221504
.22327707211177
.26933895548185
.23523206512133
.23523206512133
.2914908627669
.19866385559241
.22187060117722
.25000000496705
.24964838226636
.20569620529811
.27601968248685
.23382559418678
.26019691427549
.22538677851359
.23488045235475
.20358649889628
.25668073693911
.22222222387791
.20639943579833
.24296765526136
.20604781806469
.21765119830767
.20147679746151
.27180027961731
.19233473638693
.22011252244314
.23980310062567
.22362868487835
.22327707211177
.2334739814202
.21518987417221
.24753867586454
.19163150588671
.22257383664449
.19127988318602
.24437412122885
.22362869481246
.20499296486378
.2362869232893
.21765119334062
.17158931493759
.22538677851359
.22327707211177
.21167370180289
.18917018175125
.24261603256067
.2099156131347
.23206751048565
.22327707211177
.26090014974276
.22749648491542
.23101265728474
.19901546835899
.22011251747608
.24683544039726
.22855133314927
.26687764128049
.24648382763068
.27004219094912
.30450070897738
.28551336129506
.21940928697586
.24824191629887
.23277074595292
.21905766924222
.29711673657099
.21729958057404
.23101265728474
.22011251747608
.25597750147184
.2099156131347
.21483825643857
.19796062012513
.24613220989704
.26582277814547
.23241912821929
.18565400938193
.25597749153773
.30590717991193
.23101265728474
.2830520371596
.22398030757904
.23628691832225
.26476792494456
.25457103053729
.22890295088291
.21343178550402
.24191279709339
.22187060614427
.23101265728474
.23312236368656
.19409282505512
.2707454264164
.24613220492999
.24226441482703
.19866385559241
.22116736570994
.18530239164829
.15998593469461
.23382559915384
.24226441482703
.26371308167775
.21167369683584
.22257383664449
.15857946376006
.21518987417221
.24437412122885
.19268635908763
.23558368782202
.25492264827092
.23206751048565
.23699014882247
.2085091372331
.27039380868276
.27988747755686
.23839662472407
.19901547332605
.26969058314959
.23593530555566
.17369901637236
.26371308167775
.25316455960274
.21483826140563
.23488045235475
.19971870382627
.17756680150827
.20147679249446
.26863572994868
.22046413520972
.27531644701958
.20850914220015
.18354430298011
.20675105353196
.23136427501837
.22292545437813
.27109704415003
.28129394849141
.21589310963949
.19514767825603
.25070324043433
.23628691832225
.27215190728505
.26828410228093
.2623066107432
.26547117034594
.28094233075778
.23452882965406
.28059071302414
.2858649790287
.23663853108883
.27285512288411
.24789029856523
.2457805921634
.30485231677691
.2306610395511
.23241912821929
.2362869232893
.26476794481277
.227848097682
.2042897293965
.25105485320091
.23980309069157
.23312236368656
.25105485320091
.24578058719635
.20534458756447
.25914205114047
.23593530058861
.24226441979408
.29219409823418
.25773559014002
.25
.25351617733637
.24789029359818
.20921237766743
.24015471339226
.25386779507001
.24789029359818
.23945147792498
.22995780408382
.23066104451815
.27004220088323
.24367088576158
.21378340323766
.27144865194956
.25351617733637
.24226441979408
.22714486221472
.22433193027973
.21061884363492
.29360056916873
.21589310963949
.25632911920547
.25316455463568
.2623066107432
.19936708609263
.24156117935975
.23241912821929
.23452883462111
.27601968248685
.25984529654185
.25175808370113
.27390999595324
.30977496504784
.23312236368656
.28410690029462
.22327707211177
.24191279709339
.27531644701958
.24437412122885
.21554148693879
.26090013980865
.27390997608503
.29571027557055
.28656821449598
.2528129418691
.27777778108915
.24542896946271
.26687764128049
.23839662472407
.21237693230311
.2802390952905
.2042897293965
.22468354801337
.22398030757904
.2348804473877
.23382559418678
.20745429396629
.22398030757904
.24542897442977
.26828411221504
.23593530555566
.19233474135399
.29289733370145
.26300985614459
.25351617733637
.29289732376734
.28621659676234
.24156118432681
.26336145401001
.25457102060318
.26969056328138
.26898734768232
.23628691832225
.24015471339226
.21061884860198
.22819972038269
.21554149190585
.2401547084252
.26476792494456
.23980309565862
.25914205114047
.22784810264905
.18846694131692
.25210970640182
.23909986019135
.25070323546728
.23980309565862
.21624472737312
.19303797682126
.23804500699043
.22222222387791
.25246132910252
.25879043340683
.25421941280365
.22116737067699
.23734177152316
.2528129418691
.26300984621048
.21413501600424
.22257384161154
.26336146394412
.24648382763068
.21905766427517
.23136427501837
.21272855003675
.23312236368656
.20534458756447
.18178621431192
.19303797185421
.18565400441488
.21659634510676
.20112517476082
.22011251747608
.16139240562916
.26722924908002
.23839662472407
.23945147792498
.22573839624723
.21870604654153
.19303797682126
.22503516077995
.21765119830767
.2169479628404
.25070323546728
.22784810264905
.21694795787334
.21272855003675
.19092827041944
.16315048933029
.23558368285497
.20675105353196
.21870605150859
.23839661975702
.23488045235475
.23734177649021
.24261603752772
.26090014974276
.2320675154527
.19092827041944
.28797468543053
.28973277409871
.25808719793955
.2623066107432
.24367088079453
.24789029856523
.20464134713014
.18178621927897
.26547117034594
.20077355702718
.26687764128049
.28516174356143
.23312236368656
.25421941280365
.2236286898454
.3150492310524
.23628691832225
.24613220492999
.26758086681366
.26019691427549
.26933895548185
.24542896946271
.24753868083159
.2802390952905
.27144867181778
.26441630721092
.24191279709339
.26582278807958
.2485935340325
.25668073693911
.29360056916873
.30450069904327
.2679324845473
.28797468543053
.26758087674777
.26090014974276
.28094233075778
.19409282505512
.243319272995
.28270041942596
.25773558020592
.22538677851359
.2886779208978
.28516174356143
.22714486718178
.30836850404739
.27953586975733
.39451477924983
.29887482523918
.30203937490781
.23030942678452
.27039380868276
.2858649790287
.20534458259741
.30907172958056
.24226441979408
.24578059713046
.23839662472407
.294303804636
.24015471339226
.26160337527593
.28094233075778
.20393811662992
.25914205114047
.26125175754229
.20464135209719
.26265822847684
.24613220989704
.22327707707882
.27461322148641
.31082980831464
.23030942181746
.27285513281822
.29641350110372
.24613220989704
.26933895548185
.29957806070646
.23241912821929
.23593530058861
.2679324944814
.22151898841063
.25492264827092
.24156117935975
.26476794481277
.24964838226636
.26406469941139
.22433192531268
.25351617733637
.2651195426782
.2429676502943
.21308017273744
.27988748749097
.294303804636
.25210971136888
.36954992016157
.25984528660774
.25597750147184
.26828410228093
.26019690434138
.27988747755686
.23839661975702
.31821378072103
.28621659676234
.29360055923462
.28164557615916
.23945147792498
.32208157579104
.25773559014002
.23277074098587
.31434598565102
.25175808866819
.25351617733637
.2830520371596
.27566806475321
.20745428899924
.28551336129506
.33087200919787
.24120956659317
.28621659676234
.26195500294367
.23663854102294
.27461322148641
.28481012582779
.24753867586454
.26160338521004
.30801688631376
.26617440581322
.30274261037509
.24437412122885
.28516174356143
.30379747351011
.3217299580574
.30872011184692
.34001406033834
.26617440581322
.30555556217829
.29500704010328
.27672292788823
.25914205114047
.31082980831464
.2584388256073
.25738397240639
.30414909124374
.29957806070646
.24261603752772
.23945147792498
.32665260632833
.20428973436356
.2830520371596
.29219409823418
.22784810264905
.21202531953653
.25492265323798
.2651195526123
.30766525864601
.28586498896281
.29254570603371
.25773559014002
.2802390952905
.27215188741684
.27672292788823
.23277075091998
.27250350515048
.3161040743192
.28445850809415
.27320675055186
.28234880169233
.31786216298739
.26687764128049
.23241913318634
.3329817155997
.23593530555566
.22960618635019
.2735583682855
.29360055923462
.19268635908763
.22995780408382
.25879044334094
.23347397645315
.24402250846227
.25351617733637
.25984529654185
.24226441482703
.24191279709339
.22398030757904
.29887482523918
.25949367880821
.16385372976462
.2707454264164
.25457102060318
.27320674061775
.29535864790281
.27777777115504
.26863572001457
.22679324448109
.26547117034594
.30274261037509
.30414908130964
.2746132115523
.29324895143509
.25703235467275
.34950772921244
.26898733774821
.27672291795413
.28727144996325
.28340365489324
.27039380868276
.30133613944054
.23347397645315
.31997186938922
.28094233075778
.2538677851359
.2471870581309
.24964838226636
.29219409823418
.26652601361275
.28164556622505
.27531645695368
.27883262435595
.27812939882278
.22679324944814
.22573839624723
.30098453164101
.26300984621048
.24929676453273
.30485231677691
.27601968248685
.31188466151555
.26160337527593
.28551337122917
.2376933892568
.28481012582779
.28375527262688
.26476793487867
.31645569205284
.3245428899924
.26758087674777
.31645570198695
.26160337527593
.26441631714503
.32630098859469
.23171589275201
.31434598565102
.34985934694608
.29360056916873
.26336146394412
.30063291390737
.27180027961731
.32911393046379
.27566806475321
.32383966445923
.30063292384148
.29535865783691
.30450070897738
.27566806475321
.26547117034594
.29008439183235
.27320674061775
.32137834032377
.26019691427549
.28481012582779
.32594937086105
.3744725783666
.23593530555566
.38994373877843
.35302390654882
.28902953863144
.29184247056643
.2802390952905
.31118142604828
.29465542236964
.2886779208978
.32981716593107
.34106891353925
.36954993009567
.33122363686562
.31364276011785
.32383965452512
.32419128219287
.27812938888868
.348101268212
.36005626122157
.26617440581322
.38045007983843
.38502109050751
.33052040139834
.40084388852119
.3452883263429
.3161040743192
.32278481125832
.35337552428246
.31153304378192
.32348804672559
.33509143193563
.29043600956599
.31293952465057
.3301687737306
.29571026563644
.40014064311981
.32770744959513
.32208157579104
.38748242457708
.35759494702021
.39416315158208
.44549930095673
.39627285798391
.41842475533485
.36954993009567
.38959212104479
.52848100662231
.42616033554077
.46870605150859
.35091420014699
.45604781309764
.34388185540835
.36533052722613
.33122362693151
.34177214900653
.41209563612938
.41736990213394
.4310829838117
.42932489514351
.46061885356903
.44866385062536
.45147679249446
.37482419610023
.3839662472407
.40682138999303
.4198312163353
.45042194922765
.42088606953621
.40154711405436
.42194092273712
.43319268027941
.39838256438573
.50879041353861
.45886075496674
.38748241464297
.50457104047139
.47819971044858
.43670885761579
.5566104054451
.4651898642381
.42651195327441
.52144865194956
.48417722185453
.52074541648229
.54113924503326
.49824190139771
.44620252648989
.52109704415003
.5028129418691
.44303797682126
.67053447167079
.57278482119242
.51090013980865
.55731364091237
.67475386460622
.42791843414307
.47398030757904
.51476793487867
.46237694223722
.51793247461319
.55168775717417
.57841070493062
.56153305371602
.53059071302414
.55309420824051
.61251757542292
.5622362891833
.52777779102325
.6244725783666
.54922644297282
.47292546431224
.50316455960274
.50105485320091
.51125175754229
.65541489919027
.61744022369385
.47855132818222
.63818566004435
.53234881162643
.61427567402522
.75703235467275
.668073117733
.68037974834442
.74367088079453
.67229255040487
.69831222295761
.70569618542989
.68811533848445
.57630097866058
.82454288005829
.70428973436356
.72714487711589
.73312236865362
.72187060117722
.91877637306849
.76300982634226
.85407874981562
.79078761736552
.79043600956599
.9971870581309
.9574543039004
.94268635908763
1.099507689476
.95710267623266
1.0545007189115
1.1132208506266
1.25210972627
1.190576672554
1.3980309565862
1.4458509286245
1.3073136409124
1.411744038264
1.5661040941874
1.5105485121409
1.5854430198669
1.5355133612951
1.6181434790293
1.7436708609263
1.7672292788823
1.8364979426066
1.8684950669607
1.9412798881531
1.7187060515086
2.1694796880086
1.9940224488576
2.1251757939657
2.2746133009593
2.3934599558512
2.2971167564392
2.4637834231059
2.1547117233276
2.3185653686523
2.5875527064006
2.5523910522461
2.4595640500387
2.7039380868276
2.410337527593
2.5893108050028
2.5457103252411
2.6420533657074
2.6990154584249
3.098804473877
3.0917721589406
2.8582982222239
3.0903657277425
2.903656800588
3.362165927887
3.0956399440765
3.1786216894786
2.9001406033834
3.1789732774099
3.2524613539378
3.1269339720408
3.0791139602661
3.4268635908763
3.2095639705658
3.1297468344371
3.4662446975708
3.310126543045
3.1241209506989
3.6441631317139
3.4943741162618
3.3983825842539
3.4950773715973
3.7408579190572
3.5305906931559
3.5372714996338
3.4898030757904
3.5298874378204
3.4767932097117
3.633614619573
3.6438115437826
3.7739099661509
3.6758086681366
3.7141350110372
3.7225737571716
3.6705344518026
3.6068917115529
4.0305907726288
3.97327709198
3.72327709198
3.9648383458455
3.9033052921295
3.9440928300222
4.021448691686
4.0407876968384
3.8336849212646
3.8899437586466
3.9680027961731
3.9644866784414
4.2746132214864
4.2359352111816
3.9504219690959
4.2250351905823
4.5270744959513
3.9947257041931
4.3512657483419
4.4061180750529
4.0903657277425
4.5235584576925
4.3681433995565
4.3231364885966
4.3146975835164
4.2260901133219
4.3681433995565
4.4992968241374
4.4078761736552
4.2394515673319
4.5625878969828
4.4402249654134
4.415611743927
4.3298171361287
4.4033052126567
4.5632910728455
4.3790435791016
4.6311532656352
4.3765823046366
4.2950070699056
4.5583685239156
4.5024614334106
4.5379746754964
4.6086497306824
4.3561884562174
4.417018254598
4.5428972244263
4.4630802472432
4.5646977424622
4.5710266431173
4.5900139808655
4.610759417216
4.7025316556295
4.2524612744649
4.3284107844035
4.639240582784
4.4247538248698
4.3902955055237
4.5457104047139
4.5661040941874
4.2918423016866
4.4827707608541
4.4507735570272
4.4212377866109
4.5126581192017
4.2679324150085
4.1248242060343
4.2429676055908
4.541490872701
4.4001404444377
4.2609001795451
4.3590014775594
4.2137834231059
4.1132208506266
4.2285513877869
4.2405063311259
4.1575247446696
4.1142756144206
4.0780589580536
4.2464836438497
4.2640646298726
3.9388185342153
4.1638538042704
4.0312939484914
4.122714360555
4.0502813657125
3.7507032553355
3.9493670463562
3.8846694628398
3.8793951670329
3.7535161972046
3.6649085680644
3.7429676055908
3.466596364975
3.7528129418691
3.428973197937
3.4338959852854
3.3832630316416
3.4254570802053
3.5443038145701
3.1515471140544
3.4033052126567
3.3438819249471
3.2619550228119
3.3037974834442
3.2306610743205
3.1413501898448
3.070675055186
2.9497186342875
3.0759493509928
3.0007031758626
2.8375527064006
2.9490154584249
2.8456399440765
2.8790436585744
2.5527426401774
2.7841069698334
2.7081575393677
2.7809423605601
2.7950070699056
2.5337552229563
2.536216656367
2.584036509196
2.5443038145701
2.2964135011037
2.4191279411316
2.2341771920522
2.30344581604
2.4542897542318
2.1494374275208
2.2095639705658
2.161744038264
2.1409986019135
2.0988045533498
2.2063994407654
2.0661040941874
2.0073839426041
2.0165259838104
2.0179324944814
1.925105492274
1.9321378469467
1.9658930699031
1.8477496306101
1.8927566607793
1.7443741162618
1.8196202516556
1.7735583782196
1.7190576791763
1.7165963252385
1.8273558616638
1.5365682045619
1.6624472935994
1.5407876571019
1.7816455761592
1.4254571199417
1.6065400838852
1.715189854304
1.5453586578369
1.3688467343648
1.5650492111842
1.5253164768219
1.5253164370855
1.5611814260483
1.4458509286245
1.3727144797643
1.5436005592346
1.385724345843
1.3632208108902
1.5724331935247
1.4004922707876
1.3343881766001
1.3892405033112
1.3386076291402
1.296765089035
1.2763712803523
1.1782700220744
1.1765119632085
1.2644162972768
1.190576672554
1.1800281206767
1.269338965416
1.241912762324
1.2672292391459
1.2809423208237
1.2380450169245
1.0857946475347
1.0341069300969
1.0685653686523
.93741210301717
1.0418424805005
.91842474540075
.95007032155991
1.1610407829285
1.0140646696091
.97292546431224
.9971870581309
.97890293598175
1.0478199720383
.96729956070582
.93073135614395
.94303798675537
.93811533848445
.98136427005132
.8783403635025
.97151897350947
.84282700220744
.8329817255338
.97609003384908
.76793247461319
.75738394260406
.87693389256795
.86744022369385
.75632911920547
.81997187932332
.78656822443008
.71413503090541
.80450069904327
.72679324944814
.756680727005
.56715893745422
.66033756732941
.73277076085409
.6736990014712
.67053445180257
.62376934289932
.64205344518026
.68846694628398
.58368496100108
.56153305371602
.64029534657796
.58860758940379
.49402250846227
.67053447167079
.6216596364975
.5094936688741
.67405062913895
.64908579985301
.57419129212697
.60337553421656
.48909986019135
.48101266225179
.52953586975733
.48980309565862
.49226442972819
.5453586379687
.54711673657099
.41490858793259
.52918424208959
.46132208903631
.51652600367864
.45428973436356
.45147680242856
.50949367880821
.4708157479763
.50492264827092
.35864979028702
.47855133811633
.42123768726985
.4113924006621
.43389591574669
.42967650294304
.41666665673256
.37306609749794
.42897327740987
.36884670456251
.41455696026484
.31962025165558
.36814345916112
.39135021964709
.35232067108154
.28797467549642
.36005626122157
.39697608351707
.32911392052968
.34458508094152
.34212376674016
.3161040743192
.33931082487106
.3161040743192
.26195499300957
.23452883462111
.26090013980865
.30203937490781
.25843881567319
.23874824245771
.3273558417956
.22609001398087
.2746132115523
.29852320750554
.31153305371602
.28270041942596
.21518987417221
.23593530058861
.32172996799151
.26265822847684
.29043600956599
.29395217696826
.32630098859469
.28656821449598
.24402250349522
.26582278807958
.2004219442606
.28797467549642
.27637130022049
.21343178550402
.26230662067731
.30450070897738
.23241912821929
.28621659676234
.28762306769689
.25808720787366
.28234880169233
.26617440581322
.25984528660774
.33825598160426
.25984529654185
.22679324448109
.27812938888868
.26195499300957
.19971870382627
.28621659676234
.29324895143509
.21870604654153
.25457103053729
.23136427501837
.24367088576158
.25562587380409
.22538678348064
.26617440581322
.29043600956599
.27285513281822
.25632911920547
.26969057321548
.29817158977191
.21905766924222
.28551336129506
.2830520371596
.28270042936007
.29957806070646
.26652602354685
.25668073197206
.22187060614427
.29219409823418
.24331926802794
.23593530058861
.26054852207502
.27320675055186
.22819972038269
.25914206107457
.26300984621048
.23277074595292
.27461322148641
.21835442880789
.21940928200881
.2651195526123
.25070324043433
.24226441482703
.29606188337008
.25773558020592
.25984528660774
.26019691427549
.27848101655642
.21800281604131
.29395218690236
.27390998601913
.25105485816797
.29571027557055
.23558368285497
.25527427097162
.26969057321548
.2707454264164
.22538677851359
.2735583682855
.21483825643857
.22011251747608
.23874824245771
.25210970640182
.22573839624723
.28797468543053
.26371308167775
.25316455960274
.29113923509916
.28832630316416
.24085794389248
.30168775717417
.30063290397326
.23558368285497
.25421941280365
.29078762729963
.26933894554774
.27812938888868
.25316455960274
.25246132413546
.29324895143509
.29852319757144
.29922644297282
.30098453164101
.2679324845473
.23804500699043
.25738397240639
.23452883462111
.23171589275201
.29113924503326
.25773558517297
.23558368285497
.2113220791022
.29219408830007
.25773558020592
.24507735669613
.2735583682855
.23382559418678
.16877637306849
.23277074595292
.26828411221504
.26054853200912
.26441631714503
.23206751048565
.20288326342901
.24085794389248
.24542896946271
.22749648491542
.24894515176614
.29465542236964
.22538677354654
.26406469941139
.28164556622505
.23628691832225
.30766525864601
.27250352501869
.25632910927137
.28410689036051
.25632911920547
.23980309565862
.26722924908002
.27883262435595
.23206751048565
.2401547084252
.22855133314927
.25316455960274
.2556258837382
.24226441979408
.20675105353196
.25984528660774
.2376933892568
.26582277814547
.20288326342901
.24261603256067
.23382559418678
.26933896541595
.2679324845473
.1976090023915
.27039379874865
.2623066008091
.24331926802794
.28973277409871
.28129394849141
.20745428403219
.23171589275201
.29324895143509
.25140647093455
.26265822847684
.24472573896249
.23382559915384
.21202531953653
.26336146394412
.22398030757904
.22855133811633
.27812938888868
.28516174356143
.24753868083159
.29676512877146
.23452883462111
.21800281107426
.21729957560698
.27637130022049
.18670885761579
.243319272995
.22011251747608
.22292545437813
.2264416317145
.2236286898454
.23628691832225
.22819972038269
.22644163668156
.26793248951435
.22468354801337
.28621659676234
.25527426600456
.24085794885953
.25879044334094
.17791842420896
.26160337527593
.27953586975733
.1947960605224
.22433193027973
.23241912821929
.19796062012513
.25070323546727
.2594936688741
.22784810264905
.26230662067731
.27320674061775
.26863572001457
.24261603256067
.25316455960274
.23558368782202
.23558368782202
.24261603256067
.25668073693911
.23558368285497
.21800281604131
.24437412122885
.22995780905088
.23452883462111
.19374120732148
.23699015378952
.22784810264905
.21589310963949
.19163150588671
.20042193929354
.19549929598967
.19620253145695
.23382559915384
.20745428899924
.25879043837388
.24789029359818
.28481012582779
.22327707707882
.22538677354654
.22292545934518
.23663853605588
.25492264827092
.25984529654185
.23382559418678
.23839662472407
.22609001398087
.1976090023915
.26300984621048
.22327707211177
.27637130022049
.21835443377495
.22362869481246
.17194092770418
.22292545934518
.19655414919058
.22855133811633
.25105485320091
.23347397645315
.20182841519515
.22468354304632
.1976090023915
.21589310963949
.23136427501837
.22784810264905
.2401547084252
.26371308167775
.23277074595292
.19971870382627
.26898733774821
.26406468947728
.23523206512133
.24402250349522
.27812938888868
.24507735669613
.27074541648229
.2042897293965
.20675105353196
.25457103053729
.25668073693911
.25562587877115
.25597750147184
.26441631714503
.20886075993379
.27531644701958
.25210970640182
.23101265728474
.25914206107457
.1919831186533
.25421941280365
.22362869481246
.23874824245771
.23593530058861
.21729957560698
.23136427998543
.19549929598967
.21835442880789
.24894515176614
.22292545437813
.19092827041944
.23593530555566
.23874824245771
.16385372976462
.2763713101546
.21800281107426
.22714486718178
.26090013980865
.24261602759361
.19901547332605
.27320675055186
.20464134713014
.18495077391466
.26336146394412
.25140647093455
.2679324845473
.26054853200912
.23839662472407
.25738397240639
.27988747755686
.26617440581322
.2584388256073
.28973277409871
.24015471339226
.21167370180289
.26652601361275
.21940928200881
.20604781806469
.28445850809415
.26054853200912
.20323488116264
.23523207008839
.28375526269277
.23839662472407
.22257384161154
.2746132115523
.22890295088291
.22749647994836
.29360055923462
.25000000496705
.2197609047095
.2584388256073
.23699015378952
.23980309565862
.26476793487867
.1754571000735
.27039380868276
.30520394444466
.24261603256067
.23382559915384
.28164556622505
.21800281604131
.26195499300957
.19268635908763
.21940928200881
.20218002796173
.24753867586454
.19725738465786
.23523206512133
.22538677851359
.21940928697586
.21272855003675
.25140647093455
.27144866188367
.20850914220015
.23945147792498
.22538677851359
.23312236368656
.20499296983083
.21448663870494
.2236286898454
.25632911920547
.23488045235475
.2113220791022
.25351617733637
.22046413520972
.21097046633561
.25562587380409
.23980309565862
.22503516077995
.21448663870494
.2485935340325
.20850914220015
.25949367880821
.2457805921634
.21167369683584
.23241912821929
.28234880169233
.24472573896249
.23171589275201
.25140647093455
.22573840121428
.29535864790281
.22222222387791
.20956399540106
.27812938888868
.22609001398087
.22116737067699
.19725738465786
.2679324845473
.17545710504055
.25035161773364
.21026722590129
.18037974834442
.22116737067699
.22151898841063
.18495077391466
.23277074595292
.25879043340683
.21308017273744
.23523207008839
.25914206107457
.21237693230311
.28762306769689
.21765119830767
.22995780408382
.25879044334094
.22749648491542
.24191279709339
.2141350209713
.20147679249446
.20077355702718
.23523206512133
.2679324944814
.23945147792498
.22609001398087
.23382559915384
.23734177152316
.20323488116264
.21132208406925
.2197609047095
.24085794389248
.21167370180289
.23241912325223
.15717299779256
.22362869481246
.20780591169993
.16912799080213
.22046413520972
.21518987417221
.17651195327441
.25773559014002
.22609001894792
.20639943579833
.21378340323766
.18319268524647
.20393811166286
.22784810264905
.25175808866819
.21659634510676
.24507735669613
.22187060614427
.19409282505512
.2264416317145
.2405063311259
.18600562214851
.22327707211177
.18846694628398
.22855133811633
.25703235467275
.21729957560698
.22433192531268
.30063291390737
.25175808866819
.21378339827061
.24789029856523
.2651195526123
.24085794885953
.24648381769657
.25597750147184
.24648382763068
.25632911920547
.25175808866819
.23558368782202
.24367088576158
.29395217696826
.21729957560698
.28094233075778
.2099156131347
.22960619131724
.26969057321548
.24085794389248
.21237693230311
.22292545437813
.20393811662992
.21800281604131
.19725738465786
.25035162270069
.20780591169993
.21765119334062
.22925456861655
.22116736570994
.19303797682126
.2623066107432
.21202531953653
.19866385062536
.2858649790287
.21976089477539
.21378340323766
.25914205114047
.18354430298011
.24402250846227
.23945147792498
.20288326342901
.19936709105968
.2623066107432
.24472573399544
.21870604654153
.26019691427549
.23488045235475
.19444444278876
.22222222387791
.24894515176614
.22011251747608
.20112517476082
.21554149190585
.19338958958785
.2362869232893
.24261603256067
.19092827041944
.22609000901381
.25210970143477
.19936708609263
.22503516574701
.27637130022049
.2471870581309
.22679324944814
.27320675055186
.20323488116264
.2830520371596
.26441630721092
.24648382763068
.25632911920547
.24015471339226
.2334739814202
.24824191629887
.25070324043433
.20077355702718
.25914206107457
.23101265728474
.2334739814202
.16420534749826
.25457102557023
.19690576692422
.19409282505512
.22327707707882
.22995780905088
.18917018175125
.20428973436356
.21976089974244
.19303797682126
.21097046136856
.2071026712656
.20393811662992
.24437412122885
.21026723086834
.17721518874168
.2429676502943
.19549929598967
.1905766526858
.25246132413546
.27777778108915
.22890295584997
.22116737564405
.24085794389248
.18741209805012
.23241912821929
.1810829838117
.2334739814202
.21624472240607
.21483825643857
.23101265728474
.19549929598967
.19303797682126
.17862166464329
.21554149190585
.19444444278876
.21448663870494
.18987341225147
.24859352906545
.21905766427517
.24156118432681
.22960618635019
.24367089072863
.20675105353196
.20745428899924
.2085091372331
.27320674061775
.28129394849141
.22116737067699
.22749648491542
.24472573896249
.24261603256067
.22503516077995
.24472573896249
.22538677851359
.26160338521004
.25668073693911
.22398030757904
.22819972038269
.23241912821929
.26019690434138
.20780590673288
.26090013980865
.27883263429006
.21554149190585
.25281294683615
.25703235467275
.20956399540106
.24894514679909
.24789029856523
.19971870382627
.21518987417221
.2457805921634
.21026722590129
.23452883462111
.18987341721853
.20218002796173
.24824191629887
.20007032155991
.19514767825603
.24156118432681
.22327707707882
.21554149190585
.2461322148641
.20956399540106
.20499296983083
.23171589275201
.2264416317145
.21835442880789
.27390997608503
.23593530555566
.24964838723342
.2085091372331
.24824191629887
.20358649889628
.2679324845473
.2594936688741
.25457103053729
.26054851214091
.2429676502943
.16209563612938
.28656821449598
.30309422810872
.2735583682855
.26441631714503
.22573839624723
.22151898841063
.23277074595292
.20991560816765
.20358649889628
.26019690434138
.25597750147184
.23593530058861
.26476793487867
.22538677851359
.21167369683584
.27531644701958
.25070323050022
.19760899742444
.23558368285497
.24191280206045
.18811533351739
.18917018175125
.22222221891085
.18530239164829
.22011251747608
.20323488116264
.16666666666667
.18037974834442
.21132208406925
.23206751048565
.20182841519515
.24226441482703
.23452883462111
.21237693230311
.23452882965406
.2264416317145
.23558368285497
.2651195526123
.27918424208959
.19514768322309
.22503516574701
.23136427501837
.25421940286954
.26828410228093
.24507735669613
.26195499300957
.20358649889628
.20464134713014
.18741209805012
.2320675055186
.2542194078366
.23734177152316
.25808719793955
.24683544536432
.21940928200881
.23101265728474
.2306610395511
.26933895548185
.27320675055186
.2457805921634
.22749647994836
.23874823749065
.26617439587911
.21202531953653
.2292545735836
.26019690434138
.1877637108167
.21167369683584
.19901546835899
.1810829838117
.2457805921634
.21202531456947
.21308017273744
.26582277814547
.23874824742476
.21343179047108
.24507735669613
.22187060614427
.21483825643857
.21870604654153
.20323488116264
.18670886258284
.21448664367199
.21202531456947
.22749648988247
.19514767825603
.24085794389248
.20534458259741
.19585091372331
.20323488116264
.21870604654153
.17897328237693
.2334739814202
.21343178550402
.21308016280333
.28164556622505
.2443741162618
.18213783204556
.24683544039726
.20745428899924
.23382559915384
.25703235467275
.20604781806469
.20956399540106
.23558368782202
.22151898841063
.22292545437813
.2457805921634
.22784810264905
.18670886258284
.25457103053729
.26160337527593
.25105485320091
.25175808370113
.26441630721092
.22855133314927
.22468354304632
.25140647093455
.22468354304632
.20639943579833
.2169479628404
.23734177649021
.2306610395511
.2042897293965
.19901547332605
.22222221891085
.21905766427517
.21061884860198
.24648382763068
.22327707707882
.20780590673288
.2264416317145
.26476794481277
.23909986019135
.23909986019135
.25210970640182
.22468354304632
.19831223785877
.21202531456947
.27109704415003
.24402250349522
.24156117935975
.2542194177707
.19866385062536
.27250351508458
.24648382763068
.17897327740987
.25
.23417721688747
.19409282505512
.16104078789552
.20604782303174
.20780590673288
.20077355702718
.20288326342901
.21167369683584
.22011251747608
.23206751048565
.17229254543781
.24191280206045
.23136427501837
.25316455960274
.24894514679909
.20253164569537
.22819972038269
.22960619131724
.22151899337769
.24050632615884
.23488045235475
.19374120732148
.1919831285874
.21765119830767
.23874824742476
.20886075993379
.23839662472407
.20218002796173
.19901547332605
.1575246155262
.2514064759016
.20639943579833
.22187060117722
.21237693230311
.17651195824146
.16104078292847
.18706048031648
.18073136607806
.22116737067699
.21554149190585
.21940928200881
.25210970640182
.2141350209713
.16842475533485
.21167369683584
.18354430298011
.21308016777039
.23839662472407
.23523207008839
.25949367880821
.23171588778496
.19233473638693
.21448663870494
.22398030757904
.22292545934518
.22151898841063
.23382559915384
.21202531953653
.20358649889628
.18741209805012
.26617440581322
.21378340323766
.22011251250903
.22116737067699
.23980309565862
.22503516574701
.21800281107426
.22714486221472
.19655414919058
.23593530555566
.23101265231768
.23030942181746
.24226441979408
.25632911920547
.21518987417221
.2169479628404
.2405063311259
.21729958057404
.24472573896249
.22855133314927
.22855133314927
.23945147792498
.2819971938928
.20745429396629
.29078762729963
.26617440581322
.26722925901413
.31821378072103
.31047820051511
.32137834032377
.26476793487867
.27004219094912
.36954993009567
.30203938484192
.22573839624723
.24894514679909
.31258790691694
.31293951471647
.28410688042641
.3396624426047
.28059071302414
.35302390654882
.3386075993379
.37025315562884
.40682138005892
.40295359492302
.40717299779256
.41947959860166
.48030942678452
.42475387454033
.36111111442248
.46097046136856
.50738397240639
.43952179948489
.56188468138377
.58544303973516
.68530239661535
.48980308572451
.32876231273015
0
0
0
0
0
0
0
0
0
0
0
0
0
0
0
0
0
0
0
0
0
0
0
0
0
0
0
0
0
0
0
0
0
0
0
0
0
0
0
0
0
0
0
0
0
0
0
0
0
0
0
0
0
0
0
0
0
0
0
0
0
0
0
0
0
0
0
0
0
0
0
0
0
0
0
0
0
0
0
0
0
0
0
0
0
0
0
0
0
0
0
0
0
0
0
0
0
0
0
0
0
0
0
0
0
0
0
0
0
0
0
0
0
0
0
0
0
0
0
0
0
0
0
0
0
0
0
0
0
0
0
0
0
0
0
0
0
0
0
0
0
0
0
0
0
0
0
0
0
0
0
0
0
0
0
0
0
0
0
0
0
0
0
0
0
0
0
0
0
0
0
0
0
0
0
0
0
0
0
0
0
0
0
0
0
0
0
0
0
0
0
0
0
0
0
0
0
0
0
0
0
0
0
0
0
0
0
0
0
0
0
0
0
0
0
0
0
0
0
0
0
0
0
0
0
0
0
0
0
0
0
0
0
0
0
0
0
0
0
0
0
0
0
0
0
0
0
0
0
0
0
0
0
0
0
0
0
0
0
0
0
0
0
0
0
0
0
0
0
0
0
0
0
0
0
0
0
0
0
0
0
0
0
0
0
0
0
0
0
0
0
0
0
0
0
0
0
0
0
0
0
0
0
0
0
0
0
0
0
0
0
0
0
0
0
0
0
0
0
0
0
0
0
0
0
0
0
0
0
0
0
0
0
0
0
0
0
0
0
0
0
0
0
0
0
0
0
0
0
0
0
0
0
0
0
0
0
0
0
0
0
0
0
0
0
0
0
0
0
0
0
0
0
0
0
0
0
0
0
0
0
0
0
0
0
0
0
0
0
0
0
0
0
0
0
0
0
0
0
0
0
0
0
0
0
0
0
0
0
0
0
0
0
0
0
0
0
0
0
0
0
0
0
0
0
0
0
0
0
0
0
0
0
0
0
0
0
0
0
0
0
0
0
0
0
0
0
0
0
0
0
0
0
0
0
0
0
0
0
0
0
0
0
0
0
0
0
0
0
0
0
0
0
0
0
0
0
0
0
0
0
0
0
0
0
0
0
0
0
0
0
0
0
0
0
0
0
0
0
0
0
0
0
0
0
0
0
0
0
0
0
0
0
0
0
0
0
0
0
0
0
0
0
0
0
0
0
0
0
0
0
0
0
0
0
0
0
0
0
0
0
0
0
0
0
0
0
0
0
0
0
0
0
0
0
0
0
0
0
0
0
0
0
0
0
0
0
0
0
0
0
0
0
0
0
0
0
0
0
0
0
0
0
0
0
0
0
0
0
0
0
0
0
0
0
0
0
0
0
0
0
0
0
0
0
0
0
0
0
0
0
0
0
0
0
0
0
0
0
0
0
0
0
0
0
0
0
0
0
0
0
0
0
0
0
0
0
0
0
0
0
0
0
0
0
0
0
0
0
0
0
0
0
0
0
0
0
0
0
0
0
0
0
0
0
0
0
0
0
0
0
0
0
0
0
0
0
0
0
0
0
0
0
0
0
0
0
0
0
0
0
0
0
0
0
0
0
0
0
0
0
0
0
0
0
0
0
0
0
0
0
0
0
0
0
0
0
0
0
0
0
0
0
0
0
0
0
0
0
0
0
0
0
0
0
0
0
0
0
0
0
0
0
0
0
0
0
0
0
0
0
0
0
0
0
0
0
0
0
0
0
0
0
0
0
0
0
0
0
0
0
0
0
0
0
0
0
0
0
0
0
0
0
0
0
0
0
0
0
0
0
0
0
0
0
0
0
0
0
0
0
0
0
0
0
0
0
0
0
0
0
0
0
0
0
0
0
0
0
0
0
0
0
0
0
0
0
0
0
0
0
0
0
0
0
0
0
0
0
0
0
0
0
0
0
0
0
0
0
0
0
0
0
0
0
0
0
0
0
0
0
0
0
0
0
0
0
0
0
0
0
0
0
0
0
0
0
0
0
0
0
0
0
0
0
0
0
0
0
0
0
0
0
0
0
0
0
0
0
0
0
0
0
0
0
0
0
0
0
0
0
0
0
0
0
0
0
0
0
0
0
0
0
0
0
0
0
0
0
0
0
0
0
0
0
0
0
0
0
0
0
0
0
0
0
0
0
0
0
0
0
0
0
0
0
0
0
0
0
0
0
0
0
0
0
0
0
0
0
0
0
0
0
0
0
0
0
0
0
0
0
0
0
0
0
0
0
0
0
0
0
0
0
0
0
0
0
0
0
0
0
0
0
0
0
0
0
0
0
0
0
0
0
0
0
0
0
0
0
0
0
0
0
0
0
0
0
0
0
0
0
0
0
0
0
0
0
0
0
0
0
0
0
0
0
0
0
0
0
0
0
0
0
0
0
0
0
0
0
0
0
0
0
0
0
0
0
0
0
0
0
0
0
0
0
0
0
0
0
0
0
0
0
0
0
0
0
0
0
0
0
0
0
0
0
0
0
0
0
0
0
0
0
0
0
0
0
0
0
0
0
0
0
0
0
0
0
0
0
0
0
0
0
0
0
0
0
0
0
0
0
0
0
0
0
0
0
0
0
0
0
0
0
0
0
0
0
0
0
0
0
0
0
0
0
0
0
0
0
0
0
0
0
0
0
0
0
0
0
0
0
0
0
0
0
0
0
0
0
0
0
0
0
0
0
0
0
0
0
0
0
0
0
0
0
0
0
0
0
0
0
0
0
0
0
0
0
0
0
0
0
0
0
0
0
0
0
0
0
0
0
0
0
0
0
0
0
0
0
0
0
0
0
0
0
0
0
0
0
0
0
0
0
0
0
0
0
0
0
0
0
0
0
0
0
0
0
0
0
0
0
0
0
0
0
0
0
0
0
0
0
0
0
0
0
0
0
0
0
0
0
0
0
0
0
0
0
0
0
0
0
0
0
0
0
0
0
0
0
0
0
0
0
0
0
0
0
0
0
0
0
0
0
0
0
0
0
0
0
0
0
0
0
0
0
0
0
0
0
0
0
0
0
0
0
0
0
0
0
0
0
0
0
0
0
0
0
0
0
0
0
0
0
0
0
0
0
0
0
0
0
0
0
0
0
0
0
0
0
0
0
0
0
0
0
0
0
0
0
0
0
0
0
0
0
0
0
0
0
0
0
0
0
0
0
0
0
0
0
0
0
0
0
0
0
0
0
0
0
0
0
0
0
0
0
0
0
0
0
0
0
0
0
0
0
0
0
0
0
0
0
0
0
0
0
0
0
0
0
0
0
0
0
0
0
0
0
0
0
0
0
0
0
0
0
0
0
0
0
0
0
0
0
0
0
0
0
0
0
0
0
0
0
0
0
0
0
0
0
0
0
0
0
0
0
0
0
0
0
0
0
0
0
0
0
0
0
0
0
0
0
0
0
0
0
0
0
0
0
0
0
0
0
0
0
0
0
0
0
0
0
0
0
0
0
0
0
0
0
0
0
0
0
0
0
0
0
0
0
0
0
0
0
0
0
0
0
0
0
0
0
0
0
0
0
0
0
0
0
0
0
0
0
0
0
0
0
0
0
0
0
0
0
0
0
0
0
0
0
0
0
0
0
0
0
0
0
0
0
0
0
0
0
0
0
0
0
0
0
0
0
0
0
0
0
0
0
0
0
0
0
0
0
0
0
0
0
0
0
0
0
0
0
0
0
0
0
0
0
0
0
0
0
0
0
0
0
0
0
0
0
0
0
0
0
0
0
0
0
0
0
0
0
0
0
0
0
0
0
0
0
0
0
0
0
0
0
0
0
0
0
0
0
0
0
0
0
0
0
0
0
0
0
0
0
0
0
0
0
0
0
0
0
0
0
0
0
0
0
0
0
0
0
0
0
0
0
0
0
0
0
0
0
0
0
0
0
0
0
0
0
0
0
0
0
0
0
0
0
0
0
0
0
0
0
0
0
0
0
0
0
0
0
0
0
0
0
0
0
0
0
0
0
0
0
0
0
0
0
0
0
0
0
0
0
0
0
0
0
0
0
0
0
0
0
0
0
0
0
0
0
0
0
0
0
0
0
0
0
0
0
0
0
0
0
0
0
0
0
0
0
0
0
0
0
0
0
0
0
0
0
0
0
0
0
0
0
0
0
0
0
0
0
0
0
0
0
0
0
0
0
0
0
0
0
0
0
0
0
0
0
0
0
0
0
0
0
0
0
0
0
0
0
0
0
0
0
0
0
0
0
0
0
0
0
0
0
0
0
0
0
0
0
0
0
0
0
0
0
0
0
0
0
0
0
0
0
0
0
0
0
0
0
0
0
0
0
0
0
0
0
0
0
0
0
0
0
0
0
0
0
0
0
0
0
0
0
0
0
0
0
0
0
0
0
0
0
0
0
0
0
0
0
0
0
0
0
0
0
0
0
0
0
0
0
0
0
0
0
0
0
0
0
0
0
0
0
0
0
0
0
0
0
0
0
0
0
0
0
0
0
0
0
0
0
0
0
0
0
0
0
0
0
0
0
0
0
0
0
0
0
0
0
0
0
0
0
0
0
0
0
0
0
0
0
0
0
0
0
0
0
0
0
0
0
0
0
0
0
0
0
0
0
0
0
0
0
0
0
0
0
0
0
0
0
0
0
0
0
0
0
0
0
0
0
0
