.61620793739955
.81307339668274
.65099388360977
1.0034403800964
.6811926762263
.79548929135005
.72744649648666
.81880734364192
.46521407365799
.76949540774028
.68348624308904
.6983944773674
.53631500403086
.7427370150884
.53975535432498
.70298165082932
.60129968325297
.78402139743169
.63837921619415
.72209481398265
.52025993665059
.82415900627772
.69380734364192
.87882264455159
.56766055027644
.66704893112183
.52140673001607
.73967889944712
.60588685671488
.74235475063324
.76643731196721
.78860857089361
.5424312154452
.78211009502411
.56766057014465
.69151375691096
.51146787405014
.67431193590164
.45068807403247
.78440366188685
.56307341655095
.68692660331726
.50496940811475
.72247705856959
.4724770685037
.68348624308904
.4980886777242
.66666666666667
.58027523756027
.5948012471199
.58256882429123
.65252292156219
.38111621141434
.65022935469945
.42010703682899
.69266057014465
.46674313147863
.59097860256831
.51185015837351
.59747705856959
.41437308986982
.56918960809708
.5045871535937
.72362385193507
.41590214769046
.5091743071874
.47400611639023
.58639142910639
.45948012669881
.67622325817744
.57339449723562
.69036696354548
.44533639152845
.56918960809708
.51758410533269
.55772171417872
.48662080367406
.53860857089361
.46636085708936
.54892967144648
.37958716352781
.61047401030858
.44380734364192
.59900611639023
.38455658157667
.65749235947927
.39029052853584
.56422019004822
.44227829575539
.56918960809708
.46215595801671
.49694189429283
.47821101546288
.58792048692703
.39984709024429
.54587157567342
.48279816905657
.48623851935069
.32454128066699
.44266055027644
.38379204273224
.47362385193507
.37423547108968
.54740061362584
.40099387367566
.51873088876406
.46330275138219
.57798165082932
.33333333333333
.5064984858036
.43386849761009
.57607034842173
.28975534439087
.48356267809868
.42545871933301
.40481651822726
.31230886777242
.48662079373995
.35741590460142
.52905199925105
.30925076206525
.46788991491
.34900611639023
.45259939630826
.30389907956123
.48394494255384
.22591743369897
.49694188435872
.32492355505625
.48967890938123
.31039756536484
.40061161915461
.3685015241305
.47553516427676
.28822629650434
.38111620148023
.25649846593539
.31727828582128
.26414374013742
.41972476243973
.26490825414658
.31574923793475
.29969419042269
.41475534439087
.34977064530055
.27178899447123
.25764526923498
.39946482578913
.26911315321922
.41628441214561
.21827216943105
.38799694180489
.37308868765831
.31001529097557
.30542812744776
.44418959816297
.19036697347959
.39181956648827
.30772171417872
.37576452891032
.27828747034073
.42048929135005
.28478593627612
.46559632817904
.29625382026037
.41246176759402
.22247706353664
.40175841252009
.29663608471553
.39373088876406
.2886085609595
.4862385392189
.25038226942221
.44724771380424
.34671252965927
.41513760884603
.2205657462279
.37729357679685
.24885321656863
.38493883609772
.26796634991964
.40022936463356
.31689603130023
.46521406372388
.33753822247187
.38685014843941
.27293578783671
.46559632817904
.31880734364192
.38340978821119
.30122323830922
.40099388360977
.22935779392719
.47018348177274
.3272171318531
.45489296317101
.26146788398425
.37767585118612
.327217121919
.41704893112183
.35970947146416
.44533638159434
.35244648655256
.16934250791868
.33486238121986
.46253822247187
.35474006334941
.44342507918676
.30733944972356
.45603975653648
.27828746040662
.44610092043877
.32683486739794
.35397553443909
.27370030681292
.37729358673096
.26146789888541
.31651375691096
.30389907956123
.51605504751205
.28478592634201
.41896024346352
.30351681510607
.43845565120379
.26185015340646
.35512231787046
.38302752375603
.37882263461749
.31154434879621
.40596330165863
.18807339668274
.43730886777242
.27102446556091
.41284404198329
.3933486243089
.39181956648827
.37003058195114
.43769114216169
.2748471001784
.32377676169078
.27675841252009
.39029051860174
.30619265635808
.42928134401639
.33753822247187
.40099388360977
.32645260294278
.41207951307297
.30122323830922
.34594802061717
.35818042357763
.34250764052073
.28555045525233
.45718654990196
.24923547605673
.32377676169078
.31918960809708
.48203364014626
.3474770685037
.4136085609595
.3069571852684
.41590212782224
.29204893112183
.43769113222758
.42201834917068
.40290519595146
.28975535432498
.43157493074735
.31154434879621
.43233944972356
.36353211601575
.38914372523626
.22209479908148
.27102446556091
.32798165082932
.42469419042269
.375
.38264526923498
.33065749208132
.31460245450338
.25382263461749
.45833333333333
.31001529097557
.37729358673096
.18730886280537
.41284403204918
.33792048692703
.40672783056895
.25917432208856
.3887614707152
.28899082541466
.34365443388621
.29357797900836
.44610092043877
.34288990497589
.41934251785278
.26643730700016
.46788990497589
.24655963480473
.40061161915461
.2840214073658
.49464831749598
.24082568784555
.37461773554484
.30657492081324
.34824158747991
.28784403204918
.48814984162649
.2886085609595
.3730886777242
.29243118564288
.35970948139826
.19915902117888
.42851682504018
.22859326998393
.42660550276438
.25917431215445
.45603974660238
.39181957642237
.422782878081
.27102446556091
.39334863424301
.36162079373995
.39258410533269
.25191131234169
.36467889944712
.3088685075442
.40749235947927
.28899083534877
.35626912117004
.23547400534153
.3612385292848
.28134556611379
.28746177752813
.37652905782064
.42469419042269
.21674311657747
.2090978572766
.31536696354548
.46980122725169
.25764525930087
.35321101546288
.30581040183703
.38111622134844
.27140673001607
.32415902614594
.29701834917068
.35856268803279
.26070336500804
.35856268803279
.21292048692703
.47018349170685
.3318042854468
.28899082541466
.31307339668274
.3841743071874
.28440367182096
.37117737531662
.3520642220974
.35397553443909
.3088685075442
.36429663499196
.24235473573208
.55619265635808
.28899083534877
.50382262468338
.25076452891032
.35321101546288
.27064220110575
.34747705856959
.31116208434105
.38111620148023
.2549694130818
.3612385292848
.19457186758518
.39678898453712
.26987767219543
.43310397863388
.30351682504018
.43272172411283
.31077981988589
.42737004160881
.36888378858566
.3704128464063
.27140672008197
.37232414881388
.26681957145532
.32148318489393
.36085627476374
.5019113222758
.27064220110575
.34900611639023
.35588684678078
.50649846593539
.30428134401639
.28669724861781
.30542813738187
.37347094217936
.32186543941498
.50076451897621
.22094801565011
.48203364014626
.27255351344744
.45565749208132
.18081039686998
.43081040183703
.22056575119495
.40061162908872
.26567277808984
.42125382026037
.25114679336548
.37461772561073
.27408258120219
.40558103720347
.29090213775635
.42201834917068
.32071865598361
.32339448730151
.25764525930087
.30504587292671
.28975534439087
.43042812744776
.32454128066699
.37920488913854
.31536696354548
.50573393702507
.32492355505625
.3318042755127
.29357797900836
.38914373517036
.28287462393443
.43769113222758
.28096330165863
.51299695173899
.34938838084539
.4862385292848
.28440367182096
.40749235947927
.27866972486178
.38340977827708
.28784404198329
.37423548102379
.37003059188525
.43233944972356
.29969419042269
.44915902614594
.23700305819511
.26605505247911
.28058103720347
.39220183094343
.26681957145532
.36200304826101
.22706421713034
.41934250791868
.26185015340646
.4273700316747
.32415901621183
.48241589466731
.28631498416265
.4044342537721
.4273700316747
.46865444382032
.28555046518644
.43386849761009
.31804282466571
.36926605304082
.33371559778849
.25955657164256
.28019878268242
.36544342835744
.33906728029251
.44189602136612
.36582568287849
.30581040183703
.35741590460142
.44839448730151
.35129969318708
.36888378858566
.28249235947927
.46368501583735
.31536697347959
.3455657462279
.27599388360977
.30160550276438
.23356269299984
.33715595801671
.29969419042269
.34288990497589
.28746176759402
.4044342537721
.38646788398425
.32951070864995
.26796635985374
.33868501583735
.33677370349566
.39411315321922
.31422018011411
.40863914291064
.33065749208132
.48776757717133
.32607033848763
.38188073039055
.29396024346352
.37385320663452
.28440367182096
.35588685671488
.12576452394327
.38111621141434
.33142202099164
.38532110055288
.35168195764224
.46024464567502
.24235474069913
.32492355505625
.27866972486178
.36735473076502
.28363913297653
.42966359853745
.22209479908148
.47668195764224
.31995412707329
.45871558785439
.36735473076502
.42048929135005
.31536697347959
.28899082541466
.29013760884603
.41207951307297
.37385321656863
.36735474069913
.24235473573208
.43730886777242
.20756880442301
.3520642220974
.28631498416265
.49159021178881
.31498469909032
.43730886777242
.33753822247187
.45183486739794
.28937308986982
.37652905782064
.27408257126808
.40137614806493
.28134556611379
.32454129060109
.24732415874799
.4365443388621
.27064219117165
.47668196757634
.33944953481356
.27790519595146
.31880734364192
.40749234954516
.27599388360977
.41322630643845
.28746176759402
.39870029687881
.35588684678078
.34785932302475
.45412844419479
.28440367182096
.33333334326744
.55084097385406
.33944954474767
.48776758710543
.29166666666667
.40558103720347
.30963302652041
.40481650829315
.24541284143925
.51681956648827
.24885321656863
.43081039190292
.34709480404854
.42010703682899
.23318042854468
.36085626482964
.31995412707329
.27599388360977
.28325687845548
.39373087882996
.27981650829315
.42469419042269
.26070336500804
.36544342835744
.33944954474767
.3566513756911
.34709480404854
.39831804235776
.30160550276438
.46750764052073
.25267584621906
.49808868765831
.32836391528447
.31230886777242
.233944957455
.3860856294632
.32148318489393
.49311926960945
.23356269299984
.53211009502411
.35894495248795
.53249233961105
.25955658157667
.33677370349566
.31116208434105
.44457187255224
.15711009502411
.3318042755127
.30466360847155
.40825687845548
.26185015837351
.45030580957731
.46865443388621
.39946483572324
.25649846593539
.47974006334941
.31536696354548
.42431192596753
.20642201602459
.38111621141434
.28363914291064
.37155962983767
.30351681510607
.48318042357763
.44992354512215
.34938838084539
.26299693187078
.35435779889425
.29396024346352
.46292048692703
.31077981988589
.41590213775635
.33944954474767
.34212538599968
.28363913297653
.28593270977338
.34633026520411
.49503058195114
.27599388360977
.44113150238991
.37844036022822
.35015290975571
.32110092043877
.36009173591932
.20298165579637
.29548930128415
.23547400534153
.4273700316747
.22171253959338
.45068806409836
.36353210608164
.44151375691096
.40711009502411
.3933486143748
.31804282466571
.4136085609595
.31192661325137
.43922018011411
.32759938637416
.32874617973963
.27522935469945
.40252294143041
.26261467734973
.56077980995178
.31498470902443
.34785932302475
.2996942003568
.3088685075442
.31498470902443
.46100917458534
.34862385193507
.35091742873192
.31307338674863
.48318043351173
.36697248617808
.60129970312119
.46521406372388
.53669724861781
.20986238121986
.38302751382192
.32836391528447
.49885320663452
.28134556611379
.44418960809708
.20833333333333
.37155963977178
.22438838084539
.37155961990356
.20259938637416
.39755351344744
.35282874107361
.40214067697525
.25993884106477
.38264526923498
.29548929135005
.40481651822726
.27255351344744
.34977064530055
.30122324824333
.4724770685037
.2840214073658
.35474006334941
.25840978821119
.34900611639023
.31307339668274
.44495412707329
.2477064281702
.47018347183863
.37347095211347
.37538226445516
.33371559778849
.39105503757795
.38226299484571
.36850153406461
.28249234954516
.42316513260206
.30122323830922
.31460244456927
.28860857089361
.41399081548055
.2637614707152
.40558104713758
.3226299683253
.38876148064931
.25688073039055
.5699541370074
.30007644494375
.37729357679685
.26796635985374
.36506116390228
.31192661325137
.36085627476374
.39831804235776
.43233944972356
.25305810570717
.35588685671488
.29854739705722
.36926605304082
.32224771380424
.41551987330119
.27981651822726
.35474006334941
.39678899447123
.40022936463356
.30619265635808
.37882263461749
.25344037016233
.38455657164256
.1980122278134
.45565749208132
.38990826408068
.31498470902443
.327217121919
.39258409539858
.28784403204918
.4568042854468
.30925076206525
.30351681510607
.31880734364192
.47591743866603
.3887614707152
.37003059188525
.3134556611379
.44036697347959
.33983179926872
.33256880442301
.24579511086146
.42889907956123
.28478593627612
.31383791565895
.42889907956123
.39105504751205
.28058103720347
.33944954474767
.25420489410559
.42125382026037
.29396024346352
.41475535432498
.29548930128415
.43654434879621
.34709479411443
.34212538599968
.27408257126808
.33753822247187
.33792048692703
.37155962983767
.35474006334941
.44648318489393
.26758409539858
.4430428147316
.20412843922774
.39831805229187
.27370030681292
.46483179926872
.34250764052073
.35932721694311
.35435779889425
.40290520588557
.36467889944712
.40825687845548
.30045871933301
.32339449723562
.23088685174783
.38264525930087
.24923547108968
.42087155580521
.25611621141434
.44839449723562
.42889907956123
.3998471001784
.33409786224365
.29396024346352
.38493883609772
.45107033848763
.38264525930087
.41704893112183
.31422019004822
.27714066704114
.34441896279653
.46024464567502
.31307339668274
.34403668840726
.33065749208132
.36888378858566
.24694188932578
.32454129060109
.33983180920283
.34327216943105
.24923548102379
.42240061362584
.31077981988589
.42431192596753
.31957186261813
.37232415874799
.30619265635808
.42660551269849
.28746177752813
.43577981988589
.27943424383799
.45756880442301
.23088685174783
.33486238121986
.29051987330119
.35397552450498
.23967889944712
.36238532265027
.2905198832353
.55619265635808
.26758409539859
.38417431712151
.2859327296416
.28746176759402
.28172783056895
.39870030681292
.19877675672372
.46330275138219
.31345565120379
.38761467734973
.19495413204034
.3501528998216
.29357798894246
.33256880442301
.39717125892639
.37538225452105
.27408257126808
.53325688838959
.24732416371504
.42545871933301
.24503058195114
.39181956648827
.24961773057779
.3134556611379
.28440367182096
.46330275138219
.34059632817904
.45451069871585
.34938838084539
.32568807403247
.32148317495982
.33103976647059
.25229358673096
.44074922800064
.1976299683253
.3115443388621
.34365443388621
.43960244456927
.27217124899228
.40175841252009
.38837920626005
.44571865598361
.29892966151237
.30198776721954
.31307339668274
.41207950313886
.30657492081324
.55275229612986
.30619266629219
.36544341842333
.26452599962552
.40366972486178
.37194190422694
.45068807403247
.3685015241305
.33256880442301
.22974005838235
.29204893112183
.29548929135005
.40022935469945
.29625383019447
.39411315321922
.20336391528447
.36276759703954
.34403669834137
.4430428147316
.26490825414658
.32759938637416
.33868501583735
.40022935469945
.24503057698409
.34518349170685
.27370031674703
.43692660331726
.30695719520251
.41246177752813
.31116207440694
.33868501583735
.30313456058502
.36047401030858
.37194189429283
.42545870939891
.26452598969142
.40443424383799
.31880733370781
.41131498416265
.2431192646424
.33600917458534
.36620794733365
.41016819079717
.28707951307297
.48509174585342
.26605504751205
.37576451897621
.26911314825217
.43157493074735
.32683485746384
.35321100552877
.30581039190292
.22400611639023
.28478592634201
.36162079373995
.23814984659354
.4457186460495
.23318042357763
.35741589466731
.31766056021055
.36926605304082
.33103975653648
.34174311161041
.3390672703584
.5183486243089
.23891437550386
.42048930128415
.24388379355272
.45948012669881
.24808868269126
.35550458232562
.3501528998216
.25229357679685
.27331803242366
.49885320663452
.23088685174783
.42010703682899
.28899082541466
.33218653996785
.28516820073128
.55772171417872
.28478592634201
.44915902614594
.30313456058502
.43501529097557
.34136084715525
.327217121919
.33333333333333
.40214066704114
.25076452891032
.41781346003215
.20795106887817
.37423547108968
.25879205266635
.45909787217776
.36964831749598
.3069571852684
.31727828582128
.47285933295886
.31001529097557
.37347095211347
.40825687845548
.36314985156059
.35703365008036
.31230887770653
.29740060369174
.45451070864995
.31116207440694
.39831804235776
.33448012669881
.35970948139826
.27828746040662
.41896025339762
.36811926960945
.27561161915461
.10206421961387
.3409785926342
.35741589466731
.50382263461749
.37538226445516
.34977063536644
.40711008509
.28287462393443
.27178899447123
.46100917458534
.24770642320315
.40863914291064
.33027523756027
.3933486143748
.40405197938283
.40405198931694
.26873088876406
.45756881435712
.26414372523626
.33027523756027
.28402139743169
.45642201105754
.2564984758695
.38799694180489
.31842507918676
.4365443388621
.27675840258598
.44036697347959
.39755351344744
.40405198931694
.29969418048859
.24923547108968
.30351681510607
.34136085708936
.375
.39373088876406
.35359326998393
.44801223278046
.25993884603182
.51529052853584
.40137614806493
.43501529097557
.32415901621183
.45909785230954
.22400611639023
.44227828582128
.2454128464063
.36659021178881
.28134556611379
.41246177752813
.43081040183703
.38493883609772
.32951070864995
.29854739705722
.2228593279918
.47285932302475
.24961773057779
.39640673001607
.42354739705722
.36162079373995
.24350152909756
.33142202099164
.30466360847155
.54434251785278
.33753823240598
.40787461400032
.24388378858566
.31383792559306
.34824158747991
.41513760884603
.40328746040662
.37423547108968
.32568807403247
.38685014843941
.31880733370781
.42125382026037
.31383791565895
.29816514253616
.30084097385406
.44266055027644
.40978593627612
.40137614806493
.22897553940614
.35894495248795
.28058104713758
.44877675175667
.37805810570717
.37614679336548
.37576452891032
.40175840258598
.33944954474767
.36009174585342
.32874616980553
.49847095211347
.42048930128415
.29816513260206
.29281346003215
.41437308986982
.28593271970749
.44266055027644
.38379205266635
.38111621141434
.28784404198329
.4384556611379
.2545871535937
.39831805229187
.29204893112183
.4090214073658
.26758410533269
.39181957642237
.26032111048698
.33103975653648
.25114678343137
.30160551269849
.40328746040662
.45603975653648
.35053516427676
.39296635985374
.28325687845548
.4568042755127
.4136085609595
.45718654990196
.29663608471553
.50267585118612
.27790520588557
.36659021178881
.24732415874799
.33562691013018
.30657492081324
.32301223278046
.33103975653648
.47974006334941
.29548929135005
.2931957145532
.28669724861781
.36429663499196
.43386849761009
.4430428147316
.28784404198329
.48241590460142
.21712538103263
.43769114216169
.33256880442301
.41207951307297
.35129969318708
.37729358673096
.23088685174783
.35397552450498
.32186544934909
.43081040183703
.30351682504018
.46980121731758
.34671253959338
.40290519595146
.31077980995178
.34212538599968
.32759938637416
.44418959816297
.2454128464063
.44457186261813
.40328746040662
.49426605304082
.38264525930087
.47324158747991
.27102446556091
.41590213775635
.29625382026037
.37461774547895
.2637614707152
.40252294143041
.34288990497589
.35818043351173
.32607034842173
.55810397863388
.38340978821119
.47171253959338
.35168195764224
.48203364014626
.2610856294632
.30160550276438
.29166666666667
.38837920626005
.3612385392189
.35474006334941
.24006115893523
.41513760884603
.30313455065091
.34900612632434
.41551987330119
.39640672008197
.36276758710543
.47171253959338
.30733944972356
.38340977827708
.31039754549662
.4705657462279
.3115443388621
.33715596795082
.35512232780457
.49617736538251
.33218654990196
.36506116390228
.39908257126808
.47133028507233
.46788990497589
.40443424383799
.42201834917068
.4889143705368
.26796636978785
.45374616980553
.35474006334941
.2431192646424
.29051987330119
.32339449723562
.15596330165863
.28899082541466
.3501528998216
.25535168747107
.23241590460141
.3906727830569
.32071866591771
.37920488913854
.28593271970749
.30657492081324
.11047400534153
.32874617973963
.34900610645612
.17125382026037
.23050458729267
.34136085708936
.26261468728383
.29243119557699
.24923547605673
.2090978572766
.27140673995018
.2519113222758
.23432721694311
.32951070864995
.23470948139826
.2591743071874
.24655963480473
.25420489410559
.28822629650434
.27408257126808
.28211009502411
.32645259300868
.22094801565011
.25535169243813
.2385321110487
.36659021178881
.28784403204918
.24847094714642
.24770642320315
.28287462393443
.26987767219543
.28440367182096
.25611620644728
.22629969318708
.25191131730874
.21980122228463
.20259939134121
.29472477237384
.23203364014626
.28096330165863
.2270642220974
.27370029687881
.20795106887817
.32186543941498
.16704893112183
.18310397863388
.20986238618692
.30351682504018
.28096330165863
.17622323830922
.30466360847155
.25802752375603
.31154434879621
.18348623812199
.22477064033349
.31077981988589
.32645259300868
.22209479908148
.30084097385406
.30313456058502
.28784404198329
.24235474566619
.33562691013018
.25420488913854
.24808868765831
.31957186261813
.2610856294632
.26720184087753
.1659021427234
.22974006334941
.33600917458534
.20451069871585
.19915902117888
.2454128464063
.19380733867486
.33409785230954
.26681956648827
.34785932302475
.2159785926342
.19839449723562
.21941896279653
.32148318489393
.31269112229347
.2389143705368
.21062691013018
.25382262965043
.18539755543073
.23241589963436
.21597859760125
.27522935469945
.23509174088637
.24847094217936
.24579511086146
.23279816408952
.23700306316217
.25764525433381
.31727828582128
.3023700316747
.20107033352057
.22821101049582
.27064220110575
.3180428147316
.2316513756911
.24235473573208
.21444953978062
.23318042854468
.21750764548779
.26720184087753
.27943424383799
.25726299484571
.23891437550386
.2610856393973
.19954128563404
.31957186261813
.19151375691096
.31269113222758
.17010702689489
.27102446556091
.22133027513822
.26146789391836
.21100916961829
.3069571852684
.27064219117165
.27905197938283
.18119265635808
.26643731196721
.2159785926342
.2840214073658
.18960244953632
.27981651822726
.18081040183703
.21292049189409
.27140673001607
.27561161915461
.17240061362584
.37385321656863
.20298165082932
.27866972486178
.21215596298377
.24579511086146
.26681957642237
.31842507918676
.1999235500892
.2702599465847
.24732415874799
.28746176759402
.24120795230071
.32568807403247
.18463302652041
.20107033848763
.24541285137335
.24885321160158
.16207950810591
.28440367182096
.19533639152845
.24847095211347
.14564220110575
.18998470902443
.26490826408068
.26261468231678
.22171253959338
.18081039686998
.22935779889425
.15328746040662
.2748471001784
.21980122725169
.18730886777242
.21712538103263
.18539755543073
.19801223774751
.18769113222758
.32798166076342
.20642201602459
.25382262965043
.2159785926342
.22247706353664
.21406728029251
.23470948139826
.20145260294278
.17698776225249
.17737002670765
.20068807403247
.15787461400032
.3042813539505
.20221712688605
.25114678839842
.20107033848763
.27446483572324
.1815749257803
.19266055027644
.14029051860174
.26185014843941
.19801223278046
.27599388360977
.27905198931694
.20030580957731
.22094801068306
.24885321160158
.19686544438203
.20221712688605
.23318042854468
.1976299683253
.1590214073658
.21368501583735
.25535168747107
.25000000496705
.17240060865879
.22859326998393
.21215596795082
.21674311657747
.25688074529171
.22477064530055
.20374617973963
.19189602136612
.21521406869094
.202217121919
.21330275138219
.25688074032466
.22094801068306
.26490825414658
.17010703186194
.26873088876406
.22056575119495
.24235474069913
.2270642220974
.20298165082932
.19036696851254
.2748471001784
.27522936463356
.28058103720347
.22515290478865
.27905198931694
.2316513756911
.20795107384523
.21215596298377
.15711009005706
.22821100552877
.23203364014626
.19648318489393
.27561161915461
.2270642220974
.25191131234169
.20336391528447
.30886849761009
.15328746040662
.13723241786162
.17010703682899
.20068807403247
.19457186261813
.19610091547171
.24159021675587
.21368501583735
.18272170921167
.25382263461749
.12385321160158
.18348624308904
.17431193093459
.23929663499196
.22974006334941
.16590213775635
.22056575119495
.18272170921167
.19648317992687
.22859327495098
.15405198434989
.21674312154452
.25458716352781
.21636085708936
.14258410036564
.24655963480473
.18616208434105
.18233944972356
.13302752375603
.38761467734973
.22094801068306
.22324159244696
.24388379355272
.16016819576422
.188837920626
.22553516924381
.16857798397541
.25267583628496
.15863914291064
.20145259797573
.13493884106477
.16399082541466
.21177369852861
.24273701012135
.25382262468338
.23509174585342
.17966360847155
.21062691013018
.17087156077226
.18119265635808
.15405198434989
.18463302155336
.19533639152845
.22438838084539
.16246177256107
.25573394199212
.1865443388621
.23662079373995
.20336391528447
.21062691013018
.22515290478865
.25305810074011
.19686544438203
.30351682504018
.19877675672372
.18807339171569
.20298164586226
.19151376187801
.26452599962552
.1769877721866
.16169724365075
.22782874604066
.17660550276438
.21024465064208
.16360855599244
.27025993665059
.20107033848763
.24655963480473
.1930428147316
.24082568287849
.16666666666667
.19686543941498
.20412843922774
.25840978324413
.18730887273947
.18233944475651
.20795106887817
.28899082541466
.15558103720347
.24808868269126
.20221712688605
.20412843922774
.29281346003215
.32110091050466
.22668195764224
.26758410533269
.19495412707329
.26032110055288
.1930428147316
.19113149742285
.22247705856959
.19380734364192
.15558103720347
.18960244456927
.14449541767438
.18769112726053
.20221712688605
.20221712688605
.27370031674703
.26185014843941
.19036697347959
.25344037016233
.16399082541466
.22859327495098
.21865443388621
.25917431712151
.25076453387737
.24885321656863
.18463302652041
.2155963331461
.19724770883719
.24961774051189
.2228593279918
.21636085708936
.20374617973963
.17737002670765
.23585626979669
.17660550276438
.20871559282144
.19074923296769
.2637614707152
.2794342537721
.17813455561797
.14984709521135
.21827216943105
.25496941804886
.26643730203311
.26185015837351
.17469419042269
.24579511086146
.16972477237384
.18463302652041
.18807339171569
.40366971492767
.16016819079717
.18539755046368
.14831804235776
.26223241289457
.21062691013018
.26758409539859
.15825687845548
.26643730203311
.21903669834137
.18348623812199
.13990825414658
.22821100552877
.17813455561797
.20183486243089
.13990825414658
.21444953978062
.1681957145532
.1865443388621
.1360856294632
.23012232283751
.23356269299984
.31536697347959
.35168194770813
.29892967144648
.2251528998216
.22247706353664
.22591743369897
.13952599465847
.2045107036829
.19571865598361
.24655963480473
.24159021178881
.12882262468338
.2702599465847
.21636085708936
.26337919632594
.29816513260206
.29510703682899
.20298165082932
.27714067697525
.186162079374
.24694189925989
.21024465064208
.37385320663452
.24541284143925
.20221712688605
.24923547605673
.30007645487785
.25076452891032
.20030581454436
.21903669834137
.32454129060109
.24655963977178
.26643730203311
.22209479908148
.21597859760125
.22897553940614
.25344036519527
.26032110055288
.34403668840726
.24885321160158
.31766055027644
.30772170424461
.41284403204918
.30733944972356
.32415902614594
.39678898453712
.33600917458534
.37385320663452
.27370030681292
.32607033848763
.31498470902443
.21444953978062
.08142201602459
.27714067697525
.23432721694311
.27446483572324
.38264525930087
.29472477237384
.37461772561073
.20412843922774
.3390672703584
.25382262965043
.32148317495982
.3612385292848
.3566513756911
.31001529097557
.29701833923658
.36773700515429
.22935779889425
.23700305819511
.33065749208132
.37194189429283
.29128441214561
.34977063536644
.39946483572324
.31689602136612
.41743118564288
.2729357779026
.3887614707152
.3658256928126
.39373087882996
.3383027613163
.37576452891032
.45795106887817
.44151375691096
.39449541767438
.3704128464063
.36582568287849
.50840978821119
.44036697347959
.58983178933462
.46062690019608
.46483179926872
.57989297310511
.62461771567663
.49311925967534
.54587157567342
.45756881435712
.73662078380585
.50267585118612
.55237005154292
.65061161915461
.80848624308904
.77408258120219
.75305809577306
.89373089869817
.95183485746384
1.1104739904404
1.1181192795436
1.3199541171392
1.2591743071874
1.2977828979492
1.3180428345998
1.5860091845194
1.5191131830215
1.5282874902089
1.5080275535583
1.6842507521311
2.0833334128062
1.5936544338862
1.8134557008743
2.2790519396464
2.2171253363291
2.2549694379171
2.3857034047445
2.1720183690389
2.1410550276438
2.2824923197428
2.6842507521311
2.5351682504018
2.6127675374349
2.6999235153198
3.2152140140533
2.8642966747284
2.9824159145355
3.391437292099
3.3734709421794
3.0668960412343
3.1295871734619
3.273700316747
3.26873087883
3.4468654791514
3.6758410135905
3.7897553443909
4.0447247028351
3.7515290578206
4.1670490105947
3.7400611241659
3.7591743469238
4.3038991292318
4.0623087882996
4.2886087099711
3.035168170929
4.415137608846
4.4877676963806
4.6207950909932
4.5772171020508
4.47438844045
5.0481650034587
4.8211008707682
5.2534403800964
4.9518348375956
5.334862391154
5.09938844045
5.5313453674316
5.8329510688782
5.3528286616007
5.6357035636902
5.4235474268595
5.4942660331726
5.9388378461202
5.7029816309611
6.1467890739441
6.2377676963806
4.6269113222758
6.127293586731
6.2209480603536
5.9770642916361
5.881498336792
6.1918959617615
6.0107032457987
6.4564221700033
6.26376136144
6.1108563741048
6.6043577194214
6.4457187652588
6.1571100552877
6.7928134600321
7.0466361045837
6.4281346003215
7.2683486938477
6.5596329371134
7.0558104515076
7.1028286616007
6.7675840059916
7.0447247823079
7.0925076802572
7.6230885187785
7.3834096590678
6.917431195577
7.3834098180135
7.2786696751912
6.4243119557699
6.9594802856445
7.2809632619222
7.4973241488139
7.3505352338155
6.9935015042623
7.4873852729797
7.7293578783671
7.6811927159627
7.7201835314433
7.8436543146769
7.9892965952555
7.759556611379
7.598623752594
8.1345564524333
7.1788991292318
7.8157490094503
7.5099388758341
7.714067141215
7.8310397466024
7.5248470306396
7.4308104515076
7.8914373715719
7.4518348375956
8.3535931905111
7.84938844045
7.9097857475281
7.4671252568563
7.9740060170492
7.9396025339762
8.0053517023722
7.2851683298747
8.0978593826294
7.4835627873739
7.7511466344198
7.5003824234009
7.5206421216329
7.5703363418579
7.2094801266988
7.2255352338155
7.4950307210286
7.1001529693604
7.4113151232402
7.100917339325
7.2232416470846
7.4571865399679
6.2450307210286
7.4059634208679
7.4315748214722
7.3031346003215
6.9778288205465
6.6620794932048
6.7618500391642
6.8253056208293
6.4185779889425
6.6456421216329
6.7931957244873
6.6429664293925
6.4957950909932
6.0871559778849
6.1827217737834
6.6425841649373
6.117736975352
6.7373854319255
6.1131498018901
5.6058869361877
5.9392202695211
5.1502292950948
5.1964831352234
5.4625384012858
5.1941897074382
5.301987806956
5.1360856691996
5.1112384796143
4.8180429140727
5.2652904192607
4.8191895484924
4.2473241488139
4.674694220225
3.8497706254323
4.0259938240051
3.7358562151591
3.9950305620829
3.8073393503825
3.585244735082
3.2266819477081
3.2603210608164
3.0611620744069
2.7033639748891
2.6892201900482
2.584480047226
2.2954892317454
2.0764526128769
1.9568042755127
1.6636085907618
1.7381498416265
1.351299683253
1.601299683253
1.345565756162
1.1314984560013
1.0909786224365
.93119265635808
.59288992484411
.69648317495982
.66628442207972
1.0412844419479
.50229358673096
.88761466741562
.69418960809708
.78784404198329
.62996941804886
.77370029687881
.65137612819672
.6930428147316
.75344038009644
.55848624308904
.4044342537721
.52370031674703
.53363915284475
.72553515434265
.49655963977178
.68807341655095
.68883792559306
.60588685671488
.5431957244873
.48012231787046
.53478592634201
.65366971492767
.49388377865156
.53478592634201
.53975536425908
.36238532265027
.53899083534877
.57912842432658
.5301987628142
.47591742873192
.44227828582128
.42660550276438
.59518349170685
.46750764052073
.5496942003568
.48547400037448
.40978593627612
.32798165082932
.40061161915461
.59403669834137
.3998471001784
.39908257126808
.37347095211347
.390672792991
.45107032855352
.59097858270009
.37461774547895
.37996941804886
.4136085609595
.46215595801671
.30084097385406
.36353211601575
.41055045525233
.40787462393443
.26146789391836
.37538226445516
.32339449723562
.30619266629219
.36353211601575
.29128440221151
.35741590460141
.36735474069913
.37232415874799
.42966360847155
.38608561952909
.32454128066699
.35091742873192
.28631498416265
.46330275138219
.3226299683253
.28058104713758
.36888379851977
.27675841252009
.28058103720347
.29854739705722
.28593270977338
.23967890441418
.27675841252009
.2270642220974
.27408257126808
.31957186261813
.327217121919
.25496941804886
.34212537606557
.27370031674703
.25267584621906
.28211008509
.22553516427676
.1934250742197
.29548929135005
.27561161915461
.24388379851977
.24617737034957
.20145259797573
.28363914291064
.23279816408952
.26758409539859
.233944957455
.17928134898345
.29013760884603
.27178899447123
.31116207440694
.36391438047091
.25726299484571
.28134555617968
.2274464815855
.17813455561797
.30963302652041
.30313455065091
.25458716352781
.30657493074735
.24159021178881
.25344036022822
.27255351344744
.29166666666667
.30466359853745
.25917431712151
.34594801068306
.29166667660077
.30428134401639
.26758410533269
.26414372523626
.30542813738187
.28707951307297
.25764525930087
.27905197938283
.28899082541466
.26261467734973
.25955657164256
.23356269299984
.24694188932578
.28172783056895
.28478593627612
.28440367182096
.24503058195114
.30389907956123
.19648317992687
.37117737531662
.33103975653648
.33753822247187
.29816514253616
.27981651822726
.18463302652041
.32874617973963
.22209480404854
.28363914291064
.27064220110575
.29434250791868
.21139143407345
.30084098378817
.2931957244873
.28937307993571
.28516820073128
.23203364014626
.28211008509
.3069571852684
.2886085609595
.26414374013742
.26223241289457
.25688073039055
.21750764548779
.23929663499196
.26070336500804
.25420489907265
.32377675175667
.21024465064208
.28631499409676
.30160551269849
.28707951307297
.30122323830922
.34824158747991
.24655963977178
.23088684678078
.22821100552877
.31804280479749
.22974006334941
.28249234954516
.29243118564288
.26414373517036
.32759938637416
.31766055027644
.17354739705722
.24426605800788
.35550458232562
.30504587292671
.24847094714642
.25955658157667
.30084098378817
.25382262965043
.35512232780457
.22553516924381
.32645259300868
.2045107036829
.22974005838235
.25344037016233
.25649846593539
.30160550276438
.41246176759402
.3363914390405
.36544341842333
.27675840258598
.2748471001784
.31995412707329
.23356268803279
.40787462393443
.29816513260206
.28555046518644
.30810397863388
.2683486243089
.35053517421087
.30428134401639
.27828746040662
.40366972486178
.32186543941498
.30351682504018
.21980122228463
.22018348673979
.24923547108968
.26605503757795
.29357798894246
.36467889944712
.33409785230954
.36276758710543
.22400611639023
.25917431215445
.47324158747991
.31957187255224
.23700306316217
.28134556611379
.22400612135728
.35970948139826
.32148318489393
.18386849761009
.33409786224365
.26070335507393
.34671253959338
.31422018011411
.3226299782594
.2274464815855
.22133027513822
.3436544239521
.28172783056895
.24961774547895
.32339449723562
.34633027513822
.33295106887817
.29204893112183
.27331804235776
.34671253959338
.36888378858566
.30466360847155
.30772171417872
.35435779889425
.34824158747991
.36697248617808
.39029051860174
.26643731196721
.29892966151237
.31842507918676
.3501528998216
.31039754549662
.22438837587833
.35588685671488
.3023700316747
.30848624308904
.29396024346352
.34709479411443
.35894494255384
.36276757717133
.28975535432498
.29090214769046
.35741590460142
.31574922800064
.45986239115397
.30925076206525
.32607032855352
.34212537606557
.35359326998393
.29396024346352
.33486238121986
.30389907956123
.22553517421087
.30428134401639
.33333333333333
.33295105894407
.38188074032466
.32683485746384
.3906727830569
.33371559778849
.23662079373995
.42622323830922
.32492354512215
.2977828681469
.33256881435712
.36735475063324
.41666665673256
.39105504751205
.36926605304082
.35779815912247
.33677370349566
.28899081548055
.40405198931694
.36200305819511
.3566513756911
.37423547108968
.4136085609595
.34824158747991
.43272171417872
.36811926960945
.33792048692703
.35703363021215
.27714066704114
.36353210608164
.4155198832353
.35015290975571
.28287462393443
.36429663499196
.27905198931694
.46750765045484
.39105504751205
.32912843426069
.3566513856252
.33868501583735
.3409785926342
.44686544934909
.32415902614594
.3933486243089
.32339448730151
.36926605304082
.40137614806493
.3069571852684
.36544341842333
.26949541767438
.3069571852684
.3272171318531
.33027522762616
.37614679336548
.38532110055288
.3363914390405
.34021406372388
.38188073039055
.24885321656863
.39181957642237
.3998471001784
.42163608471553
.42507645487785
.32989296317101
.43157492081324
.36467889944712
.3161314924558
.30963302652041
.4155198832353
.35091742873192
.30581040183703
.41016820073128
.47974006334941
.39602446556091
.38914372523626
.42660550276438
.43539756536484
.28784404198329
.47974006334941
.49885320663452
.56077980995178
.452217121919
.41475535432498
.48738531271617
.35015290975571
.46636085708936
.43157493074735
.47477064530055
.49503057201703
.49426606297493
.50688074032466
.47553516427676
.41016820073128
.41857798894246
.51796636978785
.42163609464963
.48700305819511
.43922018011411
.49732415874799
.56880734364192
.3612385292848
.48853210608164
.38379205266635
.46483180920283
.52370029687881
.50038225452105
.46865443388621
.50993883609772
.33142202099164
.43081039190292
.47018349170685
.37385321656863
.47782875100772
.53899081548055
.57071866591771
.48700305819511
.4025229314963
.4025229314963
.38264526923498
.51032110055288
.47935779889425
.58256880442301
.53707951307297
.57989297310511
.43425076206525
.55313456058502
.45833333333333
.53784404198329
.54319570461909
.46292048692703
.4568042755127
.48241590460142
.58256882429123
.58677371342977
.48929664492607
.62805809577306
.59097860256831
.4568042755127
.49159021178881
.4816513756911
.54548929135005
.51834863424301
.59556573629379
.60474006334941
.53516819079717
.51299695173899
.65558103720347
.47859326004982
.57262998819351
.57683487733205
.53478592634201
.57454129060109
.57110093037287
.58792046705882
.46827216943105
.62308869759242
.6288226445516
.58600918451945
.64755350351334
.55619265635808
.50688074032466
.58830275138219
.58792048692703
.6288226445516
.54625382026037
.52484709024429
.52102447549502
.4889143606027
.6949541370074
.65825688838959
.62270641326904
.67431193590164
.52828745047251
.54243119557699
.63340977827708
.53096332152685
.66437307993571
.58065750201543
.52561163902283
.50955659151077
.57607034842173
.59594800074895
.60932719707489
.59021405378977
.55084097385406
.63799693187078
.6185015241305
.6269113222758
.59862385193507
.69266053040822
.5615443388621
.53860855102539
.6185015241305
.64640673001607
.59633026520411
.59174311161041
.53899083534877
.60818042357763
.65099386374156
.60091743866603
.69610091050466
.66781344016393
.6884556611379
.66360855102539
.51070335507393
.5496942003568
.66475534439087
.60474006334941
.67966361840566
.56613151232402
.61429663499196
0
0
0
0
0
0
0
0
0
0
0
0
0
0
0
0
0
0
0
0
0
0
0
0
0
0
0
0
0
0
0
0
0
0
0
0
0
0
0
0
0
0
0
0
0
0
0
0
0
0
0
0
0
0
0
0
0
0
0
0
0
0
0
0
0
0
0
0
0
0
0
0
0
0
0
0
0
0
0
0
0
0
0
0
0
0
0
0
0
0
0
0
0
0
0
0
0
0
0
0
0
0
0
0
0
0
0
0
0
0
0
0
0
0
0
0
0
0
0
0
0
0
0
0
0
0
0
0
0
0
0
0
0
0
0
0
0
0
0
0
0
0
0
0
0
0
0
0
0
0
0
0
0
0
0
0
0
0
0
0
0
0
0
0
0
0
0
0
0
0
0
0
0
0
0
0
0
0
0
0
0
0
0
0
0
0
0
0
0
0
0
0
0
0
0
0
0
0
0
0
0
0
0
0
0
0
0
0
0
0
0
0
0
0
0
0
0
0
0
0
0
0
0
0
0
0
0
0
0
0
0
0
0
0
0
0
0
0
0
0
0
0
0
0
0
0
0
0
0
0
0
0
0
0
0
0
0
0
0
0
0
0
0
0
0
0
0
0
0
0
0
0
0
0
0
0
0
0
0
0
0
0
0
0
0
0
0
0
0
0
0
0
0
0
0
0
0
0
0
0
0
0
0
0
0
0
0
0
0
0
0
0
0
0
0
0
0
0
0
0
0
0
0
0
0
0
0
0
0
0
0
0
0
0
0
0
0
0
0
0
0
0
0
0
0
0
0
0
0
0
0
0
0
0
0
0
0
0
0
0
0
0
0
0
0
0
0
0
0
0
0
0
0
0
0
0
0
0
0
0
0
0
0
0
0
0
0
0
0
0
0
0
0
0
0
0
0
0
0
0
0
0
0
0
0
0
0
0
0
0
0
0
0
0
0
0
0
0
0
0
0
0
0
0
0
0
0
0
0
0
0
0
0
0
0
0
0
0
0
0
0
0
0
0
0
0
0
0
0
0
0
0
0
0
0
0
0
0
0
0
0
0
0
0
0
0
0
0
0
0
0
0
0
0
0
0
0
0
0
0
0
0
0
0
0
0
0
0
0
0
0
0
0
0
0
0
0
0
0
0
0
0
0
0
0
0
0
0
0
0
0
0
0
0
0
0
0
0
0
0
0
0
0
0
0
0
0
0
0
0
0
0
0
0
0
0
0
0
0
0
0
0
0
0
0
0
0
0
0
0
0
0
0
0
0
0
0
0
0
0
0
0
0
0
0
0
0
0
0
0
0
0
0
0
0
0
0
0
0
0
0
0
0
0
0
0
0
0
0
0
0
0
0
0
0
0
0
0
0
0
0
0
0
0
0
0
0
0
0
0
0
0
0
0
0
0
0
0
0
0
0
0
0
0
0
0
0
0
0
0
0
0
0
0
0
0
0
0
0
0
0
0
0
0
0
0
0
0
0
0
0
0
0
0
0
0
0
0
0
0
0
0
0
0
0
0
0
0
0
0
0
0
0
0
0
0
0
0
0
0
0
0
0
0
0
0
0
0
0
0
0
0
0
0
0
0
0
0
0
0
0
0
0
0
0
0
0
0
0
0
0
0
0
0
0
0
0
0
0
0
0
0
0
0
0
0
0
0
0
0
0
0
0
0
0
0
0
0
0
0
0
0
0
0
0
0
0
0
0
0
0
0
0
0
0
0
0
0
0
0
0
0
0
0
0
0
0
0
0
0
0
0
0
0
0
0
0
0
0
0
0
0
0
0
0
0
0
0
0
0
0
0
0
0
0
0
0
0
0
0
0
0
0
0
0
0
0
0
0
0
0
0
0
0
0
0
0
0
0
0
0
0
0
0
0
0
0
0
0
0
0
0
0
0
0
0
0
0
0
0
0
0
0
0
0
0
0
0
0
0
0
0
0
0
0
0
0
0
0
0
0
0
0
0
0
0
0
0
0
0
0
0
0
0
0
0
0
0
0
0
0
0
0
0
0
0
0
0
0
0
0
0
0
0
0
0
0
0
0
0
0
0
0
0
0
0
0
0
0
0
0
0
0
0
0
0
0
0
0
0
0
0
0
0
0
0
0
0
0
0
0
0
0
0
0
0
0
0
0
0
0
0
0
0
0
0
0
0
0
0
0
0
0
0
0
0
0
0
0
0
0
0
0
0
0
0
0
0
0
0
0
0
0
0
0
0
0
0
0
0
0
0
0
0
0
0
0
0
0
0
0
0
0
0
0
0
0
0
0
0
0
0
0
0
0
0
0
0
0
0
0
0
0
0
0
0
0
0
0
0
0
0
0
0
0
0
0
0
0
0
0
0
0
0
0
0
0
0
0
0
0
0
0
0
0
0
0
0
0
0
0
0
0
0
0
0
0
0
0
0
0
0
0
0
0
0
0
0
0
0
0
0
0
0
0
0
0
0
0
0
0
0
0
0
0
0
0
0
0
0
0
0
0
0
0
0
0
0
0
0
0
0
0
0
0
0
0
0
0
0
0
0
0
0
0
0
0
0
0
0
0
0
0
0
0
0
0
0
0
0
0
0
0
0
0
0
0
0
0
0
0
0
0
0
0
0
0
0
0
0
0
0
0
0
0
0
0
0
0
0
0
0
0
0
0
0
0
0
0
0
0
0
0
0
0
0
0
0
0
0
0
0
0
0
0
0
0
0
0
0
0
0
0
0
0
0
0
0
0
0
0
0
0
0
0
0
0
0
0
0
0
0
0
0
0
0
0
0
0
0
0
0
0
0
0
0
0
0
0
0
0
0
0
0
0
0
0
0
0
0
0
0
0
0
0
0
0
0
0
0
0
0
0
0
0
0
0
0
0
0
0
0
0
0
0
0
0
0
0
0
0
0
0
0
0
0
0
0
0
0
0
0
0
0
0
0
0
0
0
0
0
0
0
0
0
0
0
0
0
0
0
0
0
0
0
0
0
0
0
0
0
0
0
0
0
0
0
0
0
0
0
0
0
0
0
0
0
0
0
0
0
0
0
0
0
0
0
0
0
0
0
0
0
0
0
0
0
0
0
0
0
0
0
0
0
0
0
0
0
0
0
0
0
0
0
0
0
0
0
0
0
0
0
0
0
0
0
0
0
0
0
0
0
0
0
0
0
0
0
0
0
0
0
0
0
0
0
0
0
0
0
0
0
0
0
0
0
0
0
0
0
0
0
0
0
0
0
0
0
0
0
0
0
0
0
0
0
0
0
0
0
0
0
0
0
0
0
0
0
0
0
0
0
0
0
0
0
0
0
0
0
0
0
0
0
0
0
0
0
0
0
0
0
0
0
0
0
0
0
0
0
0
0
0
0
0
0
0
0
0
0
0
0
0
0
0
0
0
0
0
0
0
0
0
0
0
0
0
0
0
0
0
0
0
0
0
0
0
0
0
0
0
0
0
0
0
0
0
0
0
0
0
0
0
0
0
0
0
0
0
0
0
0
0
0
0
0
0
0
0
0
0
0
0
0
0
0
0
0
0
0
0
0
0
0
0
0
0
0
0
0
0
0
0
0
0
0
0
0
0
0
0
0
0
0
0
0
0
0
0
0
0
0
0
0
0
0
0
0
0
0
0
0
0
0
0
0
0
0
0
0
0
0
0
0
0
0
0
0
0
0
0
0
0
0
0
0
0
0
0
0
0
0
0
0
0
0
0
0
0
0
0
0
0
0
0
0
0
0
0
0
0
0
0
0
0
0
0
