.62538228432337
.78746175765991
.6846330165863
.96903669834137
.68616207440694
.78019879261653
.75879206260045
.77675843238831
.48050458232562
.74235475063324
.68425077199936
.68998471895854
.57683487733205
.71024465560913
.5569571852684
.6903669834137
.61009174585342
.76108564933141
.66972476243973
.70756882429123
.53899083534877
.8115443388621
.68922019004822
.87805809577306
.57836391528447
.64143733183543
.52561161915461
.72744649648666
.61009174585342
.72247705856959
.77675841252009
.78822630643845
.55504588286082
.76873087882996
.57912844419479
.65519879261653
.52866973479589
.66207949320475
.45259937644005
.7545871535937
.5653669834137
.65940368175507
.51337921619415
.71253824234009
.49694189429283
.68042812744776
.51529053846995
.6322629849116
.60588685671488
.57568808396657
.59174311161041
.65366973479589
.39717125892639
.62614679336548
.43998470902443
.60282874107361
.49159021178881
.58371559778849
.53172783056895
.5726299683253
.4136085609595
.5596330165863
.50038225452105
.70068808396657
.42201834917068
.51490825414658
.47859327991803
.56727828582128
.47744648655256
.65214067697525
.59059631824493
.66207949320475
.452217121919
.53669726848602
.51911314328512
.56689602136612
.50305810570717
.50535167256991
.46865443388621
.53478594621023
.37958716352781
.60550457239151
.44992355505625
.58868501583735
.3998471001784
.62805809577306
.38761467734973
.55925077199936
.4568042755127
.55428133408229
.46368501583735
.46330275138219
.49732415874799
.57301223278046
.42125382026037
.51223241289457
.4908256928126
.48012232780457
.34250764052073
.42622323830922
.38532110055288
.45298165082932
.38455657164256
.51605506738027
.40787462393443
.50038225452105
.47400611639023
.59212539593379
.34327216943105
.48700305819511
.43769113222758
.55848624308904
.28631498416265
.49426605304082
.44495412707329
.39105504751205
.3134556611379
.46674312154452
.37844037016233
.52331803242366
.32492353518804
.45259938637416
.3318042755127
.43807339668274
.30542813738187
.46062691013018
.22782874604066
.45527523756027
.32492355505625
.48241590460142
.3180428147316
.38990826408068
.37844037016233
.47744648655256
.29663608471553
.36353210608164
.26223241289457
.30160550276438
.26376146574815
.41972477237384
.27790519595146
.30198776721954
.30581040183703
.40940367182096
.34938838084539
.27790520588557
.24311926960945
.3979357779026
.26643731196721
.41781345009804
.21712538599968
.38188073039055
.38685014843941
.30581039190292
.3069571852684
.41934250791868
.20565749208132
.3933486243089
.33333333333333
.36467889944712
.27790519595146
.39373088876406
.29816514253616
.44457186261813
.30772171417872
.3998471001784
.23088685174783
.39946483572324
.30007644494375
.37232415874799
.31727828582128
.4770642220974
.2637614707152
.43272171417872
.35512231787046
.40558103720347
.23318042854468
.35894495248795
.2477064182361
.37270642320315
.27255351344744
.3998471001784
.33409785230954
.46521407365799
.33486238121986
.37882263461749
.30084098378817
.45718654990196
.32530580957731
.36200305819511
.31345565120379
.39946483572324
.22591743369897
.44992355505625
.33562691013018
.43883792559306
.2748471001784
.34671253959338
.31460244456927
.41322629650434
.37041283647219
.452217121919
.35435778896014
.1639908204476
.3409785926342
.44915902614594
.37805809577306
.44915901621183
.32989297310511
.42584098378817
.27981651822726
.45183486739794
.34250765045484
.35206421216329
.29243119557699
.37308868765831
.26949541767438
.32645260294278
.29816513260206
.48470948139826
.3069571852684
.40672782063484
.31116207440694
.42469419042269
.25993883113066
.35588685671488
.40481651822726
.36659022172292
.32186543941498
.3933486243089
.18348623812199
.41055045525233
.29816513260206
.38837920626005
.40175841252009
.37079511086146
.37576452891032
.44036697347959
.27217125892639
.31651375691096
.28516819079717
.39602446556091
.32607033848763
.41131499409676
.35359327991803
.38761467734973
.34097858270009
.38837920626005
.29663608471553
.32568807403247
.37003058195114
.33868502577146
.29166665673256
.44801222284635
.27370031674703
.32415901621183
.33830275138219
.48432721694311
.37155962983767
.39373088876406
.30084097385406
.4006116092205
.327217121919
.44724770387014
.43769113222758
.38340978821119
.2996942003568
.43042812744776
.33142202099164
.42469419042269
.38990826408068
.3887614707152
.22515290975571
.2683486243089
.32071865598361
.40519877274831
.38761467734973
.37003057201703
.33715595801671
.29663609464963
.25917431712151
.44724771380424
.32645259300868
.36544342835744
.18539755543073
.40749235947927
.34059633811315
.37576451897621
.27370030681292
.36697248617808
.29548930128415
.32339449723562
.31460244456927
.43692660331726
.35321101546288
.39946482578913
.26911314328512
.43577981988589
.26720183094343
.38149846593539
.27255352338155
.43692660331726
.24885321160158
.37003058195114
.30313456058502
.35015290975571
.28822629650434
.47209479411443
.29625381032626
.36506115396818
.30466361840566
.35932721694311
.20603975653648
.42354739705722
.22974006334941
.41513760884603
.26223241289457
.43348623315493
.40290519595146
.40863914291064
.27714066704114
.39220183094343
.38035168250402
.36506115396818
.26452599962552
.34633027513822
.31192661325137
.3933486243089
.3023700217406
.35512232780457
.23967890441418
.33944953481356
.29051987330119
.27637614806493
.38914372523626
.40711009502411
.22897553443909
.21100917458534
.33792048692703
.44992354512215
.27064220110575
.35244648655256
.30542812744776
.37155962983767
.29051987330119
.3180428147316
.29701835910479
.34403668840726
.26758409539858
.32798165082932
.21406728029251
.45565748214722
.33868501583735
.28134556611379
.31995412707329
.35970948139826
.29166666666667
.36276758710543
.35894495248795
.34288990497589
.31536697347959
.35741590460142
.2637614607811
.56039754549662
.28363914291064
.48814985156059
.25076453387737
.35741590460141
.26452598969142
.33256881435712
.31918959816297
.37423548102379
.25993883113066
.35129969318708
.20259939134121
.37844037016233
.27866971492767
.42469419042269
.31422019004822
.4090214073658
.3115443388621
.41857798894246
.37232415874799
.36926605304082
.28172782063484
.35321100552877
.28096330165863
.31957186261813
.37308868765831
.48203364014626
.26605504751205
.34977064530055
.36391438047091
.48509174585342
.30963302652041
.27293578286966
.30542812744776
.33142202099164
.31001530090968
.5064984758695
.233944957455
.4862385292848
.27522935469945
.43616207440694
.18730886777242
.44686543941498
.2362385292848
.39870030681292
.26911315321922
.41743119557699
.24235474069913
.37729357679685
.27446483572324
.39067277312279
.2859327296416
.40825688838959
.32301223278046
.3069571852684
.26949540774028
.30007645487785
.29166666666667
.41628440221151
.32301223278046
.37996942798297
.31766055027644
.5
.33562691013018
.32912844419479
.28975535432498
.3841743071874
.28440367182096
.42698776721954
.29396025339762
.51070334513982
.375
.48509173591932
.29281345009804
.38952598969142
.2912843922774
.375
.29510703682899
.37920488913854
.37691131234169
.42201835910479
.31574923793475
.41360855102539
.24426605800788
.25344036519527
.28707951307297
.37155962983767
.25726299484571
.35091742873192
.23318042357763
.42545871933301
.2591743071874
.41055046518644
.33524465560913
.48967889944712
.29663609464963
.39564220110575
.44189603130023
.43577982982
.28287462393443
.42545871933301
.32415902614594
.36009174585342
.33600916465123
.25611621141434
.28669724861781
.35321101546288
.36659021178881
.41896024346352
.37691131234169
.30389908949534
.36582568287849
.42851681510607
.35359327991803
.35588685671488
.27408257126808
.44418959816297
.31880734364192
.35129968325297
.29051987330119
.29243118564288
.24694190422694
.33142202099164
.29701834917068
.32415902614594
.29510703682899
.39296635985374
.38990825414658
.32492355505625
.27217124899228
.32951069871585
.34365444382032
.38302753369013
.32186543941498
.38952598969142
.32836390535037
.46750765045484
.33524464567502
.38302752375603
.28555045525233
.36314984162649
.28516819079717
.35168195764224
.12614678839842
.38914373517036
.3390672703584
.35626911123594
.34480121731758
.45565749208132
.23929663499196
.33065750201543
.28899081548055
.35703364014626
.28134556611379
.40711008509
.22553516924381
.47324158747991
.32874617973963
.45565749208132
.37499999006589
.41322629650434
.3272171318531
.29090213775635
.30733944972356
.42660550276438
.3769113222758
.35550458232562
.22935779889425
.42354739705722
.20642201602459
.35015290975571
.2977828681469
.4724770685037
.31039755543073
.42392967144648
.35091742873192
.46903669834137
.30428134401639
.35856268803279
.27370030681292
.40634556611379
.27905198931694
.32415902614594
.26032110551993
.42889907956123
.2840214073658
.46827216943105
.36276757717133
.27140673001607
.32454128066699
.37729357679685
.29472478230794
.40749235947927
.28822630643845
.37461773554484
.36314985156059
.3409785926342
.452217121919
.27408256133397
.3180428147316
.53325688838959
.33792048692703
.47515290975571
.29090213775635
.39143731196721
.30389908949534
.3887614607811
.25688073039055
.51567278305689
.25955657164256
.43577981988589
.34403669834137
.39564220110575
.23814984659354
.35129969318708
.32530581951141
.27561162908872
.28593271970749
.38952599962552
.28555046518644
.40940367182096
.27064220110575
.34136085708936
.3409785926342
.34441896279653
.36314985156059
.3933486243089
.29892966151237
.44457185268402
.26032110055288
.46674312154452
.32836391528447
.30084097385406
.24082568784555
.38302752375603
.34441895286242
.47477063536644
.23929663499196
.5183486143748
.36659021178881
.52522935469945
.26185014843941
.33409786224365
.32951069871585
.43004587292671
.16016819079717
.32836390535037
.32033639152845
.38532110055288
.27102446556091
.42966359853745
.48279816905657
.39411315321922
.27599388360977
.45145260294278
.31230886777242
.41551987330119
.2090978572766
.38340978821119
.28287461400032
.3566513756911
.30886849761009
.47668196757634
.4568042854468
.33753822247187
.26490825414658
.34556575616201
.29434250791868
.4613914390405
.31957186261813
.41284404198329
.34288990497589
.33256881435712
.25688073039055
.28287461400032
.3501528998216
.49350153406461
.2912843922774
.43463302652041
.39411314328512
.34059632817904
.32377676169078
.35282875100772
.22056575119495
.28822629650434
.24579510589441
.41743118564288
.22171253959338
.43233944972356
.38685014843941
.43883791565895
.40328746040662
.37767584125201
.30351682504018
.39908257126808
.33715595801671
.44380734364192
.3226299683253
.31536696354548
.28211008509
.40290519595146
.25649848083655
.54740061362584
.30619265635808
.34021406372388
.30619266629219
.28516820073128
.32759939630826
.45298166076342
.34288990497589
.33677370349566
.31918959816297
.48432721694311
.36238532265027
.59288988510768
.47209479411443
.52178901433945
.20909786224365
.36926605304082
.33448012669881
.49770643313726
.28478593627612
.44036697347959
.20909786224365
.37117737531662
.23929663499196
.37767584125201
.20221712688605
.38302752375603
.3566513756911
.37920488913854
.26490824421247
.3887614707152
.30351682504018
.3979357779026
.28287461400032
.35091742873192
.29510703682899
.46750764052073
.30007645487785
.33486238121986
.26223241289457
.33792048692703
.33944954474767
.44074923793475
.24464831749598
.47324158747991
.37538226445516
.35359326004982
.34938837091128
.37194189429283
.3933486243089
.3520642220974
.29740060369174
.390672792991
.30886849761009
.31574922800064
.29013761878014
.40711008509
.26414373517036
.3814984758695
.32645260294278
.38799694180489
.26337921619415
.54663608471553
.29281346003215
.36200304826101
.26490826408068
.35779816905657
.31116208434105
.35856269796689
.42201835910479
.41896024346352
.26452598969142
.36314984162649
.29548930128415
.35474006334941
.32454128066699
.40175841252009
.29396024346352
.33103976647059
.41437308986982
.38532110055288
.3226299683253
.37385320663452
.26567278305689
.36888379851977
.20221712688605
.41055046518644
.3952599465847
.34250764052073
.31574922800064
.37576452891032
.29816514253616
.4449541370074
.32186543941498
.30810397863388
.33677369356155
.44227828582128
.38379205266635
.36467889944712
.3474770685037
.42622324824333
.34671253959338
.31880734364192
.24464832246304
.43386849761009
.29281345009804
.35779815912247
.45336392521858
.36544342835744
.29166666666667
.3226299683253
.27178898453712
.40405198931694
.29472477237384
.4136085609595
.29243119557699
.4227828681469
.33409785230954
.35053516427676
.27943424383799
.33218654990196
.33944953481356
.36582568287849
.3501528998216
.43960244456927
.27446483572324
.44495412707329
.21674311657747
.390672792991
.27370029687881
.46597860256831
.3612385292848
.36200304826101
.35244648655256
.38914372523626
.38723242282867
.39258409539859
.31766055027644
.31918959816297
.24655963977178
.35703365008036
.25993884603182
.40405198931694
.25573395192623
.42775230606397
.43730886777242
.38226299484571
.33906728029251
.28211009502411
.40366971492767
.44992353518804
.40061161915461
.40405197938283
.33256880442301
.26834863424301
.3318042854468
.45298166076342
.33065749208132
.32186543941498
.33409786224365
.36009174585342
.24388379355272
.32798165082932
.34327217936516
.34403669834137
.25993883113066
.41016819079717
.32530580957731
.40940367182096
.33562691013018
.36544341842333
.30160550276438
.40328746040662
.29663609464963
.41934250791868
.29587155580521
.45527522762616
.24197248121103
.32110091050466
.29625382026037
.35053517421087
.2385321110487
.36085627476374
.29701834917068
.54281347990036
.26873087882996
.3769113222758
.30466360847155
.27178898453712
.28134556611379
.40596331159274
.20412843922774
.44189602136612
.31422019004822
.39717124899228
.1976299683253
.34633027513822
.29587156573931
.31766055027644
.40290519595146
.37538226445516
.2886085609595
.52025993665059
.25879205266635
.43463302652041
.25076452394327
.38914373517036
.25879205266635
.31192660331726
.27599388360977
.45145259300868
.35970947146416
.45451070864995
.34862385193507
.32798165082932
.3161314924558
.32912843426069
.26032110055288
.4476299683253
.21941896279653
.30619265635808
.36429663499196
.43310397863388
.26949540774028
.37155962983767
.38914373517036
.42813455065091
.31077981988589
.2840214073658
.3253057996432
.41475534439087
.32377676169078
.5561926762263
.30848624308904
.33486238121986
.25764525930087
.39411315321922
.3887614607811
.44915902614594
.36964831749598
.31307339668274
.24197247624397
.27217124899228
.30389908949534
.38685015837351
.29969419042269
.38914373517036
.20565749208132
.34709481398265
.37079511086146
.44151375691096
.26032111048698
.32071866591771
.35053516427676
.37538226445516
.25573393702507
.36085626482964
.27408257126808
.4292813539505
.31077981988589
.39487767219543
.31154434879621
.3520642220974
.30772171417872
.35588685671488
.36429664492607
.41322629650434
.26414372523626
.39755351344744
.31766055027644
.40061161915461
.24426605800788
.32339449723562
.37270642320315
.41551987330119
.30504587292671
.49617736538251
.2729357779026
.35818042357763
.27981651822726
.43157492081324
.34518349170685
.30122323830922
.31689602136612
.21980122725169
.29434251785278
.36238532265027
.23738532265027
.44724770387014
.24044342835744
.33792048692703
.3253057996432
.36544342835744
.32683485746384
.34136085708936
.33792048692703
.50344038009644
.2316513756911
.39755352338155
.25764525930087
.4430428147316
.24617737531662
.33715595801671
.35932721694311
.23088684678078
.27331804235776
.48700306812922
.24464831749598
.40940367182096
.28784404198329
.30733945965767
.29396024346352
.54166668653488
.28707951307297
.43922019004822
.31651376684507
.41437308986982
.34174312154452
.33868501583735
.36353210608164
.3841743071874
.25114679336548
.41934250791868
.21521406869094
.37538226445516
.27522935469945
.45603975653648
.36506116390228
.3023700316747
.33371558785439
.46062691013018
.31039755543073
.36314985156059
.42813455065091
.36009174585342
.36276757717133
.30542812744776
.29854740699132
.44839449723562
.30313456058502
.38188073039055
.32301223278046
.34709480404854
.28669724861781
.42622324824333
.37194190422694
.27064221103986
.10359327246745
.32454128066699
.35282875100772
.47821100552877
.38646788398425
.32339449723562
.42163608471553
.26987767219543
.28172783056895
.43730886777242
.24770642320315
.39449540774028
.32377676169078
.38379205266635
.40634555617968
.3887614607811
.28707950313886
.43960245450338
.26452598969142
.31269113222758
.28211009502411
.44686543941498
.25726299484571
.36047400037448
.32262995839119
.42966360847155
.2775229314963
.41322629650434
.4155198832353
.39411315321922
.30351681510607
.25191131234169
.30466360847155
.32339448730151
.37308868765831
.38188074032466
.35282875100772
.4430428147316
.2477064182361
.50802751382192
.43616207440694
.42966360847155
.31842507918676
.43883792559306
.22438838084539
.40558102726936
.24808868269126
.34977063536644
.28134556611379
.40405198931694
.43310397863388
.36200305819511
.32607033848763
.28975535432498
.23356269299984
.48012231787046
.26796635985374
.39029052853584
.41857797900836
.34977063536644
.26337920626005
.30657492081324
.31842507918676
.50458714365959
.33753822247187
.40481650829315
.24273700515429
.32415901621183
.36964831749598
.38188074032466
.40405198931694
.36926606297493
.327217121919
.37155962983767
.31804280479749
.40978592634201
.30963302652041
.28249235947927
.3023700316747
.42889907956123
.43310397863388
.38302752375603
.2228593279918
.34212537606557
.26873088876406
.4273700316747
.39602446556091
.38226300477982
.38073394695918
.39602447549502
.3520642220974
.35397553443909
.32989297310511
.47821100552877
.42469419042269
.28287461400032
.31039755543073
.39411315321922
.30084097385406
.43119265635808
.37805811564128
.37079511086146
.30007645487785
.41513760884603
.26681957642237
.38685015837351
.30963302652041
.39640673001607
.2637614707152
.38532111048698
.27064220607281
.33065749208132
.25573393702507
.29931192596753
.4044342537721
.44801222284635
.38073394695918
.41131498416265
.28478593627612
.44074923793475
.41781345009804
.44266055027644
.30007645487785
.46253823240598
.29051987330119
.35970948139826
.25420489410559
.32492354512215
.31192660331726
.32759938637416
.32377676169078
.47477064530055
.30122324824333
.26987768212954
.28211008509
.35856269796689
.42889908949534
.42889907956123
.29013760884603
.47171253959338
.21788990994294
.42813455065091
.33256881435712
.3998471001784
.37499999006589
.35894495248795
.23432721694311
.33256881435712
.32836391528447
.41704893112183
.32377676169078
.46712537606557
.36429663499196
.40214066704114
.32912844419479
.33524464567502
.33256880442301
.4338685075442
.26834863424301
.43922018011411
.41590213775635
.48929664492607
.36964831749598
.46330275138219
.28593271970749
.42545870939891
.30084098378817
.35244648655256
.25611621141434
.39640673001607
.34709480404854
.34977063536644
.32951070864995
.55810397863388
.39525993665059
.45986238121986
.34327216943105
.47018348177274
.2610856294632
.29854740699132
.30198776721954
.3860856294632
.36467889944712
.33830274144808
.25764525930087
.39908257126808
.31039755543073
.33830275138219
.41896024346352
.39487767219543
.35779815912247
.46062691013018
.30733943978945
.39908257126808
.31230886777242
.46253821253777
.3207186460495
.31001529097557
.359327207009
.48967889944712
.31995411713918
.37194189429283
.4155198832353
.46100917458534
.49426604310671
.39678899447123
.39449540774028
.4751528998216
.2794342537721
.43310396869977
.3612385292848
.24235474069913
.28019877274831
.33371559778849
.15328746040662
.29663608471553
.34671253959338
.25802751878897
.2362385292848
.37003057201703
.3180428147316
.40137614806493
.27981651822726
.30733943978945
.11314984907707
.32492355505625
.34977064530055
.16399082541466
.22515290975571
.3409785926342
.23509174088637
.27331804235776
.25764525930087
.21062691013018
.27064220110575
.25879204273224
.23700305819511
.34403669834137
.22782874604066
.25611621141434
.24006115893523
.25879204273224
.29013760884603
.27140673001607
.27714067697525
.3226299782594
.22477064033349
.25191130737464
.23279816408952
.36200304826101
.29701833923658
.25038225948811
.26032110551993
.28593271970749
.27599388360977
.28516820073128
.24655962983767
.21903669337432
.25458715856075
.21865442891916
.21100917458534
.29204892118772
.23318042854468
.26223241786162
.23891437550386
.2840214073658
.20795107384523
.32033639152845
.16628440221151
.17240061362584
.20756880939007
.30466361840566
.28019878268242
.14984709521135
.30810396869977
.26070336500804
.29281345009804
.18425076703231
.23623853425185
.31383792559306
.32912844419479
.22515290478865
.31422018011411
.32912844419479
.28019878268242
.24197247624397
.33409786224365
.25496941804886
.25076452394327
.30581039190292
.25879205266635
.27064219117165
.17507645487785
.22782874604066
.3344801167647
.20642201602459
.20145260294278
.23700305819511
.18425076703231
.33448012669881
.27217125892639
.34021407365799
.22477064033349
.19801223774751
.22706421713034
.33524465560913
.30886849761009
.23776758213838
.19839449723562
.25267584125201
.17928134401639
.22859326998393
.21827216943105
.26414373517036
.22209479908148
.25496941804886
.2385321110487
.22629969318708
.24273700018724
.24120794733365
.31001528104146
.30351681510607
.20565749208132
.2228593279918
.27140673001607
.3134556611379
.23356268803279
.24044342339039
.23012232780457
.23279816408952
.21444954474767
.25726299484571
.2775229314963
.25267584125201
.23318042357763
.2477064182361
.20298165082932
.31230886777242
.17966360847155
.30963302652041
.1750764499108
.26758409539859
.21903669337432
.26337920626005
.19686544438203
.31651376684507
.27025993665059
.27561161915461
.19380733867486
.26452598969142
.20336391528447
.27446482578913
.19610091547171
.26911314328512
.18119266132514
.20183486243089
.26414372523626
.26376147568226
.17163608471553
.38035168250402
.2090978572766
.27178898453712
.20565749208132
.24388378858566
.26529051860174
.30657492081324
.20259938637416
.27408257126808
.24464831749598
.29396024346352
.2385321110487
.31001528104146
.17889908452829
.18922018508116
.24885321160158
.25993884603182
.15825687845548
.28363914291064
.20298165082932
.25152905285358
.13608562449614
.18960244953632
.27408257126808
.26490825414658
.21827216943105
.18501529097557
.22209480404854
.16284403701623
.26490825414658
.22324159244696
.20336391528447
.20565749208132
.17813456058502
.19877675672372
.19801223278046
.32568807403247
.20145260294278
.25191131234169
.21674312154452
.21674311657747
.21712538103263
.23929663499196
.19495412707329
.17775229116281
.1819571852684
.19686544438203
.15711009502411
.31995412707329
.20107033352057
.24388379851977
.20642201602459
.26567278305689
.17163608471553
.1976299683253
.14220183094343
.26643731196721
.19571865598361
.28096329172452
.27599388360977
.1976299683253
.21980122725169
.23700305322806
.19533639152845
.19954128563404
.22171253959338
.20986238618692
.16131498416265
.20833333333333
.25611621141434
.24235474566619
.17698776721954
.2316513756911
.19801223774751
.22209479908148
.24579510092735
.21674311657747
.2159785926342
.20412843922774
.21100917458534
.20374617973963
.20795107384523
.25726299981276
.22821100552877
.26261467734973
.18081039686998
.26987767219543
.22362385193507
.23012232780457
.22285933295886
.1930428147316
.18807339668274
.28516820073128
.26758409539859
.27599388360977
.22018348673979
.26911315321922
.21865443388621
.20412843426069
.21406728029251
.16322629650434
.23394495248795
.22629969318708
.19418959816297
.27752294143041
.21444953978062
.25114678839842
.20603975653648
.32110091050466
.15290519595146
.14143730700016
.17469419042269
.19877675672372
.18845565617085
.19877676169078
.2274464815855
.22782874604066
.17928134401639
.26070336500804
.12614678839842
.18730886777242
.17889908452829
.2274464815855
.23088685174783
.16399083038171
.20489296813806
.17775229116281
.19724770883719
.22171253462632
.15290520091852
.21406728029251
.25382263461749
.22782874604066
.13837920626005
.22591742873192
.17163608471553
.18081039686998
.12691131482522
.37079511086146
.2270642220974
.22247706353664
.23891437550386
.16322629650434
.18501528600852
.23012232283751
.1636085609595
.2549694130818
.15481651326021
.21330275138219
.14678898950418
.1567278256019
.22477064033349
.23585626482964
.25993884603182
.23853211601575
.19036697347959
.21521406869094
.1681957145532
.17469419042269
.15366972486178
.18730886280537
.18310397863388
.23241590460141
.16666666666667
.27331804235776
.18998470902443
.23088685174783
.21253822743893
.20145259797573
.23318042854468
.25496941804886
.20374617973963
.30084097385406
.188837920626
.18042813738187
.19915902614594
.19189602633317
.26681957642237
.1773700316747
.16475535432498
.2182721743981
.17354740202427
.20068807403247
.16628440221151
.26337920626005
.20107033848763
.24808868765831
.19227829078833
.22897553443909
.15749235451221
.18577981988589
.2045107036829
.24617737034957
.18616208434105
.16972476740678
.21330275634925
.29243119557699
.15137614806493
.24388379355272
.19495412707329
.19724770387014
.29243119557699
.31422018011411
.22438838084539
.25420488913854
.20030580957731
.26796636978785
.19266055027644
.19113149742285
.22553516427676
.1976299683253
.14487767716249
.19074923793475
.14870030184587
.19571865101655
.20565749208132
.19610092043877
.26987768212954
.25114678839842
.1819571852684
.25038226445516
.15825688342253
.21865443885326
.20489296813806
.25267584125201
.25191131234169
.23967889944712
.1815749257803
.22821101049582
.20107033352057
.24923547605673
.23050458729267
.21215596795082
.1934250742197
.17201834917068
.23776758213838
.17813455561797
.23012232780457
.30237002670765
.2683486243089
.28363914291064
.17469419042269
.1433486243089
.22782875100772
.25726299981276
.25267584125201
.27408258120219
.16666666666667
.25267585118612
.17622324327628
.19801223278046
.18501529097557
.28134556611379
.15978593130906
.18233944972356
.1479357779026
.28478593627612
.20642201602459
.26223242282867
.15749235451221
.26643731196721
.22553516427676
.19839449723562
.13532110551993
.23700305819511
.17775229612986
.20489296317101
.12767583876848
.22821101049582
.16513760884603
.1930428147316
.15481651326021
.22591742873192
.23700305322806
.31116208434105
.34556575616201
.29204893112183
.23203364511331
.22400611142317
.22706421713034
.13532110055288
.20298165082932
.18348623812199
.25000000496705
.24808868765831
.12767584125201
.27370030681292
.20374617973963
.25764526426792
.297782878081
.29548929135005
.20145260294278
.28746177752813
.19610091547171
.2477064182361
.19915901621183
.36085627476374
.25344036519527
.21330275138219
.2450305869182
.29548930128415
.25420489410559
.19151375691096
.21827216943105
.31727828582128
.25076452394327
.26146789391836
.21941896279653
.21177370349566
.23203364014626
.24655962983767
.2702599465847
.33830275138219
.23662079373995
.3042813539505
.28975535432498
.40825687845548
.3096330165863
.3318042854468
.375
.32645260294278
.37117736538251
.2564984758695
.32415901621183
.32645260294278
.21215596298377
.08333333333333
.26949541767438
.23547400534153
.2637614707152
.38188073039055
.29892966151237
.36047400037448
.20986238618692
.34709480404854
.24197248121103
.31154434879621
.35970948139826
.34365443388621
.2859327296416
.30313456058502
.3501528998216
.2228593279918
.23203364511331
.32339449723562
.38379205266635
.297782878081
.3363914390405
.40978593627612
.30428134401639
.40099388360977
.28019877274831
.38723241289457
.36314985156059
.38226299484571
.34327216943105
.38532110055288
.45642201105754
.45145260294278
.40940366188685
.37844037016233
.36926605304082
.50573395689329
.42813455065091
.57836391528447
.46253822247187
.48279815912247
.59403667847315
.62079511086146
.49159021178881
.56077982982
.46559632817904
.72744647661845
.51032109061877
.56727828582128
.63340978821119
.81842507918676
.76681957642237
.76605504751205
.90863915284475
.93616207440694
1.0818042556445
1.0913608670235
1.3134556214015
1.2339449723562
1.2645260095596
1.2824923992157
1.5474006334941
1.4537461598714
1.4805045525233
1.4357798099518
1.6280581156413
2.0474006334941
1.5691895882289
1.7293577591578
2.1624617576599
2.1230887174606
2.2045106887817
2.2763761679331
2.0676605304082
2.0596330165863
2.1838684479396
2.6188838481903
2.4468654791514
2.4770642121633
2.6142966747284
3.1055045127869
2.7198011875153
2.8478593031565
3.2412079175313
3.242736975352
2.9300458431244
3.035168170929
3.1353211402893
3.0993883609772
3.2870794932048
3.5240825812022
3.6456421216329
3.9090214570363
3.6295870939891
4.0061163107554
3.6261468728383
3.6200306415558
4.1662844022115
3.8918195565542
4.2064219315847
2.875
4.2415902614594
4.339449485143
4.4445718129476
4.424694220225
4.3023699919383
4.8566513061523
4.6701070467631
5.084862391154
4.7733181317647
5.2014525731405
4.9208714167277
5.3138378461202
5.6712536811829
5.1299694379171
5.4426604906718
5.207568804423
5.339067141215
5.7094801266988
5.5126145680745
5.9457187652588
6.0263760884603
4.403669834137
5.9162844022115
6.0087920824687
5.7958715756734
5.7033638954163
5.9782110850016
5.790137608846
6.2832568486532
6.0405198733012
5.8818807601929
6.4262232780457
6.2519113222758
5.9399847984314
6.624235312144
6.8497707049052
6.226682027181
6.9770642916361
6.2782874107361
6.8497705459595
6.8681193987528
6.4896788597107
6.8302752176921
6.8371559778849
7.3952600161235
7.1288224856059
6.6192661921183
7.1422017415365
7.0412844022115
6.1448775927226
6.7190367380778
7.0424310366313
7.2779051462809
7.0829509099325
6.7175076802572
7.1949542363485
7.4797399838765
7.4491589864095
7.5114677747091
7.5795106887817
7.7400611241659
7.5057339668274
7.3692661921183
7.8746177355448
6.9453365008036
7.5538989702861
7.2408256530762
7.4074923197428
7.5500763257345
7.2343271573385
7.1276758511861
7.608180363973
7.2140673001607
8.0703363418579
7.5802752176921
7.634556611379
7.2133027712504
7.6548164685567
7.5512231190999
7.6861621538798
7.0271407763163
7.7499998410543
7.1670490900675
7.4288989702861
7.160932858785
7.2045108477275
7.2140673001607
6.8868501981099
6.8952598571777
7.2087155977885
6.7905197143555
7.1165903409322
6.7779051462809
6.9074924786886
7.158639272054
5.9193423589071
7.0860091845194
7.1074159940084
6.9996175765991
6.6414373715719
6.3096329371134
6.4789756139119
6.5198777516683
6.0867737134298
6.3260703086853
6.4227828979492
6.323012193044
6.2083333333333
5.7473243077596
5.8753821055094
6.3524463971456
5.8077217737834
6.4740061759949
5.8168959617615
5.2691130638123
5.6399083137512
4.8470948537191
4.8593271573385
5.1582570075989
4.9132261276245
5.0214068094889
4.8730888366699
4.8360091845194
4.4950307210286
4.9671252568563
4.5313455263774
4.0347859859467
4.3830274740855
3.6093272368113
3.7637614409129
3.5416667461395
3.7465596993764
3.6100917657216
3.3864679336548
3.0156727631887
3.0768349170685
2.8337155977885
2.5114678541819
2.466743071874
2.38532102108
2.1383791764577
1.9166666269302
1.8088685274124
1.5477828582128
1.6314984957377
1.2714066902796
1.5244648456573
1.2461773951848
1.0638379255931
1.0401376287142
.87576452891032
.55045871933301
.65978594621023
.62920488913854
1.0256115992864
.48432722687721
.85435779889425
.68348624308904
.77293578783671
.63226300477982
.76987767219543
.64029051860174
.66590213775635
.7519113222758
.56689602136612
.41590214769046
.50267585118612
.53402141729991
.70795106887817
.50152904788653
.67240059375763
.6800458629926
.60474006334941
.53363913297653
.45718654990196
.5405198931694
.62652905782064
.4862385392189
.51796635985374
.53516821066538
.35932721694311
.53975536425908
.55237001180649
.52293578783671
.46062692006429
.42889908949534
.39717124899228
.59136084715525
.47629970312119
.51911313335101
.48623851935069
.40099388360977
.31651376684507
.37844037016233
.56574922800064
.40252294143041
.37805810570717
.36238532265027
.37423548102379
.44380734364192
.57683485746384
.36544342835744
.35091742873192
.40940366188685
.44151375691096
.29701834917068
.3455657462279
.40940368175507
.36047401030858
.26032110551993
.35091742873192
.30772172411283
.29816514253616
.38723241289457
.27522935966651
.34480121731758
.35244648655256
.36926605304082
.41055045525233
.35397554437319
.31651375691096
.33371559778849
.27943425873915
.45489296317101
.30275229612986
.27790519595146
.37194189429283
.27331804235776
.27064220110575
.29625383019447
.29166666666667
.23891437550386
.28019878268242
.21750764548779
.28899082541466
.30810397863388
.31613150238991
.25152905285358
.33027522762616
.26032109558582
.26146789391836
.27714066704114
.23547400534153
.18730887273947
.30122323830922
.28975535432498
.22782874107361
.25191131234169
.21100917458534
.28822630643845
.23547400037448
.26567278305689
.22591742873192
.17851682007313
.27522935469945
.25611620148023
.28975535432498
.37347094217936
.25688074032466
.28784403204918
.22362385690212
.17584097882112
.31383791565895
.297782878081
.25764526923498
.3023700316747
.2477064281702
.26567278305689
.27446483572324
.3088685075442
.30581040183703
.24885321160158
.33868502577146
.28516819079717
.29166665673256
.28363914291064
.2683486243089
.31460244456927
.28593271970749
.27140673001607
.27178899447123
.29969419042269
.25879206260045
.26299694180489
.2274464815855
.24808869262536
.27828746040662
.2886085609595
.29357798894246
.24655963480473
.30007645487785
.20145259797573
.36009174585342
.3318042854468
.32645260294278
.30619266629219
.29013761878014
.19036697347959
.31727828582128
.2385321110487
.29816513260206
.26949541767438
.29281346003215
.21636085708936
.30619265635808
.297782878081
.28746177752813
.29243119557699
.24120795726776
.29931192596753
.30466360847155
.2931957244873
.25955657164256
.25496942301591
.27331804235776
.21444953978062
.23394495248795
.25344037016233
.26529052853584
.32415902614594
.21024464567502
.28784404198329
.29281345009804
.27981650829315
.2931957244873
.34671253959338
.23776758710543
.22668196260929
.23585626979669
.31689602136612
.24197247624397
.26796635985374
.28287461400032
.27522936463356
.32033639152845
.30389908949534
.17545871436596
.24923547108968
.35282874107361
.30504587292671
.25879205266635
.25802752375603
.29625382026037
.25535167753696
.36544341842333
.25038226445516
.3318042755127
.21215596298377
.23012232283751
.25764526923498
.25535167256991
.28287462393443
.40596330165863
.3501528998216
.37614679336548
.2775229314963
.27675841252009
.32415902614594
.2224770685037
.39525993665059
.28516820073128
.28937308986982
.31192661325137
.27178898453712
.34136086702347
.29816514253616
.25229357679685
.39946482578913
.31536696354548
.30925075213114
.22935779392719
.21521406372388
.24923547605673
.28134556611379
.30772170424461
.37003058195114
.33027522762616
.35856268803279
.22897553443909
.25955657164256
.49311924974124
.31574922800064
.24732415378094
.27981651822726
.21750764548779
.36735473076502
.30810397863388
.18577981491884
.33409786224365
.26185015340646
.35435779889425
.30581039190292
.31422019004822
.23050458729267
.2205657462279
.33983180920283
.28058103720347
.24655962983767
.32836391528447
.33562691013018
.33944954474767
.29128440221151
.2729357779026
.34136084715525
.36888378858566
.31651375691096
.31383791565895
.3566513756911
.35818043351173
.37003058195114
.39296635985374
.28555045525233
.30007645487785
.3180428147316
.35321100552877
.31192660331726
.21139144400756
.36276758710543
.30045871933301
.31269113222758
.29510703682899
.34212537606557
.35550458232562
.3612385292848
.28555045525233
.28899082541466
.36238531271617
.31536696354548
.45718654990196
.29854739705722
.31727827588717
.32568806409836
.34977064530055
.2886085609595
.33409785230954
.29663608471553
.23012232283751
.30733944972356
.32683485746384
.32798165082932
.37652904788653
.3161314924558
.38685015837351
.33792049686114
.22362385193507
.43463302652041
.32607032855352
.29472477237384
.33486239115397
.38417431712151
.41131499409676
.39602446556091
.38226299484571
.44074922800064
.42851681510607
.28860857089361
.3860856294632
.36009174585342
.3501528998216
.37614678343137
.42966360847155
.34365444382032
.4300458629926
.36888378858566
.33562692006429
.35779816905657
.27675841252009
.375
.4319571852684
.3474770685037
.28899082541466
.36467889944712
.2866972386837
.4816513856252
.39678899447123
.33027522762616
.3474770685037
.32874616980553
.34862385193507
.44036697347959
.33027522762616
.38302753369013
.32415901621183
.37882262468338
.41284404198329
.3069571852684
.34900611639023
.27561161915461
.31995412707329
.31766055027644
.3318042854468
.37729357679685
.37805810570717
.34250765045484
.34212538599968
.39717125892639
.25152905285358
.40634556611379
.39984709024429
.42163608471553
.41590213775635
.32224770387014
.42010702689489
.37500000993411
.3088685075442
.31192660331726
.41857797900836
.3455657462279
.30619265635808
.3933486243089
.46788990497589
.38723241289457
.3979357779026
.42889908949534
.44189602136612
.28899082541466
.47553516427676
.48356269796689
.53478592634201
.43807339668274
.42048929135005
.45718653996785
.35282875100772
.46674312154452
.42354740699132
.47935780882835
.48814985156059
.5183486143748
.47859326998393
.49961773554484
.41704893112183
.42507645487785
.53287462393443
.41055045525233
.47821100552877
.44571865598361
.49120795726776
.57645259300868
.35703364014626
.47974006334941
.37270642320315
.45565749208132
.52484709024429
.51720184087753
.4568042854468
.51681957642237
.34021407365799
.45107032855352
.46636085708936
.37844036022822
.47018348177274
.52905197938283
.58562692006429
.50458714365959
.40940366188685
.39258409539858
.36697247624397
.5038226445516
.47018349170685
.58409786224365
.52675841252009
.60129968325297
.43042813738187
.56269113222758
.47897554437319
.54663608471553
.53555045525233
.46177370349566
.45909785230954
.47324159741402
.58830275138219
.57607032855352
.48814984162649
.58677371342977
.59212537606557
.47935779889425
.51720184087753
.48814985156059
.54128440221151
.51146789391836
.57530581951141
.59862385193507
.52102446556091
.52025993665059
.66513760884603
.47897552450498
.57492353518804
.58142201105754
.53134556611379
.58562690019608
.57836393515269
.59441896279653
.46100917458534
.62882262468338
.6230886777242
.58639142910639
.625
.55581039190292
.50688073039055
.58333333333333
.58486239115397
.62920488913854
.54892967144648
.53058105707169
.50955659151077
.4954128464063
.70756880442301
.68157492081324
.63685015837351
.65825688838959
.51949540774027
.55619265635808
.63302751382192
.52943426370621
.66628440221151
.55963303645452
.52522936463356
.5229357679685
.58448012669881
.61697246630987
.6131498614947
.58715597788493
.53860855102539
.64296636978785
.63646789391836
.61085627476374
.6020642320315
.69227826595306
.53784404198329
.53822628657023
.63685015837351
.65596330165863
.59059631824493
.5890672604243
.53172781070073
.61467889944712
.64449540774027
.59747707843781
.70107032855352
.68539754549662
.69151377677917
.65863915284475
.5183486143748
.55198778708776
.66016821066538
.59480122725169
.66093271970749
.57951070864995
.61429661512375
0
0
0
0
0
0
0
0
0
0
0
0
0
0
0
0
0
0
0
0
0
0
0
0
0
0
0
0
0
0
0
0
0
0
0
0
0
0
0
0
0
0
0
0
0
0
0
0
0
0
0
0
0
0
0
0
0
0
0
0
0
0
0
0
0
0
0
0
0
0
0
0
0
0
0
0
0
0
0
0
0
0
0
0
0
0
0
0
0
0
0
0
0
0
0
0
0
0
0
0
0
0
0
0
0
0
0
0
0
0
0
0
0
0
0
0
0
0
0
0
0
0
0
0
0
0
0
0
0
0
0
0
0
0
0
0
0
0
0
0
0
0
0
0
0
0
0
0
0
0
0
0
0
0
0
0
0
0
0
0
0
0
0
0
0
0
0
0
0
0
0
0
0
0
0
0
0
0
0
0
0
0
0
0
0
0
0
0
0
0
0
0
0
0
0
0
0
0
0
0
0
0
0
0
0
0
0
0
0
0
0
0
0
0
0
0
0
0
0
0
0
0
0
0
0
0
0
0
0
0
0
0
0
0
0
0
0
0
0
0
0
0
0
0
0
0
0
0
0
0
0
0
0
0
0
0
0
0
0
0
0
0
0
0
0
0
0
0
0
0
0
0
0
0
0
0
0
0
0
0
0
0
0
0
0
0
0
0
0
0
0
0
0
0
0
0
0
0
0
0
0
0
0
0
0
0
0
0
0
0
0
0
0
0
0
0
0
0
0
0
0
0
0
0
0
0
0
0
0
0
0
0
0
0
0
0
0
0
0
0
0
0
0
0
0
0
0
0
0
0
0
0
0
0
0
0
0
0
0
0
0
0
0
0
0
0
0
0
0
0
0
0
0
0
0
0
0
0
0
0
0
0
0
0
0
0
0
0
0
0
0
0
0
0
0
0
0
0
0
0
0
0
0
0
0
0
0
0
0
0
0
0
0
0
0
0
0
0
0
0
0
0
0
0
0
0
0
0
0
0
0
0
0
0
0
0
0
0
0
0
0
0
0
0
0
0
0
0
0
0
0
0
0
0
0
0
0
0
0
0
0
0
0
0
0
0
0
0
0
0
0
0
0
0
0
0
0
0
0
0
0
0
0
0
0
0
0
0
0
0
0
0
0
0
0
0
0
0
0
0
0
0
0
0
0
0
0
0
0
0
0
0
0
0
0
0
0
0
0
0
0
0
0
0
0
0
0
0
0
0
0
0
0
0
0
0
0
0
0
0
0
0
0
0
0
0
0
0
0
0
0
0
0
0
0
0
0
0
0
0
0
0
0
0
0
0
0
0
0
0
0
0
0
0
0
0
0
0
0
0
0
0
0
0
0
0
0
0
0
0
0
0
0
0
0
0
0
0
0
0
0
0
0
0
0
0
0
0
0
0
0
0
0
0
0
0
0
0
0
0
0
0
0
0
0
0
0
0
0
0
0
0
0
0
0
0
0
0
0
0
0
0
0
0
0
0
0
0
0
0
0
0
0
0
0
0
0
0
0
0
0
0
0
0
0
0
0
0
0
0
0
0
0
0
0
0
0
0
0
0
0
0
0
0
0
0
0
0
0
0
0
0
0
0
0
0
0
0
0
0
0
0
0
0
0
0
0
0
0
0
0
0
0
0
0
0
0
0
0
0
0
0
0
0
0
0
0
0
0
0
0
0
0
0
0
0
0
0
0
0
0
0
0
0
0
0
0
0
0
0
0
0
0
0
0
0
0
0
0
0
0
0
0
0
0
0
0
0
0
0
0
0
0
0
0
0
0
0
0
0
0
0
0
0
0
0
0
0
0
0
0
0
0
0
0
0
0
0
0
0
0
0
0
0
0
0
0
0
0
0
0
0
0
0
0
0
0
0
0
0
0
0
0
0
0
0
0
0
0
0
0
0
0
0
0
0
0
0
0
0
0
0
0
0
0
0
0
0
0
0
0
0
0
0
0
0
0
0
0
0
0
0
0
0
0
0
0
0
0
0
0
0
0
0
0
0
0
0
0
0
0
0
0
0
0
0
0
0
0
0
0
0
0
0
0
0
0
0
0
0
0
0
0
0
0
0
0
0
0
0
0
0
0
0
0
0
0
0
0
0
0
0
0
0
0
0
0
0
0
0
0
0
0
0
0
0
0
0
0
0
0
0
0
0
0
0
0
0
0
0
0
0
0
0
0
0
0
0
0
0
0
0
0
0
0
0
0
0
0
0
0
0
0
0
0
0
0
0
0
0
0
0
0
0
0
0
0
0
0
0
0
0
0
0
0
0
0
0
0
0
0
0
0
0
0
0
0
0
0
0
0
0
0
0
0
0
0
0
0
0
0
0
0
0
0
0
0
0
0
0
0
0
0
0
0
0
0
0
0
0
0
0
0
0
0
0
0
0
0
0
0
0
0
0
0
0
0
0
0
0
0
0
0
0
0
0
0
0
0
0
0
0
0
0
0
0
0
0
0
0
0
0
0
0
0
0
0
0
0
0
0
0
0
0
0
0
0
0
0
0
0
0
0
0
0
0
0
0
0
0
0
0
0
0
0
0
0
0
0
0
0
0
0
0
0
0
0
0
0
0
0
0
0
0
0
0
0
0
0
0
0
0
0
0
0
0
0
0
0
0
0
0
0
0
0
0
0
0
0
0
0
0
0
0
0
0
0
0
0
0
0
0
0
0
0
0
0
0
0
0
0
0
0
0
0
0
0
0
0
0
0
0
0
0
0
0
0
0
0
0
0
0
0
0
0
0
0
0
0
0
0
0
0
0
0
0
0
0
0
0
0
0
0
0
0
0
0
0
0
0
0
0
0
0
0
0
0
0
0
0
0
0
0
0
0
0
0
0
0
0
0
0
0
0
0
0
0
0
0
0
0
0
0
0
0
0
0
0
0
0
0
0
0
0
0
0
0
0
0
0
0
0
0
0
0
0
0
0
0
0
0
0
0
0
0
0
0
0
0
0
0
0
0
0
0
0
0
0
0
0
0
0
0
0
0
0
0
0
0
0
0
0
0
0
0
0
0
0
0
0
0
0
0
0
0
0
0
0
0
0
0
0
0
0
0
0
0
0
0
0
0
0
0
0
0
0
0
0
0
0
0
0
0
0
0
0
0
0
0
0
0
0
0
0
0
0
0
0
0
0
0
0
0
0
0
0
0
0
0
0
0
0
0
0
0
0
0
0
0
0
0
0
0
0
0
0
0
0
0
0
0
0
0
0
0
0
0
0
0
0
0
0
0
0
0
0
0
0
0
0
0
0
0
0
0
0
0
0
0
0
0
0
0
0
0
0
0
0
0
0
0
0
0
0
0
0
0
0
0
0
0
0
0
0
0
0
0
0
0
0
0
0
0
0
0
0
0
0
0
0
0
0
0
0
0
0
0
0
0
0
0
0
0
0
0
0
0
0
0
0
0
0
0
0
0
0
0
0
0
0
0
0
0
0
0
0
0
0
0
0
0
0
0
0
0
0
0
0
0
0
0
0
0
0
0
0
0
0
0
0
0
0
0
0
0
0
0
0
0
0
0
0
0
0
0
0
0
0
0
0
0
0
0
0
0
0
0
0
0
0
0
0
0
0
0
0
0
0
0
0
0
0
0
0
0
0
0
0
0
0
0
0
0
0
0
0
0
0
0
0
0
0
0
0
0
0
0
0
0
0
0
0
0
0
0
0
0
0
0
0
0
0
0
0
0
0
0
0
0
0
0
0
0
0
0
0
0
0
0
0
0
0
0
0
0
0
0
0
