.23136427998543
.26265822847684
.21729958057404
.21483825643857
.25668073693911
.27601968248685
.23699015875657
.26476793487867
.23312236368656
.22011251747608
.28481012582779
.23030942181746
.19163150588671
.24191280206045
.19796062012513
.18213783204556
.19971870382627
.22151898841063
.20358649889628
.22292545437813
.20639943579833
.2556258837382
.24507735172908
.23980309565862
.21097046633561
.24753868083159
.21483825147152
.22292545934518
.27918424208959
.21448663870494
.25457103053729
.28691983222961
.24120956162612
.22960618635019
.17440224687258
.23171589275201
.27144866188367
.27215189735095
.25386779010296
.27215190728505
.24120956162612
.30520394444466
.26265822847684
.27918424208959
.23699015378952
.25668073693911
.25316456456979
.26828411221504
.21448663870494
.27039379874865
.24015471339226
.24578058719635
.20815752943357
.24718706309795
.26336146394412
.19620253145695
.29500704010328
.24226441482703
.19198312362035
.27320675055186
.2707454264164
.22398030757904
.27004220088323
.24156118432681
.2405063311259
.28129394849141
.19690576195717
.21729958057404
.2405063311259
.24894515176614
.21097046633561
.26230662067731
.23277074595292
.26125175754229
.22468353807926
.22503516077995
.20112517476082
.25070323546728
.22433193027973
.20323488116264
.23980309565862
.20393811662992
.22327707707882
.20639943579833
.28621659676234
.20253164072831
.21835442880789
.24085794885953
.21870604654153
.2306610395511
.23558368285497
.22925456861655
.25175808866819
.17616034050783
.22960619131724
.19796062012513
.23382559915384
.23312236368656
.19866385062536
.22433192531268
.21765119334062
.17088607450326
.21729958057404
.21835442880789
.20639943579833
.18881856898467
.23769338428974
.22679324944814
.23101265728474
.23769339422385
.24824191133181
.22855133811633
.23101265728474
.19936708609263
.22046413520972
.25210970640182
.23101265728474
.26863572001457
.23593530058861
.26371308167775
.28762306769689
.29078762729963
.21976089974244
.26160337527593
.2376933892568
.21554149190585
.2791842520237
.21940928200881
.22925456861655
.20780590673288
.25632911423842
.21237693230311
.22151898841063
.19866385559241
.25000000496705
.26336146394412
.22749648491542
.18389592071374
.25000000496705
.29149085283279
.2376933892568
.28270041942596
.23171589275201
.2376933892568
.26969057321548
.25246132910252
.24613220989704
.22116737067699
.24507735172908
.22855133811633
.22222222387791
.23945147792498
.20218002796173
.27601969242096
.24156118432681
.24683544039726
.20288326342901
.22257384161154
.19092827041944
.17018283903599
.23452883462111
.25000000496705
.26090014974276
.20007032652696
.22116737067699
.17510548233986
.22116737564405
.23945147295793
.19585091372331
.24472573399544
.25210970640182
.23945147295793
.24085794885953
.22890295584997
.26969057321548
.27496483922005
.23382559915384
.19514768322309
.26441631714503
.23136427501837
.17721518874168
.25773558020592
.26898733774821
.21378340323766
.24613220989704
.18811532855034
.18459915618102
.19831223785877
.27320674061775
.22398031254609
.28059072295825
.2113220791022
.18530239661535
.20745428403219
.22081575294336
.2306610395511
.2763713101546
.28234880169233
.19936709105968
.1947960605224
.24226441979408
.23734177649021
.27988748749097
.27004220088323
.27601969242096
.24683544536432
.28691983222961
.23136427501837
.27742616335551
.28445850809415
.23980309565862
.26758086681366
.24718706309795
.2485935340325
.30063291390737
.25246132910252
.22995780905088
.23699014882247
.26371309161186
.2334739814202
.20464135209719
.2679324944814
.24648382763068
.2376933892568
.25070324043433
.24507735172908
.21448663870494
.26019691427549
.2306610395511
.2429676502943
.29465542236964
.26863572001457
.2528129418691
.26090013980865
.24120956659317
.22187060117722
.24120956162612
.2623066107432
.24929676453273
.25316455960274
.24261603752772
.23171589275201
.25668073693911
.24824191629887
.22468354304632
.2584388256073
.2584388256073
.24226441482703
.23277074595292
.23101266225179
.22222222387791
.30098453164101
.21272855003675
.26441632707914
.26230662067731
.26722924908002
.19971870382627
.24156117935975
.23417721688747
.2376933892568
.26828410228093
.25879043340683
.25527426600456
.28621659676234
.31364276011785
.2264416317145
.28586496909459
.21765119830767
.24753868083159
.26582278807958
.24226441979408
.22573839624723
.24120956659317
.27355835835139
.30344585577647
.28973277409871
.25632910927137
.28481012582779
.23663854102294
.26090014974276
.2264416317145
.20815752446651
.26195499300957
.21272855003675
.21729957560698
.20921237270037
.24367088576158
.22784810264905
.20886075993379
.21343178550402
.23312236368656
.26125175754229
.24367088576158
.19268635412057
.28797468543053
.26265822847684
.24894515176614
.27215189735095
.26828410228093
.22714486221472
.2612517674764
.25070323546727
.25210970640182
.2623066107432
.23488045235475
.24402250349522
.2141350209713
.21976089974244
.21097046136856
.23663853605588
.27566806475321
.24261603752772
.2651195426782
.22362869481246
.19585091372331
.26898733774821
.2401547084252
.2584388256073
.24085794885953
.21800281107426
.19796062012513
.23980309565862
.22046413520972
.26195499300957
.24718706309795
.25140647093455
.23874824245771
.22503516077995
.23558368285497
.26300984621048
.20921237766743
.22222222387791
.25914204617341
.23839662472407
.21554149190585
.23277074595292
.20604782303174
.23663853605588
.20323488116264
.18143459657828
.19303797185421
.17862166464329
.22011252244314
.18846694628398
.21694795787334
.15400843818982
.26547116537889
.23030942181746
.22433192531268
.22749648491542
.20956399540106
.1768635759751
.22433192531268
.21448663870494
.20253164569537
.23277075091998
.21413502593835
.18741209805012
.19796061515808
.1684247503678
.16139240562916
.24718706309795
.21765119830767
.21624472737312
.22855133811633
.23452882965406
.24578058719635
.23839662472407
.2538677851359
.23136427005132
.19163150588671
.2858649790287
.28902953863144
.24824192126592
.27988747755686
.24648382266363
.24542897442977
.1976090023915
.19374121228854
.2679324944814
.19690577189128
.25246132413546
.27707453568776
.23488045235475
.25808719793955
.227848097682
.30520393451055
.22749648491542
.2471870581309
.2584388256073
.25000000496705
.2679324944814
.25527426600456
.24542896946271
.26687764128049
.27531645695368
.26582278807958
.24753867586454
.26336146394412
.24191279709339
.25949367880821
.28902952869733
.31118142604828
.27320675055186
.28410689036051
.25984529654185
.26300984621048
.27180027961731
.19268635908763
.25632911920547
.28832630316416
.26898734768232
.22257383664449
.27883262435595
.2858649790287
.22116736570994
.29781997203827
.24824191629887
.29008438189824
.28375527262688
.29184247056643
.22327707211177
.27180027961731
.28691983222961
.20956399043401
.28551335136096
.23382560412089
.24507735669613
.25
.30309422810872
.23699015875657
.27320675055186
.28516174356143
.19831223785877
.2623066107432
.2679324845473
.20007032155991
.2471870581309
.24261603256067
.23347397645315
.27531645695368
.32841069499652
.21870604654153
.28832630316416
.30555555224419
.24824191629887
.27004220088323
.28656821449598
.23417721192042
.25
.28270041942596
.22855133314927
.26582277814547
.24824191629887
.26863572001457
.25
.24507735172908
.24507735669613
.25914205114047
.26441630721092
.24542897442977
.22573839128017
.28340365489324
.30028129617373
.25421941280365
.28551336129506
.27390997608503
.26054853200912
.26617439587911
.2528129418691
.28481012582779
.25703235467275
.32278481125832
.29254571596781
.29746835430463
.28375527262688
.23874824245771
.32278481125832
.25773559014002
.2461322148641
.30203938484192
.24753868083159
.25070324043433
.27215189735095
.26828410228093
.21167370180289
.29043600956599
.3301687836647
.2457805921634
.29395217696826
.27496482928594
.22890295088291
.2774261534214
.28762306769689
.23452883462111
.25738397240639
.3150492310524
.26090013980865
.3178621729215
.26476793487867
.30555555224419
.29957806070646
.32665260632833
.32208157579104
.35407875974973
.2584388256073
.29781997203827
.31469760338465
.28270040949186
.25597749650478
.31926863392194
.26265822847684
.25246132413546
.31434599558512
.31504922111829
.26652602354685
.25281294683615
.32876231273015
.19725738465786
.27742616335551
.28691983222961
.24542897442977
.21167370180289
.26722925901413
.25808720290661
.30766525864601
.27742616335551
.29184248050054
.24085794885953
.2830520371596
.26582277814547
.28094233075778
.24578058719635
.27390998601913
.32137834032377
.29606189330419
.27812938888868
.28129394849141
.32243319352468
.2528129418691
.25316455960274
.33614626526833
.24507735669613
.22784810264905
.2651195526123
.28375527262688
.18319268027941
.22573839624723
.26265822847684
.24050632615884
.25421941280365
.24683544536432
.26090014974276
.25070323546727
.22644163668156
.21483825643857
.30696202317874
.26019690434138
.15893107652664
.26687764128049
.25984529654185
.25949367880821
.29289733370145
.25914206107457
.26828410228093
.21202531456947
.2830520371596
.30977496504784
.30872010191282
.2830520371596
.30098453164101
.2429676502943
.34177214900653
.27672292788823
.28727144002914
.29289732376734
.27109704415003
.26476793487867
.287623077631
.24191279212634
.3189170161883
.26687763134638
.26054853200912
.25386780003707
.2485935340325
.29360056916873
.28410688042641
.2914908627669
.2763713101546
.2735583682855
.26441631714503
.23101266225179
.21976089974244
.30801687637965
.26125175754229
.24929676453272
.29008439183235
.27707453568776
.30977496504784
.26582278807958
.28340365489324
.24683544536432
.28727144996325
.29043600956599
.26758086681366
.3189170161883
.31856539845467
.26371307174365
.30872011184692
.27566807468732
.26652601361275
.32665260632833
.22468354304632
.30379747351011
.35021097461383
.28234880169233
.26828410228093
.29781998197238
.26582278807958
.3329817155997
.28129394849141
.33157524466515
.29113924503326
.28762306769689
.29641350110372
.27918424208959
.2718002696832
.27215189735095
.27988747755686
.33579464753469
.25421940286954
.2886779208978
.32524613539378
.39381153384844
.23839662969112
.38924050331116
.35337552428246
.28094233075778
.29887481530507
.27601968248685
.31047820051511
.29781997203827
.27531644701958
.32278481125832
.34282700220744
.36216596762339
.31082980831464
.32348804672559
.31223627924919
.3161040743192
.26371307174365
.33227848013242
.36040787895521
.27109704415003
.37412096063296
.38537270824114
.31012658278147
.38677917917569
.33509142200152
.29254571596781
.32278481125832
.35654008388519
.29781998197238
.32559775312742
.32489451766014
.28340365489324
.31786216298739
.33263010780017
.31821378072103
.40541490912437
.32419128219287
.31364276011785
.36603376269341
.36322082082431
.39732771118482
.44479606548945
.40436005592346
.4170182744662
.36427567402522
.38994373877843
.51195499300957
.42369901140531
.47398030757904
.34634316960971
.45499296983083
.33790436387062
.37623065710068
.32630098859469
.35513361295064
.41842474540075
.4198312163353
.43037973841031
.42967651287715
.44479605555534
.45323488116264
.46097046136856
.36392404635747
.38220815857251
.39662446578344
.42088606953621
.43706047534943
.41736990213394
.39803093671799
.42440225680669
.43284107247988
.41068917512894
.51441630721092
.45534457763036
.39873418211937
.50457102060318
.48558367292086
.42651195327441
.56856540838877
.45921238263448
.42229255040487
.52215190728505
.48312236865362
.52461320161819
.54219410816828
.493319272995
.48101266225179
.53445851802826
.50421939293543
.44479606548945
.65471166372299
.56399436791738
.534810145696
.56293952465057
.67475388447444
.44760899742444
.49120955665906
.5066807170709
.45253163576126
.5284809867541
.56469760338465
.5801687836647
.57946554819743
.54078761736552
.5650492310524
.62130800882975
.57032348712285
.54922644297282
.64029536644618
.54992965857188
.49648383259773
.51300984621048
.52109704415003
.53270042936007
.67967651287715
.64275666077932
.48628690838814
.68073137601217
.56012658278147
.64627285798391
.76863572994868
.69198312362035
.73312236865362
.7538677851359
.70604781309764
.73839662472407
.74542895952861
.74402250846227
.63537271817525
.88361461957296
.76300982634226
.8178621729215
.81329115231832
.78164557615916
1.0059774716695
.83403654893239
.93776373068492
.85970465342204
.90014064311981
1.0991561412811
1.0397327542305
1.0696202516556
1.2267932494481
1.1005625923475
1.2162447373072
1.2816455761592
1.4444444576899
1.3945147593816
1.5910688638687
1.6508438984553
1.5161743958791
1.6564697821935
1.8319269021352
1.7682841221491
1.8488045136134
1.804149111112
1.8871308167775
2.0566103458405
2.0158227682114
2.0910688638687
2.1821378866831
2.2401547431946
2.0467651685079
2.5432488918304
2.3305204709371
2.4971870581309
2.6272854804993
2.7296061515808
2.6687763532003
2.8372010389964
2.5137130419413
2.6663150787354
2.9500703811646
2.9152601559957
2.8674402236938
3.0583684444427
2.7950069904327
2.9968354701996
2.9697609742483
3.0717299779256
3.0907173156738
3.5298875172933
3.5295358498891
3.2148382663727
3.511954943339
3.3438819249471
3.7725035349528
3.5263713200887
3.5502813657125
3.3157524267832
3.577355782191
3.6490858395894
3.5734879970551
3.4672996203105
3.7746132214864
3.5798172156016
3.5421941280365
3.8540787696838
3.7503515879313
3.48663854599
4.084036509196
3.9075245857239
3.791490872701
3.8445851008097
4.126933892568
3.9286216894786
3.9338959852854
3.8403657277425
3.8948663870494
3.8294655481974
4.0126581986745
3.9919128417969
4.0942335128784
4.0404361089071
4.0541491508484
4.0604782104492
4.0513362089793
3.9535865783691
4.3642757733663
4.3083685239156
4.057665348053
4.2904361089071
4.2482419013977
4.2387482325236
4.2841068903605
4.3713080088298
4.1385372479757
4.2756681442261
4.2496484120687
4.2415610949198
4.5896623929342
4.5295357704163
4.2310126622518
4.5256681442261
4.8252461751302
4.278129418691
4.6308016777039
4.6455694834391
4.3459916114807
4.8118847211202
4.6258789698283
4.5833333333333
4.5182840029399
4.4803094863892
4.6350210507711
4.7359352111816
4.6810828844706
4.4760899543762
4.8055555025736
4.6877636909485
4.651195526123
4.5509845415751
4.6315050125122
4.8175104459127
4.6473277409871
4.8874824841817
4.6237694422404
4.5249648094177
4.8150491714478
4.7201124827067
4.7612517674764
4.8438819249471
4.5741912523905
4.6814344724019
4.8094232877096
4.708509127299
4.834036509196
4.8716595967611
4.8234880765279
4.8716597557068
4.9764415423075
4.5193390846252
4.6170884768168
4.9219408035278
4.7172994613647
4.6909283002218
4.8572432200114
4.8199718793233
4.5063290596008
4.7570323944092
4.7904361089071
4.695147673289
4.8277074495951
4.570675055186
4.4265119234721
4.5175809860229
4.7802391052246
4.6789733568827
4.5101970036825
4.6564698219299
4.5168776512146
4.3976793289185
4.5235582987467
4.5348100662231
4.4743320147196
4.4240506490072
4.3709562619527
4.5274260838827
4.5988046328227
4.2535161177317
4.4922644297282
4.3459917704264
4.4335443178813
4.3677918116252
4.1037271022797
4.2746132214864
4.2081575393677
4.1877636909485
4.1174403031667
3.9855837027232
4.0822783311208
3.8097749551137
4.0864979426066
3.7707454363505
3.7545710404714
3.6965541044871
3.7749648094177
3.9233474731445
3.4919128417969
3.7369902133942
3.6919831434886
3.6353727181753
3.6849507490794
3.5917721589406
3.5225035349528
3.4180730978648
3.3224332332611
3.4402250448863
3.3808016777039
3.1807312965393
3.2812939484914
3.1694795290629
3.2176512082418
2.8653305371602
3.1118143399556
3.0246132214864
3.1009141604106
3.1068917115529
2.8519690831502
2.824894507726
2.8983825047811
2.8695499897003
2.6135724385579
2.7134318351746
2.5151195526123
2.5773558616638
2.6954992612203
2.4033052126567
2.458509127299
2.4068213303884
2.3902952671051
2.3336849212646
2.4300282001495
2.2770744959513
2.1698312759399
2.1993671258291
2.2102671861649
2.0618846813838
2.1184951066971
2.1237693230311
2.031293908755
2.0650492509206
1.9289732774099
1.9873417615891
1.924402197202
1.8670885960261
1.8403656880061
1.9722222089767
1.6673699220022
1.7763713200887
1.6631504694621
1.8945147593816
1.5668073097865
1.7313642501831
1.8104782104492
1.6627988815308
1.453938126564
1.6448663870494
1.6082982222239
1.6248242060343
1.6402953863144
1.5407876571019
1.4602672259013
1.6184950669607
1.4648382266363
1.4553445974986
1.6462728579839
1.4518284400304
1.3997890154521
1.4388185739517
1.3815049330393
1.3755274613698
1.3199718793233
1.2123769124349
1.2201125224431
1.2988748153051
1.2088607549667
1.1796765327454
1.2939521869024
1.25210972627
1.2644162972768
1.2967651287715
1.2383966445923
1.0819268623988
1.0281293988228
1.0611814459165
.94303796688716
1.0218002796173
.91631503899892
.91983123620351
1.153656800588
.99156115452449
.97433189551036
.97855134805044
.94796061515808
1.0154711604118
.93530239661535
.88326303164164
.91526019573212
.92334739367167
.95639944076538
.82278480132421
.9254571000735
.803797463576
.77672292788823
.93706049521764
.73628691832225
.70991561810176
.83509143193563
.81258789698283
.70253165562948
.75246131420135
.73699015378952
.67053445180257
.74578058719635
.6754571000735
.70886075496674
.52496482928594
.61638538042704
.67123768726985
.60794655481974
.62095642089844
.57770744959513
.56962025165558
.61673700809479
.52320673068364
.50316454966863
.59528831640879
.53410689036051
.46097046136856
.61533051729202
.57067509492238
.46518987417221
.61111112435659
.60618845621745
.51969057321548
.55274262030919
.4585091372331
.44303797682126
.48699014385541
.45991560816765
.46378340323766
.50738398234049
.51371308167775
.38185654083888
.49578058719635
.42580871780713
.48171587785085
.41244725386302
.42967651287715
.47011251250903
.42440224687258
.46976089477539
.33087200919787
.46870604157448
.38150493303935
.40998592972755
.40682137012482
.41842475533485
.38713080684344
.36497889955839
.41385373473167
.35302390654882
.38326301177343
.29641351103783
.36357242862384
.37763712803523
.3189170161883
.27812938888868
.34739803274473
.38431786497434
.31012658278147
.33755274613698
.34458509087563
.31434598565102
.32841069499652
.2886779208978
.26371308167775
.22081575294336
.25808720290661
.29043600956599
.27250350515048
.23874824245771
.32067510485649
.21835442880789
.28481012582779
.28691983222961
.31364276011785
.29184248050054
.22433192531268
.23241912821929
.3217299481233
.28375527262688
.29535865783691
.29922644297282
.31645569205284
.28656821449598
.23628691832225
.26300984621048
.20077355702718
.28375527262688
.28973277409871
.21343178053697
.26441630721092
.30872012178103
.24015471339226
.28691983222961
.29746835430463
.26125174760818
.27848100662231
.26617440581322
.26687764128049
.33157525459925
.26125175754229
.23734177152316
.28656821449598
.25316455960274
.20253164569537
.29113924503326
.29781997203827
.2320675154527
.24226441482703
.24085794885953
.2612517674764
.2612517674764
.23101265728474
.27004219094912
.27988748749097
.27144866188367
.25738396247228
.26933895548185
.29781997203827
.2401547084252
.27988747755686
.28445850809415
.25773558020592
.29395218690236
.26090013980865
.26898734768232
.22398031254609
.30450070897738
.24191279709339
.23874823749065
.26406469941139
.26722924908002
.22609000901381
.2679324845473
.27144866188367
.23663853605588
.27848100662231
.22222221891085
.2292545735836
.25914206107457
.25421941280365
.24542897442977
.30555555224419
.26758086681366
.26547118028005
.26336146394412
.26687763134638
.21167369683584
.29360055923462
.26652602354685
.26371308167775
.29078762729963
.24859352906545
.24718706309795
.27496482928594
.26125175754229
.23488045235475
.27848100662231
.21413502593835
.22784810264905
.23312236368656
.26687764128049
.23277074595292
.29641349116961
.29184248050054
.25949367880821
.30379747351011
.29641350110372
.25070323546727
.303797463576
.29711673657099
.25246132413546
.25632910927137
.29219409823418
.26652601361275
.27215189735095
.2594936688741
.24331926802794
.29641350110372
.30485232671102
.32313642899195
.29781997203827
.28094233075778
.25668073693911
.27672292788823
.24226441482703
.24367088576158
.29219409823418
.26090014974276
.25246132413546
.21097046633561
.28762306769689
.26125175754229
.25105485320091
.28481012582779
.22573839624723
.17369902133942
.24824191629887
.25668073693911
.25984528660774
.27004218101501
.23945147792498
.22081575294336
.23452883462111
.25210971136888
.22116737067699
.24683544536432
.29676512877146
.23699014882247
.26476793487867
.27672291795413
.23312236368656
.303797463576
.2858649790287
.25527426600456
.27390999595324
.27707453568776
.24683544536432
.26969057321548
.27707453568776
.2429676502943
.23945147295793
.22468353807926
.2651195526123
.26019690434138
.2457805921634
.2141350209713
.2707454264164
.23030942678452
.26441631714503
.20850914716721
.23523206512133
.2334739814202
.27039380868276
.27180027961731
.20042193929354
.26687763134638
.26863572994868
.2594936688741
.29078762729963
.30450069904327
.21202531456947
.22187060614427
.30309423804283
.25703234473864
.26476793487867
.25
.24015471339226
.21554149190585
.26195499300957
.2208157479763
.23347398638725
.27988748749097
.28797468543053
.22995780905088
.30520394444466
.23206751048565
.21624472737312
.22538677851359
.2679324845473
.18459916114807
.24367088576158
.21237693727016
.22011251747608
.21976089974244
.21976089974244
.22116737067699
.21694795787334
.22257384161154
.22468354801337
.22011251747608
.28727144996325
.24156118432681
.24964838723342
.26125175754229
.18319268524647
.25843881567319
.27461322148641
.20499296983083
.21800281107426
.22433192531268
.18565400938193
.2623066008091
.24824191629887
.23241912821929
.26300984621048
.28270041942596
.26652601361275
.24226441482703
.24894514183203
.23980309565862
.22784810264905
.25035161773364
.24472573896249
.21870604654153
.2292545735836
.24050632615884
.23663853605588
.21976089477539
.18741209308306
.2236286898454
.2376933892568
.21905766427517
.18917018175125
.20464135209719
.18530239164829
.2032348861297
.24683544039726
.22222222387791
.2376933892568
.25703235467275
.27390998601913
.22609001398087
.22116736570994
.23277074595292
.22468354801337
.26547116041183
.25879044334094
.22819971541564
.23452883462111
.21589310963949
.18670885761579
.25421940286954
.22819972038269
.27672291795413
.21659634510676
.22362869481246
.17018284400304
.2197609047095
.20464134713014
.23206751048565
.2405063311259
.23874824245771
.20147679249446
.21765119830767
.19936709105968
.19936708609263
.22327707707882
.23171588778496
.23312236368656
.27461322148641
.22819972038269
.1976090023915
.26476792494456
.2623066107432
.23382559915384
.2390998651584
.28481012582779
.23980309069157
.27707453568776
.22292545934518
.20218002796173
.27039380868276
.25808720787366
.256680727005
.25632911423842
.26300984621048
.20253164569537
.27426160375277
.24261603256067
.22468354304632
.26054851214091
.17967651287715
.25492264827092
.22011251747608
.23804500202338
.23874824245771
.22398031254609
.23136427501837
.19127988318602
.22433193027973
.23382559915384
.20675105849902
.18530239164829
.23945147792498
.23452883462111
.16068917016188
.26547117034594
.21167369683584
.21097046136856
.26019690434138
.2264416317145
.18917018175125
.26652602354685
.20288326342901
.18284106751283
.26019690434138
.25421941280365
.26371308167775
.24437412122885
.24191280206045
.26371308167775
.27566807468732
.27109704415003
.27180027961731
.28481012582779
.2429676502943
.20780590673288
.26547116041183
.21026723086834
.20393811166286
.28621660669645
.25632911920547
.19374121228854
.23523207008839
.28621659676234
.22995780905088
.22503516077995
.26758086681366
.21448663870494
.22116737067699
.27777778108915
.26406469941139
.21729957560698
.26582277814547
.23734177649021
.22151898841063
.26336145401001
.17334739863873
.26476792494456
.30555555224419
.22995780905088
.22749647994836
.27812938888868
.21800281107426
.26969058314959
.19796062012513
.20745428899924
.20147679249446
.22784810264905
.21694795787334
.23488045235475
.20534458259741
.22503516077995
.20288326342901
.24507735669613
.27039379874865
.20604781806469
.22398030757904
.21800281107426
.22679324944814
.20464135209719
.21202531456947
.22046413520972
.24542897442977
.22292545437813
.20745428899924
.26125176250935
.22855133811633
.2071026712656
.25632911423842
.24331926802794
.2197609047095
.22116737067699
.25421941280365
.19409283002218
.2584388256073
.2471870581309
.21097046633561
.2405063311259
.27988747755686
.24120956162612
.23101265728474
.25949367880821
.22819971541564
.29113924503326
.23136427501837
.20534458756447
.28656821449598
.22679324944814
.22116737067699
.19620252648989
.2679324845473
.16279887656371
.2443741162618
.20147679746151
.19268635908763
.22046413520972
.22995780408382
.17369901637236
.23734177649021
.24964838226636
.21765119334062
.22327707707882
.24824191133181
.2042897293965
.27320674061775
.21976089974244
.24542897442977
.26582278807958
.23874824245771
.24261603256067
.21905766924222
.20604781806469
.20886075993379
.22257383664449
.26406468947728
.22890295584997
.21659634510676
.22362869481246
.22327707707882
.20745428899924
.21659634510676
.21202531953653
.22644162674745
.20956399540106
.22749648491542
.15682137509187
.22116737564405
.21167369683584
.16279887656371
.21694795787334
.22925456861655
.18635724484921
.25316455960274
.21835442880789
.20499296983083
.2113220791022
.1838959256808
.19971870879332
.22433192531268
.24542896946271
.20253164569537
.24542897442977
.22714487214883
.19127988815308
.24015471339226
.22538677851359
.18354430298011
.20850914220015
.19514767825603
.22046413520972
.24683544536432
.21765119830767
.23136427998543
.29500704010328
.25070324043433
.20569620529811
.24085794389248
.26300984621048
.23909986019135
.23734177649021
.24367089072863
.24156118432681
.24789029359818
.25105485816797
.23382559915384
.24929676453273
.29465542236964
.20499296486378
.2718002696832
.20007032155991
.2169479628404
.25984529654185
.24156118432681
.21624472737312
.21237693727016
.19936708609263
.2071026712656
.19655415415764
.24824191629887
.21554148693879
.21835442880789
.21870604654153
.22257384161154
.18776371578375
.25421941280365
.21378340323766
.19409282505512
.29465542236964
.22819971541564
.19725738465786
.27672292788823
.19971870382627
.23452882965406
.24472573399544
.21659634510676
.19198312362035
.27320674061775
.24226441482703
.20780590673288
.26160337527593
.22046413520972
.18530239164829
.21976089974244
.24894514679909
.21167370180289
.20218002796173
.21448663870494
.1877637108167
.23241912821929
.23101265231768
.18846694628398
.22679324448109
.23699015875657
.20077356199423
.22925456861655
.27390998601913
.25105485320091
.22995780408382
.27496483922005
.19971870382627
.28797468543053
.2528129418691
.24683544536432
.25703235467275
.24507735172908
.24507735669613
.27250351508458
.26336147387822
.21097046136856
.25738397240639
.24367088576158
.22538677851359
.17018284400304
.2542194078366
.20534458756447
.19444444278876
.23593530555566
.24613220492999
.18635723988215
.21483826140563
.21659634510676
.20253164569537
.2197609047095
.21343179047108
.21659634510676
.26054853200912
.21835442880789
.18319268524647
.24894514183203
.20323488116264
.19549929598967
.25843881567319
.27004218101501
.22292545437813
.22749647994836
.24120956162612
.18846695125103
.25210970640182
.19444444278876
.23277074595292
.22257383664449
.20780590673288
.23347397645315
.20675105353196
.20253164569537
.18178621431192
.21765119334062
.20745428899924
.21870605150859
.18424754341443
.24789029359818
.22257384161154
.23874824245771
.23312236368656
.24085794885953
.21624472737312
.21448663870494
.21659634510676
.2623066107432
.27355835835139
.21589310467243
.23030942181746
.2457805921634
.2457805921634
.22855133314927
.2707454264164
.23452883462111
.24824191133181
.27250352501869
.22468354801337
.24120956659317
.24120956162612
.25246132910252
.21237693230311
.26828411221504
.28973277409871
.21483825643857
.2485935340325
.24507735172908
.20358649392923
.24578059713046
.25175809363524
.21765119830767
.21343179047108
.23452883462111
.20218002796173
.22433192531268
.1891701867183
.20358649889628
.25421941280365
.1905766526858
.19585091869036
.23558368285497
.25386779507001
.21905766924222
.25914205114047
.19655414919058
.19831223289172
.243319272995
.21800281604131
.23030942181746
.28340365489324
.24999999503295
.24015471339226
.20569620529811
.23663853605588
.20042193929354
.26863572001457
.25140647093455
.25
.26265822847684
.23417721192042
.17405062913895
.29219409823418
.2971167465051
.28164556622505
.26547117034594
.22714486221472
.23101265231768
.22925456861655
.2169479628404
.20112517476082
.26828410228093
.26265823841095
.22925456861655
.27531645695368
.23909986019135
.21940928200881
.28902953863144
.23804501195749
.19303797185421
.24331926802794
.23101265728474
.19198312362035
.19760899742444
.22890295584997
.18846694628398
.21905766427517
.20604781806469
.16912798583508
.18354430298011
.22433192531268
.24191280206045
.21448663870494
.22573839624723
.24402250349522
.21729958057404
.22679324448109
.21800281107426
.25070323546728
.27180027961731
.27320675055186
.20886075496674
.22257384161154
.24191279709339
.26406469941139
.2802390952905
.25632910927137
.26054853200912
.2141350209713
.20956399540106
.18565400938193
.23663853605588
.24331926802794
.23347397645315
.25527427097162
.23734177152316
.22468354801337
.21976089974244
.22257384161154
.27004219094912
.26969057321548
.23558368782202
.24226441979408
.23417721688747
.27601968248685
.20007032652696
.21554149190585
.25457103053729
.18846694628398
.20604781806469
.19585091869036
.1905766526858
.25773559014002
.21659634510676
.2099156131347
.26371308167775
.24753868083159
.2429676502943
.24437412122885
.21237693230311
.19796061515808
.21448663870494
.2113220791022
.20323488116264
.21940928200881
.2127285550038
.2264416317145
.19655414919058
.24683544039726
.20745428899924
.17791842420896
.19127988815308
.21378340323766
.19374120732148
.23839661975702
.21905766427517
.21378340323766
.2679324944814
.24648382763068
.18459915618102
.25035162270069
.20815752446651
.23347397645315
.25457103053729
.20007032155991
.19725738465786
.24331926802794
.22433192531268
.20710267623266
.25527426600456
.21308016777039
.17862165967623
.25386779507001
.25703235467275
.25035161773364
.25105485320091
.26828410228093
.22046413520972
.20956399540106
.25703235467275
.22151899337769
.20815752446651
.21237693230311
.22855133314927
.22468354304632
.20710267623266
.20218002796173
.20007032155991
.22714486718178
.2085091372331
.23980309565862
.22292545934518
.20499296983083
.22714486718178
.25527426600456
.2264416317145
.23523207008839
.24120956162612
.21589310963949
.19760899742444
.18987341721853
.23628691832225
.24120956659317
.23277074595292
.24542897939682
.19866385559241
.26090014974276
.23699015378952
.1754571000735
.24542896946271
.22011251250903
.18143459657828
.15928269922733
.20077355702718
.19866385062536
.19092827538649
.19549930095673
.20112517476082
.21554149190585
.2390998651584
.16947960356871
.24191279709339
.22187060117722
.23382559915384
.2471870581309
.20323488116264
.22398031254609
.2306610395511
.22081575294336
.25105485320091
.24753867586454
.19866385559241
.2071026712656
.21905766427517
.24824191629887
.20921237766743
.23030942678452
.20358649392923
.20112517476082
.1645569652319
.25246132413546
.22468354304632
.22714486221472
.21659634510676
.17194092770418
.17616033554077
.19585091869036
.1863572448492
.21659634013971
.21624472737312
.21905766427517
.24683544536432
.22433192531268
.18495077391466
.20675105353196
.1919831186533
.20886075993379
.21800281107426
.24085794389248
.26828410228093
.23734177649021
.18284106751283
.2376933892568
.22468354801337
.22433192531268
.22292545934518
.23839662472407
.21061884860198
.19233474135399
.18917018175125
.28551336129506
.21976089974244
.23593530058861
.22187060614427
.24120956162612
.2236286898454
.2197609047095
.22819972038269
.19725738465786
.24156118432681
.23030942181746
.21976089974244
.25492264827092
.25738397240639
.20745428899924
.2099156131347
.24683544536432
.20464135209719
.22960618635019
.20815752446651
.21765119334062
.23734177152316
.28551336129506
.20921237766743
.30133615930875
.26547116041183
.24507735172908
.31856540838877
.31188466151555
.30731364091237
.2746132115523
.28832630316416
.2914908627669
.31012658278147
.22890295584997
.26441631714503
.31856540838877
.310478190581
.28094233075778
.35056259234746
.29500703016917
.33509142200152
.33473980426788
.36603376269341
.39767932891846
.41666666666667
.40822784105937
.42580872774124
.47503516077995
.41807313760122
.37658228476842
.45815751949946
.51476794481277
.44690576195717
.5678621729215
.60267227888107
.6557665069898
.47960618138313
.33614627520243
0
0
0
0
0
0
0
0
0
0
0
0
0
0
0
0
0
0
0
0
0
0
0
0
0
0
0
0
0
0
0
0
0
0
0
0
0
0
0
0
0
0
0
0
0
0
0
0
0
0
0
0
0
0
0
0
0
0
0
0
0
0
0
0
0
0
0
0
0
0
0
0
0
0
0
0
0
0
0
0
0
0
0
0
0
0
0
0
0
0
0
0
0
0
0
0
0
0
0
0
0
0
0
0
0
0
0
0
0
0
0
0
0
0
0
0
0
0
0
0
0
0
0
0
0
0
0
0
0
0
0
0
0
0
0
0
0
0
0
0
0
0
0
0
0
0
0
0
0
0
0
0
0
0
0
0
0
0
0
0
0
0
0
0
0
0
0
0
0
0
0
0
0
0
0
0
0
0
0
0
0
0
0
0
0
0
0
0
0
0
0
0
0
0
0
0
0
0
0
0
0
0
0
0
0
0
0
0
0
0
0
0
0
0
0
0
0
0
0
0
0
0
0
0
0
0
0
0
0
0
0
0
0
0
0
0
0
0
0
0
0
0
0
0
0
0
0
0
0
0
0
0
0
0
0
0
0
0
0
0
0
0
0
0
0
0
0
0
0
0
0
0
0
0
0
0
0
0
0
0
0
0
0
0
0
0
0
0
0
0
0
0
0
0
0
0
0
0
0
0
0
0
0
0
0
0
0
0
0
0
0
0
0
0
0
0
0
0
0
0
0
0
0
0
0
0
0
0
0
0
0
0
0
0
0
0
0
0
0
0
0
0
0
0
0
0
0
0
0
0
0
0
0
0
0
0
0
0
0
0
0
0
0
0
0
0
0
0
0
0
0
0
0
0
0
0
0
0
0
0
0
0
0
0
0
0
0
0
0
0
0
0
0
0
0
0
0
0
0
0
0
0
0
0
0
0
0
0
0
0
0
0
0
0
0
0
0
0
0
0
0
0
0
0
0
0
0
0
0
0
0
0
0
0
0
0
0
0
0
0
0
0
0
0
0
0
0
0
0
0
0
0
0
0
0
0
0
0
0
0
0
0
0
0
0
0
0
0
0
0
0
0
0
0
0
0
0
0
0
0
0
0
0
0
0
0
0
0
0
0
0
0
0
0
0
0
0
0
0
0
0
0
0
0
0
0
0
0
0
0
0
0
0
0
0
0
0
0
0
0
0
0
0
0
0
0
0
0
0
0
0
0
0
0
0
0
0
0
0
0
0
0
0
0
0
0
0
0
0
0
0
0
0
0
0
0
0
0
0
0
0
0
0
0
0
0
0
0
0
0
0
0
0
0
0
0
0
0
0
0
0
0
0
0
0
0
0
0
0
0
0
0
0
0
0
0
0
0
0
0
0
0
0
0
0
0
0
0
0
0
0
0
0
0
0
0
0
0
0
0
0
0
0
0
0
0
0
0
0
0
0
0
0
0
0
0
0
0
0
0
0
0
0
0
0
0
0
0
0
0
0
0
0
0
0
0
0
0
0
0
0
0
0
0
0
0
0
0
0
0
0
0
0
0
0
0
0
0
0
0
0
0
0
0
0
0
0
0
0
0
0
0
0
0
0
0
0
0
0
0
0
0
0
0
0
0
0
0
0
0
0
0
0
0
0
0
0
0
0
0
0
0
0
0
0
0
0
0
0
0
0
0
0
0
0
0
0
0
0
0
0
0
0
0
0
0
0
0
0
0
0
0
0
0
0
0
0
0
0
0
0
0
0
0
0
0
0
0
0
0
0
0
0
0
0
0
0
0
0
0
0
0
0
0
0
0
0
0
0
0
0
0
0
0
0
0
0
0
0
0
0
0
0
0
0
0
0
0
0
0
0
0
0
0
0
0
0
0
0
0
0
0
0
0
0
0
0
0
0
0
0
0
0
0
0
0
0
0
0
0
0
0
0
0
0
0
0
0
0
0
0
0
0
0
0
0
0
0
0
0
0
0
0
0
0
0
0
0
0
0
0
0
0
0
0
0
0
0
0
0
0
0
0
0
0
0
0
0
0
0
0
0
0
0
0
0
0
0
0
0
0
0
0
0
0
0
0
0
0
0
0
0
0
0
0
0
0
0
0
0
0
0
0
0
0
0
0
0
0
0
0
0
0
0
0
0
0
0
0
0
0
0
0
0
0
0
0
0
0
0
0
0
0
0
0
0
0
0
0
0
0
0
0
0
0
0
0
0
0
0
0
0
0
0
0
0
0
0
0
0
0
0
0
0
0
0
0
0
0
0
0
0
0
0
0
0
0
0
0
0
0
0
0
0
0
0
0
0
0
0
0
0
0
0
0
0
0
0
0
0
0
0
0
0
0
0
0
0
0
0
0
0
0
0
0
0
0
0
0
0
0
0
0
0
0
0
0
0
0
0
0
0
0
0
0
0
0
0
0
0
0
0
0
0
0
0
0
0
0
0
0
0
0
0
0
0
0
0
0
0
0
0
0
0
0
0
0
0
0
0
0
0
0
0
0
0
0
0
0
0
0
0
0
0
0
0
0
0
0
0
0
0
0
0
0
0
0
0
0
0
0
0
0
0
0
0
0
0
0
0
0
0
0
0
0
0
0
0
0
0
0
0
0
0
0
0
0
0
0
0
0
0
0
0
0
0
0
0
0
0
0
0
0
0
0
0
0
0
0
0
0
0
0
0
0
0
0
0
0
0
0
0
0
0
0
0
0
0
0
0
0
0
0
0
0
0
0
0
0
0
0
0
0
0
0
0
0
0
0
0
0
0
0
0
0
0
0
0
0
0
0
0
0
0
0
0
0
0
0
0
0
0
0
0
0
0
0
0
0
0
0
0
0
0
0
0
0
0
0
0
0
0
0
0
0
0
0
0
0
0
0
0
0
0
0
0
0
0
0
0
0
0
0
0
0
0
0
0
0
0
0
0
0
0
0
0
0
0
0
0
0
0
0
0
0
0
0
0
0
0
0
0
0
0
0
0
0
0
0
0
0
0
0
0
0
0
0
0
0
0
0
0
0
0
0
0
0
0
0
0
0
0
0
0
0
0
0
0
0
0
0
0
0
0
0
0
0
0
0
0
0
0
0
0
0
0
0
0
0
0
0
0
0
0
0
0
0
0
0
0
0
0
0
0
0
0
0
0
0
0
0
0
0
0
0
0
0
0
0
0
0
0
0
0
0
0
0
0
0
0
0
0
0
0
0
0
0
0
0
0
0
0
0
0
0
0
0
0
0
0
0
0
0
0
0
0
0
0
0
0
0
0
0
0
0
0
0
0
0
0
0
0
0
0
0
0
0
0
0
0
0
0
0
0
0
0
0
0
0
0
0
0
0
0
0
0
0
0
0
0
0
0
0
0
0
0
0
0
0
0
0
0
0
0
0
0
0
0
0
0
0
0
0
0
0
0
0
0
0
0
0
0
0
0
0
0
0
0
0
0
0
0
0
0
0
0
0
0
0
0
0
0
0
0
0
0
0
0
0
0
0
0
0
0
0
0
0
0
0
0
0
0
0
0
0
0
0
0
0
0
0
0
0
0
0
0
0
0
0
0
0
0
0
0
0
0
0
0
0
0
0
0
0
0
0
0
0
0
0
0
0
0
0
0
0
0
0
0
0
0
0
0
0
0
0
0
0
0
0
0
0
0
0
0
0
0
0
0
0
0
0
0
0
0
0
0
0
0
0
0
0
0
0
0
0
0
0
0
0
0
0
0
0
0
0
0
0
0
0
0
0
0
0
0
0
0
0
0
0
0
0
0
0
0
0
0
0
0
0
0
0
0
0
0
0
0
0
0
0
0
0
0
0
0
0
0
0
0
0
0
0
0
0
0
0
0
0
0
0
0
0
0
0
0
0
0
0
0
0
0
0
0
0
0
0
0
0
0
0
0
0
0
0
0
0
0
0
0
0
0
0
0
0
0
0
0
0
0
0
0
0
0
0
0
0
0
0
0
0
0
0
0
0
0
0
0
0
0
0
0
0
0
0
0
0
0
0
0
0
0
0
0
0
0
0
0
0
0
0
0
0
0
0
0
0
0
0
0
0
0
0
0
0
0
0
0
0
0
0
0
0
0
0
0
0
0
0
0
0
0
0
0
0
0
0
0
0
0
0
0
0
0
0
0
0
0
0
0
0
0
0
0
0
0
0
0
0
0
0
0
0
0
0
0
0
0
0
0
0
0
0
0
0
0
0
0
0
0
0
0
0
0
0
0
0
0
0
0
0
0
0
0
0
0
0
0
0
0
0
0
0
0
0
0
0
0
0
0
0
0
0
0
0
0
0
0
0
0
0
0
0
0
0
0
0
0
0
0
0
0
0
0
0
0
0
0
0
0
0
0
0
0
0
0
0
0
0
0
0
0
0
0
0
0
0
0
0
0
0
0
0
0
0
0
0
0
0
0
0
0
0
0
0
0
0
0
0
0
0
0
0
0
0
0
0
0
0
0
0
0
0
0
0
0
0
0
0
0
0
0
0
0
0
0
0
0
0
0
0
0
0
0
0
0
0
0
0
0
0
0
0
0
0
0
0
0
0
0
0
0
0
0
0
0
0
0
0
0
0
0
0
0
0
0
0
0
0
0
0
0
0
0
0
0
0
0
0
0
0
0
0
0
0
0
0
0
0
0
0
0
0
0
0
0
0
0
