.61238531271617
.79663610458374
.67240059375763
1.0172018210093
.68883792559306
.81077980995178
.70986239115397
.79204895099004
.48203363021215
.75496941804886
.67851682504018
.71253822247187
.54816514253616
.71636086702347
.53975534439087
.69380734364192
.625
.88876150051753
.70909786224365
.72668194770813
.52064220110575
.81918960809708
.67507644494375
.89487765232722
.56077980995178
.67469418048859
.51643731196721
.75038226445516
.61659020185471
.73776759703954
.77905197938283
.81383792559306
.53555045525233
.77178899447123
.55198776721954
.67851682504018
.5064984758695
.67392965157827
.44457186261813
.76873089869817
.54854738712311
.69074922800064
.51681958635648
.74770641326904
.47018349170685
.65825688838959
.48318042357763
.66399083534877
.60779815912247
.59021407365799
.58027523756027
.66131498416265
.38111621141434
.64602446556091
.4300458629926
.64793578783671
.47668195764224
.57683485746384
.51529050866763
.59441896279653
.39640673001607
.59288990497589
.49082568287849
.72209481398265
.39181956648827
.51376148064931
.47821101546288
.57568806409836
.47438837091128
.67431193590164
.56230884790421
.6701070467631
.45145260294278
.56766055027644
.51185015837351
.58830275138219
.48241590460142
.53937309980392
.45756880442301
.52331805229187
.38111620148023
.60321102539698
.43845565120379
.6204128464063
.37691131234169
.65787462393443
.38035168250402
.5818042755127
.44686543941498
.56230886777242
.44571865598361
.47744647661845
.4889143705368
.59938838084539
.39717124899228
.55160550276438
.47285933295886
.49426605304082
.32759938637416
.44610093037287
.38226299484571
.4568042854468
.37041283647219
.52790520588557
.38761467734973
.52140671014786
.44724770387014
.58562692006429
.33256880442301
.50267585118612
.43692660331726
.58868501583735
.29663609464963
.48967889944712
.42660550276438
.40137614806493
.31727828582128
.47974006334941
.3547400534153
.53325686852137
.32415902614594
.4476299683253
.34327216943105
.46062691013018
.30007645487785
.4751528998216
.21674311657747
.48738531271617
.3344801167647
.48700306812922
.30925076206525
.40022936463356
.36811926960945
.48662078380585
.28172782063484
.37003057201703
.24770642320315
.31269113222758
.27293578783671
.42889908949534
.27178899447123
.30351681510607
.29204893112183
.44457187255224
.33562692006429
.27255351344744
.24273700018724
.39908256133397
.27905198931694
.41016819079717
.20565749208132
.38264525930087
.36276758710543
.30007645487785
.29701834917068
.43119266629219
.19610091547171
.40175841252009
.31307339668274
.37996941804886
.27675841252009
.42240060369174
.28287461400032
.45412843426069
.28975534439087
.41207950313886
.21406728029251
.40787461400032
.3069571852684
.39181956648827
.28899082541466
.49311925967534
.27178899447123
.45909785230954
.39105504751205
.42125382026037
.22438837587833
.38035168250402
.24541284143925
.38914373517036
.2748471001784
.42240060369174
.33715596795082
.47859327991803
.32186543941498
.3887614707152
.28822629650434
.48432721694311
.32568807403247
.37079510092735
.29434250791868
.40863914291064
.24235474069913
.46865443388621
.33256880442301
.42622324824333
.26720184087753
.36506116390228
.32186543941498
.44151375691096
.35894496242205
.44151376684507
.34518348177274
.15902140239875
.34709480404854
.47171253959338
.36467889944712
.45871559778849
.32454129060109
.44380733370781
.27828746040662
.45527523756027
.34327216943105
.35321100552877
.27905198931694
.36314984162649
.27102446556091
.33218653996785
.31001529097557
.50955656170845
.27064219117165
.40558104713758
.31536697347959
.42545871933301
.26796635985374
.36314985156059
.38952598969142
.37844036022822
.3134556611379
.40061161915461
.18233944972356
.45871559778849
.27331803242366
.40290519595146
.39525993665059
.38340978821119
.38799694180489
.44610092043877
.26949541270733
.32377676169078
.27446483572324
.40558104713758
.31039755543073
.40825687845548
.34059632817904
.40175840258598
.32798165082932
.40749235947927
.31574923793475
.34518349170685
.36926604310671
.33944954474767
.28325687845548
.46292048692703
.26490826408068
.32798166076342
.32798165082932
.48509173591932
.36276757717133
.42240061362584
.29854740699132
.41016820073128
.3069571852684
.44266055027644
.42201834917068
.38340978821119
.28822630643845
.42125382026037
.33218653996785
.43501528104146
.37003058195114
.38302752375603
.21292049189409
.26949540774028
.32224770387014
.41666666666667
.37194190422694
.37347095211347
.3180428147316
.32683485746384
.25458716352781
.47859327991803
.30160550276438
.36620795726776
.18386849761009
.41743119557699
.34709479411443
.39755351344744
.25802751878897
.35894495248795
.27331804235776
.33677370349566
.29701834917068
.44457186261813
.34785932302475
.44151375691096
.25802752375603
.4522171318531
.25879205266635
.39640673001607
.26796635985374
.45298164089521
.23623853425185
.36009174585342
.30428134401639
.3566513756911
.2840214073658
.48279815912247
.29243119557699
.36238532265027
.2794342537721
.37194189429283
.20145259797573
.4338685075442
.22974005838235
.41322629650434
.26185016334057
.44036696354548
.4090214073658
.41781345009804
.26070336500804
.39411315321922
.37385321656863
.39029052853584
.25879204769929
.34594801068306
.30160550276438
.39755351344744
.29090213775635
.35282874107361
.24235474566619
.35321100552877
.29510703682899
.28249235947927
.36850153406461
.41781346003215
.20948012669881
.2159785926342
.3318042854468
.47133027513822
.24082568784555
.35091743866603
.30504587292671
.39908257126808
.27064220110575
.33639142910639
.28822629650434
.35818043351173
.2683486243089
.37232415874799
.21980122228463
.48241589466731
.34288991491
.3042813539505
.32301223278046
.38340978821119
.27790520588557
.36964831749598
.34327216943105
.3520642220974
.30581040183703
.35856268803279
.24350153406461
.56498469909032
.28440367182096
.49694188435872
.24961773554484
.36429663499196
.26605504751205
.33486238121986
.31307338674863
.37844037016233
.25000000496705
.35550458232562
.19495412707329
.37882263461749
.26299693187078
.42354739705722
.30466360847155
.44418959816297
.30810396869977
.43692661325137
.36735473076502
.37079510092735
.27064219117165
.36544342835744
.27370030681292
.33218653996785
.36811925967534
.50076451897621
.25802751878897
.34938838084539
.36276758710543
.51911314328512
.31077981988589
.29396024346352
.29625383019447
.35626912117004
.3088685075442
.51223241289457
.2316513756911
.48432721694311
.26758409539859
.43348624308904
.18501528600852
.4613914390405
.23012232780457
.40290518601735
.26949540774028
.41590214769046
.23432721694311
.3795871535937
.27561161915461
.40711008509
.27828746040662
.41131498416265
.30886849761009
.32110092043877
.27408257126808
.31077981988589
.29892966151237
.42507645487785
.31918959816297
.37155962983767
.31460244456927
.49159022172292
.31613150238991
.32186543941498
.28555045525233
.38073394695918
.28058104713758
.44266055027644
.27484709024429
.49655962983767
.35206421216329
.49235474069913
.28822629650434
.39220184087753
.27140672008197
.39029051860174
.28822629650434
.38837919632594
.36735474069913
.44380734364192
.30581039190292
.43233944972356
.22477064033349
.24694189925989
.25879205266635
.37805810570717
.25840978821119
.35626911123594
.22668195267518
.41972477237384
.26490825414658
.43081040183703
.33409787217776
.48929663499196
.28975535432498
.40290520588557
.41704892118772
.46521406372388
.29357798894246
.42584097385406
.32033639152845
.36888378858566
.31727829575539
.24923547605673
.28822629650434
.36964832743009
.35206421216329
.42851681510607
.34518348177274
.29548929135005
.35321100552877
.43577980995178
.34441896279653
.34938837091128
.27981650829315
.45374616980553
.31766055027644
.3501528998216
.28058103720347
.29472477237384
.23432722191016
.33295106887817
.28211008509
.34403668840726
.28822629650434
.41475535432498
.36162079373995
.32951070864995
.26720184087753
.33371559778849
.33256880442301
.37691131234169
.42392966151237
.40405199925105
.32568808396657
.47438837091128
.33600917458534
.39373088876406
.28363915284475
.3814984758695
.27828746040662
.35474006334941
.12232415874799
.38149846593539
.31727828582128
.35397553443909
.33906728029251
.45756880442301
.23547401030858
.32989297310511
.28058103720347
.35818042357763
.28249234954516
.42889908949534
.22553516924381
.50076452891032
.31842507918676
.46636084715525
.36582568287849
.41781346003215
.3180428147316
.30122323830922
.297782878081
.422782878081
.36544342835744
.36238532265027
.23929663499196
.4319571852684
.21253822247187
.34250764052073
.27370030681292
.46559632817904
.30160550276438
.43730885783831
.32454129060109
.46980121731758
.28593271970749
.35129969318708
.26032110055288
.40749235947927
.2748471001784
.3207186460495
.24350152909756
.4384556611379
.28975535432498
.46980122725169
.36238532265027
.26796635985374
.31192660331726
.39487767219543
.28096330165863
.41055046518644
.2794342537721
.38455657164256
.34174312154452
.33983179926872
.43807339668274
.29090213775635
.34594801068306
.54740061362584
.32683485746384
.47477063536644
.27637613813082
.38837920626005
.30045871933301
.39373088876406
.25535167753696
.51261468728383
.24655963480473
.44724770387014
.32836391528447
.43348624308904
.22629969815413
.35053517421087
.31230887770653
.26949540774028
.29166665673256
.37232415874799
.28134556611379
.41475535432498
.26681957145532
.35053517421087
.34633027513822
.35856268803279
.34785932302475
.38914373517036
.28325687845548
.44877676169078
.24388379851977
.47400612632434
.32683486739794
.29548930128415
.2293578038613
.38723242282867
.32874617973963
.49006117383639
.23165138065815
.53899083534876
.3612385392189
.53172781070073
.25191131730874
.33944953481356
.30733943978945
.44227828582128
.14411314825217
.34059632817904
.28822629650434
.40137613813082
.25917430222034
.44839449723562
.46559633811315
.39564220110575
.25267584125201
.46903670827548
.30657493074735
.44036696354548
.21712538599968
.37232415874799
.27599388360977
.36353211601575
.29740061362584
.48432722687721
.44839449723562
.35168196757634
.25344037512938
.3520642220974
.28669724861781
.47133027513822
.31077980995178
.41781346003215
.34403668840726
.3318042854468
.27561161915461
.30581039190292
.34938837091128
.50688073039055
.27981650829315
.43539755543073
.39067277312279
.35168196757634
.33103975653648
.35512232780457
.20259939134121
.28746176759402
.22897552947203
.42469418048859
.21712538103263
.44342507918676
.38264525930087
.42545870939891
.39717125892639
.38646788398425
.29701833923658
.41093271970749
.30160550276438
.44457187255224
.327217121919
.32301223278046
.27064220110575
.42240061362584
.2477064281702
.56039754549662
.29892966151237
.33944953481356
.30313455065091
.28937307993571
.31842507918676
.45871559778849
.34785933295886
.35015290975571
.31957186261813
.48241590460141
.34785932302475
.59327218929927
.45756880442301
.53172783056895
.21750764548779
.36429662505786
.32301223278046
.50267585118612
.27408257126808
.44113150238991
.20718654493491
.37538225452105
.22324159244696
.38685014843941
.1953363964955
.38455658157667
.33524464567502
.37614678343137
.26529052853584
.40366972486178
.29969419042269
.39029051860174
.26223241289457
.35244647661845
.30733944972356
.47324159741402
.29663608471553
.35321100552877
.25420489410559
.34441896279653
.32224771380424
.45145259300868
.24541284143925
.45718654990196
.36085626482964
.36009173591932
.33868501583735
.39564220110575
.38914372523626
.36659021178881
.29281345009804
.40634556611379
.30619265635808
.32492354512215
.28555045525233
.40596330165863
.24923547108968
.39373088876406
.32836390535037
.39449541767438
.25611621141434
.55542812744776
.28631499409676
.3795871535937
.2614678889513
.34594801068306
.31460244456927
.36811926960945
.39831804235776
.42584097385406
.25305809577306
.35894496242205
.30428134401639
.37194189429283
.30848623315493
.39984709024429
.29090213775635
.36276757717133
.41131499409676
.39717124899228
.31230886777242
.36506115396818
.24732415378094
.38035169243813
.19266055027644
.43004587292671
.37576452891032
.31842507918676
.31995412707329
.38685014843941
.30389908949534
.45603975653648
.30389907956123
.30198776721954
.31383792559306
.46253823240598
.39602446556091
.36238531271617
.33600917458534
.42240061362584
.34327216943105
.32186543941498
.23929663499196
.44954128066699
.29625382026037
.32071865598361
.43348624308904
.38761467734973
.2931957145532
.35626911123594
.25535168250402
.39564220110575
.28631498416265
.4292813539505
.29357797900836
.41934251785278
.3318042854468
.34862384200096
.27370030681292
.33448012669881
.3344801167647
.37041283647219
.34059632817904
.44227828582128
.26414374013742
.43577981988589
.21444953978062
.39946483572324
.2610856294632
.48814985156059
.33868501583735
.36162079373995
.33218654990196
.39449541767438
.36582568287849
.42660550276438
.31077981988589
.31383792559306
.23356268803279
.3841743071874
.25076452891032
.41437309980392
.26414373517036
.44571865598361
.42545871933301
.39487768212954
.32339448730151
.29548929135005
.39678899447123
.44189602136612
.38723241289457
.41055045525233
.33295107881228
.27140673001607
.3363914390405
.47018349170685
.29281346003215
.33983179926872
.33027523756027
.3769113222758
.25267584125201
.32148317495982
.34709480404854
.35321100552877
.25267584621906
.41437308986982
.31536696354548
.44724770387014
.32530580957731
.37003058195114
.29931192596753
.41628440221151
.29243119557699
.42813456058502
.28784403204918
.46177369356155
.22400611639023
.32874617973963
.29625382026037
.36467888951302
.2454128464063
.35015290975571
.29013761878014
.56269113222758
.27331804235776
.39181957642237
.28707951307297
.28019877274831
.2564984758695
.38914372523626
.19801223278046
.4568042755127
.31613150238991
.38952599962552
.19113149742285
.35588685671488
.29472477237384
.33448012669881
.39602445562681
.3814984758695
.27140672008197
.52484709024429
.24808868765831
.43769113222758
.2564984758695
.40634556611379
.2522935718298
.29357797900836
.28440367182096
.46674312154452
.34441896279653
.46636085708936
.34097860256831
.31995412707329
.29969419042269
.34059632817904
.24808869262536
.45756880442301
.20642202099164
.29510703682899
.34288990497589
.4319571852684
.26681957642237
.39755351344744
.39525993665059
.43463302652041
.30007645487785
.2931957145532
.3161314924558
.42431192596753
.33524464567502
.5596330165863
.31039755543073
.34671253959338
.24732416371504
.39717125892639
.36735474069913
.43960245450338
.36659021178881
.32912844419479
.22553516427676
.2886085609595
.30504587292671
.40175841252009
.29434250791868
.39678899447123
.20986238618692
.36697247624397
.35588684678078
.45986238121986
.26337921619415
.32148318489393
.34365443388621
.40519877274831
.23585626482964
.34862385193507
.28172783056895
.42622323830922
.30581040183703
.41131498416265
.30351682504018
.35588684678078
.29969418048859
.35282875100772
.35321101546288
.4155198832353
.27866971492767
.39870030681292
.31460244456927
.41055046518644
.24235474069913
.3226299683253
.37499999006589
.40481651822726
.29931192596753
.47897554437319
.2683486243089
.36850153406461
.2748471001784
.43425076206525
.33142202099164
.31536697347959
.29740061362584
.23012232780457
.29166666666667
.36009174585342
.22935779392719
.43348624308904
.23012232780457
.34977064530055
.30122324824333
.3795871535937
.32415901621183
.35244648655256
.33142202099164
.5183486143748
.24197248121103
.4136085609595
.24655962983767
.46521406372388
.24923547605673
.34403669834137
.33944954474767
.24961774051189
.26681957642237
.5026758313179
.24311926960945
.42584097385406
.28134556611379
.31192660331726
.28019878268242
.56918960809708
.29740061362584
.46062691013018
.30198775728544
.41093271970749
.33142202099164
.33792048692703
.35703364014626
.39640672008197
.24808868765831
.41207950313886
.20948012173176
.39946483572324
.26223241289457
.46139142910639
.3658256928126
.28822629650434
.31957187255224
.46941896279653
.30389907956123
.37996941804886
.41704893112183
.36238532265027
.34824159741402
.31842506925265
.29357798894246
.45527523756027
.29892966151237
.40405198931694
.3115443388621
.3520642220974
.28669724861781
.43081040183703
.34403668840726
.2748471001784
.10550458480914
.33333332339923
.35474006334941
.4935015241305
.38570336500804
.34785933295886
.4063455760479
.28019877274831
.26949541767438
.44877675175667
.2477064281702
.40328747034073
.32186543941498
.37652905782064
.39411314328512
.41437308986982
.2683486243089
.45642201105754
.25305810570717
.31766056021055
.2775229314963
.47362385193507
.2522935718298
.3860856294632
.327217121919
.42851681510607
.26337920129299
.43807338674863
.40558103720347
.41590214769046
.30581040183703
.24426605304082
.30007646481196
.33142201105754
.37270642320315
.38264525930087
.34403669834137
.4338685075442
.24273700515429
.51299694180489
.42469419042269
.42354739705722
.31460243463516
.42622323830922
.22591743369897
.4292813539505
.24885321160158
.37194189429283
.27752294143041
.42507644494375
.42622323830922
.39258409539858
.31460244456927
.31498470902443
.22247706353664
.47782874107361
.25076452891032
.4109327296416
.43310397863388
.35129969318708
.24617737531662
.32683485746384
.3023700316747
.53058103720347
.33027523756027
.42010702689489
.24350152909756
.31116208434105
.3501528998216
.40863914291064
.40519877274831
.39143730203311
.32874618967374
.37117736538251
.30963303645452
.41743119557699
.29663608471553
.29740060369174
.29816514253616
.44151376684507
.40596331159274
.37691131234169
.21712538103263
.34097858270009
.28440367182096
.45603975653648
.3887614707152
.38302752375603
.38035169243813
.41169724861781
.35359326998393
.36659022172292
.31957186261813
.49006115396818
.41551987330119
.28784403204918
.28363914291064
.41399082541466
.28669724861781
.42507645487785
.36964832743009
.36314984162649
.27178899943829
.42851681510607
.26567278305689
.40787462393443
.28746178249518
.41093271970749
.26223241289457
.39640673001607
.25955658157667
.34365443388621
.25038226445516
.29740060369174
.39678898453712
.46062691013018
.35550458232562
.41322630643845
.27178898453712
.46024464567502
.40099388360977
.45068807403247
.30886849761009
.49885321656863
.28325687845548
.37844037016233
.24197247624397
.34250764052073
.31536697347959
.33218653996785
.32033639152845
.48814984162649
.27408258120219
.27637614806493
.28937309980392
.37461772561073
.43425076206525
.43386849761009
.28211009502411
.4889143705368
.21215596298377
.4430428147316
.33218654990196
.41743118564288
.3547400534153
.35894495248795
.22859326998393
.3363914390405
.33295106887817
.42240061362584
.32530580957731
.48547401030858
.35550458232562
.39029051860174
.32989297310511
.3344801167647
.33333333333333
.43998470902443
.24579511086146
.45871559778849
.40863913297653
.49923546115557
.36850153406461
.45718653996785
.25535168747107
.41743119557699
.29281345009804
.34862385193507
.26185015340646
.39717125892639
.35091742873192
.36200305819511
.32645259300868
.56766057014465
.40290519595146
.46865443388621
.33868500590324
.46215595801671
.2545871535937
.31154434879621
.29663607478142
.39411315321922
.35550458232562
.33906728029251
.24770643313726
.42507645487785
.31001528104146
.34327216943105
.40711008509
.39678898453712
.34671253959338
.45756880442301
.29663608471553
.41016819079717
.31116208434105
.4613914390405
.32645260294278
.32492354512215
.35282875100772
.48853210608164
.32645260294278
.37538226445516
.40558103720347
.46368501583735
.46941896279653
.40863915284475
.40061161915461
.48279816905657
.26681956648827
.43922018011411
.34212537606557
.2522935718298
.28287461400032
.33868501583735
.15252293646336
.26720183094343
.34365444382032
.25535169243813
.23432721694311
.37691131234169
.31498471895854
.3933486243089
.28172783056895
.31154434879621
.11773700267076
.31918960809708
.35091743866603
.16896024843057
.22935779392719
.33409786224365
.25
.27370030681292
.2591743071874
.20756880939007
.26758409539858
.25611620644728
.24617736538251
.32224770387014
.24006116390228
.2545871535937
.25191131234169
.26720183094343
.27866972486178
.26643731196721
.27178899447123
.32645260294278
.233944957455
.24617736538251
.23318043351173
.37194189429283
.30007644494375
.26146789391836
.2568807353576
.27675841252009
.28134555617968
.28287461400032
.25152904788653
.22247706353664
.25955657164256
.22324159244696
.2045107036829
.30198776721954
.2389143705368
.2775229314963
.23547401030858
.29090213775635
.20871559778849
.30313456058502
.15481650829315
.17125382026037
.20527522762616
.29472477237384
.26987767219543
.15175840755304
.30122323830922
.26490825414658
.297782878081
.17966360847155
.23509174585342
.29701834917068
.33103975653648
.22324158747991
.30313456058502
.31536696354548
.28096329172452
.23967889944712
.32989296317101
.25573394695918
.23814984162649
.3134556611379
.25038226445516
.26873088876406
.1704892963171
.21980122725169
.32798165082932
.20718654493491
.1999235500892
.24885321656863
.18692660331726
.33103975653648
.28516819079717
.36085626482964
.21712538103263
.19915902117888
.22438838084539
.32874617973963
.30351682504018
.233944957455
.18769113719463
.24923547605673
.17507645487785
.22821100552877
.22859327495098
.27370030681292
.22629969318708
.24159021178881
.22897553443909
.23012232283751
.23623853425185
.2454128464063
.30198776721954
.29548930128415
.20718654493491
.21941896279653
.26605503757795
.31651375691096
.23585626979669
.23012231787046
.22171253959338
.23050458729267
.22018348673979
.26796635985374
.27064220110575
.25573394695918
.22477064530055
.25152904788653
.20412844419479
.31422018011411
.18233944972356
.31077981988589
.17163608471553
.27217124899228
.21215596298377
.25229357679685
.20565749208132
.30772170424461
.27370030681292
.26796635985374
.18960244953632
.26987767219543
.20183486243089
.26720183094343
.19610091547171
.2748471001784
.17010703186194
.21330275138219
.25879205266635
.26911315321922
.17278287311395
.36811925967534
.2068042854468
.28134555617968
.21177370349566
.23318042854468
.26681957642237
.29892966151237
.19915902117888
.2683486143748
.26261468728383
.28058103720347
.23470948139826
.30810397863388
.17889908452829
.18845565617085
.2431192646424
.25344037016233
.1521406720082
.27561162908872
.20030581454436
.24579510092735
.15328746537368
.188837920626
.2683486243089
.25840978821119
.21941896279653
.18386850257715
.2228593279918
.15978593627612
.2545871535937
.22821100552877
.19954128563404
.20986238618692
.17928134401639
.188837920626
.19074923793475
.31842506925265
.20298164586226
.24808868765831
.21292048692703
.22629969815413
.21139143407345
.22974006334941
.20412843922774
.17966360847155
.17966360847155
.20030581454436
.14717125395934
.31689603130023
.20030580957731
.23432722191016
.21177369852861
.2748471001784
.17889908452829
.19877676169078
.14181957145532
.26567278305689
.19495412707329
.26911315321922
.26108561952909
.20603975653648
.22209479908148
.24808868269126
.19610092043877
.19380734364192
.22553516924381
.19877675672372
.15558103720347
.21865443388621
.24847094217936
.24694189429283
.15787461896737
.23585626979669
.2090978572766
.23126911123594
.24426605304082
.22018348673979
.21636085212231
.19839449723562
.21253822743893
.19457186758518
.20183486739794
.25535168747107
.22094801068306
.25802752872308
.18233944972356
.26796635985374
.2159785926342
.24579511086146
.22171253462632
.19380733867486
.18692660331726
.27943424383799
.2637614707152
.27866972486178
.2274464815855
.27637614806493
.22897552947203
.20068806906541
.2045107036829
.15405198931694
.22782874604066
.22821100552877
.18922019004822
.26949541767438
.21788990497589
.2545871535937
.21406727532546
.31536696354548
.14449541270733
.14487767716249
.17163608471553
.19342507918676
.19380734364192
.20565749208132
.22744648655256
.21292048692703
.17851681510607
.26032110055288
.12194189677636
.18310397366683
.17392966151237
.23470948139826
.22056575119495
.15978593130906
.2090978572766
.17469419042269
.20145260294278
.22133028010527
.15672783056895
.23050459225972
.24159021675587
.22744648655256
.1330275212725
.24503058195114
.15405198434989
.18463302652041
.13226299484571
.37385321656863
.21636085708936
.2182721743981
.23662079373995
.16819571952025
.186162079374
.24273700018724
.16896024346352
.25726299981276
.15290520091852
.20336391528447
.14602446556091
.15711009502411
.21215596298377
.24464831749598
.25955657164256
.22782874604066
.19648318489393
.2155963331461
.16666666666667
.17240060865879
.1567278256019
.18769113222758
.19266055027644
.21597858766715
.16551987826824
.26834863424301
.18692660331726
.23050458729267
.20412843922774
.20183485746384
.22400611639023
.25879205266635
.20298164586226
.30428134401639
.19266055027644
.19266055027644
.19610091547171
.19380733867486
.24770642320315
.18042813241482
.15787461896737
.2228593279918
.17622323830922
.21215596298377
.16704893112183
.25879205266635
.20030580957731
.233944957455
.18348623315493
.23050458729267
.1659021427234
.18998470902443
.20374617973963
.25611621141434
.19571865101655
.18425076206525
.20642201602459
.28249234954516
.14525994161765
.24464832246304
.19036696851254
.19342507918676
.2905198832353
.31192660331726
.2274464815855
.26070336500804
.19762996335824
.25764525930087
.186162079374
.18769113222758
.21368501583735
.18310397366683
.15366972486178
.19801223774751
.15672783056895
.18845565617085
.19113150238991
.1976299683253
.25879204273224
.26032110055288
.17698776225249
.25764526923498
.14640673001607
.22859326998393
.2090978572766
.25573394199212
.25229358673096
.24350152909756
.17622324327628
.21712538103263
.20795107384523
.24732415378094
.22668195267518
.21827216943105
.20221712688605
.17354740202427
.23012231787046
.18233944972356
.20107033848763
.18807339171569
.27178899447123
.28287461400032
.17889907956123
.1498471001784
.21139143407345
.26681957642237
.2519113222758
.26720183094343
.16628440717856
.24961774051189
.17010703186194
.17545870939891
.17851682007313
.27790519595146
.16551987826824
.18157492081324
.1479357779026
.26873088876406
.20451069871585
.25955657660961
.15978593130906
.25573394695918
.22744648655256
.186162079374
.13493883609772
.22553516924381
.17775229612986
.19571865598361
.12614678839842
.23126911123594
.16016819576422
.17316513260206
.1475535184145
.21865443388621
.2316513756911
.30275228619575
.33295106887817
.28516819079717
.21903669834137
.22668196260929
.21100916961829
.13111621141434
.21024464567502
.19189602633317
.24273700515429
.233944957455
.12652905285358
.26414372523626
.20756880939007
.24655963480473
.29243119557699
.2905198832353
.20030580957731
.26758409539859
.18577981491884
.23700306316217
.20145259797573
.34288990497589
.23662079373995
.19686544438203
.23929663499196
.2813455760479
.24197247127692
.18807339668274
.20833333333333
.30428134401639
.23585626482964
.25649846593539
.21062691013018
.19418960313002
.21559632817904
.24388378858566
.25114678839842
.32492354512215
.21712538103263
.29892966151237
.30428134401639
.38493883609772
.28363914291064
.31422019004822
.3612385292848
.3161314924558
.34441895286242
.25344037016233
.3134556611379
.30657493074735
.19189602633317
.07568807403247
.2591743071874
.21750764052073
.25267583628496
.35818043351173
.2866972386837
.34212537606557
.19877675672372
.32033638159434
.23050459225972
.30275229612986
.35168194770813
.34327215949694
.27828746040662
.28899082541466
.34824158747991
.21597858766715
.23509174088637
.31613150238991
.3795871535937
.27905199925105
.32339449723562
.38914373517036
.29931192596753
.36582568287849
.26911315321922
.38723241289457
.35359326998393
.37155962983767
.32148317495982
.35359326998393
.43616207440694
.41781346003215
.37882262468338
.36085627476374
.34785932302475
.48432722687721
.41016819079717
.5523700316747
.43081040183703
.42813455065091
.53707950313886
.56039754549662
.43654434879621
.4889143606027
.39143731196721
.63340977827708
.41934250791868
.46559632817904
.52866971492767
.67125384012858
.6066513856252
.60168194770813
.74655963977178
.74426605304082
.86811927954356
.89831803242366
1.0214067300161
.96521405378977
.96636084715525
1.0298165281614
1.2454128662745
1.1464067498843
1.1280580957731
1.1414373119672
1.2943425178528
1.6158256530762
1.242736975352
1.3585626681646
1.7744648456573
1.7243884007136
1.7763761281967
1.8268348773321
1.6827217340469
1.6158256928126
1.7614678939184
2.114296634992
1.9801223278046
2.0156728029251
2.1158256530762
2.5726300080617
2.2064219713211
2.306957244873
2.6873088677724
2.6555810769399
2.3627676169078
2.4346329371134
2.5256116390228
2.4816513856252
2.6594036420186
2.89373087883
2.9996177355448
3.2549694379171
2.9491589864095
3.3199540774028
2.8673547903697
2.9258410135905
3.4296636581421
3.1781345208486
3.4617737134298
2.1953363418579
3.4889143308004
3.5714832146962
3.6490825812022
3.655198653539
3.5447247823079
4.0818041960398
3.9212538401286
4.2935779889425
3.9957950115204
4.3604740301768
4.1093272368113
4.4843271573385
4.7775228818258
4.2717889149984
4.5875382423401
4.3157493273417
4.4166666666667
4.8279816309611
4.5928897857666
5.0626912117004
5.1414372126261
3.4915902614594
5.0145260492961
5.082568804423
4.8585626284281
4.7327980995178
5.0137615203857
4.844419002533
5.3390673001607
5.1097094217936
4.9006117184957
5.4464832941691
5.2756117184957
4.997706413269
5.6169724464417
5.872706413269
5.2538226445516
6.0531346003215
5.3321863810221
5.8566513061523
5.8352444966634
5.5252294540405
5.8268348375956
5.8528286616007
6.4017583529154
6.1448777516683
5.5871559778849
6.1544343630473
6.0431957244873
5.1475534439087
5.7274463971456
5.9629205067952
6.2041282653809
6.0558104515076
5.7262997627258
6.1498471895854
6.4346330960592
6.408639272054
6.4961773554484
6.5844799677531
6.7396788597107
6.4472478230794
6.3283638954163
6.8448011080424
5.9002292950948
6.5435779889425
6.2198012669881
6.3765288988749
6.5466361045837
6.2431192398071
6.0821865399679
6.568042755127
6.1831040382385
7.0133792559306
6.5814221700033
6.6567277908325
6.1597860654195
6.6383792559306
6.568807442983
6.5917429924011
6.035168170929
6.7702600161235
6.1727830568949
6.3956422805786
6.1624617576599
6.2293577194214
6.2438837687174
5.9159019788106
5.865443388621
6.1383792559306
5.7824923197428
6.1234709421794
5.8482416470846
5.8830275535583
6.1525228818258
4.9529816309611
6.1280581156413
6.1899847984314
6.0049694379171
5.6769876480103
5.3138378461202
5.5405198733012
5.5061162312826
5.1670489311218
5.3463303248088
5.5172019004822
5.3451835314433
5.2889908154806
4.8237768809001
4.9545106887817
5.4556574821472
4.9571863810221
5.5431957244873
4.9667431513468
4.4040519396464
4.7576454480489
4.0523699124654
4.0802751382192
4.3597094217936
4.1574923992157
4.2461773554484
4.1402904987335
4.132263024648
3.7931957244873
4.2587920029958
3.875
3.4166666666667
3.7721711794535
3.0317278703054
3.2121559778849
3.0007645289103
3.2438837687174
3.0569571654002
2.8864678541819
2.5668960412343
2.6009174187978
2.4170489311218
2.0542813142141
2.0768348375956
1.9877676169078
1.7576452493668
1.5680427948634
1.4873853127162
1.2389143705368
1.351299683253
1.0168195565542
1.2878440221151
1.0439602335294
.89984709024429
.88608560959498
.73088683684667
.43692660331726
.58295106887817
.54548929135005
.91399083534877
.44495411713918
.79740059375763
.63723242282867
.73432719707489
.57951070864995
.71521405378977
.59633028507233
.62614679336548
.72362385193507
.51376148064931
.38761467734973
.49235474069913
.49847095211347
.65825686852137
.46368501583735
.64220182100932
.63226300477982
.56001530090968
.48356268803279
.42622324824333
.48203363021215
.56766053040822
.43960244456927
.47400611639023
.50688073039055
.32071865598361
.47133028507233
.51529050866763
.44992354512215
.42087156573931
.39755352338155
.35435779889425
.50496941804886
.42392966151237
.45374616980553
.41322630643845
.33027523756027
.25726299484571
.32301223278046
.50649846593539
.3390672703584
.32989297310511
.30428133408229
.32454129060109
.3566513756911
.47859327991803
.3023700316747
.29434251785278
.33753822247187
.3814984758695
.26834862927596
.29625382026037
.34480122725169
.34785932302475
.21712538103263
.31995412707329
.27714067697525
.2637614607811
.33333333333333
.2568807353576
.29548930128415
.3134556611379
.32645260294278
.39029051860174
.3344801167647
.2905198832353
.31345565120379
.26108562449614
.40290520588557
.29243118564288
.25611621638139
.34900611639023
.26337920626005
.25496942301591
.29166666666667
.26758409539858
.22247706353664
.2702599465847
.21865443388621
.2683486243089
.29434251785278
.30848623315493
.24426605800788
.31613150238991
.26605505744616
.25114679336548
.2729357779026
.23088685174783
.19151376187801
.28172783056895
.26720183094343
.24197247624397
.24732415378094
.20336391528447
.28211009502411
.23088685174783
.26605504751205
.23203364014626
.16513761381308
.2729357779026
.25420489907265
.31077980995178
.36314984162649
.26032110551993
.27561162908872
.22897553443909
.16934250791868
.30313456058502
.2977828681469
.24885321160158
.29281345009804
.24273700515429
.2431192646424
.27408257126808
.30810396869977
.28784403204918
.25879205266635
.32798164089521
.28440367182096
.28707951307297
.27828746040662
.2637614607811
.29204893112183
.26911315321922
.26643730203311
.26758410533269
.27675840258598
.26758409539859
.2545871535937
.22247705856959
.24082568287849
.26299694677194
.28211009502411
.28440367182096
.23470948139826
.2977828681469
.19724770883719
.35053516427676
.30925076206525
.32951069871585
.30542813738187
.28019877274831
.19074923793475
.32224770387014
.22821101049582
.29663608471553
.26299694180489
.28287462393443
.21483180423578
.30619265635808
.28937308986982
.29051987330119
.28669725855192
.23547400534153
.29204892118772
.30313456058502
.28096329172452
.26796635985374
.25382262965043
.26529052853584
.21406728029251
.23470948139826
.25955657660961
.25535168250402
.31460244456927
.20145260294278
.2794342537721
.29663608471553
.27981650829315
.30007645487785
.34174312154452
.24541285137335
.22974005838235
.23126911123594
.31001529097557
.22706421713034
.26490825911363
.27943424383799
.30848624308904
.32530580957731
.30542813738187
.16857798397541
.23547400534153
.3383027613163
.30160549283028
.24617737531662
.25879204769929
.30007645487785
.24961774547895
.35512232780457
.23050458729267
.31957186261813
.21024465064208
.21100917458534
.25649846593539
.26223242282867
.28707951307297
.40175841252009
.32301223278046
.37805810570717
.27599388360977
.28019877274831
.30772171417872
.2362385292848
.37576451897621
.28822629650434
.28478593627612
.30695717533429
.27370029687881
.34518349170685
.30160550276438
.29472477237384
.41781346003215
.30810397863388
.31192659338315
.22591742873192
.21788991491
.24885321160158
.27484709024429
.29243119557699
.35435778896014
.327217121919
.34212538599968
.22247706353664
.2637614607811
.48776758710543
.31498470902443
.24044342339039
.27522934476535
.22094801068306
.40175840258598
.3180428147316
.18233944972356
.33562691013018
.26070337494214
.34288991491
.31536696354548
.3199541370074
.23203364014626
.22171253959338
.33142202099164
.28746177752813
.24464831749598
.3134556611379
.34900610645612
.33830275138219
.2748471001784
.26452598969142
.35015290975571
.36047401030858
.29816514253616
.30198776721954
.34365443388621
.35703363021215
.38073394695918
.39105504751205
.26796635985374
.29740061362584
.31116208434105
.33562691013018
.30733944972356
.22018349170685
.36314985156059
.30733944972356
.31460243463516
.29625383019447
.34212538599968
.34785932302475
.36544342835744
.28784403204918
.28822630643845
.35818042357763
.30963302652041
.46215595801671
.30466359853745
.31689603130023
.32492354512215
.33868501583735
.28784404198329
.33256880442301
.30428133408229
.23432721694311
.30275230606397
.32454128066699
.3337156077226
.37308868765831
.31269113222758
.37996941804886
.32874617973963
.2228593279918
.42584098378817
.32186543941498
.29854739705722
.33409786224365
.3795871535937
.41857798894246
.37652904788653
.35779815912247
.34862385193507
.32912844419479
.28516820073128
.37996941804886
.36964831749598
.34709480404854
.39296635985374
.42545870939891
.3474770685037
.4346330165863
.36467889944712
.33486239115397
.34938838084539
.27981651822726
.35359326998393
.41246176759402
.3455657462279
.30504587292671
.34480122725169
.25840978821119
.47285932302475
.38264525930087
.34097858270009
.36047401030858
.31116207440694
.3318042854468
.44457186261813
.33142201105754
.3887614707152
.31536697347959
.37538225452105
.4181957145532
.32148318489393
.35932721694311
.26720183591048
.32568807403247
.3134556611379
.31651375691096
.37652904788653
.37461773554484
.3363914390405
.3409785926342
.37652905782064
.25114678839842
.38723242282867
.38799695173899
.40366972486178
.40328747034073
.3318042755127
.42813455065091
.36429663499196
.30810396869977
.30122323830922
.40405197938283
.3455657462279
.30963302652041
.40290519595146
.47324158747991
.38493883609772
.40214067697525
.42010702689489
.43922018011411
.27064220110575
.48012231787046
.48088684678078
.51032109061877
.46215596795082
.42431193590164
.43119265635808
.35435779889425
.45603976647059
.42775229612986
.48432722687721
.49503059188525
.52408256133397
.5
.47629968325297
.41322629650434
.42087156573931
.51911315321922
.40481651822726
.47324159741402
.45145260294278
.49197247624397
.57874617973963
.35932721694311
.48814985156059
.37003058195114
.46483180920283
.53860855102539
.49235474069913
.47591741879781
.50382262468338
.32836390535037
.43386849761009
.46674312154452
.38761467734973
.46292048692703
.52790520588557
.58448012669881
.49847094217936
.39946483572324
.39373088876406
.38340977827708
.50955658157667
.48585627476374
.58371559778849
.53555047512054
.60550459225972
.44571865598361
.54472478230794
.46674312154452
.53707951307297
.54587157567342
.47094801068306
.44266055027644
.47247705856959
.5818042755127
.55733946959178
.47209479411443
.60168196757634
.57989297310511
.47935779889425
.50764526923498
.49694188435872
.54892967144648
.51873087882996
.58600916465123
.61085625489553
.52331805229187
.52484709024429
.66284404198329
.48814985156059
.56422019004822
.57415900627772
.53478592634201
.58371561765671
.58448012669881
.5726299683253
.45795106887817
.64105504751205
.61314984162649
.59938836097717
.60856268803279
.54854740699132
.50573394695918
.58333333333333
.56689602136612
.60359326998393
.56804283459981
.51414372523626
.5256115992864
.48470947146416
.72171252965927
.6903669834137
.62996939818064
.66131498416265
.51185014843941
.53516819079717
.62347094217936
.50076451897621
.6766055226326
.55351682504018
.52828747034073
.51223242282867
.57568808396657
.60970948139826
.62423545122147
.59136084715525
.53937307993571
.64296634991964
.61544342835744
.62423547108968
.59403669834137
.6884556611379
.54434249798457
.52714065710704
.63302751382192
.64373087882996
.57339449723562
.59327216943105
.52331803242366
.61888378858566
.63914372523626
.57989297310511
.70718653996785
.67125384012858
.69724770387014
.67278289794922
.50114678343137
.53631498416265
.66743119557699
.59556573629379
.6746942003568
.55466359853745
.61620793739955
0
0
0
0
0
0
0
0
0
0
0
0
0
0
0
0
0
0
0
0
0
0
0
0
0
0
0
0
0
0
0
0
0
0
0
0
0
0
0
0
0
0
0
0
0
0
0
0
0
0
0
0
0
0
0
0
0
0
0
0
0
0
0
0
0
0
0
0
0
0
0
0
0
0
0
0
0
0
0
0
0
0
0
0
0
0
0
0
0
0
0
0
0
0
0
0
0
0
0
0
0
0
0
0
0
0
0
0
0
0
0
0
0
0
0
0
0
0
0
0
0
0
0
0
0
0
0
0
0
0
0
0
0
0
0
0
0
0
0
0
0
0
0
0
0
0
0
0
0
0
0
0
0
0
0
0
0
0
0
0
0
0
0
0
0
0
0
0
0
0
0
0
0
0
0
0
0
0
0
0
0
0
0
0
0
0
0
0
0
0
0
0
0
0
0
0
0
0
0
0
0
0
0
0
0
0
0
0
0
0
0
0
0
0
0
0
0
0
0
0
0
0
0
0
0
0
0
0
0
0
0
0
0
0
0
0
0
0
0
0
0
0
0
0
0
0
0
0
0
0
0
0
0
0
0
0
0
0
0
0
0
0
0
0
0
0
0
0
0
0
0
0
0
0
0
0
0
0
0
0
0
0
0
0
0
0
0
0
0
0
0
0
0
0
0
0
0
0
0
0
0
0
0
0
0
0
0
0
0
0
0
0
0
0
0
0
0
0
0
0
0
0
0
0
0
0
0
0
0
0
0
0
0
0
0
0
0
0
0
0
0
0
0
0
0
0
0
0
0
0
0
0
0
0
0
0
0
0
0
0
0
0
0
0
0
0
0
0
0
0
0
0
0
0
0
0
0
0
0
0
0
0
0
0
0
0
0
0
0
0
0
0
0
0
0
0
0
0
0
0
0
0
0
0
0
0
0
0
0
0
0
0
0
0
0
0
0
0
0
0
0
0
0
0
0
0
0
0
0
0
0
0
0
0
0
0
0
0
0
0
0
0
0
0
0
0
0
0
0
0
0
0
0
0
0
0
0
0
0
0
0
0
0
0
0
0
0
0
0
0
0
0
0
0
0
0
0
0
0
0
0
0
0
0
0
0
0
0
0
0
0
0
0
0
0
0
0
0
0
0
0
0
0
0
0
0
0
0
0
0
0
0
0
0
0
0
0
0
0
0
0
0
0
0
0
0
0
0
0
0
0
0
0
0
0
0
0
0
0
0
0
0
0
0
0
0
0
0
0
0
0
0
0
0
0
0
0
0
0
0
0
0
0
0
0
0
0
0
0
0
0
0
0
0
0
0
0
0
0
0
0
0
0
0
0
0
0
0
0
0
0
0
0
0
0
0
0
0
0
0
0
0
0
0
0
0
0
0
0
0
0
0
0
0
0
0
0
0
0
0
0
0
0
0
0
0
0
0
0
0
0
0
0
0
0
0
0
0
0
0
0
0
0
0
0
0
0
0
0
0
0
0
0
0
0
0
0
0
0
0
0
0
0
0
0
0
0
0
0
0
0
0
0
0
0
0
0
0
0
0
0
0
0
0
0
0
0
0
0
0
0
0
0
0
0
0
0
0
0
0
0
0
0
0
0
0
0
0
0
0
0
0
0
0
0
0
0
0
0
0
0
0
0
0
0
0
0
0
0
0
0
0
0
0
0
0
0
0
0
0
0
0
0
0
0
0
0
0
0
0
0
0
0
0
0
0
0
0
0
0
0
0
0
0
0
0
0
0
0
0
0
0
0
0
0
0
0
0
0
0
0
0
0
0
0
0
0
0
0
0
0
0
0
0
0
0
0
0
0
0
0
0
0
0
0
0
0
0
0
0
0
0
0
0
0
0
0
0
0
0
0
0
0
0
0
0
0
0
0
0
0
0
0
0
0
0
0
0
0
0
0
0
0
0
0
0
0
0
0
0
0
0
0
0
0
0
0
0
0
0
0
0
0
0
0
0
0
0
0
0
0
0
0
0
0
0
0
0
0
0
0
0
0
0
0
0
0
0
0
0
0
0
0
0
0
0
0
0
0
0
0
0
0
0
0
0
0
0
0
0
0
0
0
0
0
0
0
0
0
0
0
0
0
0
0
0
0
0
0
0
0
0
0
0
0
0
0
0
0
0
0
0
0
0
0
0
0
0
0
0
0
0
0
0
0
0
0
0
0
0
0
0
0
0
0
0
0
0
0
0
0
0
0
0
0
0
0
0
0
0
0
0
0
0
0
0
0
0
0
0
0
0
0
0
0
0
0
0
0
0
0
0
0
0
0
0
0
0
0
0
0
0
0
0
0
0
0
0
0
0
0
0
0
0
0
0
0
0
0
0
0
0
0
0
0
0
0
0
0
0
0
0
0
0
0
0
0
0
0
0
0
0
0
0
0
0
0
0
0
0
0
0
0
0
0
0
0
0
0
0
0
0
0
0
0
0
0
0
0
0
0
0
0
0
0
0
0
0
0
0
0
0
0
0
0
0
0
0
0
0
0
0
0
0
0
0
0
0
0
0
0
0
0
0
0
0
0
0
0
0
0
0
0
0
0
0
0
0
0
0
0
0
0
0
0
0
0
0
0
0
0
0
0
0
0
0
0
0
0
0
0
0
0
0
0
0
0
0
0
0
0
0
0
0
0
0
0
0
0
0
0
0
0
0
0
0
0
0
0
0
0
0
0
0
0
0
0
0
0
0
0
0
0
0
0
0
0
0
0
0
0
0
0
0
0
0
0
0
0
0
0
0
0
0
0
0
0
0
0
0
0
0
0
0
0
0
0
0
0
0
0
0
0
0
0
0
0
0
0
0
0
0
0
0
0
0
0
0
0
0
0
0
0
0
0
0
0
0
0
0
0
0
0
0
0
0
0
0
0
0
0
0
0
0
0
0
0
0
0
0
0
0
0
0
0
0
0
0
0
0
0
0
0
0
0
0
0
0
0
0
0
0
0
0
0
0
0
0
0
0
0
0
0
0
0
0
0
0
0
0
0
0
0
0
0
0
0
0
0
0
0
0
0
0
0
0
0
0
0
0
0
0
0
0
0
0
0
0
0
0
0
0
0
0
0
0
0
0
0
0
0
0
0
0
0
0
0
0
0
0
0
0
0
0
0
0
0
0
0
0
0
0
0
0
0
0
0
0
0
0
0
0
0
0
0
0
0
0
0
0
0
0
0
0
0
0
0
0
0
0
0
0
0
0
0
0
0
0
0
0
0
0
0
0
0
0
0
0
0
0
0
0
0
0
0
0
0
0
0
0
0
0
0
0
0
0
0
0
0
0
0
0
0
0
0
0
0
0
0
0
0
0
0
0
0
0
0
0
0
0
0
0
0
0
0
0
0
0
0
0
0
0
0
0
0
0
0
0
0
0
0
0
0
0
0
0
0
0
0
0
0
0
0
0
0
0
0
0
0
0
0
0
0
0
0
0
0
0
0
0
0
0
0
0
0
0
0
0
0
0
0
0
0
0
0
0
0
0
0
0
0
0
0
0
0
0
0
0
0
0
0
0
0
0
0
0
0
0
0
0
0
0
0
0
0
0
0
0
0
0
0
0
0
0
0
0
0
0
0
0
0
0
0
0
0
0
0
0
0
0
0
0
0
0
0
0
0
0
0
0
0
0
0
0
0
0
0
0
0
0
0
0
0
0
0
0
0
0
0
0
0
0
0
0
0
0
0
0
0
0
0
0
0
0
0
0
0
0
0
0
0
0
0
0
0
0
0
0
