.63188074032466
.79166666666667
.65825688838959
.98356268803279
.67660550276438
.79625380039215
.73470948139826
.81039756536484
.47782874107361
.75344038009644
.69457185268402
.69418958822886
.53593271970749
.71941896279653
.54548931121826
.71483178933462
.61582567294439
.78134556611379
.65787462393443
.71024465560913
.52675839265188
.83371557792028
.672782878081
.91399081548055
.58677369356155
.68960245450338
.52140673001607
.74273699522018
.60970946153005
.74847094217936
.79434251785278
.82415902614594
.53822630643845
.76681957642237
.56422017018
.6800458629926
.5045871535937
.66628440221151
.44457186261813
.78249233961105
.54892965157827
.66781346003215
.51720183094343
.74655961990356
.48203363021215
.66284404198329
.49770642320315
.65749235947927
.58524463574092
.60779817899068
.5818042755127
.67240059375763
.39105504751205
.6257645090421
.41628440221151
.64029051860174
.47821100552877
.57989297310511
.50993884603182
.59403671820958
.40596330165863
.57415900627772
.49732414881388
.71330275138219
.39220184087753
.51796636978785
.47324158747991
.56422019004822
.46483179926872
.67507644494375
.58906728029251
.66360855102539
.44380733370781
.56116207440694
.50879205266635
.56766053040822
.48700305819511
.54510702689489
.46750765045484
.53555045525233
.37041283647219
.60856268803279
.44915902614594
.61353210608164
.3769113222758
.65175839265188
.37844036022822
.57186545928319
.44074923793475
.5699541370074
.45451069871585
.48394494255384
.47821100552877
.60129970312119
.39602445562681
.54663608471553
.46865444382032
.49159021178881
.31383792559306
.43922019004822
.38493884603182
.4705657462279
.36735474069913
.52025992671649
.39029051860174
.50611621141434
.44418959816297
.60626912117004
.32454128066699
.50305810570717
.44686544934909
.59824158747991
.29128441214561
.50114679336548
.42966361840566
.39296635985374
.30160550276438
.49311925967534
.3685015241305
.54090213775635
.30810396869977
.4365443388621
.32186543941498
.45871559778849
.29892966151237
.47477064530055
.22668195764224
.48088685671488
.32339448730151
.49120795726776
.32645260294278
.39717125892639
.36200305819511
.47477063536644
.30313455065091
.36620794733365
.2683486243089
.32454128066699
.26987767716249
.42469419042269
.26873088876406
.3134556611379
.30389907956123
.42660550276438
.35168196757634
.28249234954516
.25993883609772
.39449540774028
.26185015837351
.41781345009804
.20948012173176
.38723241289457
.35932721694311
.31383791565895
.31077981988589
.43769113222758
.19801223278046
.40519877274831
.32071865598361
.36467889944712
.27637615799904
.41934250791868
.27905198931694
.47209480404854
.28593271970749
.40787462393443
.21330275138219
.41896025339762
.28440367182096
.38837920626005
.29931193590164
.49044342835744
.27025993168354
.44227828582128
.35970948139826
.41972477237384
.21444953978062
.37920488913854
.25267584125201
.38188074032466
.27561161915461
.41246176759402
.32530581951141
.47668195764224
.32530580957731
.3887614607811
.28631498416265
.47553516427676
.32339449723562
.37538225452105
.30275228619575
.40634556611379
.24273700515429
.484327207009
.33333332339923
.43730886777242
.26834863424301
.37614679336548
.3226299683253
.41590213775635
.36200305819511
.45756880442301
.3455657462279
.16590213775635
.34136084715525
.46292048692703
.35588684678078
.46330275138219
.31613150238991
.45412843426069
.27064220110575
.44610092043877
.33371559778849
.36314985156059
.27828746040662
.3795871535937
.26949541767438
.33295106887817
.29128440221151
.50917431712151
.29931193590164
.42048929135005
.31269113222758
.43425076206525
.27522935469945
.34900611639023
.40214066704114
.37691131234169
.3180428147316
.40672782063484
.186162079374
.43998469909032
.27370029687881
.40099388360977
.39449541767438
.38914372523626
.37385320663452
.44801224271456
.28019877274831
.33753823240598
.27446483572324
.40978593627612
.31192660331726
.42048930128415
.33562691013018
.39870031674703
.32033639152845
.39831803242366
.30160550276438
.34671253959338
.36429664492607
.33256880442301
.28555045525233
.45833333333333
.27675841252009
.3363914390405
.33409786224365
.48967890938123
.36314984162649
.42431192596753
.30389907956123
.41666666666667
.30542813738187
.45374617973963
.40405197938283
.38111622134844
.28593271970749
.42928134401639
.32033638159434
.43042813738187
.37805810570717
.38188073039055
.21980122228463
.25955658157667
.32492354512215
.40825688838959
.3769113222758
.38455658157667
.33333333333333
.32224770387014
.25611620148023
.46177369356155
.30848624308904
.37767584125201
.18463303148746
.4136085609595
.33944953481356
.40405198931694
.25764526426792
.37003057201703
.28172783056895
.34518348177274
.3023700316747
.45107033848763
.3566513756911
.42392967144648
.2610856294632
.45374617973963
.24350152909756
.39946483572324
.27484709024429
.45527523756027
.23967889944712
.36162079373995
.30733943978945
.35779816905657
.28631498416265
.48088684678078
.28899082541466
.35474006334941
.28899082541466
.37385320663452
.20642202099164
.4384556611379
.22974006334941
.43577981988589
.26414372523626
.44266055027644
.41016819079717
.42316514253616
.26873088876406
.38646788398425
.38035168250402
.38685014843941
.25611620148023
.3612385292848
.31116208434105
.39908257126808
.28363914291064
.34862386186918
.24350152909756
.34594801068306
.28707950313886
.29166666666667
.375
.40978593627612
.2205657462279
.21215596795082
.32912844419479
.46827216943105
.25993883609772
.35168195764224
.31460244456927
.39678899447123
.27178899447123
.32492354512215
.28287461400032
.34977064530055
.25802752872308
.35129970312119
.22209479908148
.48432721694311
.33027523756027
.29357797900836
.32110092043877
.39831804235776
.28249234954516
.36162079373995
.35818042357763
.35282875100772
.3069571852684
.35053516427676
.25496941804886
.56230886777242
.28287462393443
.5019113222758
.24350152909756
.35512232780457
.27522935469945
.35359326998393
.31766054034233
.38723241289457
.25114678839842
.37194189429283
.188837920626
.40290520588557
.27102446556091
.43348624308904
.3069571852684
.43616208434105
.30581040183703
.43501529097557
.37499999006589
.36697247624397
.2679663648208
.3723241686821
.26681956648827
.32377675175667
.36544342835744
.51758408546448
.25955658157667
.35397553443909
.36391438047091
.5110856294632
.31689602136612
.28631498416265
.30198775728544
.35779816905657
.30313455065091
.5137614607811
.2159785926342
.47859326998393
.26758409539859
.45565750201543
.18960244456927
.45489296317101
.22859327495098
.39029052853584
.27331804235776
.41857798894246
.23623853425185
.37003058195114
.27255352338155
.41016820073128
.28555046518644
.41093270977338
.31077981988589
.3226299782594
.2610856294632
.31192660331726
.28363915284475
.40825688838959
.31383791565895
.37844036022822
.29969419042269
.50038226445516
.32912844419479
.33983180920283
.29243119557699
.37232415874799
.28019878268242
.43998470902443
.29204893112183
.51146789391836
.38073394695918
.48662078380585
.28516819079717
.40328746040662
.27675840258598
.39984709024429
.30122323830922
.37920489907265
.38340978821119
.44074923793475
.31842506925265
.4430428147316
.23814985156059
.2637614707152
.28134556611379
.38799695173899
.25993883609772
.36582568287849
.22400612135728
.41934250791868
.26452599465847
.43463302652041
.32339450716972
.49159022172292
.29969419042269
.41093271970749
.42240061362584
.49044343829155
.297782878081
.43998470902443
.31536697347959
.3685015241305
.32492355505625
.25993883113066
.29701834917068
.35932721694311
.36429663499196
.42048930128415
.36467889944712
.30351682504018
.35856268803279
.43310396869977
.35091742873192
.36162079373995
.28249234954516
.45183486739794
.31345565120379
.36544341842333
.29013760884603
.3050458629926
.23470947643121
.33142202099164
.29013760884603
.35550459225972
.29243119557699
.42201834917068
.36353210608164
.31077981988589
.27025993665059
.33256880442301
.3363914390405
.38799695173899
.32186543941498
.4044342537721
.31269113222758
.48662079373995
.3474770685037
.39449541767438
.28555045525233
.36659021178881
.28172783056895
.35244647661845
.12232415626446
.37155963977178
.33027522762616
.36735474069913
.3501528998216
.47056575616201
.25382263461749
.32759939630826
.28019877274831
.3639143705368
.27637613813082
.43004587292671
.22821100552877
.49006117383639
.31880733370781
.45909786224365
.35321100552877
.40558103720347
.32186544934909
.29931193590164
.29701834917068
.42851682504018
.37347095211347
.35970948139826
.2385321110487
.44457186261813
.22094801068306
.36047401030858
.28211009005706
.48241589466731
.30542813738187
.44648318489393
.34518348177274
.49044342835744
.29281346003215
.36162079373995
.2637614707152
.40634556611379
.32759938637416
.31307339668274
.2477064182361
.44648317495982
.2725535184145
.47553517421087
.35970947146416
.28555044531822
.31307339668274
.40405198931694
.28440368175507
.41781346003215
.27714067697525
.39105505744616
.35512231787046
.34136085708936
.43960244456927
.30848624308904
.33371559778849
.54854740699132
.33409786224365
.47515290975571
.29816513260206
.40596330165863
.3023700316747
.41666665673256
.26185015340646
.51567280292511
.25
.44113150238991
.34671252965927
.42545871933301
.2316513756911
.37385321656863
.32492355505625
.28478593627612
.28707952300707
.38952598969142
.29969419042269
.422782878081
.26529051860174
.35321101546288
.33830275138219
.34365443388621
.34900611639023
.39067278305689
.28440367182096
.46750764052073
.25191131730874
.49426606297493
.33333333333333
.31269113222758
.25076452891032
.38990825414658
.33944953481356
.49541283647219
.24159021675587
.52675839265188
.36238532265027
.54396025339762
.25573393702507
.34174311161041
.30045871933301
.43807338674863
.15328746040662
.34327216943105
.30160550276438
.40519878268242
.26337920626005
.46253823240598
.45756881435712
.40405197938283
.2637614707152
.47515290975571
.32454128066699
.42698777715365
.20489296813806
.38723242282867
.28937308986982
.37347094217936
.29740061362584
.48050458232562
.46100918451945
.34900611639023
.2683486243089
.36314984162649
.28287462393443
.46712538599968
.32186544934909
.43195717533429
.33983180920283
.33753823240598
.26796635985374
.30466360847155
.33715595801671
.50191131234169
.27790519595146
.43616207440694
.38837919632594
.35894496242205
.31077981988589
.36085627476374
.21062691013018
.29472477237384
.23318042854468
.43463302652041
.21368501583735
.45756880442301
.35703364014626
.44189603130023
.38990825414658
.39373087882996
.31077980995178
.40443424383799
.31957187255224
.45833333333333
.32874617973963
.32148317495982
.28784403204918
.42163607478142
.2564984758695
.56651377677917
.29701834917068
.34136085708936
.31613150238991
.31498471895854
.31574922800064
.46100916465123
.33677369356155
.34824158747991
.32339449723562
.47935779889425
.36353211601575
.6139143705368
.46024464567502
.52064220110575
.20336391031742
.37882263461749
.32148318489393
.50764525930087
.27675840258598
.4659785926342
.20259938637416
.36314985156059
.22094801565011
.37882263461749
.2045107036829
.39717125892639
.34633027513822
.39373087882996
.26070335507393
.40328746040662
.29701834917068
.42698776721954
.28058104713758
.35168195764224
.30466360847155
.47668195764224
.29472477237384
.35970948139826
.25917431215445
.34518349170685
.3272171318531
.45107032855352
.24159021675587
.46941896279653
.37461773554484
.36544342835744
.34480122725169
.39029051860174
.38532110055288
.37347095211347
.27828746040662
.41628441214561
.31383792559306
.32301223278046
.28631498416265
.41284404198329
.25344036519527
.39373088876406
.31307339668274
.39373088876406
.25382262965043
.56995411713918
.30084097385406
.36888379851977
.2614678889513
.3639143705368
.31154434879621
.37729358673096
.40519877274831
.42507644494375
.25496942301591
.36162079373995
.31536697347959
.38073394695918
.31230885783831
.40022935469945
.2931957244873
.34174312154452
.40405198931694
.39678899447123
.31536697347959
.38111621141434
.24923547108968
.36697246630987
.19839449723562
.42622323830922
.39946482578913
.32607033848763
.31383791565895
.37423547108968
.29396024346352
.46674312154452
.31077981988589
.3115443388621
.31154434879621
.46483179926872
.37920488913854
.37767584125201
.33103975653648
.44189602136612
.33486239115397
.3115443388621
.22821101049582
.43922018011411
.30045871933301
.32033639152845
.44686543941498
.37194190422694
.28019878268242
.33677369356155
.26414373020331
.41131499409676
.29013760884603
.4116972386837
.28899082541466
.4365443388621
.33027522762616
.34824159741402
.27178898950418
.34633028507233
.32415902614594
.3841743071874
.35091742873192
.44380734364192
.27140673001607
.44380733370781
.20412843922774
.40749235947927
.26605504751205
.4889143606027
.34288990497589
.36544342835744
.34250764052073
.40366972486178
.37347094217936
.4227828681469
.30466360847155
.33142201105754
.23012232283751
.38111620148023
.25458715856075
.41743119557699
.25114678839842
.44342507918676
.4273700316747
.38952599962552
.32607032855352
.30772171417872
.40940367182096
.45298165082932
.39831805229187
.41781345009804
.31918959816297
.27637614806493
.3390672703584
.47285932302475
.31383791565895
.34671253959338
.32912844419479
.37499999006589
.25038226445516
.32645260294278
.34594801068306
.34518348177274
.25688072542349
.42851681510607
.31230885783831
.42584098378817
.32033639152845
.37194189429283
.29625383019447
.43922018011411
.28363915284475
.42813455065091
.28707951307297
.44877676169078
.23623853425185
.32759939630826
.29243119557699
.35818043351173
.2450305869182
.36429663499196
.28440367182096
.54816514253616
.26414373020331
.38646788398425
.29166666666667
.27790519595146
.27675841252009
.40558103720347
.20718654493491
.44648318489393
.31269112229347
.38799694180489
.20336391031742
.35856268803279
.29013761878014
.33562691013018
.39411315321922
.38340977827708
.2748471001784
.51185015837351
.24694189429283
.4384556611379
.25152905285358
.40634556611379
.25191131730874
.30657492081324
.27905199925105
.4594801167647
.3409785926342
.46253822247187
.34977063536644
.32683485746384
.31039755543073
.33715595801671
.23929663995902
.45374617973963
.20718654493491
.31269113222758
.34136086702347
.4384556611379
.26529052356879
.39717125892639
.38799695173899
.45107033848763
.2886085609595
.2813455760479
.32224770387014
.41934249798457
.32186543941498
.58830275138219
.29969419042269
.35015290975571
.25305811067422
.39678899447123
.3795871535937
.43692660331726
.36811926960945
.33753823240598
.23050459225972
.28937308986982
.30007645487785
.39181956648827
.28555045525233
.40290518601735
.2090978572766
.35512231787046
.35053517421087
.44113150238991
.26414373517036
.32186544934909
.33027523756027
.4025229314963
.23662079373995
.36429663499196
.27905197938283
.42392966151237
.30581040183703
.39831804235776
.30963302652041
.34403669834137
.31001529097557
.35015290975571
.36735474069913
.42469419042269
.27217124899228
.40443424383799
.32989296317101
.39908258120219
.23776758710543
.32186544934909
.38379205266635
.43616208434105
.30657492081324
.48547401030858
.26758409539859
.36888378858566
.27981651822726
.44533639152845
.33371559778849
.32110092043877
.30886849761009
.22247706353664
.29128440221151
.3658256928126
.23241589963436
.43883791565895
.22553516924381
.34862385193507
.31574923793475
.38188074032466
.33218653996785
.35435779889425
.34480122725169
.53631498416265
.23356269299984
.41513760884603
.24579511086146
.46024465560913
.24311925967534
.35550458232562
.33715596795082
.2431192646424
.27561161915461
.49847095211347
.23662079870701
.4273700316747
.28440367182096
.32454129060109
.29510703682899
.56460243463516
.30275229612986
.45068806409836
.30619265635808
.42392967144648
.34365444382032
.33715595801671
.35015290975571
.40634556611379
.24732415874799
.41437309980392
.21100917458534
.37155963977178
.26643731196721
.46788991491
.35206421216329
.30313456058502
.31383791565895
.4770642220974
.31116207440694
.38455657164256
.42469418048859
.34938837091128
.35588684678078
.3115443388621
.3023700316747
.45527522762616
.30045871933301
.39143730203311
.31422018011411
.35741590460142
.28707951307297
.42698776721954
.35588684678078
.27866972486178
.10397553443909
.33486238121986
.35856268803279
.49885320663452
.39105504751205
.3474770685037
.4136085609595
.29281346003215
.26414373020331
.44610092043877
.22935779889425
.40405198931694
.31995412707329
.37996940811475
.38914372523626
.40481650829315
.26720184087753
.45374617973963
.25535168747107
.31689602136612
.28019878268242
.46483179926872
.25649847090244
.37691131234169
.32759938637416
.43922018011411
.26987767219543
.43233944972356
.41896024346352
.40672782063484
.30275228619575
.26414373517036
.29548929135005
.32836391528447
.37729357679685
.39105503757795
.34900612632434
.44036697347959
.24694189925989
.50420488913854
.42163608471553
.42163608471553
.32683486739794
.44380733370781
.22247706353664
.42698776721954
.24579510589441
.36544342835744
.27828746040662
.39946483572324
.43769113222758
.38570336500804
.32989297310511
.29701834917068
.23470948139826
.48050459225972
.26070336500804
.39143731196721
.42622323830922
.34556575616201
.25573394199212
.33142202099164
.31422018011411
.53746177752813
.33792048692703
.39373087882996
.24770642320315
.32339449723562
.3612385292848
.40137614806493
.39946482578913
.37996941804886
.33295106887817
.38723241289457
.30313455065091
.41704893112183
.30772171417872
.2886085609595
.29816514253616
.43654434879621
.42545871933301
.39373088876406
.21139143407345
.33753823240598
.28363915284475
.45259939630826
.39449540774028
.37079511086146
.38340977827708
.40596330165863
.35282874107361
.37385320663452
.31536697347959
.49235472083092
.42584098378817
.29969419042269
.28555046518644
.42010703682899
.29892967144648
.43157492081324
.37920488913854
.37385321656863
.28631498416265
.43539755543073
.26758409539859
.40443424383799
.27331804235776
.41055045525233
.26223241289457
.39678899447123
.26337921619415
.35588685671488
.24044342339039
.30466360847155
.39220183094343
.45603974660238
.36620794733365
.41399081548055
.28937308986982
.46980122725169
.40252294143041
.45068807403247
.30351681510607
.47821100552877
.2775229314963
.38073393702507
.25229358673096
.33027522762616
.30619265635808
.32683486739794
.33792049686114
.48700305819511
.29013760884603
.27331804235776
.28937308986982
.36697247624397
.43769112229347
.45030580957731
.29051987330119
.50152904788653
.22018348673979
.44418959816297
.31230887770653
.41016820073128
.35129969318708
.36773700515429
.24503057698409
.3520642220974
.33371559778849
.41934251785278
.31727829575539
.47209480404854
.36506116390228
.39831804235776
.32798164089521
.34403670827548
.327217121919
.45336391528447
.24847095211347
.44915901621183
.41322629650434
.49655962983767
.3769113222758
.46903669834137
.2775229314963
.43501529097557
.28707950313886
.36047401030858
.27522935469945
.40940367182096
.35282875100772
.35741590460141
.327217121919
.56804279486338
.40558103720347
.48853211601575
.33983180920283
.47668196757634
.25611620148023
.30733944972356
.29166666666667
.41055045525233
.36582568287849
.34174311161041
.23279816408952
.41704893112183
.3180428147316
.35282875100772
.40519878268242
.39143731196721
.34938838084539
.45603975653648
.30619265635808
.39411315321922
.32186543941498
.47821101546288
.32301222284635
.32148317495982
.35206421216329
.49426605304082
.32454128066699
.37576451897621
.3998471001784
.46559632817904
.4705657462279
.40137613813082
.41246177752813
.49311926960945
.27255351344744
.42813456058502
.36162079373995
.24388379355272
.27828746040662
.33027523756027
.15137614309788
.28746177752813
.34518348177274
.26070336500804
.24044342339039
.36773700515429
.32607033848763
.3933486243089
.27255352338155
.30810396869977
.11009174088637
.3199541370074
.35588684678078
.16399082541466
.22209480404854
.33333333333333
.25726299981276
.27522935469945
.26681956648827
.20680428047975
.27446483572324
.26681957642237
.23356268803279
.33371559778849
.2385321110487
.24426605800788
.24464831749598
.25879205266635
.28975536425908
.26987767219543
.27790520588557
.32339449723562
.22782874107361
.25420489410559
.23203364511331
.37614679336548
.2931957145532
.25573394695918
.26185014843941
.28058103720347
.26643731693427
.2683486243089
.23776758710543
.21980121731758
.27714067697525
.22591743369897
.20642201602459
.29969419042269
.23814984659354
.27561161915461
.24159021178881
.27905198931694
.21062691509724
.31536696354548
.16437308986982
.17240060865879
.20718654493491
.2931957145532
.27025993665059
.16246177256107
.30581040183703
.26223242282867
.30504587292671
.18081039686998
.22935779392719
.29892967144648
.33524464567502
.22362385193507
.30313456058502
.3318042854468
.30466360847155
.23279816905657
.32874616980553
.26376148064931
.24617737034957
.32951070864995
.24464831749598
.25955657164256
.17392966151237
.21941895782948
.33371559778849
.20680428047975
.19839449226856
.2522935817639
.17775229116281
.34365443388621
.26873087882996
.33027522762616
.21215596795082
.20603975653648
.21903669834137
.32645260294278
.31460244456927
.23432721694311
.33562691013018
.24808868269126
.17660550276438
.23318042854468
.22018348673979
.27140673995018
.23088684678078
.24579510589441
.22362385690212
.22018348673979
.25152905782064
.24655963977178
.31766055027644
.297782878081
.19839449226856
.22438838084539
.26796635985374
.3226299683253
.23738531768322
.22515290478865
.2155963331461
.24006116390228
.21215596298377
.2564984758695
.27064220110575
.2545871535937
.22859326998393
.24961774051189
.19954128066699
.32186544934909
.186162079374
.31536697347959
.1704892963171
.26452598969142
.21712538103263
.26567277312279
.20107033352057
.29663608471553
.2683486243089
.27599388360977
.18577981491884
.27522936463356
.20145260294278
.2775229314963
.19648317992687
.27790519595146
.1819571852684
.20451070864995
.26796635985374
.26758410533269
.16666666666667
.36773700515429
.19724770883719
.28287461400032
.20489296317101
.23203364014626
.27637614806493
.32033639152845
.19610092043877
.27828746040662
.24617737034957
.28746176759402
.23547400037448
.31345565120379
.18348623315493
.1884556611379
.23700306316217
.24426605304082
.1521406720082
.27752294143041
.20145259797573
.25114678839842
.14067278305689
.188837920626
.27446483572324
.25993884603182
.22897553443909
.17813455561797
.22133027513822
.15787461896737
.27255352338155
.22897553443909
.19762997329235
.2159785926342
.17775229116281
.19036697347959
.19380733867486
.31842507918676
.21444954474767
.25573394199212
.21865443388621
.22477064033349
.21062691509724
.24235474566619
.19571865598361
.16551987826824
.17622324327628
.20412844419479
.14602446059386
.30619265635808
.20068807403247
.24197247127692
.20795107384523
.27064220110575
.17087156573931
.19189602633317
.14258410036564
.26185015837351
.20259938637416
.27446483572324
.27370030681292
.19380734364192
.2228593279918
.24655962983767
.21292049189409
.19801223278046
.22974006334941
.19801223774751
.15787461896737
.2159785926342
.25267583628496
.23509174088637
.17278287311395
.22897553443909
.20871560275555
.21559632817904
.24350153406461
.21292049189409
.21368501583735
.19877676169078
.21750765045484
.19457186758518
.20107033352057
.26987768212954
.2205657462279
.26605504751205
.1773700316747
.26032111048698
.20718654493491
.24388379355272
.23470947643121
.19380733867486
.19036697844664
.28287462393443
.2591743071874
.27866972486178
.21827216943105
.25802751382192
.22018348673979
.2113914390405
.21941895782948
.1498471001784
.22400611639023
.22515290478865
.19533639152845
.28096330165863
.22171253959338
.26414373517036
.21712538599968
.29510703682899
.14717125395934
.13952598969142
.17316513756911
.19342507918676
.18960244953632
.20642201602459
.22859326998393
.2228593279918
.188837920626
.26567278305689
.12538226693869
.18348623812199
.17354739705722
.23814984659354
.22591743369897
.172782878081
.2159785926342
.1819571852684
.19801223278046
.22553516924381
.14908256630103
.22591743369897
.24579510589441
.23470948636532
.1364678889513
.23470948139826
.16360856592655
.18386850257715
.13532110055288
.38340978821119
.22515290478865
.2110091795524
.24961773554484
.16628440717856
.18807339668274
.22859327495098
.17125382522742
.25649846593539
.16016819079717
.2090978572766
.13914372523626
.15405198931694
.22247706353664
.25229357679685
.26911316315333
.24082568784555
.18692660331726
.21444953978062
.1704892963171
.17392966647943
.1590214073658
.19418960313002
.186162079374
.22018349170685
.16704893112183
.26873088876406
.186162079374
.23929663499196
.21024464567502
.20948012173176
.2182721743981
.25573394199212
.20565749208132
.31498470902443
.19495412707329
.19342507918676
.19648317992687
.20259938637416
.26605504751205
.16437308986982
.16743119060993
.21941896279653
.16781345506509
.20986238121986
.16169724861781
.27064220110575
.21292049189409
.23547400534153
.1865443388621
.23126911620299
.16972477237384
.19151376187801
.21024464567502
.25573393702507
.19418960313002
.16896024346352
.20642202099164
.29204893112183
.1479357779026
.25114678343137
.1934250742197
.19457186261813
.29701834917068
.32071865598361
.22438838084539
.26529051860174
.18998470902443
.26185015340646
.19495412707329
.188837920626
.21253823240598
.1934250742197
.15863914291064
.20412843922774
.15328746040662
.19113149742285
.20489296813806
.20795106887817
.25573394695918
.25
.18922018508116
.26643731196721
.16322629650434
.23356269299984
.21636086205641
.2522935817639
.23814985156059
.24694189925989
.18769113222758
.2159785926342
.20489296813806
.26567278305689
.22859326998393
.22018348673979
.2045107036829
.17354740202427
.22821101049582
.18730887273947
.20030580957731
.186162079374
.26605503757795
.28363914291064
.17392966151237
.15596330165863
.21406728029251
.25955657164256
.26261467734973
.26605504751205
.16857797900836
.2435015241305
.17660550276438
.18730886777242
.18081039686998
.27637614806493
.16437308986982
.18998470902443
.14067278305689
.27599388360977
.20336392025153
.25764525930087
.14984709521135
.25879205266635
.2270642220974
.19036696851254
.13340978821119
.23318042854468
.17775229116281
.20145260294278
.1307339395086
.2293578038613
.16475534935792
.19266055027644
.14831804235776
.22668195764224
.23509174088637
.31460244456927
.33906728029251
.29548929135005
.2274464815855
.2090978572766
.22362385193507
.13302752375603
.21215596298377
.19113150238991
.24426605304082
.24426605800788
.12461773802837
.27217125892639
.19495413204034
.25955657164256
.28975535432498
.28937307993571
.20298165082932
.26834863424301
.17889907956123
.2385321110487
.20871559282144
.36238531271617
.24923547605673
.2159785926342
.24273700018724
.29854740699132
.24235474069913
.2045107036829
.20298165082932
.3272171318531
.25038226445516
.26337920626005
.21636085212231
.2228593279918
.23241589963436
.25458715856075
.26796635488669
.34480122725169
.23050458729267
.30695719520251
.29625383019447
.40061161915461
.31230886777242
.32798165082932
.40061161915461
.32759938637416
.36773700515429
.266055042545
.31077981988589
.30925076206525
.2159785926342
.08142201850812
.27064220110575
.23929663499196
.27140673498313
.37499999006589
.28172783056895
.37423547108968
.2068042854468
.33792048692703
.24999999503295
.3180428147316
.34938838084539
.34327216943105
.29892966151237
.29701834917068
.3455657462279
.22324159244696
.23318042854468
.3161314924558
.37614678343137
.28516819079717
.33868501583735
.40405197938283
.3088685075442
.39411314328512
.26987768212954
.39181957642237
.33868501583735
.3776758313179
.33944954474767
.36850153406461
.4430428147316
.43730886777242
.39449541767438
.36811926960945
.35970948139826
.48050458232562
.43081039190292
.5615443388621
.43616207440694
.43616207440694
.55733944972356
.60359326998393
.46597860256831
.51758408546448
.42316514253616
.67775229612986
.46024465560913
.50802753369013
.59059633811315
.75038226445516
.70756880442301
.7140672604243
.84059631824493
.89296636978785
1.0210244655609
1.0428134600321
1.2591743071874
1.1620795329412
1.1922782659531
1.2224770784378
1.5103210608164
1.410168170929
1.4193425178528
1.4082568486532
1.5879205067952
1.9762997229894
1.5103210608164
1.6980122327805
2.1303517023722
2.108562707901
2.1146788597107
2.2140673001607
2.0286697546641
2.0068807601929
2.1269113222758
2.5538991292318
2.4231650829315
2.4468653996785
2.5718654791514
3.0630733966827
2.6796635786692
2.790137608846
3.2113914489746
3.1896024545034
2.9143730799357
2.9873853524526
3.084862391154
3.0500764846802
3.2568807601929
3.4824159145355
3.6280581156413
3.8688837687174
3.5577216943105
3.9797400633494
3.5458714962006
3.5485474268595
4.0875382423401
3.8512997627258
4.0902141729991
2.8577981789907
4.2343271573385
4.2725536028544
4.3849388758341
4.3658256530762
4.2190366586049
4.815749168396
4.6035931905111
5.0363149642944
4.7373852729797
5.118501663208
4.891819636027
5.2526758511861
5.6035933494568
5.0416666666667
5.4204893112183
5.1594034830729
5.2905198733012
5.5902140935262
5.4525993665059
5.8539754549662
6.0049694379171
4.3501528104146
5.8841743469238
5.9877675374349
5.6983946164449
5.6586391131083
5.8868501981099
5.7423547108968
6.2117737134298
5.9850916862488
5.8367737134298
6.3899083137512
6.1896023750305
5.9331038792928
6.5133792559306
6.7954893112183
6.1792812347412
6.9388378461202
6.3031346003215
6.8168961207072
6.8340978622437
6.4636850357056
6.790137608846
6.8440367380778
7.3864679336548
7.1204129854838
6.6399081548055
7.1655198733012
7.0439602533976
6.1739296913147
6.7415901819865
7.0042049090068
7.2003059387207
7.1521407763163
6.7324158350627
7.2117737134298
7.4636850357056
7.4548929532369
7.5267583529154
7.6261466344198
7.7920490900675
7.5366970698039
7.4327216148376
7.9277521769206
6.9984709421794
7.5871561368306
7.3256880442301
7.4973241488139
7.6406730016073
7.2897551854452
7.200305779775
7.6334096590678
7.2522937456767
8.1192660331726
7.6735474268595
7.7694953282674
7.3023700714111
7.8149847984314
7.6892199516296
7.8275995254517
7.1792812347412
7.9078744252523
7.3123087882996
7.5791284243266
7.3765288988749
7.3998470306396
7.3646788597107
7.1207950909932
7.0707186063131
7.3597094217936
6.9461008707682
7.3237767219543
6.9827982584635
7.0852446556091
7.3245414098104
6.1326452891032
7.3134557406108
7.382263024648
7.2285933494568
6.88876136144
6.59938844045
6.7507645289103
6.7542049090068
6.3600918451945
6.5374617576599
6.7175076802572
6.5642202695211
6.4613916079203
5.9682722091675
6.1666666666667
6.6406726837158
6.0940367380778
6.7381498018901
6.181957244873
5.6074159940084
5.9308106104533
5.1548164685567
5.188455581665
5.4789756139119
5.2511467933655
5.375
5.2083331743876
5.1605504353841
4.8486239115397
5.3490061759949
4.8964066505432
4.4109326998393
4.7954893112183
3.9556575616201
4.1639908154805
3.9430429140727
4.1766055425008
3.9988531271617
3.7515290578206
3.4445718924205
3.4636850357056
3.2320336500804
2.8952599366506
2.8600917657216
2.7779051462809
2.4839450120926
2.2488532861074
2.0940366983414
1.8486238320669
1.8910551071167
1.5026758511861
1.7343271970749
1.4583333333333
1.207568804423
1.1643730799357
.99885318676631
.63799694180489
.72744649648666
.71483180920283
1.0825688242912
.51987768212954
.90940366188685
.72018349170685
.78937309980392
.65175841252009
.78631500403086
.66284404198329
.68730884790421
.78019879261653
.56842507918676
.41207951307297
.53707950313886
.55160548289617
.70259938637416
.49541283647219
.70680429538091
.67125384012858
.59518347183863
.54051987330119
.46788990497589
.53440365195274
.64525993665059
.50000000993411
.52255352338155
.53975535432498
.36238532265027
.54243119557699
.58486237128576
.54013760884603
.47935779889425
.43845565120379
.42775229612986
.58256880442301
.47591742873192
.54051987330119
.4927370150884
.39908257126808
.34059633811315
.4025229314963
.60091743866603
.40672783056895
.41284404198329
.37308868765831
.39105503757795
.4568042854468
.59441896279653
.37423548102379
.37270643313726
.41781346003215
.48050459225972
.31574923793475
.36659021178881
.42584097385406
.39258409539858
.25993883609772
.36162079373995
.31842507918676
.31689602136612
.38111621141434
.297782878081
.35588684678078
.36009174585342
.37805811564128
.43730887770653
.38379205266635
.32645260294278
.34288990497589
.28746177752813
.46215595801671
.31880734364192
.2702599465847
.37003059188525
.28019877274831
.29434250791868
.3115443388621
.27866972486178
.24082568784555
.27561161915461
.23700306316217
.29013761878014
.32951069871585
.32989296317101
.24655963480473
.33983180920283
.27484709024429
.27217124899228
.29472476243973
.23279816408952
.19495412707329
.29548929135005
.27905197938283
.23853210608164
.24235474069913
.20909786224365
.28058103720347
.24885321160158
.26758410036564
.22974006334941
.17163608471553
.28746177752813
.25726299981276
.31498470902443
.36620794733365
.2637614607811
.27446482578913
.2224770685037
.1704892963171
.31077981988589
.30772171417872
.24923547108968
.30045871933301
.24579511086146
.25535168250402
.27217124899228
.30198776721954
.30084098378817
.25917431712151
.34059633811315
.29472478230794
.29013760884603
.27675841252009
.27102446556091
.3088685075442
.28211008509
.25802752375603
.2748471001784
.30122323830922
.25191130737464
.26261467734973
.22821101049582
.24311925967534
.28363914291064
.28478592634201
.30160549283028
.24082568784555
.30160551269849
.20336391528447
.3612385292848
.31269113222758
.33142201105754
.30084097385406
.27866972486178
.18616207440694
.33142201105754
.23241589963436
.29013761878014
.26032110055288
.28019877274831
.2068042854468
.30504587292671
.29204892118772
.28899081548055
.29740061362584
.23470948139826
.29243119557699
.31192661325137
.2794342537721
.27255351344744
.24694189429283
.26452599962552
.22018348673979
.24350153406461
.26337920626005
.2477064182361
.32492354512215
.21636085708936
.27102445562681
.29510703682899
.29854739705722
.29472477237384
.34327216943105
.25191131730874
.23700305322806
.23356269299984
.31422018011411
.23012232283751
.27217124899228
.27790519595146
.26987767219543
.32759938637416
.29204893112183
.17622324327628
.23929663995902
.34441896279653
.29740060369174
.25114679336548
.26720183094343
.30657492081324
.25917431712151
.35550459225972
.2431192646424
.33065749208132
.20565749208132
.22209480404854
.26490825414658
.26032110055288
.2886085609595
.41475535432498
.33715595801671
.37767584125201
.28058104713758
.28287461400032
.30275228619575
.22859326998393
.40137614806493
.28707951307297
.28211009502411
.31918960809708
.27217125892639
.3474770685037
.29892966151237
.2775229314963
.39946483572324
.31001529097557
.31116208434105
.2316513756911
.20986238618692
.2408256928126
.27446483572324
.30084098378817
.35665136575699
.32415902614594
.35053516427676
.22362385690212
.2591743071874
.50038225452105
.30848624308904
.23279816408952
.27522936463356
.22209480404854
.36353210608164
.31727829575539
.19839449723562
.3318042755127
.30428134401639
.34785933295886
.3180428147316
.32951070864995
.22591742873192
.22821101049582
.34212537606557
.27790520588557
.24159021178881
.32759939630826
.32683485746384
.35818042357763
.28746177752813
.26949541767438
.3455657462279
.36811925967534
.30848624308904
.31269113222758
.36200304826101
.35512231787046
.37576452891032
.39984709024429
.27599389354388
.29281346003215
.32759938637416
.34021406372388
.30886849761009
.21444953978062
.35779815912247
.31230886777242
.30963303645452
.30275229612986
.34136086702347
.35091742873192
.3730886777242
.28631498416265
.27446483572324
.35932722687721
.31651375691096
.47668195764224
.29548929135005
.3023700316747
.32301223278046
.34977064530055
.29243118564288
.32568806409836
.29701833923658
.23279816905657
.31422018011411
.34518348177274
.3318042854468
.37920488913854
.30504587292671
.39678898453712
.33792048692703
.22668195764224
.4136085609595
.32377675175667
.29969419042269
.33218654990196
.37079511086146
.4136085609595
.38149846593539
.37041283647219
.34136085708936
.35932721694311
.27408258120219
.39105505744616
.35053516427676
.36353210608164
.38188073039055
.41093271970749
.33065750201543
.42813457051913
.37155963977178
.34059632817904
.35206421216329
.28822629650434
.35282875100772
.41055046518644
.34250764052073
.29396024346352
.36314985156059
.28019877274831
.47477063536644
.39029051860174
.34250764052073
.34977064530055
.32530580957731
.34480121731758
.43577981988589
.33103974660238
.39029052853584
.31230886777242
.37691130240758
.41628441214561
.31766055027644
.36047400037448
.26758409539859
.30504587292671
.32836392521858
.3318042755127
.37614678343137
.38226300477982
.33562691013018
.34480121731758
.37576452891032
.25458715856075
.40366972486178
.40634556611379
.41093271970749
.41399082541466
.33142201105754
.44074923793475
.37079510092735
.3042813539505
.30848624308904
.41628441214561
.34441896279653
.30122323830922
.38379205266635
.47591742873192
.39411315321922
.39717125892639
.42392966151237
.43042814731598
.28746177752813
.49273700515429
.49044340848923
.50955657164256
.43539754549662
.4116972386837
.44801222284635
.36276759703954
.46406728029251
.41972477237384
.49197247624397
.48853211601575
.50802751382192
.48509174585342
.47171253959338
.422782878081
.40787462393443
.52714065710704
.40596330165863
.49388379851977
.44915902614594
.48585627476374
.58180425564448
.36009173591932
.47974006334941
.36582568287849
.48814984162649
.52905199925105
.48470947146416
.45642202099164
.48318042357763
.33983180920283
.43425076206525
.45068807403247
.38837920626005
.48394495248795
.54472476243973
.60282874107361
.50152904788653
.39373087882996
.38493883609772
.38723242282867
.51261468728383
.50114678343137
.57912842432658
.54396025339762
.59671254952749
.44151376684507
.55772171417872
.46062691013018
.53899083534876
.53249235947927
.45068807403247
.46215595801671
.48700304826101
.59288990497589
.58486239115397
.48088684678078
.5818042755127
.58562692006429
.46597860256831
.50879204273224
.49770641326904
.55848622322083
.52178899447123
.56918960809708
.6204128464063
.52408258120219
.52484709024429
.66399081548055
.48585627476374
.58295106887817
.55886848767598
.52446480592092
.57989297310511
.57530581951141
.58562692006429
.45909786224365
.63302753369013
.62576452891032
.58677369356155
.59709481398265
.5634556611379
.5019113222758
.58524465560913
.58486237128576
.6204128464063
.56116209427516
.52370031674703
.53287462393443
.49579511086146
.70680429538091
.69762994845708
.60550457239151
.67125382026037
.51223240296046
.54128442207972
.62729358673096
.52981650829315
.66896023352941
.56689604123433
.53019877274831
.52331805229187
.58295106887817
.58983180920283
.61620795726776
.58409784237544
.54548929135005
.64029051860174
.63493885596593
.6139143705368
.59977064530055
.6773700316747
.54625382026037
.54357796907425
.625
.66207951307297
.58256880442301
.58715595801671
.52828747034073
.60626912117004
.65711011489232
.57874617973963
.69533638159434
.69418958822886
.70795106887817
.67660550276438
.50229357679685
.53822630643845
.66743119557699
.61009174585342
.68463303645452
.58715597788493
.60818044344584
0
0
0
0
0
0
0
0
0
0
0
0
0
0
0
0
0
0
0
0
0
0
0
0
0
0
0
0
0
0
0
0
0
0
0
0
0
0
0
0
0
0
0
0
0
0
0
0
0
0
0
0
0
0
0
0
0
0
0
0
0
0
0
0
0
0
0
0
0
0
0
0
0
0
0
0
0
0
0
0
0
0
0
0
0
0
0
0
0
0
0
0
0
0
0
0
0
0
0
0
0
0
0
0
0
0
0
0
0
0
0
0
0
0
0
0
0
0
0
0
0
0
0
0
0
0
0
0
0
0
0
0
0
0
0
0
0
0
0
0
0
0
0
0
0
0
0
0
0
0
0
0
0
0
0
0
0
0
0
0
0
0
0
0
0
0
0
0
0
0
0
0
0
0
0
0
0
0
0
0
0
0
0
0
0
0
0
0
0
0
0
0
0
0
0
0
0
0
0
0
0
0
0
0
0
0
0
0
0
0
0
0
0
0
0
0
0
0
0
0
0
0
0
0
0
0
0
0
0
0
0
0
0
0
0
0
0
0
0
0
0
0
0
0
0
0
0
0
0
0
0
0
0
0
0
0
0
0
0
0
0
0
0
0
0
0
0
0
0
0
0
0
0
0
0
0
0
0
0
0
0
0
0
0
0
0
0
0
0
0
0
0
0
0
0
0
0
0
0
0
0
0
0
0
0
0
0
0
0
0
0
0
0
0
0
0
0
0
0
0
0
0
0
0
0
0
0
0
0
0
0
0
0
0
0
0
0
0
0
0
0
0
0
0
0
0
0
0
0
0
0
0
0
0
0
0
0
0
0
0
0
0
0
0
0
0
0
0
0
0
0
0
0
0
0
0
0
0
0
0
0
0
0
0
0
0
0
0
0
0
0
0
0
0
0
0
0
0
0
0
0
0
0
0
0
0
0
0
0
0
0
0
0
0
0
0
0
0
0
0
0
0
0
0
0
0
0
0
0
0
0
0
0
0
0
0
0
0
0
0
0
0
0
0
0
0
0
0
0
0
0
0
0
0
0
0
0
0
0
0
0
0
0
0
0
0
0
0
0
0
0
0
0
0
0
0
0
0
0
0
0
0
0
0
0
0
0
0
0
0
0
0
0
0
0
0
0
0
0
0
0
0
0
0
0
0
0
0
0
0
0
0
0
0
0
0
0
0
0
0
0
0
0
0
0
0
0
0
0
0
0
0
0
0
0
0
0
0
0
0
0
0
0
0
0
0
0
0
0
0
0
0
0
0
0
0
0
0
0
0
0
0
0
0
0
0
0
0
0
0
0
0
0
0
0
0
0
0
0
0
0
0
0
0
0
0
0
0
0
0
0
0
0
0
0
0
0
0
0
0
0
0
0
0
0
0
0
0
0
0
0
0
0
0
0
0
0
0
0
0
0
0
0
0
0
0
0
0
0
0
0
0
0
0
0
0
0
0
0
0
0
0
0
0
0
0
0
0
0
0
0
0
0
0
0
0
0
0
0
0
0
0
0
0
0
0
0
0
0
0
0
0
0
0
0
0
0
0
0
0
0
0
0
0
0
0
0
0
0
0
0
0
0
0
0
0
0
0
0
0
0
0
0
0
0
0
0
0
0
0
0
0
0
0
0
0
0
0
0
0
0
0
0
0
0
0
0
0
0
0
0
0
0
0
0
0
0
0
0
0
0
0
0
0
0
0
0
0
0
0
0
0
0
0
0
0
0
0
0
0
0
0
0
0
0
0
0
0
0
0
0
0
0
0
0
0
0
0
0
0
0
0
0
0
0
0
0
0
0
0
0
0
0
0
0
0
0
0
0
0
0
0
0
0
0
0
0
0
0
0
0
0
0
0
0
0
0
0
0
0
0
0
0
0
0
0
0
0
0
0
0
0
0
0
0
0
0
0
0
0
0
0
0
0
0
0
0
0
0
0
0
0
0
0
0
0
0
0
0
0
0
0
0
0
0
0
0
0
0
0
0
0
0
0
0
0
0
0
0
0
0
0
0
0
0
0
0
0
0
0
0
0
0
0
0
0
0
0
0
0
0
0
0
0
0
0
0
0
0
0
0
0
0
0
0
0
0
0
0
0
0
0
0
0
0
0
0
0
0
0
0
0
0
0
0
0
0
0
0
0
0
0
0
0
0
0
0
0
0
0
0
0
0
0
0
0
0
0
0
0
0
0
0
0
0
0
0
0
0
0
0
0
0
0
0
0
0
0
0
0
0
0
0
0
0
0
0
0
0
0
0
0
0
0
0
0
0
0
0
0
0
0
0
0
0
0
0
0
0
0
0
0
0
0
0
0
0
0
0
0
0
0
0
0
0
0
0
0
0
0
0
0
0
0
0
0
0
0
0
0
0
0
0
0
0
0
0
0
0
0
0
0
0
0
0
0
0
0
0
0
0
0
0
0
0
0
0
0
0
0
0
0
0
0
0
0
0
0
0
0
0
0
0
0
0
0
0
0
0
0
0
0
0
0
0
0
0
0
0
0
0
0
0
0
0
0
0
0
0
0
0
0
0
0
0
0
0
0
0
0
0
0
0
0
0
0
0
0
0
0
0
0
0
0
0
0
0
0
0
0
0
0
0
0
0
0
0
0
0
0
0
0
0
0
0
0
0
0
0
0
0
0
0
0
0
0
0
0
0
0
0
0
0
0
0
0
0
0
0
0
0
0
0
0
0
0
0
0
0
0
0
0
0
0
0
0
0
0
0
0
0
0
0
0
0
0
0
0
0
0
0
0
0
0
0
0
0
0
0
0
0
0
0
0
0
0
0
0
0
0
0
0
0
0
0
0
0
0
0
0
0
0
0
0
0
0
0
0
0
0
0
0
0
0
0
0
0
0
0
0
0
0
0
0
0
0
0
0
0
0
0
0
0
0
0
0
0
0
0
0
0
0
0
0
0
0
0
0
0
0
0
0
0
0
0
0
0
0
0
0
0
0
0
0
0
0
0
0
0
0
0
0
0
0
0
0
0
0
0
0
0
0
0
0
0
0
0
0
0
0
0
0
0
0
0
0
0
0
0
0
0
0
0
0
0
0
0
0
0
0
0
0
0
0
0
0
0
0
0
0
0
0
0
0
0
0
0
0
0
0
0
0
0
0
0
0
0
0
0
0
0
0
0
0
0
0
0
0
0
0
0
0
0
0
0
0
0
0
0
0
0
0
0
0
0
0
0
0
0
0
0
0
0
0
0
0
0
0
0
0
0
0
0
0
0
0
0
0
0
0
0
0
0
0
0
0
0
0
0
0
0
0
0
0
0
0
0
0
0
0
0
0
0
0
0
0
0
0
0
0
0
0
0
0
0
0
0
0
0
0
0
0
0
0
0
0
0
0
0
0
0
0
0
0
0
0
0
0
0
0
0
0
0
0
0
0
0
0
0
0
0
0
0
0
0
0
0
0
0
0
0
0
0
0
0
0
0
0
0
0
0
0
0
0
0
0
0
0
0
0
0
0
0
0
0
0
0
0
0
0
0
0
0
0
0
0
0
0
0
0
0
0
0
0
0
0
0
0
0
0
0
0
0
0
0
0
0
0
0
0
0
0
0
0
0
0
0
0
0
0
0
0
0
0
0
0
0
0
0
0
0
0
0
0
0
0
0
0
0
0
0
0
0
0
0
0
0
0
0
0
0
0
0
0
0
0
0
0
0
0
0
0
0
0
0
0
0
0
0
0
0
0
0
0
0
0
0
0
0
0
0
0
0
0
0
0
0
0
