.72426472107569
.71677559614182
.70996733506521
.72194989522298
.71459692716599
.71282680829366
.71514161427816
.71023962895075
.72167754173279
.71677559614182
.71187365055084
.71732024351756
.73052833477656
.71432463328044
.71364376942317
.72317536671956
.7169117530187
.71187363068263
.72671568393707
.71132898330688
.71636710564295
.72290307283401
.71609477202098
.72712417443593
.72630721330643
.71963506937027
.71922657887141
.72317538658778
.72317536671956
.72453703482946
.7229030529658
.71813726425171
.72794117530187
.72222222884496
.72331154346466
.72603485981623
.71486928065618
.72562636931737
.71160129706065
.71623092889786
.72984749078751
.71854575475057
.72589870293935
.72290303309759
.71800108750661
.71827342112859
.7239923675855
.71473310391108
.72113291422526
.73039215803146
.70901415745417
.72412852446238
.72358387708664
.71745642026265
.7133714556694
.72780501842499
.72331154346466
.71881808837255
.72126905123393
.72467319170634
.71786493062973
.71840959787369
.71963508923848
.72671570380529
.71555010477702
.72508170207342
.71132898330688
.72657952706019
.70383987824122
.71650326251984
.71595861514409
.70901415745417
.71296296517054
.72467319170634
.71377996603648
.71377996603648
.71255445480347
.7147331237793
.71691177288691
.71936273574829
.70738019545873
.72331154346466
.72181371847788
.71840957800547
.71854573488235
.71922657887141
.71718410650889
.71922657887141
.71990742286046
.70860566695531
.71377996603648
.72263071934382
.71269063154856
.71786493062973
.72630719343821
.721677561601
.70915033419927
.71772875388463
.72821350892385
.70315905412038
.70942266782125
.73556645711263
.71813726425171
.73080064853032
.7250816822052
.71377994616826
.71691177288691
.73188998301824
.72535401582718
.72685184081395
.72848582267761
.7252178589503
.71922657887141
.73270696401596
.71405227979024
.71296294530233
.72698801755905
.71377994616826
.72331154346466
.72875817616781
.7241285443306
.72603485981623
.72916664679845
.71909040212631
.7205882469813
.72453701496124
.70860566695531
.71786493062973
.71650326251984
.70601852734884
.72372003396352
.73297929763794
.71214596430461
.71595861514409
.71868191162745
.70697168509165
.72331154346466
.73161764939626
.71160131692886
.71514159440994
.72140524784724
.70846951007843
.71650326251984
.71350761254629
.71500545740128
.71132896343867
.73297931750615
.71691177288691
.71636710564295
.72644335031509
.721677561601
.71813726425171
.72753268480301
.72140522797902
.72031589349111
.72031591335932
.72957517703374
.73297931750615
.72480936845144
.72440087795258
.72045205036799
.71745642026265
.7205882469813
.70615470409393
.72576252619425
.72194987535477
.71854577461878
.72099673748016
.72208607196808
.72058822711309
.7136438091596
.72657952706019
.71296296517054
.72222222884496
.72617101669312
.71663943926493
.71432461341222
.71187365055084
.7124183177948
.7194989323616
.72644335031509
.71214596430461
.73270698388418
.72072440385818
.72017973661423
.71732026338577
.7135076324145
.71868191162745
.71881808837255
.7252178589503
.7180010676384
.7239923675855
.72508170207342
.72303920984268
.71772875388463
.71772877375285
.71663943926493
.71868191162745
.7252178589503
.71677559614182
.71936275561651
.73243463039398
.7239923675855
.71772875388463
.71854575475057
.71173747380575
.71827342112859
.71636708577474
.72440085808436
.7229030529658
.72453703482946
.72249454259872
.71881808837255
.7238561908404
.72685186068217
.72726033131282
.72875817616781
.73978757858276
.721677561601
.73134531577428
.72807733217875
.72508170207342
.72194989522298
.71704792976379
.71854575475057
.72344772020976
.7252178589503
.7147331237793
.72671568393707
.72467321157455
.71555010477702
.71663941939672
.7227668762207
.70479303598404
.72290303309759
.72467319170634
.71840959787369
.71623094876607
.72004357973735
.71895426511765
.71949891249339
.72440085808436
.71977126598358
.7238561908404
.72875817616781
.72072438398997
.71868193149567
.72535401582718
.7241285443306
.71609477202098
.72440087795258
.71949891249339
.71623092889786
.73420480887095
.72331154346466
.72794117530187
.72494554519653
.70955882469813
.71881808837255
.72617101669312
.70383987824122
.71486928065618
.73011982440948
.71977126598358
.71623094876607
.72208605209986
.71473310391108
.71977122624715
.72875817616781
.72358387708664
.71977124611537
.7241285443306
.71486928065618
.72276689608892
.73774510622025
.72685184081395
.72494554519653
.72263071934382
.72862201929092
.72154140472412
.72971133391062
.73665577173233
.73039213816325
.72889433304469
.73788126309713
.7241285443306
.71949891249339
.73134529590607
.73039215803146
.71977126598358
.73093682527542
.71459692716599
.72916664679845
.7229030529658
.72113289435705
.7136438091596
.72208605209986
.71609477202098
.71405227979024
.72017975648244
.71078429619471
.71881808837255
.73025600115458
.7156862616539
.72331154346466
.71636710564295
.71541394790014
.71677561601003
.72930282354355
.71309910217921
.71827342112859
.72984751065572
.71296296517054
.72930282354355
.72467321157455
.71568628152212
.72603485981623
.7324346502622
.72508170207342
.72508170207342
.73243463039398
.71718408664068
.72494552532832
.73393247524897
.71881808837255
.72344770034154
.73093682527542
.72058822711309
.71173747380575
.72344772020976
.71718410650889
.72971133391062
.7335239648819
.72385621070862
.72603485981623
.72671568393707
.71732026338577
.72235838572184
.71650326251984
.72739652792613
.72358387708664
.721677561601
.72984751065572
.72031591335932
.72208605209986
.72535403569539
.72194989522298
.71527777115504
.72372005383174
.72017975648244
.72086058060328
.72644335031509
.72004357973735
.71963508923848
.71868191162745
.71132898330688
.71160129706065
.72263071934382
.71173747380575
.71051198244095
.71582241853078
.71187365055084
.71391612291336
.71595859527588
.71813726425171
.71990740299225
.72603485981623
.70601852734884
.71023966868718
.72113289435705
.72372005383174
.71895424524943
.72426470120748
.71881806850433
.72086058060328
.72943900028865
.71241829792658
.71745642026265
.72344770034154
.72358387708664
.71391612291336
.73270696401596
.7145969470342
.72358387708664
.72099673748016
.71391612291336
.7145969470342
.73502178986867
.71323529879252
.7239923675855
.73011982440948
.72331154346466
.71704792976379
.72358387708664
.71391612291336
.71895424524943
.72821350892385
.71377996603648
.72194989522298
.72194989522298
.71990738312403
.71377994616826
.72045207023621
.72630719343821
.71405227979024
.71800110737483
.72589870293935
.71881808837255
.71636710564295
.71636710564295
.71282678842545
.71650326251984
.7135076324145
.70996733506521
.71391612291336
.72331154346466
.71636712551117
.72617103656133
.7324346502622
.71527777115504
.72412852446238
.72630719343821
.72099673748016
.71595861514409
.72303920984268
.71418843666712
.72181371847788
.72208605209986
.71704790989558
.71759259700775
.7241285443306
.72494554519653
.72807735204697
.72698801755905
.71486928065618
.71609475215276
.72930284341176
.71732026338577
.72113289435705
.72358387708664
.71486928065618
.71677561601003
.72072438398997
.72058822711309
.71609475215276
.72589870293935
.72140520811081
.71732024351756
.72984749078751
.72303920984268
.72372005383174
.71854575475057
.71418845653534
.71963504950205
.7241285443306
.72508170207342
.72154138485591
.72222220897675
.72072440385818
.72208605209986
.71650326251984
.71650326251984
.71023966868718
.71555010477702
.72372003396352
.72385621070862
.71813724438349
.72099673748016
.71949891249339
.71868193149567
.72208603223165
.71541394790014
.71377996603648
.72726033131282
.71650328238805
.72099673748016
.73134529590607
.72263071934382
.72998364766439
.7324346502622
.72576252619425
.71909042199453
.73420478900274
.72440087795258
.72154140472412
.72834968566895
.71609477202098
.72222220897675
.72862199942271
.71486928065618
.71623092889786
.72303920984268
.72780501842499
.72058822711309
.72372003396352
.71391610304515
.71677559614182
.72072440385818
.72467321157455
.72140522797902
.72821348905563
.72494552532832
.71473310391108
.72099671761195
.71200978755951
.721677561601
.72930282354355
.71922655900319
.7135076324145
.72821350892385
.72004357973735
.71609477202098
.72072438398997
.70492919286092
.71160131692886
.7252178589503
.71296296517054
.71786491076152
.72535403569539
.71582245826721
.72031591335932
.73134531577428
.72671570380529
.72072440385818
.71541392803192
.72004357973735
.72576252619425
.72194987535477
.72916666666667
.70615468422572
.71541394790014
.72834968566895
.71187365055084
.7241285443306
.73420478900274
.72753266493479
.72821348905563
.73066449165344
.72086056073507
.72848584254583
.72657950719198
.71895424524943
.72562636931737
.72126905123393
.7219499150912
.72712417443593
.73175380627314
.7239923675855
.72317538658778
.72726035118103
.71827342112859
.71663943926493
.72834968566895
.71895424524943
.72467319170634
.72617103656133
.71909042199453
.72331154346466
.72889433304469
.72603487968445
.72562634944916
.72984751065572
.72617103656133
.72276689608892
.73406863212585
.72399238745371
.71854575475057
.732162296772
.72521787881851
.72603485981623
.72739650805791
.73093682527542
.72358387708664
.72576252619425
.72208605209986
.72140522797902
.72249456246694
.71514161427816
.72426470120748
.71895424524943
.71555010477702
.72113291422526
.71895424524943
.73502178986867
.73011982440948
.7322984735171
.72671570380529
.72086056073507
.7312091588974
.72630719343821
.72617101669312
.72317538658778
.7310729821523
.71650328238805
.72494552532832
.72372003396352
.71514161427816
.7250816822052
.72467319170634
.71486930052439
.72480936845144
.73107296228409
.72971131404241
.72712419430415
.73011982440948
.72263071934382
.72780501842499
.73216231664022
.71990740299225
.72916664679845
.74251091480255
.72875817616781
.72916666666667
.73297931750615
.732162296772
.73597494761149
.73052833477656
.72099673748016
.72358385721842
.73733659585317
.72222222884496
.71963506937027
.72739650805791
.72344772020976
.72821350892385
.72889433304469
.72249456246694
.72017973661423
.73080064853032
.7169117530187
.71064813931783
.7299836675326
.71759257713954
.72031589349111
.72521787881851
.71732026338577
.71160131692886
.73801743984222
.71500543753306
.71868191162745
.72372003396352
.71623094876607
.71391610304515
.7230392297109
.73066449165344
.72549019257228
.73393247524897
.72685186068217
.72834966580073
.73188998301824
.74441719055176
.7238561908404
.72875817616781
.73529410362244
.72875817616781
.72807733217875
.73815359671911
.72862197955449
.73515794674555
.74101306994756
.72630719343821
.73284312089284
.73093682527542
.72807733217875
.72862199942271
.7404684027036
.73039215803146
.73366012175878
.72862199942271
.72848582267761
.74605121215185
.77845861514409
.73543028036753
.73066449165344
.73393245538076
.73434096574783
.73733659585317
.74509805440903
.73842593034108
.732162296772
.73461329936981
.72467319170634
.72794119517008
.73175380627314
.72303920984268
.72576252619425
.72780499855677
.72671568393707
.71868191162745
.72657952706019
.72508170207342
.72971133391062
.72753266493479
.72385621070862
.72385621070862
.73583879073461
.721677561601
.72263071934382
.73733659585317
.71990740299225
.71827342112859
.72426470120748
.72971131404241
.72848584254583
.73597496747971
.73270698388418
.72426472107569
.73052831490835
.72889433304469
.7322984735171
.73597494761149
.7406045794487
.73583879073461
.72848584254583
.72630719343821
.73270696401596
.73325165112813
.73134531577428
.71977124611537
.72644335031509
.72957517703374
.72698801755905
.72194989522298
.72344772020976
.72903048992157
.72957515716553
.74428103367488
.71732026338577
.7335239648819
.72657952706019
.73270696401596
.72194987535477
.73651961485545
.71827342112859
.74005989233653
.73883442083995
.72549019257228
.73270696401596
.74183005094528
.72644337018331
.74033222595851
.7415577173233
.72562636931737
.72576252619425
.73733657598495
.73488561312358
.7335239648819
.73733659585317
.72154140472412
.72739650805791
.73815359671911
.72657952706019
.732162296772
.73638343811035
.72494552532832
.73502178986867
.73897059758504
.72780501842499
.72753268480301
.74114924669266
.72249456246694
.73161764939626
.74046842257182
.73733661572138
.73556645711263
.72794117530187
.73583879073461
.73188996315002
.74346405267715
.74918299913406
.74033224582672
.7346132795016
.73529410362244
.72140522797902
.73093682527542
.72984749078751
.72766884167989
.73447712262472
.74128542343775
.73502180973689
.73760892947515
.73297929763794
.73434094587962
.73937910795212
.74945533275604
.73570261398951
.7406045794487
.74360022942225
.73624726136525
.73706426223119
.74714050690333
.73760892947515
.74605121215185
.74060455958048
.73066449165344
.73965142170588
.74523421128591
.73583879073461
.73311547438304
.74223856131236
.73788124322891
.73352398475011
.74714052677155
.73897059758504
.74564272165298
.74360020955404
.73025600115458
.75435729821523
.75190631548564
.73856208721797
.74945533275604
.75885075330734
.75721677144368
.75844224294027
.76089326540629
.74972766637802
.7677015264829
.75776143868764
.75408496459325
.75204249223073
.75680826107661
.75340414047241
.76620370149612
.77110566695531
.76892699797948
.76988017559052
.76647605498632
.77954792976379
.76851852734884
.78404138485591
.80310455958049
.78962419430415
.80133444070816
.80827885866165
.79847494761149
.79888343811035
.81590414047241
.81862745682398
.8125
.83210782210032
.82638889551163
.82380173603694
.82625271876653
.81835512320201
.8280228972435
.84232026338577
.83387800057729
.84409042199453
.85770696401596
.83646514018377
.85552831490835
.86519606908162
.85307735204697
.85362199942271
.86383442083995
.84694989522298
.85049019257228
.86601308981578
.86083877086639
.86192810535431
.87322984139125
.86465142170588
.86737471818924
.86356208721797
.86683005094528
.87214052677155
.88575708866119
.86192810535431
.88248908519745
.87513615687688
.87636164824168
.87404684225718
.88943356275558
.88657406965892
.87894878784815
.88071894645691
.88575708866119
.8843954205513
.88997821013133
.88003814220428
.89351850748062
.90264161427816
.88820805152257
.88943354288737
.89964596430461
.89528866608938
.88807189464569
.89447168509165
.89093136787415
.89242919286092
.88494008779526
.9022331237793
.88126363356908
.89106754461924
.90577342112859
.88085514307022
.87785947322845
.89665033419927
.87581700086594
.88112745682398
.87745098272959
.86410677433014
.87118736902873
.86737471818924
.85362199942271
.85389433304469
.83823529879252
.83415031433105
.83455880482992
.83769063154856
.83197168509165
.81576796372732
.81944443782171
.80078973372777
.79656861225764
.80841501553853
.78444987535477
.78308822711309
.78989650805791
.77791394790014
.77192264795303
.77764161427816
.75544663270315
.76089324553808
.76497821013133
.75531045595805
.7487745086352
.74686819314957
.74591503540675
.75054464737574
.74618736902873
.73257080713908
.74210240443548
.74822986125946
.73624728123347
.72957515716553
.74087689320246
.73434096574783
.74346405267715
.73978757858276
.73624726136525
.73325163125992
.73747277259827
.74305556217829
.73311547438304
.73434096574783
.73338780800501
.73188998301824
.73270696401596
.73597494761149
.72154138485591
.72807735204697
.74237471818924
.73379629850388
.72916664679845
.73733659585317
.732162296772
.72126907110214
.73992373545965
.72508170207342
.73093682527542
.74346407254537
.72494554519653
.72440087795258
.72698799769084
.72630719343821
.72862199942271
.73556645711263
.72358385721842
.72930282354355
.73679194847743
.72017975648244
.73188996315002
.73556645711263
.73257080713908
.72290303309758
.73434096574783
.71200982729594
.72685186068217
.73025598128637
.7218137383461
.71650326251984
.73297931750615
.71718408664068
.7238561908404
.73556643724442
.72712419430415
.72045205036799
.7335239648819
.71881808837255
.72766884167989
.73161764939626
.71977124611537
.72208605209986
.73148149251938
.72181371847788
.72644335031509
.72589870293935
.72331154346466
.71718410650889
.72712419430415
.72671568393707
.72276689608892
.73434096574783
.72943898042043
.72494552532832
.73883444070816
.72126905123393
.73025600115458
.73093682527542
.73325163125992
.72099673748016
.73148149251938
.72766886154811
.73011980454127
.72494552532832
.72875815629959
.72222220897675
.72726033131282
.72739650805791
.72045207023621
.72726035118103
.73706426223119
.72467319170634
.72331154346466
.73706428209941
.73039213816325
.72072440385818
.72984749078751
.72440085808436
.7194989323616
.7346132795016
.7218137383461
.72344772020976
.72726033131282
.72440087795258
.73093684514364
.73311547438304
.72263071934382
.7241285443306
.72344772020976
.715822438399
.71772875388463
.73297929763794
.71296296517054
.72208605209986
.7346132795016
.71909040212631
.72249454259872
.73434096574783
.71255445480347
.72971133391062
.73297929763794
.72657952706019
.72644335031509
.73720043897629
.72249456246694
.72045207023621
.72562636931737
.71514161427816
.72004357973735
.72344770034154
.71636710564295
.72222222884496
.72140524784724
.71078431606293
.72617101669312
.72508170207342
.7169117530187
.7133714556694
.72276689608892
.73188996315002
.72480936845144
.72167754173279
.72957515716553
.72480936845144
.72099673748016
.72657950719198
.71936273574829
.73161764939626
.72562634944916
.7229030529658
.72058822711309
.72508170207342
.71854575475057
.72140524784724
.72249454259872
.71187365055084
.72494552532832
.7250816822052
.71623092889786
.71010347207387
.72140522797902
.70901417732239
.71895424524943
.72344772020976
.715822438399
.72031589349111
.73052833477656
.71745644013087
.72058822711309
.72317538658778
.70874182383219
.72317536671956
.72385621070862
.72113291422526
.73148149251938
.71718410650889
.71963506937027
.76375273863475
.72140522797902
.72290303309758
.72535403569539
.72154138485591
.71663941939672
.72589870293935
.72930282354355
.72113289435705
.71704792976379
.72589868307114
.72358387708664
.72344770034154
.72916666666667
.71949889262517
.71909040212631
.72222222884496
.73025600115458
.72508170207342
.72412852446238
.72113289435705
.72984749078751
.72562636931737
.72794119517008
.72576252619425
.73080064853032
.73488561312358
.72194989522298
.73243463039398
.7239923675855
.72344772020976
.72589870293935
.72794117530187
.72194987535477
.74128540356954
.73134531577428
.7299836675326
.72903050978978
.72875815629959
.71595861514409
.72916666666667
.72031589349111
.71636710564295
.72290303309759
.71663943926493
.71759259700775
.72440087795258
.73366012175878
.71704792976379
.72535403569539
.72671566406886
.71636710564295
.72154138485591
.72930284341176
.71214598417282
.71704792976379
.72780499855677
.70928649107615
.70697166522344
.72644335031509
.70928649107615
.7145969470342
.71990740299225
.7135076324145
.72072440385818
.72249454259872
.7205882469813
.72426472107569
.73093680540721
.71936275561651
.71895426511765
.72671568393707
.71514161427816
.72058822711309
.73325163125992
.71623092889786
.72753268480301
.73161764939626
.71555012464523
.72017975648244
.73393245538076
.72971133391062
.72766884167989
.72916664679845
.73910675446192
.72331156333288
.72984749078751
.72821348905563
.71555012464523
.73556645711263
.73611112435659
.72467321157455
.7252178589503
.73420476913452
.72453703482946
.72726035118103
.73611110448837
.72930284341176
.72086056073507
.73039217789968
.72630719343821
.72372005383174
.72358389695485
.71473310391108
.72508170207342
.73488561312358
.73093680540721
.72685184081395
.73461329936981
.71922657887141
.721677561601
.73107300202052
.72126905123393
.72644335031509
.72712417443593
.71772875388463
.72058822711309
.72589870293935
.71881808837255
.7229030529658
.72453703482946
.72317538658778
.72494552532832
.72140522797902
.71418845653534
.71623092889786
.73393245538076
.72889433304469
.73856210708618
.72617101669312
.71623092889786
.72821350892385
.72453703482946
.72263071934382
.73188996315002
.72657952706019
.71922657887141
.7335239648819
.73039215803146
.71704794963201
.72344772020976
.72998364766439
.7252178589503
.72358387708664
.73284314076106
.72494552532832
.72208607196808
.70833331346512
.72984749078751
.72126907110214
.72317538658778
.73188996315002
.72181371847788
.72194989522298
.72685186068217
.72834966580073
.72181371847788
.72494554519653
.72535401582718
.72317538658778
.72630719343821
.71936273574829
.7229030529658
.73025600115458
.72358387708664
.72303920984268
.72249456246694
.71650326251984
.72480936845144
.72303920984268
.71514161427816
.71595861514409
.71595861514409
.7122821410497
.72290303309759
.71949891249339
.71214598417282
.70874182383219
.71255447467168
.71418843666712
.71840957800547
.71909040212631
.70683552821477
.7122821410497
.72113289435705
.71800108750661
.71854577461878
.72440085808436
.71909040212631
.71514159440994
.7207244237264
.72194989522298
.72126907110214
.72521787881851
.71037580569585
.71936273574829
.73011982440948
.7147331237793
.71677559614182
.72916664679845
.71745642026265
.72372003396352
.72208605209986
.71282680829366
.71309912204742
.7169117530187
.72726035118103
.72344772020976
.71840959787369
.7310729821523
.71677561601003
.7205882469813
.72834966580073
.7250816822052
.73148149251938
.72998364766439
.72412856419881
.73148149251938
.72508170207342
.7147331237793
.72031589349111
.73583877086639
.72657950719198
.72194987535477
.71895424524943
.72467321157455
.7324346502622
.73025600115458
.72072440385818
.72726033131282
.72099671761195
.71541394790014
.7229030529658
.71446079015732
.71255447467168
.71922657887141
.72535403569539
.71881808837255
.71977122624715
.72753268480301
.72508170207342
.71922657887141
.73080064853032
.72208605209986
.72235838572184
.72154140472412
.71595861514409
.72930282354355
.72113289435705
.71514161427816
.72617101669312
.72698801755905
.7147331237793
.72480936845144
.72426470120748
.71650326251984
.72058822711309
.7252178589503
.70874184370041
.71936273574829
.72617101669312
.71840959787369
.72385621070862
.72331154346466
.71296298503876
.71677559614182
.72167754173279
.72494554519653
.72617101669312
.72480936845144
.72453705469767
.71677559614182
.73080066839854
.72889433304469
.72562636931737
.7227668762207
.72712417443593
.70887800057729
.72467319170634
.73025600115458
.72753266493479
.73107300202052
.72739650805791
.71963506937027
.71800108750661
.73474943637848
.72780501842499
.71936273574829
.72766884167989
.71160131692886
.72480936845144
.7299836675326
.71759259700775
.72235840559006
.72562636931737
.72126907110214
.71745642026265
.7239923675855
.72440087795258
.72113289435705
.73434096574783
.72331154346466
.7324346502622
.72930284341176
.72072440385818
.71963506937027
.71772875388463
.71010347207387
.7169117530187
.72399238745372
.71160129706065
.7230392297109
.73134529590607
.71636710564295
.72249456246694
.73474945624669
.71241829792658
.71949891249339
.72971133391062
.71609477202098
.71119280656179
.72235838572184
.72140522797902
.72249456246694
.72344770034154
.70874184370041
.70983113845189
.72344770034154
.72644335031509
.71010349194209
.71922657887141
.71881808837255
.71132898330688
.72399238745371
.7322984735171
.71418845653534
.72072440385818
.721677561601
.71377996603648
.71895426511765
.72344770034154
.71623094876607
.71868193149567
.72317538658778
.72549021244049
.71990740299225
.72562636931737
.72317536671956
.72576252619425
.72576252619425
.71609477202098
.721677561601
.73039213816325
.71555010477702
.71827342112859
.71990742286046
.71609477202098
.71200978755951
.72249454259872
.72331154346466
.72712417443593
.72372003396352
.72140522797902
.72181371847788
.73134531577428
.71990740299225
.72903048992157
.72467321157455
.72603485981623
.72181371847789
.72644335031509
.71446079015732
.71786493062973
.72385621070862
.71881806850433
.72072440385818
.73011982440948
.72508170207342
.71977124611537
.72957517703374
.71405229965846
.72549019257228
.73257080713908
.72372005383174
.72630719343821
.73025598128637
.7205882469813
.72426472107569
.7312091588974
.74387254317602
.71963506937027
.7312091588974
.72984749078751
.73161766926448
.72222222884496
.7335239648819
.72780499855677
.72930282354355
.72957515716553
.72453703482946
.73366014162699
.72576252619425
.72753268480301
.72276689608892
.72685186068217
.71881806850433
.72903048992157
.71609477202098
.72126905123393
.71977122624715
.72603485981623
.71936273574829
.71840959787369
.72644337018331
.71813724438349
.71854577461878
.73352394501368
.72780499855677
.72712417443593
.73080064853032
.72290303309758
.73148149251938
.73515794674555
.72181371847789
.72017971674601
.72726033131282
.72222220897675
.71296296517054
.71568628152212
.72194989522298
.7145969470342
.72984749078751
.72058822711309
.71650326251984
.72562636931737
.71868193149567
.71732026338577
.72862199942271
.72657950719198
.71568628152212
.72753268480301
.71718410650889
.72045207023621
.71800108750661
.71922657887141
.71827340126038
.72916666666667
.71555012464523
.71990740299225
.71269065141678
.72508170207342
.71704792976379
.73406861225764
.73842593034108
.72780501842499
.71990740299225
.72603485981623
.72480936845144
.72031589349111
.72930284341176
.7238561908404
.72712417443593
.72916666666667
.72004355986913
.72807735204697
.72440085808436
.71759257713954
.72480934858322
.71732024351756
.72263071934382
.721677561601
.72521787881851
.71745642026265
.71949891249339
.73025600115458
.71800108750661
.72208605209986
.71936275561651
.72644335031509
.71990740299225
.72576252619425
.72331156333288
.71704794963201
.72617103656133
.72099673748016
.71418845653534
.72644337018331
.71936275561651
.72317538658778
.71813726425171
.71909042199453
.72930282354355
.73788126309713
.7241285443306
.71936273574829
.72535401582718
.72045207023621
.71868191162745
.72303920984268
.71868191162745
.72617101669312
.7299836675326
.72385621070862
.71595861514409
.72698801755905
.72372003396352
.72235838572184
.73175382614136
.71432463328044
.71595859527588
.73025598128637
.72317538658778
.72181371847789
.73148147265116
.72916668653488
.71786493062973
.71691177288691
.73120913902919
.71909040212631
.72508170207342
.73148149251938
.72712419430415
.71868193149567
.72235838572184
.71296296517054
.72372005383174
.72903050978978
.71800108750661
.7229030529658
.72235838572184
.7135076324145
.72222220897675
.72317536671956
.71813726425171
.71949891249339
.7382897734642
.72208605209986
.71909042199453
.72957517703374
.71691177288691
.71636710564295
.71881808837255
.71704792976379
.71119282643
.72045207023621
.72072440385818
.721677561601
.721677561601
.71214598417282
.71023964881897
.72344772020976
.71854575475057
.72617101669312
.71732026338577
.72372003396352
.72072440385818
.72440087795258
.71214598417282
.71595861514409
.72344772020976
.70996733506521
.71486926078796
.72331154346466
.71214596430461
.71895426511765
.72957515716553
.72412852446238
.72154138485591
.73406861225764
.71909042199453
.72766884167989
.72194989522298
.7322984735171
.72794117530187
.71949889262517
.72099673748016
.72480936845144
.71527777115504
.72780501842499
.72372003396352
.71350761254629
.71405227979024
.71691177288691
.71051198244095
.71963506937027
.71609477202098
.71296296517054
.71364378929138
.71146514018377
.71759259700775
.72671570380529
.71854575475057
.71895424524943
.72834968566895
.71840957800547
.72453705469767
.72998364766439
.71623094876607
.71704790989558
.72440087795258
.71609477202098
.7238561908404
.73202613989512
.71963508923848
.72889433304469
.73011982440948
.71663943926493
.71718408664068
.72535403569539
.721677561601
.72072438398997
.72113289435705
.71990740299225
.71745644013087
.72399238745371
.72453703482946
.71377994616826
.72671568393707
.72017973661423
.72480936845144
.71732026338577
.71704792976379
.72549019257228
.72017973661423
.71840957800547
.721677561601
.73393245538076
.72698801755905
.72045209010442
.72589868307114
.72249456246694
.72657952706019
.72385621070862
.72766884167989
.71405229965846
.72276689608892
.72126907110214
.72453703482946
.72263073921204
.7335239648819
.72549019257228
.72099673748016
.73624728123347
.71650326251984
.72535403569539
.72426470120748
.71704792976379
.72235838572184
.72780501842499
.71854575475057
.72194989522298
.73093680540721
.71623094876607
.71990740299225
.73461329936981
.71922655900319
.71977124611537
.72617103656133
.71527779102325
.73406863212585
.72045207023621
.7133714556694
.72412852446238
.72794119517008
.72099673748016
.72072440385818
.72739650805791
.72358387708664
.72181371847788
.72780501842499
.71296296517054
.72562636931737
.71936273574829
.71214596430461
.72045207023621
.72181371847788
.71541394790014
.7147331237793
.71623094876607
.71568628152212
.72031591335932
.71623094876607
.72031591335932
.72712419430415
.71868191162745
.71813724438349
.7145969470342
.72549019257228
.72154138485591
.71677561601003
.72875815629959
.71745642026265
.71691177288691
.71827340126038
.72494554519653
.72113289435705
.7229030529658
.73148147265116
.71949891249339
.72181371847789
.72440085808436
.71527777115504
.72344772020976
.71949891249339
.71990740299225
.72412852446238
.72889433304469
.72903048992157
.72017973661423
.7322984735171
.72726035118103
.72576252619425
.72017973661423
.72657950719198
.71759259700775
.73025600115458
.715822438399
.72154138485591
.73325163125992
.71936273574829
.71745642026265
.73148149251938
.71078431606293
.71663943926493
.72208605209986
.71309912204742
.71840957800547
.72113289435705
.71432461341222
.72589868307114
.72617103656133
.71922657887141
.72099673748016
.72766886154811
.71704792976379
.71296296517054
.72317538658778
.70915033419927
.72344772020976
.72194989522298
.71160129706065
.71936275561651
.71854575475057
.7122821410497
.73080066839854
.72113289435705
.71391612291336
.72222220897675
.71786495049795
.721677561601
.72440087795258
.72630717357
.71214596430461
.71881806850433
.72222220897675
.72712419430415
.72385621070862
.715822438399
.72971133391062
.7229030529658
.72086056073507
.72208605209986
.71650326251984
.7122821410497
.73066449165344
.71173747380575
.72589868307114
.72698801755905
.72467319170634
.72535403569539
.72453705469767
.72480936845144
.7133714556694
.72807733217875
.71623094876607
.71949891249339
.72385621070862
.72303920984268
.72480936845144
.72766886154811
.71173749367396
.72317536671956
.72984749078751
.71813726425171
.73325163125992
.72589870293935
.73447712262472
.71854575475057
.72685186068217
.71881808837255
.72249456246694
.72834968566895
.71772875388463
.72685186068217
.72140522797902
.71214598417282
.72385621070862
.72467319170634
.72017971674601
.71922657887141
.7250816822052
.71473310391108
.71105664968491
.72712417443593
.71936275561651
.72494554519653
.72208605209986
.7144607702891
.7218137383461
.72971133391062
.72099671761195
.71500543753306
.73270698388418
.72017973661423
.72848584254583
.72739650805791
.73665579160055
.72331154346466
.72562636931737
.72535401582718
.72440087795258
.72821348905563
.73720041910807
.72072440385818
.72971131404241
.72848582267761
.72072440385818
.72821350892385
.72031589349111
.72644333044688
.7230392297109
.73297929763794
.71064815918605
.71255445480347
.72998364766439
.71527777115504
.72249454259872
.72126907110214
.72780501842499
.71636710564295
.72916668653488
.72140520811081
.72685186068217
.73270696401596
.71732026338577
.72657950719198
.72657952706019
.72508170207342
.72058822711309
.72930282354355
.71514161427816
.71609477202098
.72848584254583
.71282680829366
.72317538658778
.72235840559006
.71323529879252
.71418845653534
.7299836675326
.715822438399
.72154138485591
.72086056073507
.71854573488235
.71446079015732
.72726035118103
.71296296517054
.71663943926493
.72549021244049
.71623092889786
.71936273574829
.72766884167989
.72235838572184
.71868191162745
.72780499855677
.71854573488235
.71555010477702
.72235838572184
.72235840559006
.72004357973735
.70806099971135
.71827342112859
.70874182383219
.71895424524943
.72385621070862
.70738017559052
.71405227979024
.72372003396352
.71377994616826
.71023964881897
.71037580569585
.70492919286092
.71023964881897
.71732026338577
.69961873690287
.70751635233561
.71146514018377
.69880175590515
.70411219199498
.71486928065618
.69185729821523
.68981482585271
.70234205325445
.69362745682398
.6945806145668
.7075163324674
.70016340414683
.69104029734929
.68382352590561
.67946622769038
.67606208721797
.68205336729685
.67769608894984
.67538126309713
.68246187766393
.66952613989512
.6710239648819
.66775600115458
.66680284341176
.66217321157455
.66217319170634
.65631808837255
.64596951007843
.65305012464523
.64814815918605
.64242919286092
.64038670063019
.62935729821523
.61955336729685
.62649782498678
.60688998301824
.59586056073507
.59953703482946
.58673747380575
.57761438687642
.58115468422572
.55242373545965
.55473856131236
.54888341824214
.50626361370087
.56658496459325
0
0
0
0
0
0
0
0
0
0
0
0
0
0
0
0
0
0
0
0
0
0
0
0
0
0
0
0
0
0
0
0
0
0
0
0
0
0
0
0
0
0
0
0
0
0
0
0
0
0
0
0
0
0
0
0
0
0
0
0
0
0
0
0
0
0
0
0
0
0
0
0
0
0
0
0
0
0
0
0
0
0
0
0
0
0
0
0
0
0
0
0
0
0
0
0
0
0
0
0
0
0
0
0
0
0
0
0
0
0
0
0
0
0
0
0
0
0
0
0
0
0
0
0
0
0
0
0
0
0
0
0
0
0
0
0
0
0
0
0
0
0
0
0
0
0
0
0
0
0
0
0
0
0
0
0
0
0
0
0
0
0
0
0
0
0
0
0
0
0
0
0
0
0
0
0
0
0
0
0
0
0
0
0
0
0
0
0
0
0
0
0
0
0
0
0
0
0
0
0
0
0
0
0
0
0
0
0
0
0
0
0
0
0
0
0
0
0
0
0
0
0
0
0
0
0
0
0
0
0
0
0
0
0
0
0
0
0
0
0
0
0
0
0
0
0
0
0
0
0
0
0
0
0
0
0
0
0
0
0
0
0
0
0
0
0
0
0
0
0
0
0
0
0
0
0
0
0
0
0
0
0
0
0
0
0
0
0
0
0
0
0
0
0
0
0
0
0
0
0
0
0
0
0
0
0
0
0
0
0
0
0
0
0
0
0
0
0
0
0
0
0
0
0
0
0
0
0
0
0
0
0
0
0
0
0
0
0
0
0
0
0
0
0
0
0
0
0
0
0
0
0
0
0
0
0
0
0
0
0
0
0
0
0
0
0
0
0
0
0
0
0
0
0
0
0
0
0
0
0
0
0
0
0
0
0
0
0
0
0
0
0
0
0
0
0
0
0
0
0
0
0
0
0
0
0
0
0
0
0
0
0
0
0
0
0
0
0
0
0
0
0
0
0
0
0
0
0
0
0
0
0
0
0
0
0
0
0
0
0
0
0
0
0
0
0
0
0
0
0
0
0
0
0
0
0
0
0
0
0
0
0
0
0
0
0
0
0
0
0
0
0
0
0
0
0
0
0
0
0
0
0
0
0
0
0
0
0
0
0
0
0
0
0
0
0
0
0
0
0
0
0
0
0
0
0
0
0
0
0
0
0
0
0
0
0
0
0
0
0
0
0
0
0
0
0
0
0
0
0
0
0
0
0
0
0
0
0
0
0
0
0
0
0
0
0
0
0
0
0
0
0
0
0
0
0
0
0
0
0
0
0
0
0
0
0
0
0
0
0
0
0
0
0
0
0
0
0
0
0
0
0
0
0
0
0
0
0
0
0
0
0
0
0
0
0
0
0
0
0
0
0
0
0
0
0
0
0
0
0
0
0
0
0
0
0
0
0
0
0
0
0
0
0
0
0
0
0
0
0
0
0
0
0
0
0
0
0
0
0
0
0
0
0
0
0
0
0
0
0
0
0
0
0
0
0
0
0
0
0
0
0
0
0
0
0
0
0
0
0
0
0
0
0
0
0
0
0
0
0
0
0
0
0
0
0
0
0
0
0
0
0
0
0
0
0
0
0
0
0
0
0
0
0
0
0
0
0
0
0
0
0
0
0
0
0
0
0
0
0
0
0
0
0
0
0
0
0
0
0
0
0
0
0
0
0
0
0
0
0
0
0
0
0
0
0
0
0
0
0
0
0
0
0
0
0
0
0
0
0
0
0
0
0
0
0
0
0
0
0
0
0
0
0
0
0
0
0
0
0
0
0
0
0
0
0
0
0
0
0
0
0
0
0
0
0
0
0
0
0
0
0
0
0
0
0
0
0
0
0
0
0
0
0
0
0
0
0
0
0
0
0
0
0
0
0
0
0
0
0
0
0
0
0
0
0
0
0
0
0
0
0
0
0
0
0
0
0
0
0
0
0
0
0
0
0
0
0
0
0
0
0
0
0
0
0
0
0
0
0
0
0
0
0
0
0
0
0
0
0
0
0
0
0
0
0
0
0
0
0
0
0
0
0
0
0
0
0
0
0
0
0
0
0
0
0
0
0
0
0
0
0
0
0
0
0
0
0
0
0
0
0
0
0
0
0
0
0
0
0
0
0
0
0
0
0
0
0
0
0
0
0
0
0
0
0
0
0
0
0
0
0
0
0
0
0
0
0
0
0
0
0
0
0
0
0
0
0
0
0
0
0
0
0
0
0
0
0
0
0
0
0
0
0
0
0
0
0
0
0
0
0
0
0
0
0
0
0
0
0
0
0
0
0
0
0
0
0
0
0
0
0
0
0
0
0
0
0
0
0
0
0
0
0
0
0
0
0
0
0
0
0
0
0
0
0
0
0
0
0
0
0
0
0
0
0
0
0
0
0
0
0
0
0
0
0
0
0
0
0
0
0
0
0
0
0
0
0
0
0
0
0
0
0
0
0
0
0
0
0
0
0
0
0
0
0
0
0
0
0
0
0
0
0
0
0
0
0
0
0
0
0
0
0
0
0
0
0
0
0
0
0
0
0
0
0
0
0
0
0
0
0
0
0
0
0
0
0
0
0
0
0
0
0
0
0
0
0
0
0
0
0
0
0
0
0
0
0
0
0
0
0
0
0
0
0
0
0
0
0
0
0
0
0
0
0
0
0
0
0
0
0
0
0
0
0
0
0
0
0
0
0
0
0
0
0
0
0
0
0
0
0
0
0
0
0
0
0
0
0
0
0
0
0
0
0
0
0
0
0
0
0
0
0
0
0
0
0
0
0
0
0
0
0
0
0
0
0
0
0
0
0
0
0
0
0
0
0
0
0
0
0
0
0
0
0
0
0
0
0
0
0
0
0
0
0
0
0
0
0
0
0
0
0
0
0
0
0
0
0
0
0
0
0
0
0
0
0
0
0
0
0
0
0
0
0
0
0
0
0
0
0
0
0
0
0
0
0
0
0
0
0
0
0
0
0
0
0
0
0
0
0
0
0
0
0
0
0
0
0
0
0
0
0
0
0
0
0
0
0
0
0
0
0
0
0
0
0
0
0
0
0
0
0
0
0
0
0
0
0
0
0
0
0
0
0
0
0
0
0
0
0
0
0
0
0
0
0
0
0
0
0
0
0
0
0
0
0
0
0
0
0
0
0
0
0
0
0
0
0
0
0
0
0
0
0
0
0
0
0
0
0
0
0
0
0
0
0
0
0
0
0
0
0
0
0
0
0
0
0
0
0
0
0
0
0
0
0
0
0
0
0
0
0
0
0
0
0
0
0
0
0
0
0
0
0
0
0
0
0
0
0
0
0
0
0
0
0
0
0
0
0
0
0
0
0
0
0
0
0
0
0
0
0
0
0
0
0
0
0
0
0
0
0
0
0
0
0
0
0
0
0
0
0
0
0
0
0
0
0
0
0
0
0
0
0
0
0
0
0
0
0
0
0
0
0
0
0
0
0
0
0
0
0
0
0
0
0
0
0
0
0
0
0
0
0
0
0
0
0
0
0
0
0
0
0
0
0
0
0
0
0
0
0
0
0
0
0
0
0
0
0
0
0
0
0
0
0
0
0
0
0
0
0
0
0
0
0
0
0
0
0
0
0
0
0
0
0
0
0
0
0
0
0
0
0
0
0
0
0
0
0
0
0
0
0
0
0
0
0
0
0
0
0
0
0
0
0
0
0
0
0
0
0
0
0
0
0
0
0
0
0
0
0
0
0
0
0
0
0
0
0
0
0
0
0
0
0
0
0
0
0
0
0
0
0
0
0
0
0
0
0
0
0
0
0
0
0
0
0
0
0
0
0
0
0
0
0
0
0
0
0
0
0
0
0
0
0
0
0
0
0
0
0
0
0
0
0
0
0
0
0
0
0
0
0
0
0
0
0
0
0
0
0
0
0
0
0
0
0
0
0
0
0
0
0
0
0
0
0
0
0
0
0
0
0
0
0
0
0
0
0
0
0
0
0
0
0
0
0
0
0
0
0
0
0
0
0
0
0
0
0
0
0
0
0
0
0
0
0
0
0
0
0
0
0
0
0
0
0
0
0
0
0
0
0
0
0
0
0
0
0
0
0
0
0
0
0
0
0
0
0
0
0
0
0
0
0
0
0
0
0
0
0
0
0
0
0
0
0
0
0
0
0
0
0
0
0
0
0
0
0
0
0
0
0
0
0
0
0
0
0
0
0
0
0
0
0
0
0
0
0
0
0
0
0
0
0
0
0
0
0
0
0
0
0
0
0
0
0
0
0
0
0
0
0
0
0
0
0
0
0
0
0
0
0
0
0
0
0
0
0
0
0
0
0
0
0
0
0
0
0
0
0
0
0
0
0
0
0
0
0
0
0
0
0
0
0
0
0
0
0
0
0
0
0
0
0
0
0
0
0
0
0
0
0
0
0
0
0
0
0
0
0
0
0
0
0
0
0
0
0
0
0
0
0
0
0
0
0
0
0
0
0
0
0
0
0
0
0
0
0
0
0
0
0
0
0
0
0
0
0
0
0
0
0
0
0
0
0
0
0
0
0
0
0
0
0
0
0
0
0
0
0
0
0
0
0
0
0
0
0
0
0
0
0
0
0
0
0
0
0
0
0
0
0
0
0
0
0
0
0
0
0
0
0
0
0
0
0
0
0
0
0
0
0
