.81398373842239
.77528454860051
.75528454780579
.79593495527903
.76243901252747
.77902440230052
.75674796104431
.79577235380808
.81772357225418
.77821137507757
.80552846193314
.77252032359441
.79951220750809
.81544715166092
.71837397416433
.81170731782913
.77918698390325
.77528454860051
.80569106340408
.83170731862386
.8167479634285
.78195122877757
.87349593639374
.83691056569417
.87203252315521
.77089430888494
.77495936552684
.83203252156576
.76601624488831
.79642275969187
.8136585354805
.8284552693367
.81658536195755
.84747968117396
.83056910832723
.80715447664261
.81479674577713
.80390244722366
.84243901570638
.90195121367772
.78471547365189
.83756099144618
.82211381196976
.83902438481649
.83333331346512
.88715445995331
.88081300258636
.81154471635818
.85918700695038
.86861789226532
.76650404930115
.81788617372513
.81512194871902
.86146342754364
.84666667381922
.83463414510091
.8510569135348
.80569106340408
.97674796978633
.81300812959671
.8847154378891
.84357724587123
.83902438481649
.85626018047333
.85723578929901
.84471545616786
.87593495845795
.86585366725922
.85252032677333
.92682927846909
.93154472112656
.89024390776952
.89902438720067
.84585366646449
.85544715325038
.90552844603856
.90097560485204
.90504064162572
.89886178572973
.91463414827983
.94569104909897
.86422765254974
.85365853706996
.90390243132909
.86569106578827
.85349593559901
.88097560405731
.89723577102025
.84260161717733
.84845528999964
.92081302404404
.89317075411479
.85073173046112
.90016261736552
.85642278194427
.90097562472026
.84829266866048
.89512193202972
.83170731862386
1.0406503677368
.95788615942001
.86325204372406
.91707319021225
.93349593877792
.87658536434174
.89040648937225
.84048781792323
.91382114092509
.92910569906235
.91560977697372
.94292682409286
.9406504034996
.95121949911118
.93414634466171
.91154472033183
.90308942397436
.92422765493393
.9554471373558
.88048779964447
.89756099383036
.91739839315414
1.1136585474014
.88552844524384
.89430892467499
.96065040429433
.90227643648783
.92243903875351
.94894307851791
.91056911150614
.89934959014257
1.0331707000732
.88813006877899
.85772357384364
.89674796660741
.97105689843496
.91365855932236
.94325202703476
.98878049850464
.98000001907349
.95821136236191
.94829267263412
1.0017886161804
.98373985290527
.98065040508906
.95512195428212
.96325202782949
.92146342992783
.92975610494614
.94878049691518
.91772359609604
.91983741521835
.97739837567012
.93528455495834
.8973983724912
.94276422262192
.91463414827983
.90439023574193
.92048780123393
.90682925780614
.9554471373558
.92829269170761
.8878048658371
.96130079030991
.97382116317749
.91609758138657
.93691056966782
.92357724905014
.93430894613266
.91560977697372
.94780486822128
.91821140050888
.91528455416362
.9073170820872
.91886178652445
.95739835500717
.92601627111435
.88504066069921
.94048780202866
.93886178731918
.87073171138763
.90601625045141
.93593496084213
.91934961080551
.88097560405731
.95365852117538
1.0173983573914
.90260161956151
1.0323576927185
.9848780632019
.95691055059433
.96130079030991
.92341464757919
.91105691591899
.89707316954931
.92747966448466
.90894309679667
.90130080779394
.90325204531352
.96178861459096
.8843902349472
.93268293142319
.93235772848129
.90829267104467
.91821138064067
.88796746730804
.97544715801875
.93268293142319
.9261788725853
.87821137905121
.92813009023666
.88634145259857
.94195121526718
1.0001626014709
.87528455257416
1.0104064941406
.97463415066401
.88341462612152
.88487803936005
.92926830053329
.92487806081772
.95333331823349
.94780486822128
.91300813357035
.91723577181498
.91170732180278
.85560977458954
1.0014634132385
.92308942476908
.98585367202759
.94113820791245
.87333333492279
.96715446313222
.91154472033183
.94861787557602
.93886178731918
.9622764190038
.93577235937119
.91430894533793
.91707319021225
.8946341474851
.9598373969396
.91268293062846
.95186990499496
.94243901968002
.9595121939977
.89382114013036
.93056911230087
.94699186086655
.95560973882675
.98162601391474
.93154470125834
.92764228582382
.89463412761688
.91951219240824
.98699188232422
.88601624965668
.91398374239604
.92731706301371
.88878047466278
.9378861784935
.94113820791245
.94715446233749
.93154472112656
.90926831960678
.88829267024994
.92861789464951
.9440650343895
.96829267342885
.91772359609604
.90390243132909
.93365854024887
.94943090279897
.93756097555161
.97495935360591
.93463414907455
.95365852117538
.90520324309667
.95073171456655
.9317073225975
.94016259908676
.99056911468506
.88227641582489
.97495937347412
.95138212045034
.89967479308446
.97495935360591
.93707317113876
.94341462850571
.96666665871938
.93219512701035
.92260164022446
.97951221466064
.94276422262192
.91674798727036
.93089431524277
.91723577181498
.93040651082993
.9721951285998
.95317073663076
.91300813357035
.88227641582489
.94926828145981
.93837398290634
.88308942317963
.89626014232635
1.0009756088257
.92243903875351
.97593496243159
.9656910498937
1.0014634132385
.92390245199203
.96975610653559
.93317073583603
.95024389028549
.94260162115097
.88243901729584
.88390243053436
.94308942556381
.93951219320297
.94975610574086
.89186990261078
.92325204610825
.91414634386698
.9310568968455
.99837398529053
.87999999523163
.9200000166893
.96780488888423
.97203252712886
.9687804778417
.90682925780614
.89170730113983
.94796746969223
.84910569588343
.91869920492172
.96813009182612
.95317071676254
.95349591970444
.96601627270381
.94032520055771
.90617887179057
.9347967505455
.94666665792465
.94764226675034
.9691057006518
.93235772848129
.91918700933456
.89284553130468
.88569104671478
.91560975710551
.87951219081879
.90796748797099
.97544715801875
.91252032915751
.9554471373558
.96162601312002
.94796746969223
.97382114330928
.92845529317856
.93772357702255
.93609756231308
.98292684555054
.93642276525497
.96975610653559
1.0196747779846
.97268291314443
1.0115447044373
.9073170820872
.92552846670151
.93983739614487
.91739839315414
.9230894446373
.92146342992783
.94243901968002
.88634145259857
.90975610415141
.92780488729477
.92650405565898
.90829267104467
.87170732021332
.88552844524384
.88390243053436
.99186992645264
.93902438879013
.9598373969396
.90552844603856
.87024390697479
.93512193361918
.94910567998886
.91739839315414
.90764228502909
.90861789385478
.97056909402211
.88666665554047
.92682927846909
.95756097634633
.9712194999059
.89398372173309
.87788617610931
.92097562551498
.93869918584824
.89788617690404
.89268290996552
.93300813436508
.91300813357035
.93772357702255
.878861784935
1.0934959252675
.98065042495728
.93674796819687
.91024390856425
.93365854024887
.94780486822128
.94796746969223
.92178863286972
.92764228582382
.88487803936005
.85821137825648
.88406505187353
.90861787398656
.89951219161352
.92910569906235
.93300813436508
.87739837169647
.90536586443583
.95219510793686
.9104065100352
.91772357622782
.90341460704803
.90536586443583
.91252032915751
.92373983065287
.89983739455541
.92520326375961
.94845529397329
.89756097396215
.93837398290634
.93105691671371
.88552844524384
.88016259670258
.88943090041478
.94439023733139
.9465040564537
.90341462691625
.94195121526718
.92276422182719
.9121951063474
.95414632558823
.90975610415141
.95235770940781
.93463414907455
.95495935281118
.94829267263412
.90130078792572
.99609756469727
.91479674975077
.97219510873159
.92130082845688
.92682927846909
.90959350268046
.90569106737773
.9656910498937
.90178859233856
.92959350347519
.94747966527939
.91365855932236
.93951219320297
.90764228502909
.92764228582382
.9134959379832
.91317075490952
.90601625045141
.94422763586044
.93089431524277
.98065040508906
.8843902349472
.96048780282338
.92585364977519
.89317071437836
.9193495909373
.90910569826762
.94048780202866
.91252034902573
.90373982985814
.85430896282196
.90504066149394
.87804877758026
.95560975869497
.86325204372406
.90959350268046
.89658536513646
.89674796660741
.93544715642929
.92926830053329
.98178861538569
.87170732021332
.96406503518422
.94634145498276
.91788619756699
.92943088213603
.94016259908676
.88959348201752
.88617885112762
.92195123434067
.92959350347519
.92260164022446
.94406505425771
.93853658437729
.93219512701035
.93349593877792
.86487805843353
.94504064321518
.92520326375961
.91235772768656
.93951219320297
.87951219081879
.9557723402977
.94146341085434
.93382114171982
.91284553209941
.90113820632299
.89447154601415
.91300815343857
.92699186007182
.90552846590678
.88520324230194
.94504064321518
.90894309679667
.90829269091288
.97853660583496
.9200000166893
.90081302324931
.93317073583603
.90455283721288
.88146340847015
.85300813118617
.90406503280004
.88975608348846
.96975608666738
.85658536354701
.88016261657079
.89951219161352
.89073169231415
.98552846908569
.91235772768656
.94146341085434
.92845529317856
.94439023733139
.91300813357035
.95804876089096
.90536584456762
.90650407473246
.89837396144867
1.0082926750183
.94585365056992
.92975610494614
.94910567998886
.95138212045034
.94227641820908
.8637398481369
.94764226675034
.93658534685771
.9032520254453
.91284553209941
.92943090200424
.90959350268046
.91008128722509
.83577235539754
.95772357781728
.85495936870575
.96569106976191
.92227643728256
.92455285787582
.8878048658371
.8967479467392
.90536584456762
.92829269170761
.91479676961899
.91154472033183
.91723577181498
.8936585187912
.9200000166893
.94178861379623
.95365852117538
.8977235754331
.89593495925268
.8606504201889
.91495935122172
.97024389108022
.87073171138763
.93089431524277
.96243900060654
.92341464757919
.93398374319077
.88845527172089
.98699188232422
.96699186166128
.92504066228867
.92341462771098
.90097560485204
.90959350268046
.9557723402977
.89284551143646
.9409756064415
.90487804015478
.90959350268046
.9094308813413
.91674796740214
.83138209581375
.9440650343895
.90552846590678
.90991870562236
.9347967505455
.90471545855204
.94081300497055
.90617887179057
.90894309679667
.92243903875351
.91593497991562
.94861787557602
.88699185848236
.95886178811391
.93642276525497
.91593497991562
.87837398052216
.89821135997772
.95495933294296
.96130079030991
.90796748797099
.88113820552826
.91186992327372
.97186992565791
.90487804015478
.94536584615707
.8847154378891
.91463414827983
.92081300417582
.88926829894384
.92829269170761
.89495935042699
.92032519976298
.82243901491165
.89739839235942
.85008130470912
.95707317193349
.94471544027328
.87414634227753
.92959350347519
.90715446074804
.92260164022446
.93317073583603
.89577233791351
.89479674895604
.94455283880234
.87869918346405
.90487804015478
.94422763586044
.87252032756805
.89821137984594
.91430894533793
.93089431524277
.91495935122172
.8905690908432
.90991870562236
.96504064400991
.94390243291855
.93430894613266
.92715448141098
.8637398481369
.93154472112656
.90813008944194
.88097560405731
.9045528570811
.92666667699814
.90520324309667
.91821140050888
.91739839315414
.97040649255117
.90081300338109
.88016259670258
.92682927846909
.99479675292969
.85463414589564
.93983739614487
.87999999523163
.92260164022446
.93040651082993
.85707316795985
.92227643728256
.88617885112762
.94162601232529
.93430894613266
.8908942937851
.95918699105581
.92861789464951
.94146341085434
.9289430975914
.91398374239604
.91138211886088
.9066666563352
.90081298351288
.95089429616928
.94504064321518
.95284551382065
.92861789464951
.94926828145981
.93284553289413
.82878047227859
.91219514608383
.97089431683222
.89512193202972
.93756097555161
.92878049612045
.9468292593956
.91756099462509
.93886178731918
.85528457164764
.96520324548086
.89170730113983
.82211381196976
.90455283721288
.88113820552826
.87869918346405
.8816260099411
.91658538579941
.90650405486425
.86195123195648
.89528455336889
.94211381673813
.91951221227646
.9141463637352
.94569104909897
.88520324230194
.89934957027435
.91642278432846
.94780486822128
.95756095647812
.93235772848129
.93886178731918
.91837400197983
.89284553130468
.95089429616928
.9200000166893
.93138209978739
.90471543868383
.87382113933563
.91235772768656
.91349591811498
.94634145498276
.92552844683329
.95788615942001
.89853658278783
.95723575353622
.86715447902679
.90032519896825
.92764228582382
.98601627349854
.90178861220678
.87869918346405
.90227643648783
.89284551143646
.91951221227646
.88211381435394
.89219510555267
.96227639913559
.85154471794764
.9100813070933
.94162601232529
.89967477321625
.95056909322739
.87967479228973
.91772359609604
.9468292593956
.84634145100911
.96032518148422
.89512195189794
.87170732021332
.8936585187912
.88975610335668
.87951219081879
.93073171377182
.84650407234828
.881951212883
.8717073003451
.93577235937119
.93252032995224
.87560975551605
.92878049612045
.91203254461288
.94243901968002
.93658536672592
.94504064321518
.98552846908569
.88292682170868
.91284553209941
.90878049532572
.85089431206385
.9004878004392
.85186992088954
.85951220989227
.87512195110321
.9073170820872
.87869918346405
.9091056783994
.92796748876572
.90032517910004
.86260163784027
.82032521565755
.89577235778173
.88308942317963
.91268293062846
.85349593559901
.93723577260971
.99349594116211
.90341462691625
.85707318782806
.97934959332148
.88569104671478
.91219512621562
.91284553209941
.87219512462616
.87983739376068
.91284555196762
.86747968196869
.86000001430511
.84276421864827
.86634147167206
.93626016378403
.89821135997772
.92292684316635
.91999999682109
.84601626793544
.89268290996552
.87317073345184
.88536584377289
.90406505266825
.88910567760468
.8816260099411
.91073171297709
.88764226436615
.89756095409393
.88113820552826
.9063414533933
.92682927846909
.8547967672348
.88845527172089
.87024390697479
.90130080779394
.93349593877792
.90178859233856
.89252032836278
.85626018047333
.90845529238383
.93495935201645
.89252032836278
.89430892467499
.89284551143646
.83723578850428
1.0027642250061
.90211381514867
.87463414669037
.86894309520721
.94113820791245
.89869918425878
.92747968435287
.89235772689184
.92048782110214
.93756097555161
.85365855693817
.91788617769877
.91902440786362
.84699187676112
.92845529317856
.88585364818573
.89772355556488
.94634147485097
.91804879903793
.89235770702362
.92715448141098
.90650407473246
.91284553209941
.90471543868383
.90715448061625
.89756097396215
.89121949672699
.86357724666595
.9091056783994
.86569106578827
.89024388790131
.85560975472132
.89186990261078
.88585364818573
.89300811290741
.96439025799433
.90617885192235
.89382112026215
.89447154601415
.95121949911118
.94894309838613
.91528455416362
.86130082607269
.88032519817352
.83252030611038
.89577237764994
.89284551143646
.87056910991669
.92601627111435
.84682927529017
.86504065990448
.91756097475688
.91056911150614
.87235772609711
.88666665554047
.9289430975914
.89853660265605
.83252030611038
.86943089962006
.90243903795878
.83934958775838
.90894307692846
.87447154521942
.86243903636932
.85626018047333
.93317073583603
.9230894446373
.91479676961899
.89902438720067
.86260163784027
.89138209819794
.86487805843353
.89593493938446
.84390244881312
.89577233791351
.85040652751923
.87739837169647
.92390245199203
.8668292760849
.94487804174423
.84373984734217
.85495934883753
.8380487759908
.81739836931229
.82520323991776
.89138209819794
.92943090200424
.9100813070933
.87739837169647
.89284553130468
.93138211965561
.92097560564677
.87154471874237
.86780488491058
.87999999523163
.83626015981038
.90682927767436
.89577233791351
.94016259908676
.81902438402176
.86439025402069
.87999999523163
.88276422023773
.83756097157796
.83203252156576
.87349593639374
.88276422023773
.90065038204193
.85544717311859
.87804877758026
.87772357463837
.83918696641922
.93707317113876
.89073169231415
.85934960842133
.88065040111542
.8933333158493
.89674796660741
.84406503041585
.87447154521942
.92016261816025
.88666665554047
.90975608428319
.87138211727142
.87821137905121
.85365853706996
.91902440786362
.94487804174423
.94666665792465
.81414633989334
.9258536696434
.89560975631078
.90097560485204
.88813006877899
.86747968196869
.87333333492279
.91105691591899
.88666665554047
.91105691591899
.91447156667709
.86926829814911
.88731706142426
.85089431206385
.85528457164764
.86048781871796
.90195121367772
.87398374080658
.85317073265711
.92113822698593
.89577235778173
.88422763347626
.89121949672699
.87008130550385
.8538211385409
.85528457164764
.89219510555267
.88813006877899
.87869918346405
.84308942159017
.89918696880341
.82829266786575
.87495934963226
.91089431444804
.88552844524384
.8479674855868
.84780488411585
.8995121717453
.89252032836278
.86032521724701
.92487806081772
.92048782110214
.88113820552826
.85235774517059
.90487804015478
.88796746730804
.88113820552826
.85804879665375
.84357722600301
.86943089962006
.88861787319183
.87918698787689
.89073169231415
.91056913137436
.87284553050995
.87463414669037
.86195123195648
.86601626873016
.8668292760849
.83235772450765
.91626018285751
.81934958696365
.84731707970301
.84292682011922
.89105691512426
.85804879665375
.87951219081879
.85495936870575
.88666665554047
.88406503200531
.87593495845795
.85447156429291
.92390243212382
.90390245119731
.83544715245565
.95219510793686
.81723576784134
.89398372173309
.85886178414027
.83040648698807
.8541463414828
.88634145259857
.81495934724808
.81073170900345
.85284552971522
.89398374160131
.8847154378891
.872682929039
.87382113933563
.95008128881454
.83089429140091
.84764228264491
.8878048658371
.84097562233607
.88097560405731
.83951218922933
.86764228343964
.85853660106659
.89560973644257
.9004878004392
.84764228264491
.88617885112762
.82341462373734
.83821137746175
.89918700853984
.86162602901459
.93073171377182
.91642278432846
.87756097316742
.91918700933456
.881951212883
.85967481136322
.85430896282196
.83268292744954
.86715447902679
.84357724587123
.90585366884867
.86000001430511
.81691056489944
.80699187517166
.83008128404617
.85121953487396
.88097560405731
.83300813039144
.92601627111435
.84032519658407
.87495934963226
.86162602901459
.89252030849457
.84243901570638
.89121949672699
.88504064083099
.8606504201889
.83739837010701
.92617885271708
.89235770702362
.84325202306112
.86211383342743
.91739837328593
.87609755992889
.87967479228973
.85495934883753
.88032519817352
.87317073345184
.88601624965668
.87593495845795
.83642276128133
.92178863286972
.86878049373627
.89203252394994
.8946341474851
.79821139574051
.90894309679667
.88585364818573
.87008130550385
.80682927370071
.89138209819794
.86829268932343
.91886180639267
.87593495845795
.84959350029627
.82975608110428
.82455283403397
.86227643489838
.86764228343964
.83105689287186
.87252032756805
.84585366646449
.85951220989227
.88569104671478
.83918698628743
.8785365819931
.88975608348846
.86601626873016
.85804879665375
.84926829735438
.79691056410472
.88113820552826
.88666665554047
.88959348201752
.8315446972847
.8874796628952
.85479674736659
.88829267024994
.89008130629857
.89284551143646
.82780486345291
.91626018285751
.88113820552826
.98601627349854
.92780488729477
.86585366725922
.8105691075325
.82390242815018
.87317073345184
.86227641503016
.82780488332113
.85967481136322
.80065041780472
.87154471874237
.83642276128133
.87999999523163
.85528457164764
.86617887020111
.83008130391439
.90065040191015
.80975610017776
.86926829814911
.85056908925374
.869593501091
.89756097396215
.82585364580154
.86520326137543
.83560973405838
.79365855455399
.84552846352259
.83837399880091
.84666669368744
.85089433193207
.84097560246785
.85024390618006
.8538211385409
.84439025322596
.80715447664261
.90406503280004
.87138211727142
.92747968435287
.95999999841054
.85252032677333
.83300811052322
.83479674657186
.83658536275228
.84552848339081
.88569104671478
.86601626873016
.86699187755585
.92682925860087
.94455283880234
.97382114330928
1.0466666221619
.90471543868383
.88422763347626
.92406505346298
.96520326534907
.90162603060404
.93967479467392
.95723575353622
.94780486822128
.96943088372548
.93756097555161
.94861787557602
1.0227642059326
.96130079030991
.93544715642929
.90487804015478
.9409756064415
.94471544027328
.96146339178085
.91479674975077
1.009105682373
.92081302404404
.91869920492172
1.0048780441284
.93186992406845
.98178863525391
.92699187994003
.94243901968002
.97918701171875
.95463413000107
.96991868813833
.95691057046254
.94341462850571
.96325200796127
.92878049612045
.9230894446373
.95560973882675
.95089429616928
.90910569826762
.98991870880127
1.0120325088501
.99040651321411
.91674798727036
.94260162115097
.93170730272929
.9752845565478
.93268293142319
1.0055284500122
.96552844842275
.93495935201645
.92991870641708
.94325202703476
.97544715801875
.99186992645264
.97024389108022
.94292682409286
.94471544027328
.92341464757919
.91902440786362
.9687804778417
.95284551382065
.93008130788803
.96097560723623
.9635772506396
.98146343231201
.95739835500717
.92471545934677
.97154472271601
.86227643489838
.97056911389033
.96276422341665
.96357723077138
.94081300497055
.90162601073583
.97333335876465
.94796746969223
.95365852117538
.93723577260971
.94276422262192
.99430894851685
.94715446233749
.96276422341665
.94975610574086
.96552844842275
.93967479467392
.91886178652445
.97902439037959
.89837398131688
.96959348519643
.99219512939453
.93430894613266
.93235772848129
.97170732418696
.97918701171875
.95821138223012
.97479675213496
.99821138381958
.94829267263412
.91447156667709
.96910568078359
.97609756390254
1.0105690956116
.92715448141098
.9465040564537
.94585365056992
.92943090200424
1.087154507637
.99154472351074
.96504066387812
.95024389028549
.91154472033183
.97040651241938
.9567479689916
.9759349822998
.92211383581161
.94211381673813
.94357722997665
.90439023574193
.97691059112549
1.0125203132629
.93398374319077
.92292684316635
.95495933294296
.96601627270381
.99886178970337
.97983741760254
.96227639913559
.96666665871938
.97170730431875
.94130080938339
.97349594036738
.97186992565791
.97447152932485
.98910570144653
.90439025561015
.96422763665517
1.0037398338318
.95756095647812
.95626016457876
.96406501531601
.93056911230087
.92341464757919
.95658536752065
1.0229268074036
.94211381673813
.9230894446373
1.0237398147583
.94731706380844
.99967479705811
.96097558736801
.98260164260864
.97983739773432
.94048780202866
.96032520135244
.94666665792465
.96666663885117
.9653658469518
.8943089445432
.97089431683222
.95073171456655
.97398372491201
.9378861784935
.99089431762695
.91772359609604
.97089431683222
.92113822698593
.9585365653038
.93918699026108
.97723579406738
.95317073663076
.95691057046254
.94455283880234
.99837398529053
.93105691671371
.95040649175644
.95756097634633
.98634147644043
.94975608587265
.91219512621562
.91902440786362
.93235772848129
.92146342992783
1.006016254425
.95430892705917
.94601625204086
.93463414907455
.9378861784935
.98455286026001
.92975610494614
.93723577260971
.95382112264633
.99463415145874
.92666667699814
.95560973882675
1.0186991691589
.97040651241938
1.0234146118164
.99821138381958
.92243903875351
.9852032661438
1.0274796485901
.98146343231201
.97479675213496
.97853660583496
.99333333969116
.91609758138657
.98178861538569
1.0006504058838
.9656910498937
1.0705691576004
.98813009262085
.92292684316635
.97447154919306
.99560976028442
1.0094308853149
.97203252712886
.97837400436401
1.0712195634842
.95040649175644
.96715446313222
1.0229268074036
1.0217885971069
1.0396747589111
1.0078048706055
1.0017886161804
1.0720325311025
.98016262054443
.93317073583603
.98357725143433
1.0102438926697
.97560973962148
.95788617928823
.97756099700928
.97918701171875
.99073171615601
.96552846829096
1.0199999809265
.99577236175537
1.0403251647949
.98569107055664
1.050731698672
1.0009756088257
.9632520476977
.99317073822021
1.0006504058838
1.0021138191223
1.0204877853394
1.0224390029907
1.033821105957
1.1047154664993
1.030731678009
1.0585365692774
1.0596748193105
1.1004878282547
1.1113821268082
1.112032532692
1.1414633989334
1.1960975726446
1.1741463343302
1.2125203609467
1.2053658564885
1.217561006546
1.3310569127401
1.2585365772247
1.3403252363205
1.3439024686813
1.4585366249084
1.3858536481857
1.372682929039
1.3982113599777
1.4653658866882
1.4852032661438
1.4564227660497
1.4962601661682
1.493983745575
1.4292682806651
1.4343089660009
1.4573983748754
1.3969105482101
1.4058536291122
1.3315447568893
1.2819511890411
1.2874796390533
1.2951219479243
1.2845528125763
1.2497560977936
1.1891056696574
1.1697560548782
1.2388617992401
1.1443902254105
1.124227643013
1.1468292474747
1.074959397316
1.0804878473282
1.1295934915543
1.0497560501099
1.0199999809265
.98097560803095
1.0417885780334
.9595121939977
1.0686179002126
1.0700813134511
.9790244102478
.98959350585937
1.0226016044617
.95658536752065
1.1221138238907
.97886180877686
1.0334959030151
.95382112264633
1.0107316970825
.98731708526611
.99186992645264
1.0063414573669
.97056911389033
1.0741463899612
1.0312194824219
.99300813674927
.95593494176865
1.0188617706299
1.0027642250061
.96975610653559
.9495934844017
1.0186991691589
.99658536911011
.98081302642822
1.0396747589111
.95138210058212
.9440650343895
1.0213007926941
.96081300576528
.92292684316635
.99479675292969
.96813007195791
1.0079674720764
.98081302642822
.99674797058105
1.0050406455994
.95040649175644
.9972357749939
.93869918584824
1.0017886161804
.96650405724843
.97723579406738
1.0021138191223
1.0016260147095
1.006016254425
.99577236175537
.96422761678696
.98227643966675
.99528455734253
.96308942635854
1.0165853500366
.92292684316635
.96650405724843
.98439025878906
.97772359848022
.9734959602356
1.021463394165
.99495935440063
.99707317352295
.95284553368886
.95626014471054
.95170730352402
.97821140289307
1.0052032470703
.99154472351074
.97642276684443
.96796747048696
.90569104750951
.96926830212275
.93300813436508
1.024552822113
.99138212203979
.94617885351181
.98455286026001
.91203252474467
.92146342992783
.95560973882675
.90471543868383
.95170732339223
.96439023812612
.96211381753286
.97430894772212
.99430894851685
.9351219534874
.96504066387812
.95902436971664
.9756097594897
.95788617928823
.96878049770991
.97886180877686
.98406505584717
.93333333730698
.95495933294296
.95382112264633
.95089429616928
.986991862456
.96065040429433
1.0378861427307
.93658536672592
.9941463470459
.92715448141098
.97967481613159
.98341464996338
1.0665040810903
.93674796819687
.95658536752065
.93593496084213
.95951217412949
.95219510793686
.98357723156611
.92910569906235
.96813009182612
.98682928085327
.96487804253896
.94357722997665
.95560973882675
.97073169549306
.9622764190038
.95739837487539
.96390243371328
.96813009182612
.95658534765244
.97788619995117
.98227643966675
.96520324548086
.94813007116318
1.0318698883057
.91967481374741
.91967481374741
.94926828145981
.98991870880127
1.0052032470703
.96585365136464
.94943088293076
.96926828225454
.94487804174423
1.0087804794312
.91479674975077
.93040651082993
.96747968594233
.96292682488759
.94211381673813
.93869918584824
.97544715801875
.96422763665517
.9554471373558
1.0104064941406
.97772357861201
.95398372411728
.92861789464951
.93186992406845
1.0081300735474
1.0360975265503
.8995121717453
.90260163942973
.99463415145874
.97365854183833
.95821136236191
.96439025799433
.90650405486425
.95951217412949
.98406503597895
.97853660583496
.96764228741328
.9941463470459
.96861787637075
.97447154919306
.94617885351181
.92975610494614
.97463415066401
.97691059112549
.93934959173203
.96406503518422
.96975610653559
.98471546173096
.95804878075918
.99837398529053
.94276422262192
.92065040270487
.96715446313222
.95365852117538
1.0713821252187
.97772359848022
.9821138381958
.94520324468613
.95804878075918
.97268293301264
1.0647154251734
.98682928085327
.94764226675034
.91349595785141
.98504066467285
.93853658437729
.98617887496948
.99560976028442
.95073169469833
1.0108942985535
.97674796978633
.95365852117538
.95463413000107
.96699186166128
.96796749035517
1.0019512176514
.96292682488759
.96959348519643
.91869920492172
.94162601232529
.94471544027328
.99593496322632
.93121951818466
1.0250406265259
.92666667699814
.93642276525497
1.0069918632507
1.0139837265015
.93186992406845
.96764228741328
.95918697118759
.95512195428212
.96504062414169
1.0302438735962
1.0299186706543
.93073171377182
.91756099462509
1.0193495750427
.95788615942001
.98943088452021
.9499186873436
.91024390856425
.93691056966782
.97886178890864
.98682928085327
.93105691671371
1.0081300735474
.93235772848129
.97512195507685
.99577236175537
.9616259932518
.92747968435287
.92243903875351
.97804880142212
.96780486901601
.91609758138657
.96390243371328
.91560977697372
.95056909322739
.97073171536128
.94894307851791
.98764228820801
.96097560723623
.93186992406845
.9715447028478
.95691055059433
.97105691830317
1.0180487632751
.96894309918086
.92780488729477
.98016262054443
.97154472271601
.91073171297709
1.0043902397156
.93365854024887
.96601625283559
.9440650343895
.96601627270381
.94048780202866
.92357724905014
.97756097714106
.9691057006518
1.0232520103455
.9499186873436
.98715448379517
1.0310568809509
.99203252792358
.96617885430654
.9440650343895
.97479675213496
.94943088293076
.94813007116318
.94764226675034
.95707315206528
.90926829973857
.94764226675034
.97300813595454
.89886176586151
.9780487815539
.94357722997665
.96780488888423
.89869916439056
.97105689843496
.93707317113876
.99837398529053
.92845529317856
.96552844842275
.90747966368993
.95512193441391
.95495933294296
.93560975790024
.91268295049667
.99170732498169
.93333333730698
1.0003252029419
.96764228741328
.96569103002548
.97186994552612
.90113820632299
.97804880142212
.96975610653559
.92243903875351
.9783739844958
.9616259932518
.97593496243159
.94699186086655
.97512195507685
.96243902047475
.95902438958486
.9351219534874
.96130079030991
.97105689843496
1.0076422691345
.91154472033183
.95707317193349
1.0313820838928
.94780486822128
.9406504034996
.9289430975914
.92601627111435
.94910567998886
.95609754323959
.98406503597895
.94813007116318
1.0273170471191
.98406505584717
.96357723077138
.97121951977412
1.0045528411865
1.0167479515076
.97479677200317
.97300813595454
.91252032915751
1.0042276382446
.97414632638295
.9653658469518
.95691057046254
.92243903875351
.94666665792465
.97317071755727
.92292684316635
.90243901809057
.93626016378403
.9619511961937
.97170732418696
.93219512701035
1.0177235603333
.93300813436508
1.0071544647217
.93089431524277
.95723577340444
.98666667938232
.95495935281118
.94715446233749
.96178861459096
.95902438958486
.94845527410507
.91723577181498
.97967479626338
.96048778295517
.96341462930044
.98715448379517
.97788618008296
1.0143089294434
.95447152853012
.99154470364253
.93073171377182
.92536586523056
.94975610574086
.97707317272822
.97398374478022
.94796746969223
.95170730352402
.98471546173096
.99349594116211
.9687804778417
.92260164022446
.94325202703476
.9622764190038
.89853656291962
.9656910498937
.98845529556274
1.0043902397156
1.0024390220642
.94910569985708
.96406503518422
.95365852117538
.98081300656001
.98406505584717
.98699188232422
.99951219558716
.98048782348633
.98813009262085
.93642276525497
.93398374319077
.94390243291855
.96308942635854
.99268293380737
.93983739614487
.96504064400991
.99512195587158
.93235772848129
.96747966607412
.95430894692739
.96439023812612
.95040649175644
1.0013008117676
.99186992645264
.90422763427099
.94520324468613
.9790244102478
.94146341085434
.96487804253896
1.0209755897522
.95398372411728
.94130080938339
.97154472271601
.98373983303706
.9882926940918
.96081300576528
.99983739852905
.96975610653559
.91170732180278
.93284553289413
.97154472271601
.93056911230087
.96764226754506
.93707317113876
1.0634146531423
.96813009182612
.98065040508906
.99821138381958
.91642276446025
.91528457403183
.96276422341665
.93967479467392
.94926828145981
.92536586523056
.96195121606191
.90780488650004
.97853658596675
.95512193441391
.95170732339223
.9731707572937
.96536586682002
.98032520214717
.96422763665517
.98308942715327
.99577236175537
.95252033074697
.98878049850464
.93886178731918
1.0175609588623
.93430894613266
.97056911389033
1.0078048706055
.96439023812612
.92113822698593
.93121951818466
.97739839553833
.98130083084106
.92536586523056
.93560975790024
1.0006504058838
.94325202703476
1.0102438926697
.96113818883896
.93560975790024
.99658536911011
.98406503597895
.99674797058105
.98569107055664
.92195123434067
.95869916677475
.94146341085434
.9721951285998
.94699186086655
.97170732418696
.94178861379623
.91951219240824
.94569104909897
.9063414533933
.96666665871938
1.0139837265015
.93691056966782
.94162601232529
.97967479626338
1.0013008117676
1.0014634132385
.99219512939453
.99902439117432
.97642276684443
.96520324548086
.95203250646591
.94130080938339
.96032520135244
.92569106817245
.95056909322739
.89788617690404
.91089431444804
.9557723402977
.95252031087875
.98260164260864
.95512193441391
.90243901809057
.95333331823349
.96601625283559
.97203252712886
.95447154839834
.93105691671371
.98048782348633
.98780488967896
.96130081017812
.95918699105581
.87918698787689
.97056911389033
.96227639913559
.99772355953852
.94260162115097
1.0014634132385
.90894309679667
.97073171536128
.89967479308446
.94943088293076
.96813007195791
.96504064400991
.97593496243159
.96292682488759
.98536586761475
1.0063414573669
.93333333730698
.96601625283559
1.0144715309143
.93252032995224
.9203252196312
.99040651321411
.98308944702148
.96065040429433
1.0008130073547
.99186992645264
.97121951977412
.9261788725853
.97154472271601
.94536584615707
.9193495909373
1.0029268264771
.96845529476802
.91983739535014
1.0112195014954
.90113820632299
.91934961080551
.9793496131897
.97317073742549
.94439025719961
.98455286026001
.92390245199203
.93869918584824
.93658536672592
.93967479467392
.98373985290527
.95869916677475
.97951219479243
.95658534765244
.92065042257309
.90878047545751
.9378861784935
.98032520214717
.93609756231308
.9824390411377
1.0079674720764
.94048780202866
.97983739773432
.94845527410507
.91837398211161
1.0102438926697
.93105691671371
.9066666563352
.93235772848129
.9468292593956
.97186992565791
.97284553448359
.93463414907455
.92487806081772
.95447152853012
.99560976028442
.96065038442612
.96601625283559
.92130082845688
.95642274618149
.93008130788803
.96292682488759
.94162601232529
.94910567998886
.92975610494614
.99902439117432
.92455285787582
.97040651241938
.8905690908432
.92260164022446
.92390245199203
.96666665871938
.96065040429433
1.0190243721008
.93430894613266
.95756095647812
.94032520055771
.93544715642929
.90991870562236
.89674796660741
.99284553527832
.96731706460317
.93073171377182
.97609756390254
.96146341164907
.95170730352402
.94520324468613
.91284553209941
.94910569985708
.93430894613266
.96796749035517
.95105689764023
.90943090120951
.9409756064415
.98211381832759
.91902440786362
.91024388869603
.9066666563352
.96991870800654
.89983739455541
.95235770940781
.92406505346298
.91300815343857
.93609756231308
.98390243450801
.99268293380737
.93918699026108
.95430894692739
.97821138302485
.90796746810277
.94747966527939
.96422763665517
.99203250805537
.92211383581161
.94113820791245
.93658536672592
.96894307931264
.89317073424657
.90260161956151
.96829267342885
.94699186086655
.92699187994003
1.0201625823975
.88097560405731
.93024390935898
.93235772848129
.95430894692739
.94081300497055
.85983741283417
.89626016219457
.96081300576528
.91658536593119
.96195121606191
.93869918584824
.92731708288193
.98146343231201
.88325202465057
.91853660345078
.91430896520615
.99203252792358
.94422763586044
.92260164022446
.96634145577749
.94178861379623
.93918699026108
.98504064480464
.91105689605077
.94894307851791
.93495935201645
.91674798727036
.95398372411728
.89658536513646
.85918700695038
.93089431524277
.96959350506465
.86666667461395
.90146340926488
.94666667779287
.95447154839834
.89024388790131
.95821136236191
.93934959173203
.94048780202866
.95837398370107
.9378861784935
.92162603139877
.92959350347519
.94292682409286
.97073171536128
.94504064321518
1.0019512176514
.9320325255394
.93707319100698
.86325204372406
.93609756231308
.89203252394994
.95089429616928
.9793496131897
.94276422262192
.9104065100352
.95121951897939
.95999997854233
.92991870641708
.87707316875458
.94878047704697
.92682927846909
.96276422341665
.91788619756699
.9141463637352
.91658538579941
.94813007116318
.91268293062846
.94081300497055
.96292682488759
.93560975790024
.91365853945414
.95138210058212
.91674798727036
.93528455495834
.9626016219457
.89349591732025
.91365853945414
.91463414827983
.94975608587265
.93821138143539
.90878049532572
.88130080699921
.91300813357035
.91203252474467
.91821140050888
.89528453350067
.96113820870717
.90227641661962
.91186992327372
.92569106817245
.9656910498937
.88617885112762
.90097560485204
.95203250646591
.90211381514867
.92439025640488
1.0016260147095
.97983737786611
.89349593718847
.90747968355815
.93609756231308
1.0299186706543
.97008130947749
.87837398052216
.90601625045141
.93252032995224
.99837398529053
.91463416814804
.9258536696434
.9258536696434
.90861789385478
.94666665792465
.97967479626338
.96569106976191
.93382114171982
.97056911389033
.9440650343895
.92878049612045
.96065040429433
.90634147326152
.881951212883
.90032519896825
.90796746810277
.93138211965561
.875772356987
.89951219161352
.92634147405624
.90878049532572
.89121949672699
.91333335638046
.91951219240824
.85609757900238
.89804877837499
.92715448141098
.89837398131688
.94292682409286
.84569106499354
.90764226516088
.90162601073583
.91495937108994
.92569106817245
.98504066467285
.9011382261912
.92097560564677
.94699186086655
.91105691591899
.85528457164764
.88666665554047
.90162601073583
.92601627111435
.86601626873016
.93186992406845
.9162601629893
.88520324230194
.87593495845795
.97056909402211
.88536584377289
.90536584456762
.94455283880234
.83691056569417
.9001625974973
.87495934963226
.89268290996552
.87821137905121
.85154471794764
.85886180400848
.84097562233607
.84048779805501
.88926827907562
.87967479228973
.8977235754331
.88308942317963
.87073171138763
.93089429537455
.88504064083099
.85398375988007
.82699185609818
.89186992247899
.84601624806722
.9279674688975
.86195123195648
.878861784935
.85382115840912
.90487806002299
.86536586284637
.8541463414828
.92764228582382
.85463416576385
.83512192964554
.88227641582489
.87414634227753
.91609756151835
.87739837169647
.82601624727249
.86243903636932
.85447156429291
.87382113933563
.89398372173309
.86650407314301
.79138213396072
.85089431206385
.86666667461395
.88682925701141
.8473170598348
.82146340608597
.82764226198196
.80943089723587
.82617886861165
.8730081319809
.87186992168427
.82178860902786
.85398374001185
.81934958696365
.83642276128133
.87056910991669
.8256910443306
.85333333412806
.86178863048553
.89886178572973
.77658536036809
.87203252315521
.88357722759247
.8609756231308
.8569105664889
.78146340449651
.84813008705775
.8167479634285
.8668292760849
.88146340847015
.77642275889715
.79056912660599
.80959349870682
.88504064083099
.85024390618006
.87414634227753
.8078048825264
.80552846193314
.7985365986824
.83154471715291
.84634147087733
.80439025163651
.7721951007843
.81577235460281
.83317073186239
.83333333333333
.77138211329778
.81382113695145
.8461788892746
.79772359132767
.83772357304891
.83138209581375
.78975611925125
.86227643489838
.81788617372513
.8167479634285
.87674796581268
.77739836772283
.78878051042557
0
0
0
0
0
0
0
0
0
0
0
0
0
0
0
0
0
0
0
0
0
0
0
0
0
0
0
0
0
0
0
0
0
0
0
0
0
0
0
0
0
0
0
0
0
0
0
0
0
0
0
0
0
0
0
0
0
0
0
0
0
0
0
0
0
0
0
0
0
0
0
0
0
0
0
0
0
0
0
0
0
0
0
0
0
0
0
0
0
0
0
0
0
0
0
0
0
0
0
0
0
0
0
0
0
0
0
0
0
0
0
0
0
0
0
0
0
0
0
0
0
0
0
0
0
0
0
0
0
0
0
0
0
0
0
0
0
0
0
0
0
0
0
0
0
0
0
0
0
0
0
0
0
0
0
0
0
0
0
0
0
0
0
0
0
0
0
0
0
0
0
0
0
0
0
0
0
0
0
0
0
0
0
0
0
0
0
0
0
0
0
0
0
0
0
0
0
0
0
0
0
0
0
0
0
0
0
0
0
0
0
0
0
0
0
0
0
0
0
0
0
0
0
0
0
0
0
0
0
0
0
0
0
0
0
0
0
0
0
0
0
0
0
0
0
0
0
0
0
0
0
0
0
0
0
0
0
0
0
0
0
0
0
0
0
0
0
0
0
0
0
0
0
0
0
0
0
0
0
0
0
0
0
0
0
0
0
0
0
0
0
0
0
0
0
0
0
0
0
0
0
0
0
0
0
0
0
0
0
0
0
0
0
0
0
0
0
0
0
0
0
0
0
0
0
0
0
0
0
0
0
0
0
0
0
0
0
0
0
0
0
0
0
0
0
0
0
0
0
0
0
0
0
0
0
0
0
0
0
0
0
0
0
0
0
0
0
0
0
0
0
0
0
0
0
0
0
0
0
0
0
0
0
0
0
0
0
0
0
0
0
0
0
0
0
0
0
0
0
0
0
0
0
0
0
0
0
0
0
0
0
0
0
0
0
0
0
0
0
0
0
0
0
0
0
0
0
0
0
0
0
0
0
0
0
0
0
0
0
0
0
0
0
0
0
0
0
0
0
0
0
0
0
0
0
0
0
0
0
0
0
0
0
0
0
0
0
0
0
0
0
0
0
0
0
0
0
0
0
0
0
0
0
0
0
0
0
0
0
0
0
0
0
0
0
0
0
0
0
0
0
0
0
0
0
0
0
0
0
0
0
0
0
0
0
0
0
0
0
0
0
0
0
0
0
0
0
0
0
0
0
0
0
0
0
0
0
0
0
0
0
0
0
0
0
0
0
0
0
0
0
0
0
0
0
0
0
0
0
0
0
0
0
0
0
0
0
0
0
0
0
0
0
0
0
0
0
0
0
0
0
0
0
0
0
0
0
0
0
0
0
0
0
0
0
0
0
0
0
0
0
0
0
0
0
0
0
0
0
0
0
0
0
0
0
0
0
0
0
0
0
0
0
0
0
0
0
0
0
0
0
0
0
0
0
0
0
0
0
0
0
0
0
0
0
0
0
0
0
0
0
0
0
0
0
0
0
0
0
0
0
0
0
0
0
0
0
0
0
0
0
0
0
0
0
0
0
0
0
0
0
0
0
0
0
0
0
0
0
0
0
0
0
0
0
0
0
0
0
0
0
0
0
0
0
0
0
0
0
0
0
0
0
0
0
0
0
0
0
0
0
0
0
0
0
0
0
0
0
0
0
0
0
0
0
0
0
0
0
0
0
0
0
0
0
0
0
0
0
0
0
0
0
0
0
0
0
0
0
0
0
0
0
0
0
0
0
0
0
0
0
0
0
0
0
0
0
0
0
0
0
0
0
0
0
0
0
0
0
0
0
0
0
0
0
0
0
0
0
0
0
0
0
0
0
0
0
0
0
0
0
0
0
0
0
0
0
0
0
0
0
0
0
0
0
0
0
0
0
0
0
0
0
0
0
0
0
0
0
0
0
0
0
0
0
0
0
0
0
0
0
0
0
0
0
0
0
0
0
0
0
0
0
0
0
0
0
0
0
0
0
0
0
0
0
0
0
0
0
0
0
0
0
0
0
0
0
0
0
0
0
0
0
0
0
0
0
0
0
0
0
0
0
0
0
0
0
0
0
0
0
0
0
0
0
0
0
0
0
0
0
0
0
0
0
0
0
0
0
0
0
0
0
0
0
0
0
0
0
0
0
0
0
0
0
0
0
0
0
0
0
0
0
0
0
0
0
0
0
0
0
0
0
0
0
0
0
0
0
0
0
0
0
0
0
0
0
0
0
0
0
0
0
0
0
0
0
0
0
0
0
0
0
0
0
0
0
0
0
0
0
0
0
0
0
0
0
0
0
0
0
0
0
0
0
0
0
0
0
0
0
0
0
0
0
0
0
0
0
0
0
0
0
0
0
0
0
0
0
0
0
0
0
0
0
0
0
0
0
0
0
0
0
0
0
0
0
0
0
0
0
0
0
0
0
0
0
0
0
0
0
0
0
0
0
0
0
0
0
0
0
0
0
0
0
0
0
0
0
0
0
0
0
0
0
0
0
0
0
0
0
0
0
0
0
0
0
0
0
0
0
0
0
0
0
0
0
0
0
0
0
0
0
0
0
0
0
0
0
0
0
0
0
0
0
0
0
0
0
0
0
0
0
0
0
0
0
0
0
0
0
0
0
0
0
0
0
0
0
0
0
0
0
0
0
0
0
0
0
0
0
0
0
0
0
0
0
0
0
0
0
0
0
0
0
0
0
0
0
0
0
0
0
0
0
0
0
0
0
0
0
0
0
0
0
0
0
0
0
0
0
0
0
0
0
0
0
0
0
0
0
0
0
0
0
0
0
0
0
0
0
0
0
0
0
0
0
0
0
0
0
0
0
0
0
0
0
0
0
0
0
0
0
0
0
0
0
0
0
0
0
0
0
0
0
0
0
0
0
0
0
0
0
0
0
0
0
0
0
0
0
0
0
0
0
0
0
0
0
0
0
0
0
0
0
0
0
0
0
0
0
0
0
0
0
0
0
0
0
0
0
0
0
0
0
0
0
0
0
0
0
0
0
0
0
0
0
0
0
0
0
0
0
0
0
0
0
0
0
0
0
0
0
0
0
0
0
0
0
0
0
0
0
0
0
0
0
0
0
0
0
0
0
0
0
0
0
0
0
0
0
0
0
0
0
0
0
0
0
0
0
0
0
0
0
0
0
0
0
0
0
0
0
0
0
0
0
0
0
0
0
0
0
0
0
0
0
0
0
0
0
0
0
0
0
0
0
0
0
0
0
0
0
0
0
0
0
0
0
0
0
0
0
0
0
0
0
0
0
0
0
0
0
0
0
0
0
0
0
0
0
0
0
0
0
0
0
0
0
0
0
0
0
0
0
0
0
0
0
0
0
0
0
0
0
0
0
0
0
0
0
0
0
0
0
0
0
0
0
0
0
0
0
0
0
0
0
0
0
0
0
0
0
0
0
0
0
0
0
0
0
0
0
0
0
0
0
0
0
0
0
0
0
0
0
0
0
0
0
0
0
0
0
0
0
0
0
0
0
0
0
0
0
0
0
0
0
0
0
0
0
0
0
0
0
0
0
0
0
0
0
0
0
0
0
0
0
0
0
0
0
0
0
0
0
0
0
0
0
0
0
0
0
0
0
0
0
0
0
0
0
0
0
0
0
0
0
0
0
0
0
0
0
0
0
0
0
0
0
0
0
0
0
0
0
0
0
0
0
0
0
0
0
0
0
0
0
0
0
0
0
0
0
0
0
0
0
0
0
0
0
0
0
0
0
0
0
0
