.72726033131282
.70765248934428
.71827342112859
.71813724438349
.71541394790014
.71868191162745
.73011982440948
.71772875388463
.721677561601
.71881810824076
.70724401871363
.72072440385818
.72358387708664
.71514161427816
.71840959787369
.73188998301824
.71677559614182
.71704792976379
.72249454259872
.71486928065618
.7239923675855
.73420478900274
.71922659873962
.71895426511765
.72508170207342
.71909040212631
.72086056073507
.73039217789968
.71949889262517
.73052833477656
.72440087795258
.72521787881851
.72344772020976
.73025600115458
.72698801755905
.715822438399
.71446079015732
.72331156333288
.72031589349111
.71432461341222
.72657952706019
.7135076324145
.72589870293935
.72630721330643
.7205882469813
.72181371847788
.72630719343821
.72385621070862
.72943900028865
.73366012175878
.7144607702891
.72399238745372
.7288943529129
.71718408664068
.71963506937027
.72222220897675
.71990740299225
.7169117530187
.71391612291336
.71881806850433
.72372003396352
.72576252619425
.72535405556361
.71772877375285
.72140522797902
.7241285443306
.71663941939672
.72126907110214
.72086058060328
.7167755762736
.72017975648244
.72072440385818
.71677559614182
.71963506937027
.72113289435705
.72344770034154
.7241285443306
.72194987535477
.71568628152212
.72753268480301
.72385621070862
.7133714556694
.72467321157455
.71663943926493
.71187363068263
.71990742286046
.7133714556694
.72058822711309
.72644335031509
.7147331237793
.7218137383461
.72453703482946
.71255447467168
.71813724438349
.71078431606293
.7241285443306
.71160131692886
.71119280656179
.721677561601
.7136438091596
.71909042199453
.73134531577428
.71772875388463
.71391614278158
.72058822711309
.71064813931783
.72017973661423
.73025600115458
.71881808837255
.72480936845144
.71759259700775
.7052015264829
.73161764939626
.73297929763794
.71241829792658
.71527779102325
.72086056073507
.70996731519699
.71663943926493
.71214596430461
.72017973661423
.71500545740128
.72385621070862
.70996733506521
.72426470120748
.72644335031509
.72099671761195
.72004357973735
.72344772020976
.71813726425171
.71922655900319
.72903050978978
.72113291422526
.71418845653534
.72807733217875
.72453703482946
.72480936845144
.72753266493479
.71936275561651
.72263071934382
.72603485981623
.71405227979024
.71609477202098
.72848584254583
.7229030529658
.7218137383461
.73080064853032
.72004357973735
.71718410650889
.72344770034154
.71609477202098
.72126907110214
.71963506937027
.71990740299225
.72794115543365
.72535401582718
.73134531577428
.72303920984268
.72930282354355
.72712419430415
.72222220897675
.73570261398951
.73311547438304
.73066447178523
.73297929763794
.74278322855632
.73651961485545
.72712419430415
.73583877086639
.72031591335932
.73270698388418
.72194989522298
.72344770034154
.72249454259872
.73869826396306
.72807735204697
.73720043897629
.72208605209986
.72045205036799
.72222222884496
.72467319170634
.71990740299225
.72372005383174
.73161762952805
.72576252619425
.72440085808436
.72916666666667
.71568630139033
.7252178589503
.73447714249293
.7156862616539
.7239923675855
.72045207023621
.71881808837255
.72086056073507
.72467319170634
.7194989323616
.71732026338577
.72099671761195
.71473310391108
.72126905123393
.72930282354355
.72045209010442
.72698803742727
.72208605209986
.71936273574829
.72344772020976
.72072438398997
.71255445480347
.71759259700775
.71990742286046
.7144607702891
.72671570380529
.71500543753306
.72576254606247
.72317538658778
.71868191162745
.72126905123393
.7169117530187
.72630719343821
.72698801755905
.71691177288691
.71718410650889
.71990740299225
.71840957800547
.72657950719198
.7301198442777
.71895424524943
.72889433304469
.72739650805791
.71405229965846
.71840959787369
.72576254606247
.70983115832011
.71527777115504
.72031591335932
.70438452561696
.70874182383219
.72399238745371
.71895424524943
.72058822711309
.72657950719198
.72494554519653
.72099673748016
.71881808837255
.71609475215276
.72753268480301
.72385621070862
.71759259700775
.71704794963201
.72317538658778
.72208605209986
.72453705469767
.73025600115458
.70887800057729
.72603487968445
.73420478900274
.72807735204697
.72126905123393
.72453705469767
.71623092889786
.7144607702891
.72358387708664
.71963508923848
.72140520811081
.71922657887141
.71868191162745
.7230392297109
.73325163125992
.71636710564295
.71977124611537
.7239923675855
.72576250632604
.72903050978978
.72113291422526
.71200980742772
.72535403569539
.72630719343821
.72467321157455
.72630719343821
.71949891249339
.73080064853032
.72426472107569
.72344772020976
.72589868307114
.72426470120748
.72358387708664
.73828975359599
.72072440385818
.72535403569539
.73828975359599
.72453703482946
.73284314076106
.73842593034108
.73311545451482
.72916666666667
.72848584254583
.73161764939626
.72930282354355
.74114922682444
.72957517703374
.7194989323616
.73297931750615
.71555010477702
.72984749078751
.73039215803146
.7238561908404
.72372005383174
.73597494761149
.72453703482946
.72317538658778
.72657950719198
.71663943926493
.72058822711309
.73052831490835
.71132898330688
.71854575475057
.72235836585363
.71990740299225
.71990740299225
.72045209010442
.72045209010442
.72017975648244
.7156862616539
.72385621070862
.72290303309758
.72657950719198
.72494554519653
.7229030529658
.72685184081395
.72358387708664
.71949891249339
.73815359671911
.71936275561651
.71759259700775
.72072440385818
.71772875388463
.73039213816325
.72453703482946
.74033224582672
.72753268480301
.73039215803146
.7393790880839
.72753266493479
.72576252619425
.7324346502622
.72508172194163
.71990742286046
.7238561908404
.71786493062973
.72630717357
.72072440385818
.71895424524943
.72453703482946
.72399238745371
.71541394790014
.71786491076152
.72794117530187
.715822438399
.70887800057729
.72834968566895
.72031591335932
.72480936845144
.73461329936981
.71800108750661
.71977122624715
.73393245538076
.72685186068217
.72440087795258
.72208605209986
.71132898330688
.71813726425171
.72276689608892
.72222220897675
.71160131692886
.72644335031509
.71936275561651
.72331156333288
.73052831490835
.71636708577474
.71718410650889
.72903050978978
.71854575475057
.72017973661423
.72753266493479
.72113289435705
.71854575475057
.73651961485545
.72140522797902
.72086056073507
.73420478900274
.72045207023621
.71881806850433
.72576252619425
.71119282643
.71541394790014
.72957515716553
.72072440385818
.71786493062973
.73311547438304
.73188998301824
.71963506937027
.72766886154811
.73910675446192
.72317536671956
.72603485981623
.72058822711309
.71963506937027
.71691177288691
.72766884167989
.71827344099681
.71813724438349
.73951524496078
.7147331237793
.71704792976379
.72412852446238
.72113289435705
.72617101669312
.72698801755905
.71922657887141
.72617101669312
.72943900028865
.72126907110214
.73161762952805
.72235838572184
.71568628152212
.71922657887141
.73638343811035
.70955882469813
.72875815629959
.72480936845144
.71977124611537
.72698803742727
.71963508923848
.71241829792658
.71854573488235
.72766884167989
.71350761254629
.71650326251984
.72222222884496
.71990742286046
.71909040212631
.72331154346466
.71854575475057
.72739652792613
.72726035118103
.72235840559006
.72562634944916
.72494554519653
.72467321157455
.72194987535477
.72644335031509
.72126907110214
.73052831490835
.72535401582718
.7156862616539
.72263069947561
.72698801755905
.71772873401642
.72263071934382
.72086058060328
.72576252619425
.71691177288691
.71405229965846
.72685186068217
.72249454259872
.72235838572184
.72208605209986
.7230392297109
.72617103656133
.73434096574783
.72712417443593
.72821350892385
.7393790880839
.72385621070862
.72154138485591
.72753266493479
.7145969470342
.7205882469813
.72957515716553
.72794117530187
.72222222884496
.73066451152166
.72698801755905
.73202613989512
.72644335031509
.7229030529658
.72508170207342
.72508170207342
.72943900028865
.73284312089284
.73039215803146
.72480936845144
.71813726425171
.72589868307114
.7229030529658
.72712417443593
.73052831490835
.72453703482946
.7310729821523
.73311547438304
.71282678842545
.72276689608892
.72494554519653
.72467321157455
.72276689608892
.71909040212631
.72549021244049
.72344772020976
.72807735204697
.72603483994802
.72426472107569
.72930282354355
.71840957800547
.72099671761195
.73406863212585
.72263071934382
.72794117530187
.72671568393707
.72916666666667
.73107296228409
.721677561601
.72603483994802
.72358387708664
.7252178589503
.73583879073461
.72303920984268
.73216231664022
.72453703482946
.71405229965846
.72058822711309
.72998364766439
.71772877375285
.72657950719198
.72862199942271
.72943900028865
.73052831490835
.73011980454127
.71895426511765
.71732026338577
.72194989522298
.71745642026265
.74005991220474
.75980391105016
.72780499855677
.72154140472412
.73461329936981
.71990742286046
.72617103656133
.72222222884496
.71568628152212
.72399238745372
.72930284341176
.71636710564295
.73216231664022
.7229030529658
.71990742286046
.71854573488235
.7229030529658
.71132898330688
.71500543753306
.71813726425171
.72126907110214
.71895424524943
.72017973661423
.72004357973735
.71936275561651
.72263073921204
.71173747380575
.72317538658778
.72344772020976
.71214596430461
.70983113845189
.72862199942271
.7169117530187
.71609477202098
.72031591335932
.72086056073507
.71786491076152
.72875817616781
.71800108750661
.71623092889786
.72698801755905
.72821348905563
.72603483994802
.72303920984268
.7322984735171
.72045207023621
.71732024351756
.73379629850388
.72862201929092
.71963506937027
.72508170207342
.7230392297109
.72344770034154
.72984749078751
.72099671761195
.73611110448837
.73366014162699
.72603485981623
.72617103656133
.72358387708664
.72017973661423
.72603485981623
.73284312089284
.72453703482946
.73093682527542
.73406863212585
.72154138485591
.72603485981623
.7252178589503
.72794117530187
.71623092889786
.73366012175878
.71868193149567
.71691177288691
.71568628152212
.72113289435705
.71895426511765
.72671568393707
.7180010676384
.71827342112859
.72739650805791
.72045207023621
.72372003396352
.72235836585363
.71527775128682
.71459696690242
.7147331237793
.72453703482946
.71909042199453
.72780499855677
.71745642026265
.71868191162745
.73120913902919
.71255447467168
.71200980742772
.71609479188919
.71228212118149
.71391610304515
.71650326251984
.70506536960602
.71023964881897
.71405227979024
.71241829792658
.71337147553762
.71255447467168
.71364378929138
.71377996603648
.71800108750661
.72726035118103
.70915033419927
.72276689608892
.72603485981623
.72113289435705
.71936273574829
.72535403569539
.71568628152212
.72126905123393
.73188998301824
.72562634944916
.71909042199453
.71936273574829
.72031589349111
.72875815629959
.72603483994802
.71922657887141
.71895426511765
.72549019257228
.71269063154856
.73052833477656
.71840959787369
.72549019257228
.72794117530187
.73134531577428
.71037582556407
.73025598128637
.72249454259872
.71636710564295
.72222220897675
.72344772020976
.71609477202098
.7230392297109
.71677561601003
.71868191162745
.72140522797902
.71718410650889
.72194987535477
.72140522797902
.72685186068217
.71691177288691
.72535401582718
.72058822711309
.70833333333333
.71595861514409
.71922657887141
.70710786183675
.71486928065618
.70969498157501
.71023964881897
.7205882469813
.73093680540721
.73134531577428
.71663941939672
.72603485981623
.73093682527542
.71800108750661
.73148147265116
.72004355986913
.72099671761195
.73379627863566
.73161764939626
.73611110448837
.72331154346466
.72807735204697
.72766884167989
.72889433304469
.72576252619425
.71282678842545
.72862199942271
.72426468133926
.72113289435705
.71636710564295
.72998364766439
.72045207023621
.72235838572184
.72630719343821
.72508170207342
.72685184081395
.72889433304469
.72358387708664
.72249456246694
.72889433304469
.72290303309759
.71977122624715
.72303920984268
.71745642026265
.72194987535477
.72834968566895
.72017973661423
.71732026338577
.73052831490835
.71160129706065
.71949891249339
.7299836675326
.71704792976379
.72358387708664
.7273964881897
.7205882469813
.71663943926493
.73080064853032
.71922655900319
.7124183177948
.72834966580073
.71255445480347
.71432461341222
.72780499855677
.72072440385818
.71881806850433
.71663943926493
.70710784196854
.72072440385818
.72562634944916
.71323529879252
.71881806850433
.72372003396352
.7230392297109
.72276689608892
.72222222884496
.72671568393707
.7147331237793
.71555012464523
.72508170207342
.72126905123393
.72562636931737
.72549019257228
.7156862616539
.7299836675326
.72916666666667
.72126907110214
.7227668762207
.7332516113917
.72031589349111
.71895424524943
.73216231664022
.71446079015732
.71977122624715
.72194989522298
.71868193149567
.72181371847789
.72848584254583
.72453705469767
.72399238745372
.73393245538076
.71827340126038
.72549019257228
.72971133391062
.72494552532832
.7229030529658
.72766886154811
.72440085808436
.72753266493479
.72603485981623
.73080064853032
.72385621070862
.72930282354355
.7227668762207
.72480938831965
.72794119517008
.71909042199453
.72480936845144
.73611110448837
.7218137383461
.72426470120748
.73733661572138
.72644335031509
.72331154346466
.72848582267761
.72712417443593
.72685186068217
.72644335031509
.71636710564295
.72480936845144
.73842591047287
.71623092889786
.73366012175878
.72903050978978
.73665577173233
.72862199942271
.72263071934382
.73924293120702
.72971133391062
.73011982440948
.73270696401596
.7299836675326
.73842593034108
.7324346502622
.72372003396352
.71868191162745
.73570261398951
.71759259700775
.7393790880839
.73897057771683
.72331154346466
.72971133391062
.72726035118103
.72971133391062
.72589868307114
.73679194847743
.73869824409485
.73188998301824
.7382897734642
.72766884167989
.73529412349065
.74645970265071
.74523419141769
.74496187766393
.75190631548564
.74577885866165
.73774508635203
.75462963183721
.74904684225718
.76429738601049
.76565903425217
.75735292832057
.78009257713954
.80065357685089
.80092591047287
.81549564997355
.83510347207387
.85157952706019
.88643791278203
.92742375532786
.97208605209986
1.0573256810506
1.1749727725983
1.3026960690816
1.4603758255641
1.5902777910233
1.6300381422043
1.6299020051956
1.5856481393178
1.5084422429403
1.4256535768509
1.3235294421514
1.2224945624669
1.1465141773224
1.0840141773224
1.023420492808
.9635076324145
.93232572078705
.89828433593114
.86533224582672
.84967321157455
.83605664968491
.80718954404195
.81331698099772
.80010892947515
.79452613989512
.78390522797902
.78022875388463
.77246731519699
.77641612291336
.77328429619471
.76252722740173
.75994008779526
.76851852734884
.75340414047241
.75531045595805
.75844226280848
.75354029734929
.75694443782171
.75422114133835
.74005991220474
.75136164824168
.7407407561938
.73869826396306
.73570263385773
.74741284052531
.73338780800501
.7489106853803
.73883442083995
.74455336729685
.73651961485545
.73978757858276
.72562636931737
.72916666666667
.7332516113917
.73338780800502
.73543028036753
.74087689320246
.72916666666667
.73420478900274
.73992375532786
.72903050978978
.72344772020976
.73883444070816
.72535403569539
.72113289435705
.73638343811035
.72344772020976
.73188996315002
.72644335031509
.71922655900319
.73229845364889
.74332787593206
.73883442083995
.73869824409485
.73747277259827
.73760890960693
.72562634944916
.73148147265116
.74019608894984
.7229030529658
.72222220897675
.72930284341176
.71650328238805
.71909042199453
.72303920984268
.72086056073507
.7312091588974
.73311547438304
.71704792976379
.72276689608892
.72671570380529
.72440085808436
.72549019257228
.7299836675326
.72984747091929
.7229030529658
.73379629850388
.71718410650889
.7407407561938
.72943898042043
.73052833477656
.72194989522298
.72685184081395
.71827342112859
.72235838572184
.73692810535431
.72807733217875
.7241285443306
.7310729821523
.72617103656133
.71881808837255
.72821350892385
.72943898042043
.72194987535477
.72208607196808
.71459696690241
.72372003396352
.72875815629959
.71813724438349
.72331154346466
.72385621070862
.72331154346466
.7169117530187
.72045207023621
.72126907110214
.72943900028865
.7310729821523
.71840959787369
.71881808837255
.72766884167989
.71405227979024
.71881806850433
.7250816822052
.71868193149567
.71527777115504
.71132896343867
.71813726425171
.71092047293981
.72317536671956
.72848584254583
.73039215803146
.72453703482946
.73420480887095
.72140522797902
.73502178986867
.74142156044642
.71936275561651
.73039215803146
.74046842257182
.72589870293935
.72617101669312
.73420478900274
.732162296772
.72167754173279
.73366012175878
.71895426511765
.72453705469767
.72794117530187
.72644335031509
.72072440385818
.73434096574783
.72494554519653
.72208605209986
.73052831490835
.72630719343821
.72440087795258
.72549019257228
.72140522797902
.7218137383461
.73624726136525
.72862199942271
.72671568393707
.72126905123393
.71418845653534
.72181371847788
.73570261398951
.71922659873962
.72167758146922
.71772875388463
.71732026338577
.71909042199453
.72576254606247
.72372003396352
.73039215803146
.73638341824214
.72671568393707
.73039215803146
.7406045794487
.72766886154811
.72657950719198
.72848584254583
.71909040212631
.72344770034154
.73080064853032
.72984751065572
.72644335031509
.73406863212585
.73720041910807
.72358387708664
.73039215803146
.73992375532786
.72766886154811
.72739652792613
.7288943529129
.72317538658778
.72739652792613
.73992375532786
.72739652792613
.72385621070862
.73080064853032
.72385621070862
.73080064853032
.73447714249293
.72889433304469
.73651959498723
.73434094587962
.72916664679845
.7299836675326
.73284312089284
.7252178589503
.72971131404241
.73611110448837
.72875815629959
.72521787881851
.73148149251938
.71023964881897
.72031591335932
.73284314076106
.715822438399
.7218137383461
.7346132795016
.71718408664068
.71800108750661
.7238561908404
.71418845653534
.72671566406886
.7324346502622
.72426470120748
.72154138485591
.73216231664022
.72535403569539
.71732026338577
.73080064853032
.72017973661423
.72140522797902
.71909040212631
.72535401582718
.72426470120748
.72453703482946
.72739650805791
.72317540645599
.72535401582718
.72086058060328
.73080066839854
.72372005383174
.72222220897675
.72467321157455
.72086056073507
.72617101669312
.71909042199453
.71840957800547
.73120913902918
.72072440385818
.72562634944916
.72194987535477
.7133714556694
.72263071934382
.72181371847789
.72766882181168
.72303920984268
.72086056073507
.71296298503876
.72017973661423
.72903048992157
.72957517703374
.71745642026265
.72453703482946
.71936275561651
.71949889262517
.71759259700775
.73502177000046
.73788126309713
.71745642026265
.71132896343867
.71895426511765
.72603485981623
.71500545740128
.71418845653534
.72766884167989
.7250816822052
.72971135377884
.71759259700775
.72535403569539
.71269065141678
.732162296772
.71636710564295
.71282680829366
.73529410362244
.7156862616539
.71486928065618
.72194989522298
.71840957800547
.71813726425171
.72385621070862
.70915031433105
.72753268480301
.72440085808436
.72004355986913
.7252178589503
.72930284341176
.71200980742772
.72412852446238
.73052833477656
.72957517703374
.72004357973735
.72549019257228
.72208605209986
.71650326251984
.72222222884496
.72848584254583
.72263071934382
.72549019257228
.72726035118103
.72017973661423
.72154140472412
.73420480887095
.72617101669312
.72385621070862
.71813726425171
.71064813931783
.7229030529658
.73052833477656
.72167754173279
.721677561601
.73080064853032
.72303920984268
.72453703482946
.72303920984268
.71677559614182
.71881806850433
.72235838572184
.72208605209986
.72222222884496
.73066449165344
.71582241853078
.71595859527588
.72181371847789
.71718408664068
.71704792976379
.72821350892385
.72031591335932
.73039213816325
.73924291133881
.72303920984268
.7229030529658
.72372003396352
.71500543753306
.72726035118103
.71786493062973
.71486928065618
.71909040212631
.72208605209986
.71418845653534
.72426472107569
.72862199942271
.72780501842499
.72208605209986
.72331156333288
.72494552532832
.71078429619471
.72930284341176
.72508170207342
.72562634944916
.72889433304469
.72753268480301
.72834966580073
.72957515716553
.71990740299225
.71255447467168
.72222220897675
.74196622769038
.72712417443593
.72726033131282
.73025600115458
.71922659873962
.73080066839854
.73148147265116
.72467321157455
.72276689608892
.72263071934382
.71895426511765
.72331154346466
.7252178589503
.72222222884496
.72181371847788
.73311545451482
.72739650805791
.72181371847788
.72834966580073
.72235838572184
.72698801755905
.72113289435705
.72657950719198
.72916664679845
.73134531577428
.7230392297109
.71868189175924
.72126905123393
.71990740299225
.71691177288691
.73406863212585
.72031589349111
.71963506937027
.73120913902918
.72263071934382
.73080064853032
.73529414335887
.73284312089284
.72794115543365
.72058822711309
.71854575475057
.71909042199453
.7252178589503
.72562636931737
.72004357973735
.71786493062973
.71527777115504
.71650328238805
.72113289435705
.71786491076152
.71132896343867
.72617101669312
.7050653497378
.72399238745371
.7145969470342
.72589870293935
.72317538658778
.72903048992157
.71609477202098
.71949891249339
.72630717357
.73011982440948
.71800108750661
.71704792976379
.72739650805791
.72004355986913
.71609477202098
.73842593034108
.72521783908208
.73080064853032
.72889433304469
.71990740299225
.72766886154811
.73828973372777
.71813726425171
.72807733217875
.73393245538076
.7313453356425
.72562636931737
.7252178589503
.72780501842499
.71977124611537
.72235838572184
.71092047293981
.71949891249339
.72535403569539
.71514159440994
.7145969470342
.71963508923848
.70261436700821
.71677559614182
.72099671761195
.70547386010488
.71377996603648
.71282678842545
.70561003684998
.70860566695531
.72331154346466
.71963506937027
.71745644013087
.73175382614136
.71745642026265
.72453703482946
.71854577461878
.71936273574829
.71745644013087
.72630719343821
.71650326251984
.71691177288691
.73434094587962
.71732028325399
.71909042199453
.72562636931737
.7144607702891
.71936273574829
.72426472107569
.71541394790014
.73093682527542
.72630719343821
.71650326251984
.7241285443306
.71881808837255
.71977124611537
.71854575475057
.72058822711309
.72780501842499
.72154140472412
.71922659873962
.73093682527542
.71677559614182
.71827342112859
.71677559614182
.72154138485591
.72045205036799
.72004357973735
.71772877375285
.72222220897675
.72671568393707
.7136438091596
.71990742286046
.72358387708664
.71555012464523
.71105664968491
.72644335031509
.71514161427816
.72154138485591
.7252178589503
.72194989522298
.7229030529658
.73011982440948
.7169117530187
.72140522797902
.7205882469813
.7145969470342
.71405227979024
.72453703482946
.71092049280802
.71051198244095
.72589868307114
.71827344099681
.72331154346466
.72453703482946
.721677561601
.72058822711309
.71459696690241
.72113289435705
.71827342112859
.72603485981623
.71595859527588
.72167754173279
.72875815629959
.73529410362244
.72126905123393
.72494554519653
.72807735204697
.72126905123393
.71813724438349
.71078429619471
.72331154346466
.73188998301824
.71772875388463
.72208607196808
.72154140472412
.72875817616781
.71936273574829
.73025598128637
.721677561601
.72317538658778
.72589868307114
.71881808837255
.72576252619425
.72235838572184
.7250816822052
.71868191162745
.71895424524943
.72698801755905
.71990742286046
.72807735204697
.72807735204697
.72453705469767
.7288943529129
.72508170207342
.72331156333288
.71623092889786
.72943900028865
.71568628152212
.72535403569539
.72004357973735
.71990740299225
.71977124611537
.72113289435705
.72562634944916
.72780501842499
.72698801755905
.72916666666667
.72249456246694
.73311545451482
.72140522797902
.72780501842499
.72344772020976
.71636712551117
.72576252619425
.72535401582718
.72113289435705
.72358387708664
.75735294818878
.72154138485591
.72181371847788
.72317538658778
.71214596430461
.7241285443306
.73325163125992
.72045207023621
.72549021244049
.72930284341176
.72263071934382
.72794117530187
.73406863212585
.71636708577474
.72385623057683
.72698801755905
.71990742286046
.72317536671956
.73760892947515
.73039215803146
.72181371847789
.72971133391062
.73856208721797
.7301198442777
.72671568393707
.74632354577382
.73188998301824
.73406863212585
.7415577173233
.72630719343821
.74264705181122
.73420478900274
.72943900028865
.72821350892385
.73379629850388
.7310729821523
.72372005383174
.73216231664022
.72780499855677
.7227668762207
.72140522797902
.71623092889786
.71745642026265
.72657952706019
.72535403569539
.71595861514409
.7241285443306
.71446079015732
.72126905123393
.71881808837255
.71255445480347
.72072440385818
.71650328238805
.70792482296626
.71309914191564
.73842593034108
.7156862616539
.71214596430461
.72739650805791
.72331154346466
.72943900028865
.72712417443593
.72957517703374
.71895426511765
.72004355986913
.71881806850433
.71650328238805
.72685184081395
.72875815629959
.72317538658778
.73379629850388
.71813724438349
.71786493062973
.71936273574829
.71514161427816
.71486928065618
.72916668653488
.71296294530233
.72113289435705
.72154140472412
.72235836585363
.71813726425171
.72181371847788
.71936275561651
.71595861514409
.71704792976379
.72739650805791
.71282678842545
.72807733217875
.72603485981623
.72617101669312
.71990742286046
.71827342112859
.72303920984268
.72671568393707
.7238561908404
.7122821410497
.72984749078751
.7238561908404
.71663943926493
.71759257713954
.72344772020976
.71241829792658
.70955882469813
.71541394790014
.71718408664068
.72045207023621
.71745642026265
.71541394790014
.72249454259872
.72971133391062
.72426472107569
.72167758146922
.72263071934382
.7241285443306
.72086058060328
.72739652792613
.72113287448883
.71704792976379
.72794119517008
.72589868307114
.72753268480301
.72549019257228
.72617101669312
.73161764939626
.73039215803146
.71895424524943
.7205882469813
.72194989522298
.71732026338577
.71555010477702
.72358387708664
.73175380627314
.73243463039398
.73270696401596
.72017975648244
.72440087795258
.72903048992157
.72562636931737
.72943900028865
.72998364766439
.73801741997401
.72603483994802
.7241285443306
.73216231664022
.71909040212631
.71881808837255
.72549019257228
.71854575475057
.71663943926493
.71949889262517
.72453705469767
.72603485981623
.72494552532832
.7241285443306
.72317538658778
.72807735204697
.72467321157455
.72766884167989
.72045207023621
.71840957800547
.71840957800547
.72603485981623
.71895424524943
.73025600115458
.73434094587962
.71527779102325
.72440085808436
.73216231664022
.72235838572184
.71759257713954
.72657950719198
.72426470120748
.72453701496124
.72562634944916
.72344770034154
.71704792976379
.72794117530187
.71800108750661
.72848582267761
.73393245538076
.71854575475057
.72222222884496
.73039215803146
.71868193149567
.71228212118149
.73011982440948
.70996731519699
.71446079015732
.72263071934382
.71786491076152
.71745644013087
.72126905123393
.7230392297109
.72903050978978
.73011982440948
.71868191162745
.72072440385818
.73270696401596
.71663943926493
.7227668762207
.72276689608892
.72862199942271
.72576252619425
.72385621070862
.72099673748016
.7145969470342
.71486928065618
.72957515716553
.71800108750661
.72167754173279
.72508170207342
.71473310391108
.7239923675855
.71786491076152
.71418845653534
.72004355986913
.72984749078751
.71868191162745
.7169117530187
.71827342112859
.71092049280802
.71854575475057
.71119282643
.71500543753306
.71105662981669
.71173747380575
.71881808837255
.72208605209986
.7299836675326
.7133714556694
.72113289435705
.73175380627314
.71881806850433
.71977124611537
.72630717357
.72017973661423
.72358389695485
.72480934858322
.70887800057729
.71786493062973
.72671570380529
.71663943926493
.73011982440948
.7145969470342
.72494554519653
.71432461341222
.72031589349111
.71200980742772
.70724399884542
.72099673748016
.71541394790014
.71486928065618
.72453701496124
.7239923675855
.72984749078751
.74237473805745
.73025598128637
.74850219488144
.72984751065572
.72657952706019
.73515796661377
.73175382614136
.73488561312358
.73148147265116
.72984751065572
.73420478900274
.72194989522298
.72317538658778
.732162296772
.72072440385818
.72453703482946
.72685184081395
.71840959787369
.71269061168035
.72194987535477
.72644337018331
.72222220897675
.72698801755905
.70833333333333
.72685186068217
.72671568393707
.72372005383174
.72549021244049
.73216231664022
.72603487968445
.7238561908404
.73910673459371
.72058822711309
.72630719343821
.72916666666667
.72603485981623
.73148149251938
.73175380627314
.72589870293935
.72358385721842
.73188998301824
.72181371847788
.72045205036799
.72045207023621
.72494552532832
.72140522797902
.72862201929092
.715822438399
.71527775128682
.72372003396352
.72453703482946
.72726035118103
.72344772020976
.71282680829366
.71718408664068
.73393247524897
.71377996603648
.72834968566895
.72971133391062
.72440087795258
.72589868307114
.73543028036753
.71977124611537
.72303920984268
.72657952706019
.71405227979024
.72494554519653
.73134529590607
.73202613989512
.72017973661423
.72794117530187
.73760892947515
.71663943926493
.71909044186274
.732162296772
.71854575475057
.73720041910807
.73066447178523
.71759259700775
.72671570380529
.72208605209986
.71527779102325
.72494552532832
.73175382614136
.72276689608892
.71759259700775
.73597494761149
.72508170207342
.72834966580073
.7382897734642
.71568628152212
.72480938831965
.73774510622025
.72072440385818
.72916666666667
.72685186068217
.7169117530187
.72194989522298
.72821350892385
.71759259700775
.7218137383461
.73011980454127
.7039760351181
.71568628152212
.71854575475057
.7205882469813
.71759259700775
.72208605209986
.71745644013087
.72480936845144
.7238561908404
.72426472107569
.71990740299225
.72426472107569
.71432461341222
.7252178589503
.72930282354355
.71337147553762
.71568628152212
.7229030529658
.71977124611537
.72589870293935
.72698801755905
.7205882469813
.70915033419927
.72821350892385
.71623094876607
.71881808837255
.71800108750661
.72657950719198
.71568628152212
.72317538658778
.72807735204697
.71663941939672
.75217864910762
.72916666666667
.7299836675326
.7229030529658
.72494554519653
.71718410650889
.721677561601
.72617101669312
.71636708577474
.72494552532832
.71854575475057
.71922657887141
.71691177288691
.72467321157455
.70969500144323
.72235838572184
.73052833477656
.7241285443306
.73325163125992
.73910675446192
.71555010477702
.72807735204697
.73366014162699
.72263071934382
.71827342112859
.71718408664068
.71500545740128
.72562636931737
.73406861225764
.73025600115458
.72903048992157
.72807733217875
.71623092889786
.72930282354355
.72726035118103
.72930282354355
.72167754173279
.72889433304469
.72086056073507
.72181371847788
.73461329936981
.72181371847788
.72222222884496
.73134531577428
.72834968566895
.72848582267761
.72535403569539
.71949891249339
.72671568393707
.73311547438304
.71827342112859
.72726035118103
.73188998301824
.73284314076106
.74877452850342
.73924293120702
.7393790880839
.73080064853032
.72372003396352
.7312091588974
.72712419430415
.73624728123347
.73978755871455
.72126905123393
.721677561601
.73052831490835
.72971133391062
.72317536671956
.7310729821523
.72412852446238
.72712419430415
.73161764939626
.72058822711309
.71609477202098
.73760892947515
.70915033419927
.72467319170634
.73611110448837
.71718410650889
.72113289435705
.73107296228409
.72821348905563
.72263073921204
.72508170207342
.72249456246694
.721677561601
.72807735204697
.71977122624715
.71555010477702
.72617101669312
.72426470120748
.70561001698176
.72589868307114
.72249456246694
.71663941939672
.72494552532832
.71977124611537
.71514159440994
.72671568393707
.7145969470342
.71786493062973
.71677559614182
.7229030529658
.72113289435705
.7229030529658
.71595861514409
.70996731519699
.71718408664068
.71595861514409
.71527777115504
.71391610304515
.71241829792658
.71473310391108
.72031591335932
.70846951007843
.71078429619471
.70724401871363
.72208603223165
.71051198244095
.71282680829366
.72113289435705
.7075163324674
.71922657887141
.71555012464523
.70969500144323
.71187365055084
.71704792976379
.70383985837301
.70792484283447
.70356754461924
.70465685923894
.70710784196854
.71418845653534
.70098040501277
.69893791278203
.71473310391108
.70002722740173
.70506536960602
.70206969976425
.70533768335978
.69498912493388
.70084422826767
.69389979044596
.69662310679754
.70615468422572
.69498910506566
.68246187766393
.69907406965892
.67892156044642
.69212961196899
.69349128007889
.68001089493434
.67715140183767
.68409585952759
.68927015860875
.67524508635203
.68654684225718
.67442810535431
.67565359671911
.67483659585317
.66244552532832
.66299019257228
.66230936845144
.63725489377975
.64215685923894
.64283768335978
.64515250921249
.62881263097127
.62922114133835
.61424291133881
.61111110448837
.60688998301824
.5897331237793
.59286493062973
.58428649107615
.56549563010534
.56794663270315
.55487473805745
.52301198244095
.58578429619471
0
0
0
0
0
0
0
0
0
0
0
0
0
0
0
0
0
0
0
0
0
0
0
0
0
0
0
0
0
0
0
0
0
0
0
0
0
0
0
0
0
0
0
0
0
0
0
0
0
0
0
0
0
0
0
0
0
0
0
0
0
0
0
0
0
0
0
0
0
0
0
0
0
0
0
0
0
0
0
0
0
0
0
0
0
0
0
0
0
0
0
0
0
0
0
0
0
0
0
0
0
0
0
0
0
0
0
0
0
0
0
0
0
0
0
0
0
0
0
0
0
0
0
0
0
0
0
0
0
0
0
0
0
0
0
0
0
0
0
0
0
0
0
0
0
0
0
0
0
0
0
0
0
0
0
0
0
0
0
0
0
0
0
0
0
0
0
0
0
0
0
0
0
0
0
0
0
0
0
0
0
0
0
0
0
0
0
0
0
0
0
0
0
0
0
0
0
0
0
0
0
0
0
0
0
0
0
0
0
0
0
0
0
0
0
0
0
0
0
0
0
0
0
0
0
0
0
0
0
0
0
0
0
0
0
0
0
0
0
0
0
0
0
0
0
0
0
0
0
0
0
0
0
0
0
0
0
0
0
0
0
0
0
0
0
0
0
0
0
0
0
0
0
0
0
0
0
0
0
0
0
0
0
0
0
0
0
0
0
0
0
0
0
0
0
0
0
0
0
0
0
0
0
0
0
0
0
0
0
0
0
0
0
0
0
0
0
0
0
0
0
0
0
0
0
0
0
0
0
0
0
0
0
0
0
0
0
0
0
0
0
0
0
0
0
0
0
0
0
0
0
0
0
0
0
0
0
0
0
0
0
0
0
0
0
0
0
0
0
0
0
0
0
0
0
0
0
0
0
0
0
0
0
0
0
0
0
0
0
0
0
0
0
0
0
0
0
0
0
0
0
0
0
0
0
0
0
0
0
0
0
0
0
0
0
0
0
0
0
0
0
0
0
0
0
0
0
0
0
0
0
0
0
0
0
0
0
0
0
0
0
0
0
0
0
0
0
0
0
0
0
0
0
0
0
0
0
0
0
0
0
0
0
0
0
0
0
0
0
0
0
0
0
0
0
0
0
0
0
0
0
0
0
0
0
0
0
0
0
0
0
0
0
0
0
0
0
0
0
0
0
0
0
0
0
0
0
0
0
0
0
0
0
0
0
0
0
0
0
0
0
0
0
0
0
0
0
0
0
0
0
0
0
0
0
0
0
0
0
0
0
0
0
0
0
0
0
0
0
0
0
0
0
0
0
0
0
0
0
0
0
0
0
0
0
0
0
0
0
0
0
0
0
0
0
0
0
0
0
0
0
0
0
0
0
0
0
0
0
0
0
0
0
0
0
0
0
0
0
0
0
0
0
0
0
0
0
0
0
0
0
0
0
0
0
0
0
0
0
0
0
0
0
0
0
0
0
0
0
0
0
0
0
0
0
0
0
0
0
0
0
0
0
0
0
0
0
0
0
0
0
0
0
0
0
0
0
0
0
0
0
0
0
0
0
0
0
0
0
0
0
0
0
0
0
0
0
0
0
0
0
0
0
0
0
0
0
0
0
0
0
0
0
0
0
0
0
0
0
0
0
0
0
0
0
0
0
0
0
0
0
0
0
0
0
0
0
0
0
0
0
0
0
0
0
0
0
0
0
0
0
0
0
0
0
0
0
0
0
0
0
0
0
0
0
0
0
0
0
0
0
0
0
0
0
0
0
0
0
0
0
0
0
0
0
0
0
0
0
0
0
0
0
0
0
0
0
0
0
0
0
0
0
0
0
0
0
0
0
0
0
0
0
0
0
0
0
0
0
0
0
0
0
0
0
0
0
0
0
0
0
0
0
0
0
0
0
0
0
0
0
0
0
0
0
0
0
0
0
0
0
0
0
0
0
0
0
0
0
0
0
0
0
0
0
0
0
0
0
0
0
0
0
0
0
0
0
0
0
0
0
0
0
0
0
0
0
0
0
0
0
0
0
0
0
0
0
0
0
0
0
0
0
0
0
0
0
0
0
0
0
0
0
0
0
0
0
0
0
0
0
0
0
0
0
0
0
0
0
0
0
0
0
0
0
0
0
0
0
0
0
0
0
0
0
0
0
0
0
0
0
0
0
0
0
0
0
0
0
0
0
0
0
0
0
0
0
0
0
0
0
0
0
0
0
0
0
0
0
0
0
0
0
0
0
0
0
0
0
0
0
0
0
0
0
0
0
0
0
0
0
0
0
0
0
0
0
0
0
0
0
0
0
0
0
0
0
0
0
0
0
0
0
0
0
0
0
0
0
0
0
0
0
0
0
0
0
0
0
0
0
0
0
0
0
0
0
0
0
0
0
0
0
0
0
0
0
0
0
0
0
0
0
0
0
0
0
0
0
0
0
0
0
0
0
0
0
0
0
0
0
0
0
0
0
0
0
0
0
0
0
0
0
0
0
0
0
0
0
0
0
0
0
0
0
0
0
0
0
0
0
0
0
0
0
0
0
0
0
0
0
0
0
0
0
0
0
0
0
0
0
0
0
0
0
0
0
0
0
0
0
0
0
0
0
0
0
0
0
0
0
0
0
0
0
0
0
0
0
0
0
0
0
0
0
0
0
0
0
0
0
0
0
0
0
0
0
0
0
0
0
0
0
0
0
0
0
0
0
0
0
0
0
0
0
0
0
0
0
0
0
0
0
0
0
0
0
0
0
0
0
0
0
0
0
0
0
0
0
0
0
0
0
0
0
0
0
0
0
0
0
0
0
0
0
0
0
0
0
0
0
0
0
0
0
0
0
0
0
0
0
0
0
0
0
0
0
0
0
0
0
0
0
0
0
0
0
0
0
0
0
0
0
0
0
0
0
0
0
0
0
0
0
0
0
0
0
0
0
0
0
0
0
0
0
0
0
0
0
0
0
0
0
0
0
0
0
0
0
0
0
0
0
0
0
0
0
0
0
0
0
0
0
0
0
0
0
0
0
0
0
0
0
0
0
0
0
0
0
0
0
0
0
0
0
0
0
0
0
0
0
0
0
0
0
0
0
0
0
0
0
0
0
0
0
0
0
0
0
0
0
0
0
0
0
0
0
0
0
0
0
0
0
0
0
0
0
0
0
0
0
0
0
0
0
0
0
0
0
0
0
0
0
0
0
0
0
0
0
0
0
0
0
0
0
0
0
0
0
0
0
0
0
0
0
0
0
0
0
0
0
0
0
0
0
0
0
0
0
0
0
0
0
0
0
0
0
0
0
0
0
0
0
0
0
0
0
0
0
0
0
0
0
0
0
0
0
0
0
0
0
0
0
0
0
0
0
0
0
0
0
0
0
0
0
0
0
0
0
0
0
0
0
0
0
0
0
0
0
0
0
0
0
0
0
0
0
0
0
0
0
0
0
0
0
0
0
0
0
0
0
0
0
0
0
0
0
0
0
0
0
0
0
0
0
0
0
0
0
0
0
0
0
0
0
0
0
0
0
0
0
0
0
0
0
0
0
0
0
0
0
0
0
0
0
0
0
0
0
0
0
0
0
0
0
0
0
0
0
0
0
0
0
0
0
0
0
0
0
0
0
0
0
0
0
0
0
0
0
0
0
0
0
0
0
0
0
0
0
0
0
0
0
0
0
0
0
0
0
0
0
0
0
0
0
0
0
0
0
0
0
0
0
0
0
0
0
0
0
0
0
0
0
0
0
0
0
0
0
0
0
0
0
0
0
0
0
0
0
0
0
0
0
0
0
0
0
0
0
0
0
0
0
0
0
0
0
0
0
0
0
0
0
0
0
0
0
0
0
0
0
0
0
0
0
0
0
0
0
0
0
0
0
0
0
0
0
0
0
0
0
0
0
0
0
0
0
0
0
0
0
0
0
0
0
0
0
0
0
0
0
0
0
0
0
0
0
0
0
0
0
0
0
0
0
0
0
0
0
0
0
0
0
0
0
0
0
0
0
0
0
0
0
0
0
0
0
0
0
0
0
0
0
0
0
0
0
0
0
0
0
0
0
0
0
0
0
0
0
0
0
0
0
0
0
0
0
0
0
0
0
0
0
0
0
0
0
0
0
0
0
0
0
0
0
0
0
0
0
0
0
0
0
0
0
0
0
0
0
0
0
0
0
0
0
0
0
0
0
0
0
0
0
0
0
0
0
0
0
0
0
0
0
0
0
0
0
0
0
0
0
0
0
0
0
0
0
0
0
0
0
0
0
0
0
0
0
0
0
0
0
0
0
0
0
0
0
0
0
0
0
0
0
0
0
0
0
0
0
0
0
0
0
0
0
0
0
0
0
0
0
0
0
0
0
0
0
0
0
0
0
0
0
0
0
0
0
0
0
0
0
0
0
0
0
0
0
0
0
0
0
0
0
0
0
0
0
0
0
0
0
0
0
0
0
0
0
0
0
0
0
0
0
0
0
0
0
0
0
0
0
0
0
0
0
0
0
0
0
0
0
0
0
0
0
0
0
0
0
0
0
0
0
0
0
0
0
0
0
0
0
0
0
0
0
0
0
0
0
0
0
0
0
0
0
0
0
0
0
0
0
0
0
0
0
0
0
0
0
0
0
0
0
0
0
0
0
0
0
0
0
0
0
0
0
0
0
0
0
0
0
0
0
0
0
0
0
0
0
0
0
0
0
0
0
0
