.60435779889425
.82186545928319
.6433486143748
1.0355504751205
.66016819079717
.79587157567342
.71597858270009
.82377676169078
.46062691013018
.77943426370621
.65328745047251
.72400611639023
.54166668653488
.73318044344584
.53172783056895
.72859328985214
.59480122725169
.80542812744776
.64258408546448
.74044342835744
.50764527916908
.83371559778849
.66513762871424
.922782878081
.55084097385406
.70068806409836
.49961773554484
.76146789391836
.57683487733205
.75229356686274
.75191130240758
.83677371342977
.50764525930087
.78211007515589
.53669724861781
.70795106887817
.49541283647219
.68692660331726
.43042813738187
.82759940624237
.55466361840566
.70527521769206
.48853210608164
.7564984758695
.47171253959338
.70145259300868
.47247705856959
.67889908949534
.57033640146255
.61773699522018
.57759938637416
.66246177752813
.38149846593539
.65366971492767
.41704893112183
.66093271970749
.46712538599968
.59824158747991
.49273700515429
.60091743866603
.37614678343137
.57645257314046
.48509174585342
.73050457239151
.39220184087753
.53058104713758
.45107033848763
.59097860256831
.44724770387014
.69457187255224
.55160550276438
.69801223278046
.42584097385406
.57645259300868
.50152904788653
.58562690019608
.48126911123594
.54625382026037
.44686544934909
.54701834917068
.35665136575699
.62920488913854
.44610092043877
.6257645090421
.375
.68157492081324
.37691131234169
.58830275138219
.43769113222758
.60282876094182
.44074922800064
.48547400037448
.48585626482964
.60932721694311
.38799694180489
.55733944972356
.47056575616201
.49961773554484
.32492354512215
.45298166076342
.39143730203311
.48547401030858
.35168195764224
.54892967144648
.39181956648827
.53440368175507
.43577980995178
.6158256928126
.32683486739794
.50038226445516
.43769112229347
.59747707843781
.27331804235776
.50611621141434
.42660550276438
.3952599465847
.30007644494375
.49655962983767
.34900611639023
.55810397863388
.31077980995178
.46941895286242
.33027522762616
.44992354512215
.29892965157827
.49885321656863
.22018348673979
.48509174585342
.33524464567502
.51796634991964
.31154434879621
.40825686852137
.35932721694311
.48929664492607
.29128440221151
.39755351344744
.24808868765831
.33142201105754
.27064220110575
.42545870939891
.25535167753696
.31880734364192
.28440367182096
.43463302652041
.34327216943105
.28287462393443
.24388378858566
.41934250791868
.26337920626005
.42545871933301
.21406727532546
.38990825414658
.36659021178881
.31689602136612
.28440367182096
.44495411713918
.18998470902443
.43769113222758
.3153669834137
.38340978821119
.2729357779026
.42584097385406
.27637613813082
.46597860256831
.29931193590164
.42545871933301
.22171253959338
.42851681510607
.28440367182096
.38952598969142
.29166666666667
.52599388360977
.2568807353576
.47400612632434
.33868501583735
.43042813738187
.21292048692703
.37576452891032
.24120795230071
.39449541767438
.26529051860174
.43004587292671
.32186544934909
.49885321656863
.32530581951141
.41131498416265
.28516819079717
.48700305819511
.30122324824333
.40061161915461
.30657492081324
.43042813738187
.22400612135728
.46865443388621
.32798165082932
.45833333333333
.25114679336548
.38226299484571
.3180428147316
.4476299683253
.35512231787046
.46330275138219
.35703365008036
.17851682007313
.32530580957731
.47285932302475
.35168195764224
.47477064530055
.30198776721954
.46024464567502
.26949540774028
.45565749208132
.33142202099164
.36544342835744
.27828747034073
.37767584125201
.2568807353576
.34250765045484
.2886085609595
.51873088876406
.28249234954516
.4273700316747
.3115443388621
.4613914390405
.25114678839842
.35550458232562
.37882262468338
.39640672008197
.29931191603343
.41169724861781
.186162079374
.45259938637416
.25840978324413
.40519877274831
.38685014843941
.4155198832353
.38188073039055
.45756881435712
.27255352338155
.35053516427676
.2729357779026
.42584098378817
.29816513260206
.42240061362584
.33944953481356
.39870030681292
.3096330165863
.43157492081324
.30045870939891
.35091743866603
.33944954474767
.36429663499196
.27828747034073
.47477063536644
.26605504751205
.3363914390405
.32148318489393
.4961773554484
.36811925967534
.44189602136612
.29510703682899
.42813456058502
.30313456058502
.45795106887817
.41169725855192
.39411315321922
.28287461400032
.45030580957731
.32607033848763
.44533639152845
.36200305819511
.40558103720347
.2155963331461
.28249234954516
.31498470902443
.42469418048859
.35894495248795
.38837919632594
.32033640146255
.31957186261813
.24923547108968
.46636085708936
.32148317495982
.39105503757795
.18081039686998
.4384556611379
.33027523756027
.40328746040662
.25917431712151
.37423548102379
.28019878268242
.34480122725169
.29434250791868
.4613914390405
.33562692006429
.43883792559306
.25267584125201
.45336391528447
.25649847090244
.40978592634201
.2683486143748
.46827217936516
.24503058195114
.3769113222758
.29816514253616
.35588684678078
.28019878268242
.49655961990356
.2859327296416
.39029051860174
.27905198931694
.38532110055288
.19266055027644
.44954129060109
.21827216943105
.44495412707329
.25993883609772
.45030581951141
.38379205266635
.43386849761009
.26681957642237
.41322629650434
.36467889944712
.40175841252009
.26529052853584
.38417431712151
.30389907956123
.41896025339762
.28631498416265
.36888379851977
.23814984659354
.36276757717133
.2886085609595
.29204892118772
.37117737531662
.42889906962713
.21980122228463
.23088685174783
.32951069871585
.47668195764224
.25076453387737
.38073393702507
.30160550276438
.39373087882996
.26681957642237
.33868500590324
.29663608471553
.37920488913854
.2614678889513
.38455657164256
.21636085708936
.49541282653809
.32874617973963
.31880733370781
.31001529097557
.41093271970749
.3050458629926
.39946482578913
.35818042357763
.37576452891032
.31422018011411
.38035168250402
.25191131234169
.59480122725169
.28975534439087
.53669724861781
.25114678839842
.39373088876406
.26567278305689
.3704128464063
.32033639152845
.41475534439087
.25305810570717
.38532110055288
.19189602633317
.41896024346352
.27293578783671
.46636086702347
.3050458629926
.46712538599968
.30466360847155
.44648318489393
.36773700515429
.38952598969142
.27790519595146
.40061161915461
.2748471001784
.35818043351173
.38417431712151
.53058103720347
.2729357779026
.36964831749598
.36811925967534
.53784404198329
.31230887770653
.30466360847155
.29396025339762
.37691131234169
.32033639152845
.53631496429443
.22668195267518
.52025993665059
.26567278305689
.4935015241305
.19571865598361
.49235473076502
.23967889944712
.42201834917068
.28058104713758
.42545870939891
.24159021675587
.40481651822726
.27025993665059
.43425076206525
.28096330165863
.43425076206525
.32148318489393
.32607033848763
.27522935469945
.32683486739794
.29434250791868
.45183485746384
.31689602136612
.40061161915461
.30772170424461
.53172783056895
.33256880442301
.35512232780457
.28784404198329
.41284404198329
.28211009502411
.46636085708936
.26873088876406
.51223241289457
.35970947146416
.51681957642237
.27866972486178
.42813455065091
.27025993665059
.41666666666667
.30351681510607
.40328746040662
.37270643313726
.4568042854468
.31574923793475
.46024465560913
.22897553443909
.25917431215445
.2775229314963
.40405198931694
.25420488913854
.36544342835744
.22974005838235
.44877676169078
.26223241289457
.60359327991803
.32912843426069
.49999999006589
.29701834917068
.42469419042269
.42775229612986
.47859327991803
.28363914291064
.44839449723562
.32110092043877
.38914373517036
.31918959816297
.25955657660961
.27599389354388
.38188074032466
.36276758710543
.45298165082932
.33715595801671
.31307339668274
.35550458232562
.46024464567502
.34365443388621
.38111621141434
.27331804235776
.47133028507233
.30657492081324
.36429663499196
.27522935469945
.30619265635808
.22438838084539
.34633027513822
.27561162908872
.34518347183863
.28555046518644
.41666666666667
.37155963977178
.33027523756027
.25955657660961
.34633027513822
.32224770387014
.40099388360977
.30581039190292
.42010703682899
.32836390535037
.4724770685037
.31383792559306
.3933486243089
.28058103720347
.36964831749598
.2866972386837
.35282874107361
.12614678839842
.39449540774028
.31230886777242
.36582568287849
.33333333333333
.46253822247187
.2224770685037
.3318042755127
.25382263461749
.37155962983767
.26376147568226
.43272170424461
.21750764548779
.49464831749598
.29472476243973
.45259938637416
.34250765045484
.41322630643845
.28746177752813
.29281345009804
.28211009502411
.42048930128415
.35703365008036
.38493882616361
.22859326998393
.44227828582128
.1999235500892
.36238532265027
.27255352338155
.4935015241305
.29357798894246
.44648318489393
.31766056021055
.46903669834137
.28440367182096
.37461773554484
.2610856294632
.41437308986982
.27140673001607
.31307339668274
.2316513756911
.43807339668274
.26949540774028
.47668194770813
.33792048692703
.27675841252009
.29625382026037
.3933486243089
.27217125892639
.42010703682899
.27599388360977
.3841743071874
.33792049686114
.34862385193507
.42240061362584
.29510702689489
.29931191603343
.53860855102539
.31689602136612
.48203363021215
.28019878268242
.39946483572324
.28363915284475
.40558104713758
.25114678343137
.5007645090421
.24388379355272
.43233943978945
.32110092043877
.41857797900836
.23050458729267
.35779816905657
.29931192596753
.28019877274831
.27140673001607
.38685015837351
.26452598969142
.4044342537721
.25267584125201
.3409785926342
.32415902614594
.3547400534153
.33868501583735
.37423548102379
.2748471001784
.46406728029251
.23929663995902
.49885320663452
.31918960809708
.30351682504018
.22362385193507
.3860856294632
.32989297310511
.47438838084539
.21980122228463
.51452599962552
.33830275138219
.51452599962552
.23776758213838
.34288991491
.29243119557699
.44189603130023
.15061161915461
.33792049686114
.2813455760479
.40214067697525
.24159021178881
.44801223278046
.43998470902443
.39908257126808
.25152905285358
.46483179926872
.28937307993571
.42813456058502
.20183486243089
.38837920626005
.26605504751205
.36200305819511
.27370030681292
.47782874107361
.42775229612986
.3501528998216
.24655963977178
.36200305819511
.27675841252009
.46368501583735
.28899082541466
.42163608471553
.31422018011411
.32836391528447
.24694190422694
.28287462393443
.327217121919
.49311925967534
.28172782063484
.42316514253616
.36506115396818
.34327216943105
.30504587292671
.34021406372388
.19457186758518
.29204894105593
.22094801068306
.42660550276438
.21483180423578
.45833333333333
.35856269796689
.44610092043877
.37423547108968
.38188074032466
.28172783056895
.39870030681292
.30351681510607
.44877675175667
.30504587292671
.33103975653648
.26490825414658
.3998471001784
.23356269299984
.55619265635808
.28325688838959
.34250765045484
.29013761878014
.29204893112183
.30160550276438
.45145259300868
.31192660331726
.35168195764224
.29625382026037
.47782875100772
.33792048692703
.60206421216329
.42622324824333
.53249234954516
.188837920626
.37423547108968
.30886849761009
.48509174585342
.25993883609772
.44457186261813
.20489296317101
.36926605304082
.22094801565011
.37576452891032
.19189602633317
.39411315321922
.3318042755127
.39755351344744
.25726299981276
.39296635985374
.27637614806493
.40175841252009
.25879205266635
.34365443388621
.27637614806493
.45336390535037
.26949540774028
.35282874107361
.23241589963436
.34136085708936
.31383791565895
.44457186261813
.23929663499196
.44533639152845
.35015290975571
.37996941804886
.31727829575539
.39296635985374
.35397553443909
.37155963977178
.27102446556091
.41857798894246
.28937308986982
.31995412707329
.28325688838959
.40787461400032
.24961774051189
.39373088876406
.3023700316747
.40634556611379
.24464832246304
.57339449723562
.28249235947927
.37652905782064
.25
.36353209614754
.29663608471553
.3501528998216
.38723241289457
.43845565120379
.24617737531662
.35894495248795
.29663608471553
.35932721694311
.30275229612986
.41169724861781
.28325687845548
.35856269796689
.39525993665059
.39411314328512
.28937308986982
.3887614707152
.25420489410559
.36659021178881
.18807339668274
.41551987330119
.36850153406461
.33256880442301
.30313455065091
.39067278305689
.29128441214561
.46827216943105
.29740060369174
.30275228619575
.30733944972356
.46253823240598
.36735474069913
.37729357679685
.30466360847155
.44571865598361
.31842507918676
.3134556611379
.22744648655256
.43692660331726
.25764525930087
.32530581951141
.42354739705722
.39717125892639
.26873088876406
.33486239115397
.25038226942221
.4155198832353
.26414373517036
.41475534439087
.28784403204918
.42698776721954
.32377675175667
.34212538599968
.26376146574815
.33256881435712
.32301223278046
.37461773554484
.32301223278046
.44648317495982
.2637614707152
.44571865598361
.19533639152845
.41055045525233
.25229357679685
.46024465560913
.33103975653648
.36659021178881
.32912844419479
.39602446556091
.3520642220974
.4090214073658
.28287461400032
.33065749208132
.22400611142317
.36888378858566
.23050458729267
.41016820073128
.24273700018724
.4319571852684
.38914373517036
.39525993665059
.32110092043877
.29472476243973
.36659021178881
.45565748214722
.37423547108968
.41131497422854
.30275229612986
.28019878268242
.3115443388621
.48050459225972
.29587156573931
.33371559778849
.31689602136612
.37614679336548
.22477064530055
.31995412707329
.33371559778849
.33371559778849
.25114679336548
.4181957145532
.31422018011411
.41551987330119
.29548929135005
.37347094217936
.28440367182096
.43425076206525
.27484709024429
.4568042854468
.26605504751205
.44954129060109
.21980122228463
.32454128066699
.27714067697525
.36429663499196
.23814985156059
.36085626482964
.28249235947927
.55581039190292
.25496942301591
.3979357779026
.27293578783671
.27905198931694
.27408257126808
.40558103720347
.20336391528447
.45642202099164
.30122323830922
.38532110055288
.18960244953632
.35932722687721
.28325688838959
.32912843426069
.38111620148023
.37767584125201
.26108562449614
.51223243276278
.24120795726776
.43119265635808
.23967889944712
.39487768212954
.24426605800788
.30619265635808
.27178899447123
.46712538599968
.33639142910639
.46827216943105
.33027523756027
.33333333333333
.29472477237384
.33524464567502
.23088684678078
.43272171417872
.19724770883719
.31077980995178
.32683485746384
.4449541370074
.25573394199212
.38952598969142
.37729357679685
.4522171318531
.28822629650434
.29396023352941
.30122323830922
.41590213775635
.30428134401639
.55084099372228
.29701834917068
.36162079373995
.24541284143925
.3979357779026
.36620795726776
.4522171318531
.35588684678078
.34327216943105
.23126911123594
.28860857089361
.29013760884603
.39678898453712
.29090214769046
.39067278305689
.19686544438203
.36162078380585
.34518348177274
.44189603130023
.25840979317824
.32110092043877
.31422019004822
.40481651822726
.2270642220974
.36276757717133
.26643731196721
.42507645487785
.2931957244873
.40481650829315
.30122324824333
.35741589466731
.28555045525233
.34977063536644
.34403668840726
.4338685075442
.25382262965043
.39296635985374
.30122323830922
.40749235947927
.2385321110487
.32492355505625
.36582568287849
.42392966151237
.28172783056895
.48241590460142
.26223241289457
.37538226445516
.2610856294632
.44113150238991
.31001529097557
.3226299683253
.29854739705722
.23088685174783
.26911315321922
.35474006334941
.22935779889425
.44915901621183
.21980122228463
.35397552450498
.29472478230794
.38570336500804
.30657492081324
.3455657462279
.33753823240598
.51681955655416
.23776758710543
.42087155580521
.24426605304082
.45565749208132
.23929663499196
.34518348177274
.32951070864995
.25267584621906
.25688074032466
.49120795726776
.23318042854468
.42698776721954
.27064220110575
.32415902614594
.26949541767438
.54931193590164
.28211009502411
.46483180920283
.29472476243973
.41743119557699
.32186544934909
.35129969318708
.32033639152845
.40290519595146
.23738532265027
.40634556611379
.20298165082932
.37232415874799
.25955658157667
.47782874107361
.33715596795082
.30313455065091
.31307338674863
.46330275138219
.28822629650434
.3860856294632
.39602446556091
.36085627476374
.34785933295886
.31957186261813
.27446483572324
.45489296317101
.29090213775635
.40558103720347
.31001529097557
.36085626482964
.26681956648827
.43807339668274
.34709480404854
.28325688838959
.10244648406903
.33524464567502
.33256880442301
.49885321656863
.35894495248795
.3436544239521
.39258409539858
.28784403204918
.26185015837351
.44686543941498
.23279816408952
.41016820073128
.30963303645452
.3887614707152
.3704128464063
.4136085609595
.24808868765831
.45527523756027
.25382262965043
.32377675175667
.26720184087753
.47324158747991
.24464831749598
.38952599962552
.30313456058502
.44266055027644
.27408258120219
.44571865598361
.39449540774028
.39831805229187
.2886085609595
.25382263958454
.29281346003215
.34365443388621
.35168195764224
.3979357779026
.33715596795082
.452217121919
.25535168747107
.51223242282867
.41896024346352
.43310397863388
.30963302652041
.44457187255224
.20718654493491
.43539755543073
.24847094714642
.36467889944712
.26949540774028
.41666666666667
.40481650829315
.38952598969142
.31842507918676
.3161314924558
.21330275138219
.48012231787046
.23509174585342
.40749235947927
.40443424383799
.36429663499196
.24159021178881
.3390672703584
.29625383019447
.51758409539858
.32415902614594
.41399083534876
.23776758213838
.32530580957731
.34518348177274
.39525992671649
.39105504751205
.38723242282867
.3180428147316
.37614679336548
.29166667660077
.422782878081
.31039755543073
.29892966151237
.28593271970749
.44915902614594
.41666666666667
.40061161915461
.20833333333333
.35550459225972
.26223241289457
.45412843426069
.37079511086146
.36964831749598
.36888378858566
.40175841252009
.32912844419479
.38799694180489
.31498470902443
.50649846593539
.41972477237384
.28287462393443
.28555045525233
.42010703682899
.28555046518644
.43692660331726
.36964831749598
.38302753369013
.27981651822726
.4384556611379
.2614678889513
.4090214073658
.29166666666667
.4090214073658
.25458715856075
.3979357779026
.25993884106477
.34633027513822
.2316513756911
.3134556611379
.38302751382192
.47744648655256
.34709480404854
.42087155580521
.27484709024429
.4568042854468
.40214067697525
.45298165082932
.28784404198329
.49732415874799
.2702599465847
.36659021178881
.24120795230071
.35359326998393
.31345565120379
.33677370349566
.31460245450338
.49273700515429
.29472477237384
.29434249798457
.27637614806493
.37729357679685
.41781345009804
.45259939630826
.28096330165863
.49579511086146
.20795106887817
.45795107881228
.32224770387014
.41551987330119
.34747705856959
.37652904788653
.23012232780457
.34594801068306
.31727829575539
.42163608471553
.30313455065091
.49808869759242
.35129969318708
.4155198832353
.31422018011411
.34136084715525
.32224770387014
.45986238121986
.24311926960945
.45642202099164
.41207951307297
.5
.35894496242205
.47171253959338
.25458715856075
.4227828681469
.28707951307297
.36200305819511
.26452599962552
.40787461400032
.32492354512215
.37347094217936
.32492354512215
.59059631824493
.3933486243089
.47553517421087
.34365443388621
.48432721694311
.25344036022822
.33065749208132
.28975534439087
.4025229314963
.34403669834137
.35932721694311
.23356269299984
.43769113222758
.29892967144648
.35206421216329
.3998471001784
.40022935469945
.46674312154452
.49732415874799
.29587156573931
.41360857089361
.29969419042269
.47744648655256
.31192661325137
.33027522762616
.33830275138219
.50191130240758
.31001530090968
.37844036022822
.38761467734973
.48547401030858
.45603975653648
.4109327296416
.40175841252009
.50688074032466
.25879204769929
.46024464567502
.34671253959338
.24388378858566
.27981650829315
.32492353518804
.16131498416265
.28172783056895
.33792049686114
.26032110055288
.23929663499196
.3639143705368
.32301223278046
.3933486243089
.26987768212954
.29816514253616
.11314984659354
.32645260294278
.34977063536644
.16207951307297
.22400611639023
.32912844419479
.24388379355272
.28555046518644
.24847095708052
.21521406372388
.27599389354388
.25726300477982
.23547400534153
.3318042755127
.22935779392719
.26414373517036
.25000000496705
.25344037016233
.28363914291064
.26490826408068
.26529052853584
.32759939630826
.23432722191016
.25076451897621
.23967889944712
.38302752375603
.30886849761009
.25420489410559
.2610856294632
.29204893112183
.2886085609595
.27828747034073
.23929663499196
.22591742873192
.26337920626005
.2228593279918
.21330275138219
.30848623315493
.23318042854468
.28211008509
.24464831749598
.28669724861781
.21253822247187
.30581039190292
.16322630147139
.18004586795966
.21750765045484
.29892966151237
.26796635985374
.1525229314963
.3134556611379
.26070336004098
.30466360847155
.18042813738187
.23700305819511
.31154434879621
.34250765045484
.22591742873192
.30963302652041
.33409786224365
.29281346003215
.24006116390228
.33256880442301
.25955657164256
.23241590460141
.33142202099164
.26452599962552
.27064220110575
.18233944972356
.2274464815855
.34021406372388
.2182721743981
.20756880442301
.24694189925989
.19074923793475
.33562691013018
.27484709024429
.33983180920283
.23050458729267
.20833333830039
.22247706353664
.32339448730151
.31651375691096
.23318042357763
.19915902117888
.24923547605673
.18042813738187
.23356268803279
.22018348673979
.28096330165863
.24082568784555
.24961774547895
.22821101049582
.23662079373995
.25114678839842
.24350152909756
.30848624308904
.30542813738187
.20145259797573
.22515290478865
.28325687845548
.327217121919
.23738532265027
.2431192646424
.22400611142317
.23738531768322
.22438837587833
.2729357779026
.28134556611379
.25879205266635
.23318042854468
.25496941804886
.20145260294278
.31689603130023
.19266055027644
.31230886777242
.17010703186194
.27025993665059
.21750764548779
.26261467238267
.20565749704838
.29931192596753
.27102446556091
.27446482578913
.18807339668274
.26529051860174
.20680428047975
.29166666666667
.202217121919
.28211009502411
.17966360847155
.21139143407345
.2683486243089
.27064221103986
.18310397863388
.38111620148023
.21330275138219
.29166666666667
.21406727532546
.24197247624397
.2729357779026
.30581040183703
.1976299683253
.28134556611379
.23891437550386
.29663608471553
.24082568287849
.32683486739794
.18998471399148
.19036697347959
.24847095211347
.25191131234169
.14984709521135
.28019877274831
.20948012173176
.25
.15214066704114
.19342507918676
.27943424383799
.26185015837351
.23318042854468
.186162079374
.2228593279918
.16246177752813
.27484709024429
.23318043351173
.20374617477258
.21788990994294
.18157492081324
.18501529097557
.19915902614594
.3318042755127
.202217121919
.25840978821119
.2113914390405
.23509174585342
.21100917458534
.23967889448007
.20068807403247
.18042813738187
.17813456058502
.20603975653648
.16093271970749
.31498471895854
.19610092043877
.24694188932578
.20871559282144
.2840214073658
.18348623812199
.20489296813806
.13302751878897
.25917431712151
.20680428047975
.28249234954516
.27102446556091
.20986238618692
.23432722191016
.24655962983767
.19495412707329
.20718654990196
.23279816905657
.19801223278046
.15863914291064
.22668195764224
.28822630147139
.25152905285358
.17545871436596
.23776758710543
.20183486243089
.21980122228463
.24770642320315
.21903669834137
.21674311657747
.19686544934909
.22209480404854
.21521406372388
.20527522762616
.26452599962552
.23279816408952
.27522936463356
.17889908452829
.27484709024429
.2159785926342
.25076452394327
.2316513756911
.19686544438203
.19533639152845
.2866972386837
.27522935469945
.27178899447123
.23088684678078
.27331804235776
.23126911620299
.21674311657747
.21597859760125
.16055046021938
.24464831749598
.22209479908148
.19839449723562
.27331805229187
.23279816905657
.26261468231678
.21444954474767
.32071865598361
.14449541270733
.1521406720082
.18042813738187
.20145259797573
.18539755046368
.20145260294278
.24579510589441
.22362385690212
.18272171417872
.27522936463356
.12996942301591
.18730886777242
.18004586795966
.2362385292848
.23356268803279
.17278287311395
.21980122228463
.18960244456927
.2068042755127
.2274464815855
.15634556114674
.23356269299984
.24847094714642
.21712538599968
.14678898950418
.24732415874799
.17010703186194
.19113149742285
.1479357779026
.41016819079717
.22018348673979
.22133027513822
.24350153406461
.17392966647943
.19495413204034
.2389143705368
.16590213775635
.25420489907265
.16055046021938
.21980122725169
.1387614607811
.16399083038171
.21253822743893
.25917431215445
.2683486143748
.24388379355272
.20565749208132
.22935779889425
.17163608471553
.18922018508116
.16207951307297
.19801223278046
.19801223278046
.2270642220974
.16704893112183
.27064220110575
.19495413204034
.24426604807377
.2090978572766
.20795107384523
.23241589963436
.26299695173899
.21750765045484
.29701834917068
.20068807403247
.20374617477258
.21292049189409
.20909786224365
.27905198931694
.17660550773144
.16972476740678
.23738532265027
.17431192596753
.23203364014626
.17163608968258
.26681957642237
.2045107036829
.25688073039055
.20183486243089
.25191131730874
.16972477237384
.20336391528447
.22018348673979
.27102445562681
.20298165082932
.18042813241482
.21941896279653
.30733944972356
.1636085609595
.25879204769929
.2159785926342
.21865443388621
.30275228619575
.34518349170685
.23585627476374
.27675841252009
.20795106887817
.28019877274831
.21521406869094
.20336391528447
.22591743369897
.20795106887817
.16513760884603
.20909786224365
.15940367182096
.20451069871585
.21521406869094
.21406728029251
.27828746040662
.27675841252009
.22209479908148
.28440367182096
.16704893112183
.23776758710543
.21292048692703
.26949541767438
.2610856294632
.2564984758695
.21215596298377
.28669724365075
.2159785926342
.2683486243089
.2477064182361
.22974006334941
.22133027513822
.18998470902443
.24617737034957
.19151376187801
.21330275138219
.19877676169078
.28096330165863
.30886849761009
.18960244456927
.16551987826824
.24617737034957
.27370029687881
.27905197938283
.29128440221151
.18386849761009
.25879204273224
.18195719023546
.20107033848763
.19113150238991
.28784403204918
.17851681510607
.19227828582128
.15825687845548
.28516820073128
.22324159244696
.27178899447123
.15863914291064
.27217124899228
.23967890441418
.20603975653648
.14296635985374
.23356268803279
.18042813241482
.20145260294278
.14373088876406
.2385321110487
.17240061362584
.19877675672372
.15596330165863
.233944957455
.2389143705368
.30810396869977
.35932721694311
.29625383019447
.22247706353664
.22018348673979
.23318042854468
.13149847090244
.21903669834137
.19418960313002
.25382262965043
.24655963480473
.1353211030364
.2775229314963
.20642202099164
.26108563443025
.3023700316747
.29625382026037
.19457186758518
.27866972486178
.18692660331726
.23547400037448
.19113149742285
.3474770685037
.23738532265027
.20603975653648
.24923547108968
.27675841252009
.24120795230071
.18769113222758
.19992354512215
.3134556611379
.22935779889425
.24541284143925
.20718654493491
.19954128563404
.2228593279918
.23356269299984
.25114678839842
.31651376684507
.2110091795524
.26873088876406
.27637614806493
.3612385292848
.27561162908872
.28707950313886
.35550458232562
.29472477237384
.32951070864995
.22744648655256
.29243118564288
.30198776721954
.18195719023546
.08142201850812
.25420489907265
.19495412707329
.24120794733365
.3363914390405
.24961774051189
.31345565120379
.19571865101655
.29166666666667
.2270642220974
.29166666666667
.32262995839119
.31842507918676
.26185016334057
.28172782063484
.31766055027644
.19610092043877
.21024464567502
.3023700217406
.3409785926342
.26146789391836
.31001529097557
.35818042357763
.27675840258598
.36467889944712
.25458714862665
.34327216943105
.32186543941498
.33983180920283
.29969419042269
.32110091050466
.40558103720347
.41207951307297
.34288990497589
.3199541370074
.32301223278046
.42354739705722
.35741590460142
.47477063536644
.34403668840726
.35129968325297
.44151375691096
.44151375691096
.33486239115397
.36314985156059
.27178898453712
.45603975653648
.27866972486178
.30313455065091
.32186544934909
.42660550276438
.36009174585342
.3161314924558
.39640673001607
.41055046518644
.40672783056895
.42125382026037
.4613914390405
.41016819079717
.35894495248795
.38952598969142
.44686543941498
.36467889944712
.38952598969142
.35932722687721
.37729357679685
.47209480404854
.34288990497589
.33906728029251
.50955657164256
.48318042357763
.49006116390228
.41551987330119
.38646788398425
.36964831749598
.36659021178881
.51299695173899
.4568042854468
.49732414881388
.42622324824333
.59136086702347
.41322629650434
.49541283647219
.52484711011251
.54472478230794
.4273700316747
.45756880442301
.47094801068306
.4338685075442
.47477064530055
.45986239115397
.4705657462279
.66628442207972
.50267584125201
.60512232780457
.41131498416265
.43501529097557
.57951070864995
.46788991491
.55389906962713
.20030580957731
.59785934289296
.50114678343137
.52752294143041
.49464831749598
.53172783056895
.64793578783671
.54357798894246
.70374617973963
.54128440221151
.74273699522018
.48241590460142
.66934251785278
.80542812744776
.5699541370074
.69380734364192
.52866973479589
.62079509099325
.67507644494375
.57415904601415
.68042814731598
.84403669834137
.2886085609595
.63914372523626
.67775231599808
.59174313147863
.55045870939891
.65711011489232
.56918960809708
.76949540774028
.60015292962392
.55198776721954
.71674313147863
.70221714178721
.51720183094343
.7618501385053
.82415902614594
.61200306812922
.92469418048859
.56880734364192
.75802753369013
.75955657164256
.68807339668274
.70603974660238
.75344038009644
.87194190422694
.8042813539505
.58715597788493
.78860855102539
.80810397863388
.39067278305689
.6257645090421
.6792813539505
.80351680517197
.66513760884603
.56918958822886
.69457185268402
.80772171417872
.85512232780457
.9430428147316
.92392967144648
.95068806409836
.81460243463516
.76452598969142
.97056575616201
.64296634991964
.90978592634201
.70833335320155
.70642203092575
.85168194770813
.76643731196721
.68616209427516
.96521407365799
.69304279486338
1.2037461996078
.95527521769206
.99120795726776
.7435015241305
.94686541954676
.8612385392189
.99464831749598
.74999998013178
1.0642201900482
.8226299683253
.92584097385406
.79587155580521
.92737001180649
.92507644494375
.77828747034073
.80313456058502
.91055045525233
.75535168250402
.92316514253616
.79969418048859
.91284404198329
1.0668960412343
.50267584125201
1.1211773951848
1.0974770784378
1.0324923197428
.92775231599808
.82033640146255
.97553515434265
.96100916465123
.87155961990356
.98050457239151
1.1368501583735
1.0928899049759
1.042431195577
.85588685671488
.93195716540019
1.1020642121633
.93501530090968
1.3998471101125
1.1563455661138
.80389908949534
1.0646024545034
.76949540774028
.80198774735133
.99350154399872
.96100916465123
1.0397553642591
1.1532874504725
1.0959480206172
1.0760703484217
1.3795871337255
1.1185015439987
.88914374510447
1.329128464063
.85091743866603
1.0730122327805
.96980120738347
1.2171253760656
1.2824923594793
1.2377675771713
1.1571100950241
1.2756116390228
1.214831829071
1.0126146674156
1.2331804037094
1.2542049090068
1.219419002533
1.0508409738541
1.1915137767792
1.0248470703761
1.3402140537898
1.0948012272517
1.4801223278046
1.1819572051366
1.178134560585
1.1846330165863
1.0925076405207
.76605506738027
.99808869759242
1.0168195764224
1.588302731514
.88302753369013
1.4770642121633
1.2301223278046
1.4048165082932
1.1922782659531
1.4636849959691
1.2564984560013
1.319571852684
1.5061161915461
1.1769877672195
.96253822247187
1.1207950909932
1.233562707901
1.4648317893346
1.1731651624044
1.4778287013372
1.4197247425715
1.3264526128769
1.237003048261
1.0733944574992
1.1995412906011
1.4319571654002
1.1521406968435
1.1987767616908
1.3535932699839
.92392967144648
1.2649082740148
1.3405963182449
1.2958715756734
1.1750764449437
1.1762232383092
1.1303516626358
1.545871535937
1.2641437451045
1.4373088677724
1.3008409738541
1.1953364213308
.9181957244873
1.1754587093989
1.5722477038701
1.1788990894953
1.226299683253
1.1146789391836
1.196865439415
1.266437292099
1.6762232383092
1.1158256928126
1.2171253760656
1.2618501583735
1.4636849959691
1.0886849959691
1.1907492478689
1.4487768014272
1.3448012272517
1.0252293348312
1.3084862232208
1.1299694379171
1.1941896279653
1.2090978622437
1.0133792161942
1.3474770784378
1.3799693981806
1.5049693981806
1.5837155977885
1.3413608471553
1.2779051860174
1.3719419240952
1.2805810372035
1.6567278305689
1.2568807204564
1.1311161915461
1.4506880442301
1.2117737134298
1.1873088677724
1.2847859462102
1.1681957642237
1.2255351543427
1.2282110452652
1.1983944972356
1.1831039587657
1.3795871337255
1.4048165082932
1.1884556611379
1.4243119557699
1.3291284243266
1.2557339668274
1.3295106887817
1.0187308589617
1.0760703484217
1.2496177752813
1.2194189627965
1.1574923197428
.9889143705368
.98623851935069
1.305428147316
1.1506115992864
1.3333333333333
1.0798929532369
.85818042357763
1.2824923594793
1.2847859064738
1.0840978622437
1.5091743071874
1.2603211005529
1.220565756162
1.1903669436773
.97209483385086
1.3211008707682
1.0821865399679
.99006114403407
1.1980122327805
1.1028287410736
.96215595801671
1.1001528898875
1.1337920427322
1.2247706651688
1.099006096522
1.2427370150884
1.1834862232208
1.0535168250402
1.0680428345998
1.1548165082932
1.1857798496882
1.1888379255931
.93119265635808
1.1070336500804
1.1681957244873
.89564220110575
.98891439040502
.95336389541626
.93081041177114
1.0382262865702
1.0275229215622
1.0668960412343
.8730886777242
1.1200306018194
.83677369356155
1.1980122327805
.96406728029251
1.0917431116104
1.0019113024076
.97324156761169
.74923545122147
1.079128464063
.81154435873032
.95642201105754
.87805809577306
1.0187308589617
.6911314924558
1.0374617576599
.97094800074895
.96865443388621
.86162078380585
.90252292156219
.84824158747991
.93998469909032
.92316514253616
.84862385193507
.73547401030858
.81192662318548
.6746942003568
.74426605304082
.81116209427516
.68616207440694
.91475534439087
.67813456058502
.77064222097397
.83906728029251
.87423547108968
.82301223278046
.91628440221151
.64181955655416
.61200306812922
.63111623128255
.82568808396657
.66475536425908
.67584099372228
.75764526923498
.68004588286082
.79357798894246
.75038226445516
.43616208434105
.55466361840566
.78669722874959
.68081041177114
.64334863424301
.61123851935069
.72668196757634
.61353210608164
.75420490900675
.55848622322083
.69189604123433
.51949542760849
.51987766226133
.51414373517036
.54931193590164
.61085625489553
.87308869759242
.68960243463516
.77331805229187
.5569571852684
.54204893112183
.58792048692703
.40443426370621
.76490823427836
.57912844419479
.56422017018
.58562690019608
.53593271970749
.66437307993571
.54204893112183
.47782875100772
.70259938637416
.56001528104146
.50955658157667
.38149846593539
.37691131234169
.43577980995178
.45565748214722
.50726299484571
.58218653996785
.5451070467631
.54090213775635
.37576453884443
.41896024346352
.74961773554484
.49311926960945
.36429664492607
.41972476243973
.36047401030858
.54472478230794
.46215595801671
.28325687845548
.48394495248795
.3887614607811
.49350153406461
.42545871933301
.44686544934909
.30504587292671
.30657492081324
.46521405378977
.39029051860174
.32836391528447
.44074923793475
.45030580957731
.47400611639023
.3769113222758
.35932721694311
.43042812744776
.47629968325297
.36773700515429
.38379204273224
.43845565120379
.43960244456927
.43692660331726
.47362385193507
.31154434879621
.35741590460142
.35168194770813
.39258409539859
.36047400037448
.2477064182361
.41437307993571
.35053516427676
.36238532265027
.33715595801671
.39449541767438
.38035168250402
.39181957642237
.31689602136612
.31230886777242
.3998471001784
.34785932302475
.50726299484571
.32186544934909
.33486238121986
.36544342835744
.38493884603182
.32530580957731
.36009174585342
.33715596795082
.24464832246304
.32071865598361
.36888379851977
.36391438047091
.3979357779026
.33868501583735
.42469419042269
.35550458232562
.25879204273224
.46100917458534
.35321101546288
.31230886777242
.36276757717133
.39067278305689
.46253822247187
.41093271970749
.40863914291064
.37423546115557
.36238531271617
.30007644494375
.41628441214561
.39487766226133
.3841743071874
.4017584224542
.44877675175667
.36047401030858
.46062691013018
.4044342537721
.35550458232562
.37232415874799
.29969419042269
.38493883609772
.44839449723562
.37805810570717
.32530580957731
.37882263461749
.29931191603343
.50229357679685
.41055045525233
.34938838084539
.3769113222758
.34250765045484
.36353210608164
.46827216943105
.35970948139826
.41131498416265
.36162079373995
.39487768212954
.44418960809708
.32186544934909
.36047401030858
.27905198931694
.32568807403247
.32683485746384
.35856269796689
.38685015837351
.40214066704114
.34900611639023
.36697247624397
.40290519595146
.25840978324413
.41513761878014
.40558103720347
.43042813738187
.42125383019447
.32415902614594
.44877676169078
.39105504751205
.32874617973963
.32339449723562
.43998469909032
.3474770685037
.32148317495982
.39564219117165
.48165136575699
.40443424383799
.40481650829315
.43807338674863
.44151376684507
.29281346003215
.49006117383639
.50420488913854
.53134556611379
.44992354512215
.42928134401639
.46750764052073
.36047400037448
.46941895286242
.44839449723562
.48203364014626
.50535168250402
.52064222097397
.516437292099
.49503057201703
.45374617973963
.44801223278046
.53096330165863
.42048930128415
.49082570274671
.45259939630826
.50458716352781
.59365445375443
.3685015241305
.48814984162649
.38685015837351
.46292048692703
.54434249798457
.50191130240758
.47935779889425
.53287462393443
.34288990497589
.45259938637416
.46292048692703
.37958716352781
.46980122725169
.54013760884603
.58906730016073
.49617737531662
.4181957145532
.422782878081
.36429663499196
.51758410533269
.48776758710543
.58868501583735
.55084097385406
.58142201105754
.44686544934909
.54587155580521
.47362385193507
.54625382026037
.54663608471553
.45145260294278
.45030580957731
.48509173591932
.58868501583735
.56269113222758
.49273700515429
.59097858270009
.59709479411443
.4659785926342
.49503058195114
.49426605304082
.54204893112183
.50764525930087
.59327214956284
.60512232780457
.52752294143041
.52484711011251
.65940366188685
.47133027513822
.5707186460495
.59174313147863
.52025995651881
.58371559778849
.57530581951141
.56957187255224
.46674312154452
.63914372523626
.62270643313726
.57951070864995
.61964831749598
.55084097385406
.5110856294632
.57492355505625
.58065748214722
.61238531271617
.58639142910639
.53211009502411
.52370029687881
.48394495248795
.70259938637416
.6819571852684
.62155961990356
.67087155580521
.52905199925105
.53822628657023
.64181957642237
.53631498416265
.67354740699132
.58142203092575
.54166668653488
.52140673001607
.58371559778849
.59518349170685
.6112385392189
.55963303645452
.55160550276438
.63990825414658
.6322629849116
.60703365008036
.60626912117004
.67087155580521
.53593271970749
.52790520588557
.64449542760849
.6701070467631
.59480122725169
.593654414018
.54892967144648
.58562692006429
.66934251785278
.60321100552877
.69266055027644
.67775227626165
.68692662318548
.69686543941498
.52331803242366
.55886852741241
.68310397863388
.60856268803279
.68998469909032
.57951068878174
.62461773554484
0
0
0
0
0
0
0
0
0
0
0
0
0
0
0
0
0
0
0
0
0
0
0
0
0
0
0
0
0
0
0
0
0
0
0
0
0
0
0
0
0
0
0
0
0
0
0
0
0
0
0
0
0
0
0
0
0
0
0
0
0
0
0
0
0
0
0
0
0
0
0
0
0
0
0
0
0
0
0
0
0
0
0
0
0
0
0
0
0
0
0
0
0
0
0
0
0
0
0
0
0
0
0
0
0
0
0
0
0
0
0
0
0
0
0
0
0
0
0
0
0
0
0
0
0
0
0
0
0
0
0
0
0
0
0
0
0
0
0
0
0
0
0
0
0
0
0
0
0
0
0
0
0
0
0
0
0
0
0
0
0
0
0
0
0
0
0
0
0
0
0
0
0
0
0
0
0
0
0
0
0
0
0
0
0
0
0
0
0
0
0
0
0
0
0
0
0
0
0
0
0
0
0
0
0
0
0
0
0
0
0
0
0
0
0
0
0
0
0
0
0
0
0
0
0
0
0
0
0
0
0
0
0
0
0
0
0
0
0
0
0
0
0
0
0
0
0
0
0
0
0
0
0
0
0
0
0
0
0
0
0
0
0
0
0
0
0
0
0
0
0
0
0
0
0
0
0
0
0
0
0
0
0
0
0
0
0
0
0
0
0
0
0
0
0
0
0
0
0
0
0
0
0
0
0
0
0
0
0
0
0
0
0
0
0
0
0
0
0
0
0
0
0
0
0
0
0
0
0
0
0
0
0
0
0
0
0
0
0
0
0
0
0
0
0
0
0
0
0
0
0
0
0
0
0
0
0
0
0
0
0
0
0
0
0
0
0
0
0
0
0
0
0
0
0
0
0
0
0
0
0
0
0
0
0
0
0
0
0
0
0
0
0
0
0
0
0
0
0
0
0
0
0
0
0
0
0
0
0
0
0
0
0
0
0
0
0
0
0
0
0
0
0
0
0
0
0
0
0
0
0
0
0
0
0
0
0
0
0
0
0
0
0
0
0
0
0
0
0
0
0
0
0
0
0
0
0
0
0
0
0
0
0
0
0
0
0
0
0
0
0
0
0
0
0
0
0
0
0
0
0
0
0
0
0
0
0
0
0
0
0
0
0
0
0
0
0
0
0
0
0
0
0
0
0
0
0
0
0
0
0
0
0
0
0
0
0
0
0
0
0
0
0
0
0
0
0
0
0
0
0
0
0
0
0
0
0
0
0
0
0
0
0
0
0
0
0
0
0
0
0
0
0
0
0
0
0
0
0
0
0
0
0
0
0
0
0
0
0
0
0
0
0
0
0
0
0
0
0
0
0
0
0
0
0
0
0
0
0
0
0
0
0
0
0
0
0
0
0
0
0
0
0
0
0
0
0
0
0
0
0
0
0
0
0
0
0
0
0
0
0
0
0
0
0
0
0
0
0
0
0
0
0
0
0
0
0
0
0
0
0
0
0
0
0
0
0
0
0
0
0
0
0
0
0
0
0
0
0
0
0
0
0
0
0
0
0
0
0
0
0
0
0
0
0
0
0
0
0
0
0
0
0
0
0
0
0
0
0
0
0
0
0
0
0
0
0
0
0
0
0
0
0
0
0
0
0
0
0
0
0
0
0
0
0
0
0
0
0
0
0
0
0
0
0
0
0
0
0
0
0
0
0
0
0
0
0
0
0
0
0
0
0
0
0
0
0
0
0
0
0
0
0
0
0
0
0
0
0
0
0
0
0
0
0
0
0
0
0
0
0
0
0
0
0
0
0
0
0
0
0
0
0
0
0
0
0
0
0
0
0
0
0
0
0
0
0
0
0
0
0
0
0
0
0
0
0
0
0
0
0
0
0
0
0
0
0
0
0
0
0
0
0
0
0
0
0
0
0
0
0
0
0
0
0
0
0
0
0
0
0
0
0
0
0
0
0
0
0
0
0
0
0
0
0
0
0
0
0
0
0
0
0
0
0
0
0
0
0
0
0
0
0
0
0
0
0
0
0
0
0
0
0
0
0
0
0
0
0
0
0
0
0
0
0
0
0
0
0
0
0
0
0
0
0
0
0
0
0
0
0
0
0
0
0
0
0
0
0
0
0
0
0
0
0
0
0
0
0
0
0
0
0
0
0
0
0
0
0
0
0
0
0
0
0
0
0
0
0
0
0
0
0
0
0
0
0
0
0
0
0
0
0
0
0
0
0
0
0
0
0
0
0
0
0
0
0
0
0
0
0
0
0
0
0
0
0
0
0
0
0
0
0
0
0
0
0
0
0
0
0
0
0
0
0
0
0
0
0
0
0
0
0
0
0
0
0
0
0
0
0
0
0
0
0
0
0
0
0
0
0
0
0
0
0
0
0
0
0
0
0
0
0
0
0
0
0
0
0
0
0
0
0
0
0
0
0
0
0
0
0
0
0
0
0
0
0
0
0
0
0
0
0
0
0
0
0
0
0
0
0
0
0
0
0
0
0
0
0
0
0
0
0
0
0
0
0
0
0
0
0
0
0
0
0
0
0
0
0
0
0
0
0
0
0
0
0
0
0
0
0
0
0
0
0
0
0
0
0
0
0
0
0
0
0
0
0
0
0
0
0
0
0
0
0
0
0
0
0
0
0
0
0
0
0
0
0
0
0
0
0
0
0
0
0
0
0
0
0
0
0
0
0
0
0
0
0
0
0
0
0
0
0
0
0
0
0
0
0
0
0
0
0
0
0
0
0
0
0
0
0
0
0
0
0
0
0
0
0
0
0
0
0
0
0
0
0
0
0
0
0
0
0
0
0
0
0
0
0
0
0
0
0
0
0
0
0
0
0
0
0
0
0
0
0
0
0
0
0
0
0
0
0
0
0
0
0
0
0
0
0
0
0
0
0
0
0
0
0
0
0
0
0
0
0
0
0
0
0
0
0
0
0
0
0
0
0
0
0
0
0
0
0
0
0
0
0
0
0
0
0
0
0
0
0
0
0
0
0
0
0
0
0
0
0
0
0
0
0
0
0
0
0
0
0
0
0
0
0
0
0
0
0
0
0
0
0
0
0
0
0
0
0
0
0
0
0
0
0
0
0
0
0
0
0
0
0
0
0
0
0
0
0
0
0
0
0
0
0
0
0
0
0
0
0
0
0
0
0
0
0
0
0
0
0
0
0
0
0
0
0
0
0
0
0
0
0
0
0
0
0
0
0
0
0
0
0
0
0
0
0
0
0
0
0
0
0
0
0
0
0
0
0
0
0
0
0
0
0
0
0
0
0
0
0
0
0
0
0
0
0
0
0
0
0
0
0
0
0
0
0
0
0
0
0
0
0
0
0
0
0
0
0
0
0
0
0
0
0
0
0
0
0
0
0
0
0
0
0
0
0
0
0
0
0
0
0
0
0
0
0
0
0
0
0
0
0
0
0
0
0
0
0
0
0
0
0
0
0
0
0
0
0
0
0
0
0
0
0
0
0
0
0
0
0
0
0
0
0
0
0
0
0
0
0
0
0
0
0
0
0
0
0
0
0
0
0
0
0
0
0
0
0
0
0
0
0
0
0
0
0
0
0
0
0
0
0
0
0
0
0
0
0
0
0
0
0
0
0
0
0
0
0
0
0
0
0
0
0
0
0
0
0
0
0
0
0
0
0
0
0
0
0
0
0
0
0
0
0
0
0
0
0
0
0
0
0
0
0
0
0
0
0
0
0
0
0
0
0
0
0
0
0
0
0
0
0
0
0
0
0
0
0
0
0
0
0
0
