.59824156761169
.85244649648666
.6131498614947
1.0607798099518
.66666666666667
.83333333333333
.71444952487946
.8253057996432
.45030580957731
.76643731196721
.65863915284475
.73776759703954
.51605504751205
.77255352338155
.52178899447123
.73050459225972
.5699541370074
.80619265635808
.63837919632594
.76261466741562
.50458717346191
.86735475063324
.61926605304082
.95068808396657
.56077980995178
.6800458629926
.5
.76643731196721
.57377676169078
.7931957244873
.72209481398265
.84212539593379
.49311925967534
.8069571852684
.53478592634201
.72209481398265
.49579510092735
.68960245450338
.41743119557699
.81766055027644
.53096330165863
.71674311161041
.47706421216329
.77714067697525
.45489297310511
.70489297310511
.4686544239521
.69648319482803
.5615443388621
.61773699522018
.54548931121826
.70374619960785
.36888378858566
.65749235947927
.4181957244873
.66819570461909
.44610092043877
.62423547108968
.47477064530055
.61811927954356
.40290519595146
.58677369356155
.45718653996785
.73929663499196
.37347094217936
.54051987330119
.4568042854468
.61047399044037
.4457186460495
.69839449723562
.54663608471553
.71253824234009
.41857798894246
.58715595801671
.48432721694311
.60015288988749
.46177370349566
.56116207440694
.43157492081324
.54472478230794
.35970948139826
.64946484565735
.42698776721954
.6360856294632
.35779816905657
.66972478230794
.35550458232562
.60015290975571
.42966359853745
.59633028507233
.41475535432498
.51529051860174
.46292048692703
.63608560959498
.38073393702507
.57186545928319
.43960245450338
.50038226445516
.30772170424461
.46177370349566
.37385321656863
.49426605304082
.34709480404854
.57224770387014
.37958716352781
.53363915284475
.42316514253616
.61353210608164
.30198776721954
.53134556611379
.40672783056895
.60282874107361
.26261467734973
.51414372523626
.42469419042269
.41781346003215
.28249234954516
.50152905782064
.33830274144808
.59709479411443
.30084098378817
.4862385292848
.32912844419479
.47897554437319
.28287461400032
.48394496242205
.21177369852861
.50191131234169
.3180428147316
.51146788398425
.297782878081
.41857798894246
.33906728029251
.51223242282867
.29013761878014
.40175840258598
.24388379355272
.3390672703584
.25191131730874
.44227828582128
.24885321160158
.32912844419479
.28325687845548
.44915902614594
.3363914390405
.28019877274831
.23394495248795
.41628440221151
.2519113222758
.44189602136612
.20259939134121
.41590213775635
.34633027513822
.32683486739794
.27866972486178
.45565749208132
.18386850257715
.42928134401639
.29701833923658
.40978593627612
.26643730203311
.43769113222758
.2729357779026
.48126911123594
.28019878268242
.42966360847155
.20527523259322
.42584097385406
.28555045525233
.40558103720347
.28172783056895
.51987767219543
.25573394695918
.46941896279653
.3318042854468
.43960244456927
.20374617477258
.38876148064931
.24197247624397
.40405198931694
.25535168747107
.43425076206525
.30275229612986
.5064984758695
.31077980995178
.40405198931694
.26796636978785
.4954128464063
.31498470902443
.40366971492767
.27981650829315
.43501530090968
.20871559778849
.48929664492607
.32071865598361
.45527523756027
.25114679336548
.40328746040662
.30581040183703
.44724771380424
.34327216943105
.47247705856959
.33142201105754
.18348623812199
.31689602136612
.49847095211347
.34250764052073
.4816513756911
.29013761878014
.46483179926872
.27981651822726
.47171253959338
.31192660331726
.36544342835744
.26681957642237
.3887614707152
.2568807353576
.34136085708936
.27255352338155
.53899083534876
.27217124899228
.43463302652041
.2931957244873
.46521406372388
.25726299484571
.37270641326904
.37347095211347
.40099388360977
.29357797900836
.42469419042269
.1815749257803
.4640672703584
.25611620644728
.41857797900836
.37882262468338
.39411315321922
.35626911123594
.47133026520411
.25344036519527
.35550459225972
.2637614707152
.43119265635808
.30045871933301
.42698777715365
.32759939630826
.42163608471553
.30275229612986
.43119266629219
.28746177752813
.3520642220974
.34938838084539
.35588684678078
.25726299484571
.48203365008036
.25305811067422
.34824158747991
.3088685075442
.52255352338155
.33218653996785
.44342507918676
.28631498416265
.43233944972356
.2840214073658
.47974006334941
.40940367182096
.41628440221151
.28325687845548
.44724770387014
.30466360847155
.46292048692703
.3474770685037
.40825687845548
.20374617973963
.27522936463356
.3023700316747
.43501529097557
.35703363021215
.3841743071874
.30275228619575
.34136084715525
.23547400534153
.47247705856959
.30466360847155
.39908256133397
.17545871436596
.44495412707329
.32912844419479
.422782878081
.25038226445516
.39220184087753
.26987768212954
.35435779889425
.28249234954516
.46139142910639
.33142202099164
.43730886777242
.24655963480473
.45909785230954
.25229357679685
.41704893112183
.24541283647219
.47553516427676
.23088685174783
.38723241289457
.27981650829315
.37882262468338
.26720184087753
.49579510092735
.27446483572324
.38914372523626
.28134556611379
.3860856294632
.18730886777242
.43960245450338
.21139143407345
.4476299683253
.25573394695918
.46444954474767
.38799694180489
.44113150238991
.2526758313179
.40405198931694
.35244648655256
.40290519595146
.2431192646424
.37805809577306
.29204893112183
.42125382026037
.28593271970749
.36582568287849
.22974006334941
.36353210608164
.26490825414658
.30619265635808
.34785933295886
.43807338674863
.20374617973963
.22821101049582
.31383791565895
.48776757717133
.23929663995902
.37155963977178
.28631498416265
.41093271970749
.26796635985374
.34824159741402
.27561161915461
.36353211601575
.24006116390228
.36697247624397
.20336391528447
.49694189429283
.30007644494375
.30504587292671
.30313455065091
.40749234954516
.26529051860174
.4006116092205
.32301223278046
.36620794733365
.29587155580521
.37691131234169
.24197248121103
.57836391528447
.27484709024429
.53211009502411
.23662079870701
.375
.24694189429283
.35550459225972
.29434250791868
.40214067697525
.23853210608164
.39640673001607
.1815749257803
.42507645487785
.25917431712151
.43616208434105
.29396025339762
.45871559778849
.29166666666667
.45489297310511
.35168195764224
.39258409539858
.24273700515429
.37767584125201
.25382262965043
.34633026520411
.34594802061717
.52866973479589
.24541283647219
.36735473076502
.3318042854468
.54892965157827
.27561161915461
.30007645487785
.27599388360977
.37538225452105
.2905198832353
.53746177752813
.21215596298377
.49961773554484
.25726299981276
.47209480404854
.17698776721954
.4862385292848
.2159785926342
.40290519595146
.25000000496705
.41934250791868
.23738532265027
.40022935469945
.25191131234169
.43310397863388
.26911315321922
.42584098378817
.30619265635808
.32492354512215
.2587920576334
.32492354512215
.27866972486178
.44610092043877
.29969418048859
.39564220110575
.29128440221151
.5301987528801
.30963302652041
.34556575616201
.27408257126808
.38914373517036
.26681957642237
.452217121919
.26032111048698
.51796636978785
.33103975653648
.49541283647219
.2637614707152
.40787461400032
.26185014843941
.40749235947927
.27217124899228
.38914372523626
.35703364014626
.44648318489393
.28746176759402
.45259938637416
.21827216943105
.25840977827708
.25114679336548
.39449540774028
.24350153406461
.34212538599968
.21521406869094
.43463303645452
.23547400534153
.42584097385406
.29663608471553
.49082568287849
.27637614806493
.41437307993571
.39181957642237
.48394495248795
.26911315321922
.44839449723562
.29434250791868
.37576451897621
.31536696354548
.2748471001784
.25840978821119
.38188073039055
.33065749208132
.44610092043877
.32492354512215
.30428134401639
.32301222284635
.44992354512215
.31918960809708
.37461773554484
.25535167256991
.46674312154452
.29090214769046
.35741590460142
.25496942301591
.29663607478142
.20680428047975
.33295106887817
.27025993665059
.34862385193507
.34518349170685
.40825687845548
.34594800074895
.33027522762616
.25649848083655
.35703364014626
.31498470902443
.4025229314963
.28746177752813
.40175841252009
.29701833923658
.47897553443909
.30275229612986
.40328747034073
.26949541767438
.36314985156059
.25000000496705
.35091743866603
.11429663747549
.38379205266635
.30925076206525
.36659020185471
.31116208434105
.46215595801671
.22362385193507
.32912844419479
.25152905285358
.36697247624397
.25076452891032
.43654434879621
.20527522762616
.47821100552877
.29434250791868
.46903669834137
.33103975653648
.39946482578913
.28058103720347
.29892966151237
.28096330165863
.43616208434105
.33792049686114
.38264524936676
.2159785926342
.44380733370781
.1773700316747
.40481652816137
.26223241289457
.48700305819511
.27561161915461
.43577981988589
.3088685075442
.47324158747991
.2683486243089
.37308868765831
.25840978821119
.40863914291064
.24617737034957
.31039755543073
.23088685174783
.44189602136612
.25000000496705
.49503058195114
.31574923793475
.26337920626005
.28325687845548
.38264525930087
.27025993665059
.42431191603343
.25573394695918
.39678900440534
.31689603130023
.34212538599968
.40252294143041
.29090214769046
.30007645487785
.54548929135005
.30275229612986
.4816513756911
.25955657164256
.39449541767438
.28019877274831
.41628440221151
.2228593279918
.50267584125201
.22209480404854
.42928134401639
.30772171417872
.4181957244873
.21827216943105
.37003058195114
.29434250791868
.28899082541466
.27025993665059
.38035168250402
.27675841252009
.42660551269849
.23470948139826
.34441895286242
.31422018011411
.35129969318708
.3161314924558
.40366972486178
.25802751878897
.44418960809708
.23318042854468
.48394495248795
.29701834917068
.31842507918676
.21521406869094
.39602447549502
.30466360847155
.47209480404854
.22668195764224
.52446482578913
.32530580957731
.52828747034073
.233944957455
.3363914390405
.29166667660077
.46406728029251
.14525993665059
.34097860256831
.27905198931694
.40099388360977
.23814985156059
.46024465560913
.4319571852684
.39984709024429
.24694189429283
.48432721694311
.28822629650434
.43807339668274
.19380733867486
.40214066704114
.24808868765831
.37614678343137
.2702599465847
.49235474069913
.42622323830922
.35703364014626
.25267584125201
.37308868765831
.27981651822726
.48356268803279
.28822629650434
.44189602136612
.32033638159434
.34785932302475
.25000000496705
.29701834917068
.33524465560913
.52293578783671
.26490825414658
.44954128066699
.37347094217936
.35626911123594
.31039755543073
.36162079373995
.19533639152845
.31574922800064
.22324159244696
.44648318489393
.2045107036829
.46062691013018
.35818043351173
.44533639152845
.37805810570717
.40061162908872
.2840214073658
.45068807403247
.31689602136612
.45374617973963
.30772171417872
.34594801068306
.25305811067422
.42163608471553
.25
.57033640146255
.28096330165863
.36888378858566
.28516819079717
.32148317495982
.31192660331726
.49044343829155
.32836391528447
.3639143705368
.29854740699132
.51452599962552
.34594801068306
.6204128464063
.43960244456927
.57377678155899
.19839449723562
.39870030681292
.30389907956123
.53593271970749
.26911315321922
.46597860256831
.20374617477258
.41399082541466
.22553516924381
.39755351344744
.1930428147316
.42010703682899
.33065749208132
.4136085609595
.25114679336548
.43042813738187
.28669724861781
.45298164089521
.26146789391836
.37538227438927
.29396024346352
.50114678343137
.27370030681292
.3795871535937
.25535168250402
.36162079373995
.33027521769206
.47668195764224
.23432722191016
.49350153406461
.35244647661845
.39334863424301
.3344801167647
.40825688838959
.37729357679685
.40175841252009
.28134555617968
.44266055027644
.30045870939891
.36047400037448
.27637613813082
.44304280479749
.25840979317824
.41360857089361
.31536697347959
.42469418048859
.2568807353576
.60741591453552
.2905198832353
.43081039190292
.27714066704114
.39258410533269
.31574923793475
.39258410533269
.39755351344744
.46827216943105
.25076452394327
.40481651822726
.31422019004822
.40405198931694
.30848623315493
.4522171318531
.2905198832353
.38073394695918
.40137614806493
.44036696354548
.3023700316747
.42431192596753
.2431192646424
.39870029687881
.19839449723562
.45909785230954
.38532110055288
.35359327991803
.31307338674863
.4181957145532
.29548930128415
.51337919632594
.31574922800064
.34671253959338
.31383791565895
.49885321656863
.38340978821119
.41284404198329
.32759939630826
.47974006334941
.3318042755127
.34862385193507
.24999999503295
.49694189429283
.28631498416265
.34594802061717
.45374617973963
.42507645487785
.28555045525233
.37232415874799
.2568807353576
.44610092043877
.28707951307297
.46406728029251
.28593271970749
.47438838084539
.35626912117004
.39067278305689
.28784403204918
.37652905782064
.33103975653648
.43272172411283
.34441896279653
.4980886777242
.26643731196721
.50344036022822
.21712538103263
.43730886777242
.27370030681292
.51949541767438
.34097858270009
.39678899447123
.34556575616201
.43425076206525
.38799694180489
.46941896279653
.31077981988589
.36811925967534
.23050458729267
.41743119557699
.26299693187078
.45183485746384
.26070336500804
.48700305819511
.43119265635808
.44380734364192
.33448012669881
.33524463574092
.39946483572324
.51911314328512
.39411314328512
.47362386186918
.32148317495982
.30733945965767
.34097858270009
.53975534439087
.32645259300868
.37844037016233
.327217121919
.41131498416265
.2431192646424
.37117736538251
.35244647661845
.38417431712151
.265672792991
.46941896279653
.30963302652041
.47553517421087
.33371559778849
.41399082541466
.29892966151237
.46827216943105
.29128440221151
.47859326998393
.28669724861781
.51720182100932
.23585626979669
.38379204273224
.29204893112183
.39564220110575
.25152905782064
.39908257126808
.30045870939891
.61276757717133
.26796636978785
.43616208434105
.31383792559306
.31842507918676
.27981651822726
.43463302652041
.21177370349566
.50191130240758
.32759938637416
.43616207440694
.19380733867486
.38226299484571
.30275229612986
.3685015241305
.38226300477982
.41284403204918
.27255351344744
.55160550276438
.25191131234169
.47629969318708
.24961774547895
.42545871933301
.2454128464063
.3318042854468
.28516819079717
.50305809577306
.34136085708936
.50535168250402
.34441895286242
.36429663499196
.30198776721954
.37691131234169
.24617736538251
.49579510092735
.19992354512215
.32989296317101
.32607033848763
.47629969318708
.26873088876406
.41896024346352
.39602446556091
.48509174585342
.29090213775635
.31154434879621
.32224770387014
.44457186261813
.31307339668274
.60015290975571
.29892966151237
.37461773554484
.2545871535937
.42813456058502
.36162079373995
.47706421216329
.36238531271617
.34518348177274
.22438837587833
.31383792559306
.29472477237384
.42545870939891
.30466360847155
.4273700316747
.19954128563404
.38685015837351
.35512232780457
.46788990497589
.26643731196721
.34785932302475
.33600917458534
.4292813539505
.22974006334941
.37576452891032
.26529051860174
.45795106887817
.31001529097557
.44266055027644
.30122323830922
.37538226445516
.28134556611379
.37614679336548
.33715596795082
.45412844419479
.25344037512938
.42622323830922
.31689602136612
.43233944972356
.23470948139826
.35359326998393
.3841743071874
.45374617973963
.28363915284475
.51758410533269
.26681958635648
.39717124899228
.28363914291064
.44495412707329
.32301223278046
.33715596795082
.30428134401639
.25382263461749
.28516819079717
.39870030681292
.23050458729267
.4816513756911
.23509174088637
.38914373517036
.31498470902443
.40787462393443
.33792048692703
.38188074032466
.32798165082932
.55542814731598
.23662079373995
.45374616980553
.24350153406461
.49847095211347
.24159021675587
.37461774547895
.33295106887817
.2587920576334
.26643731196721
.5431957244873
.23662079373995
.4503057996432
.28249234954516
.34900611639023
.29510703682899
.58065748214722
.2813455760479
.4797400534153
.29548930128415
.45795107881228
.34594801068306
.36773700515429
.33065749208132
.4346330165863
.24311926960945
.44915902614594
.21177369852861
.41590213775635
.27408256133397
.49503058195114
.35970948139826
.33027522762616
.31230886777242
.49006116390228
.29740060369174
.42048929135005
.42584098378817
.38417431712151
.34403670827548
.33218653996785
.28822629650434
.48776758710543
.30925076206525
.42928134401639
.33524464567502
.38685014843941
.28325687845548
.46253822247187
.35703364014626
.29854739705722
.09938838084539
.36926606297493
.3474770685037
.5405198931694
.37805809577306
.37576452891032
.40214067697525
.31918960809708
.27102446556091
.46865443388621
.23470948139826
.43042814731598
.33524465560913
.41934250791868
.38570336500804
.44533640146255
.25993883609772
.4980886777242
.24923547605673
.3612385292848
.28402141729991
.52331805229187
.25611620644728
.41857798894246
.3344801167647
.48126911123594
.27943424383799
.47668195764224
.40405197938283
.43769112229347
.29472477237384
.26605503757795
.30160550276438
.37576452891032
.38532110055288
.44266056021055
.3520642220974
.5045871535937
.26414373517036
.57568806409836
.42889907956123
.45986239115397
.32989297310511
.49732414881388
.22935779889425
.48662078380585
.24923548102379
.41437308986982
.29166667660077
.46827217936516
.44877675175667
.44227828582128
.31307339668274
.35091743866603
.23318042854468
.51529050866763
.24655963480473
.45451070864995
.41513761878014
.4136085609595
.26185014843941
.36773700515429
.32148317495982
.56918960809708
.34288990497589
.45603974660238
.25726299981276
.37385321656863
.37117736538251
.4594801167647
.41016820073128
.42584098378817
.34938838084539
.41934250791868
.33103975653648
.49999999006589
.33715596795082
.33371558785439
.31651376684507
.51070336500804
.43692660331726
.46444954474767
.23318043351173
.38417431712151
.30772171417872
.50305810570717
.40328746040662
.43272171417872
.38111621141434
.45412843426069
.37155962983767
.41857797900836
.34785932302475
.57492355505625
.41972477237384
.3344801167647
.31651375691096
.46865443388621
.30428134401639
.49311925967534
.41169724861781
.43960245450338
.30504587292671
.50726300477982
.28784404198329
.46215596795082
.32759938637416
.50305808583895
.28440367182096
.43998471895854
.26185015837351
.39908257126808
.27178899447123
.35818043351173
.41628440221151
.55351682504018
.37767584125201
.48662080367406
.30542813738187
.53937309980392
.44342507918676
.52102446556091
.32415901621183
.57301223278046
.31001529097557
.44724770387014
.28172783056895
.39143730203311
.33142202099164
.38073393702507
.3612385292848
.56957187255224
.3318042755127
.33562691013018
.30733944972356
.41437308986982
.46980121731758
.50802751382192
.30275229612986
.59288990497589
.24235474069913
.51949542760849
.38226299484571
.50344036022822
.41475535432498
.42889907956123
.25267584125201
.40787462393443
.3363914390405
.51146789391836
.35321100552877
.5661314924558
.4025229314963
.48356269796689
.36926606297493
.41475535432498
.36964831749598
.53860857089361
.27408256133397
.52637614806493
.44418960809708
.57377676169078
.41437308986982
.58103974660238
.29663608471553
.49770643313726
.33256880442301
.422782878081
.30466361840566
.48853210608164
.38837920626005
.45412844419479
.37270642320315
.6838685075442
.4449541370074
.56039754549662
.38455658157667
.57874617973963
.28516819079717
.39946483572324
.31269113222758
.46788991491
.39678898453712
.43425076206525
.26796635985374
.48967888951302
.34709480404854
.42163609464963
.43654434879621
.46636085708936
.39640672008197
.52484709024429
.32568807403247
.5019113222758
.36735474069913
.56116209427516
.34977064530055
.37308868765831
.39678899447123
.57721714178721
.3547400534153
.44648318489393
.44113150238991
.56039754549662
.54090213775635
.47744648655256
.46903669834137
.6066513856252
.30657491087914
.5535168449084
.39564221103986
.29625382026037
.34097860256831
.39487768212954
.19915902117888
.32759938637416
.42813455065091
.30428134401639
.29816514253616
.44877676169078
.36964832743009
.49273699522018
.34633027513822
.38111621141434
.14373088876406
.38646789391836
.43577980995178
.21674312154452
.28975535432498
.39640673001607
.3226299683253
.36276758710543
.31804280479749
.25305810570717
.33562691013018
.32110092043877
.29243118564288
.40787461400032
.28172783056895
.32492355505625
.31536697347959
.35244647661845
.33218653996785
.36085626482964
.3704128464063
.42240061362584
.2931957145532
.34633027513822
.32033639152845
.46253822247187
.39717124899228
.33830275138219
.34021407365799
.35703365008036
.36544342835744
.38952599962552
.29892966151237
.27714066704114
.31574922800064
.30428134401639
.27790520588557
.39640673001607
.30963302652041
.38646789391836
.32033639152845
.43157492081324
.29625383019447
.41972477237384
.22171253959338
.23394495248795
.27637613813082
.40214067697525
.37996941804886
.20527523259322
.39564220110575
.35091742873192
.42048929135005
.26452599962552
.29663608471553
.41590213775635
.4181957145532
.31574923793475
.40825687845548
.43730885783831
.41360857089361
.32492354512215
.42201834917068
.35474006334941
.32607033848763
.45030580957731
.33868501583735
.32951069871585
.23318042854468
.31001529097557
.46406728029251
.26720183094343
.25993883113066
.31766055027644
.25038225948811
.45451070864995
.35053516427676
.45489296317101
.29740061362584
.28363914291064
.3023700316747
.41743119557699
.41399082541466
.32492354512215
.26949540774028
.31383791565895
.24541283647219
.33409785230954
.30275229612986
.36735474069913
.31307339668274
.31077980995178
.28172782063484
.31154434879621
.34250765045484
.36162079373995
.40634556611379
.42889908949534
.28975534439087
.29128440221151
.33983180920283
.41246177752813
.32912843426069
.34212537606557
.31001529097557
.33600917458534
.32301223278046
.34174312154452
.3814984758695
.33409786224365
.32415901621183
.33715595801671
.27102446556091
.41857798894246
.26720184087753
.40978593627612
.24120795230071
.39296635985374
.2905198832353
.36009173591932
.27637614806493
.43081039190292
.39870030681292
.37003059188525
.29357798894246
.36467889944712
.30160551269849
.38990826408068
.29931192596753
.38073394695918
.25764526923498
.30733944972356
.41972477237384
.3952599465847
.26223241289457
.52293578783671
.33486238121986
.39143730203311
.26949541767438
.36659021178881
.37079510092735
.42354739705722
.31307338674863
.40634556611379
.34824158747991
.45068807403247
.37347095211347
.50267584125201
.26567278305689
.29548929135005
.34441896279653
.35626911123594
.21368501583735
.40099388360977
.29434250791868
.34327217936516
.18348623812199
.29472477237384
.37882262468338
.42813455065091
.31230886777242
.29587156573931
.3272171318531
.23509174088637
.37844037016233
.31154434879621
.27828745047251
.3436544239521
.24044342339039
.26452599962552
.28478592634201
.48470948139826
.31422018011411
.34403669834137
.30772171417872
.32683486739794
.32148318489393
.37844037016233
.26758410533269
.2886085609595
.23241589963436
.2905198832353
.27102445562681
.43807338674863
.28287461400032
.34441896279653
.27943424383799
.39602446556091
.25802752375603
.27522936463356
.19954128066699
.3814984758695
.28937308986982
.43233944972356
.41246176759402
.29892966151237
.36238532265027
.36964830756187
.29701834917068
.29548929135005
.35053516427676
.32530580957731
.2637614707152
.31154434879621
.3612385392189
.39564220110575
.2454128464063
.35244647661845
.31269113222758
.30733944972356
.39334863424301
.33142201105754
.29816513260206
.29969419042269
.32339449723562
.30275229612986
.30848624308904
.3887614707152
.34633027513822
.422782878081
.24197247624397
.35894495248795
.3409785926342
.3612385292848
.37805810570717
.32645260294278
.27675841252009
.44457186261813
.39870030681292
.42545871933301
.35894494255384
.4273700316747
.34747705856959
.34059632817904
.36162078380585
.26490825414658
.36773700515429
.37079510092735
.33677370349566
.4384556611379
.3226299683253
.41437308986982
.32186543941498
.51185016830762
.22553516924381
.23891437550386
.27828746040662
.3134556611379
.34900612632434
.36276758710543
.38379204273224
.35512231787046
.29854739705722
.4613914390405
.22133027513822
.30122324824333
.31689603130023
.41934250791868
.38914373517036
.29472478230794
.36467889944712
.31383791565895
.33715595801671
.3795871535937
.28516819079717
.42545870939891
.46827216943105
.39717125892639
.28593271970749
.43692661325137
.36735473076502
.34021406372388
.29740060369174
.75191130240758
.44342507918676
.47477063536644
.50764523943265
.4338685075442
.49388377865156
.49961772561073
.422782878081
.55313455065091
.38685015837351
.52561161915461
.38493884603182
.38990825414658
.52140673001607
.64602448542913
.67240061362584
.64411316315333
.57912842432658
.65099388360977
.51911315321922
.56498469909032
.47285932302475
.57415902614594
.61009174585342
.70183485746384
.50955657164256
.79969418048859
.68081039190292
.80886848767598
.75267585118612
.77714067697525
.77217123905818
.86353210608164
.68539754549662
1.0194954077403
.76529053846995
.84938838084539
.74120793739955
.8906727830569
1.047782878081
.83371559778849
.83142203092575
.93272173404694
.82836391528447
1.0256116390228
.78746177752813
1.1055045922597
.86697248617808
1.0095565716426
.8677370150884
1.2262997229894
.82262998819351
1.1349387963613
1.0244648257891
1.3428899049759
1.1712538003922
1.1257645289103
1.161697268486
1.459862391154
1.1819571654002
1.3574159145355
1.1506116390228
1.3814984560013
1.4946483373642
1.7048929532369
1.4629204670588
1.4931192398071
1.2733180522919
1.6785167853038
1.5699541171392
1.3432722091675
1.5925076405207
1.5806574821472
1.2851682106654
1.5806574821472
1.4170489311218
1.4606268803279
1.6349388360977
1.7920489708583
1.9224006334941
1.930428147316
1.8383027712504
1.9300458431244
1.8990825414658
2.2412079970042
2.0634556611379
2.1819571654002
2.1207950909932
2.1616973082225
1.911697268486
2.3448012669881
1.937308828036
2.1609327395757
2.2155963579814
2.485856294632
2.3707951704661
2.2350916862488
2.4839448928833
2.3577981789907
2.3642966747284
2.2916667461395
2.7113914489746
2.8524464766184
2.5206422011058
2.5030581156413
2.8899082342784
2.97438844045
2.8922018210093
3.0863914489746
2.7278287410736
3.1861620744069
2.7270642916361
2.9239296913147
2.73126912117
3.2205657958984
2.9128440221151
2.8363914489746
2.8753822644552
3.4961774349213
3.3979357878367
3.6827216943105
3.2198011875153
3.665137608846
3.4334863026937
3.4996177355448
3.0905963579814
3.7102446556091
3.5248471101125
3.6035932699839
3.5129969914754
3.8459480603536
3.783256928126
3.941131512324
3.6020642121633
4.2641437848409
4.2431193987528
4.5909784634908
4.5259938240051
4.6146790186564
4.3642965952555
4.6219420433044
4.4671255747477
4.1330275535583
4.2220947742462
4.6983946164449
4.5458714167277
4.6146788597107
4.4843271573385
4.8226300875346
4.7419724464417
5.1471713383993
5.3440367380778
5.3260703086853
5.0313455263774
5.2285933494568
4.9269876480103
5.2006880442301
4.8191895484924
5.9285167058309
5.2629969914754
5.3249235153198
5.5982416470846
5.6823393503825
5.6100918451945
5.5409021377563
5.4686544736226
5.9988533655802
5.891819636027
5.8883792559306
5.5439602533976
5.5355504353841
5.7152139345805
5.8929664293925
6.0076452891032
6.3467125892639
5.7771406173706
6.122706413269
6.1284402211507
6.424694220225
6.3600916862488
6.2205657958984
6.5080275535583
6.3176604906718
6.4812690416972
5.8967890739441
6.4633027712504
6.2175076802572
5.7951070467631
4.4461008707682
6.0370794932048
5.6498470306396
6.0795106887817
6.2985474268595
6.0194953282674
6.556192557017
5.8058102925618
6.217125415802
5.9709479014079
6.0324923197428
6.2503822644552
6.0940365791321
6.1391437848409
5.839831829071
6.2377675374349
5.4266055425008
5.5454893112183
5.9338685671488
5.9499235153198
5.8872323036194
5.6720183690389
5.9774465560913
5.4743882815043
5.8340978622437
5.4006117184957
5.7473243077596
5.5493117968241
5.7362384796143
5.5206422805786
5.4564220110575
5.6731650034587
5.725917339325
5.3207186063131
4.9915903409322
5.0099388758341
5.1116207440694
5.1571100552877
5.5133792559306
5.379204750061
4.9682720502218
5.0301987330119
5.1613151232402
4.9288989702861
4.693042755127
4.6173547108968
4.9055811564128
4.4094038009644
4.15061155955
4.2977828979492
4.516819636027
4.2327980995178
4.1001528898875
4.2190366586049
4.0993883609772
4.2759939829508
4.0409021377563
4.183868487676
3.9399846394857
3.7182720502218
3.6035932699839
3.9426604906718
3.7285932699839
3.4839449723562
3.2821101347605
3.4472477436066
3.792048851649
3.0290520191193
3.1253822644552
3.3669724464417
3.1953364213308
3.1892201900482
3.0542813142141
3.0611620744069
2.8061926364899
2.6926604906718
2.9965596993764
2.7859327793121
2.7442661126455
2.5496942996979
2.8799694379171
2.4285168647766
2.4204893112183
2.5863914489746
2.4491589864095
2.3386850357056
2.2159785429637
2.1039754947027
1.961391488711
1.952981710434
2.0791284243266
2.0951834917068
2.1567278305689
1.8604739904404
2.0252293348312
1.6636085907618
1.7297400633494
1.8333333730698
1.5963302453359
1.5045871734619
.85818044344584
1.5814219713211
1.4935015042623
1.4545106887817
1.4376911322276
1.3459480206172
1.4506880839666
1.2243884007136
1.457568804423
1.319571852684
1.2694954077403
1.1750764449437
1.2389143705368
1.3623853524526
1.0279052058856
1.1131498416265
.87500001986821
.94877674182256
.90711009502411
.88455659151077
1.0974770387014
1.0688073237737
.43119266629219
.83600916465123
.84136084715525
.68539754549662
.69839449723562
.65825686852137
.65519877274831
.71559633811315
.66322628657023
.56001528104146
.6223241686821
.57951070864995
.39067278305689
.57492353518804
.69648317495982
.46750765045484
.60703363021215
.42163609464963
.53555046518644
.4633027613163
.43348622322083
.51567277312279
.43692660331726
.55619266629219
.46941895286242
.3547400534153
.4384556611379
.43922018011411
.22209479908148
.28019877274831
.34059633811315
.40214066704114
.31230886777242
.32454128066699
.28593270977338
.3612385292848
.38302752375603
.39678898453712
.40825687845548
.37155962983767
.33256880442301
.3023700316747
.39411315321922
.25458715856075
.34785932302475
.25726299981276
.27943424383799
.30810396869977
.31383791565895
.29243119557699
.33524464567502
.2274464815855
.46559632817904
.37232415874799
.34136085708936
.25267584125201
.2840214073658
.31077980995178
.30351682504018
.23509175082048
.31766054034233
.27217124899228
.29663607478142
.22821101049582
.29816513260206
.30237004160881
.21636085708936
.23585627476374
.27866972486178
.20412843922774
.30084098378817
.25573393702507
.26605504751205
.30848624308904
.14258409539858
.32836391528447
.33868501583735
.29892966151237
.26987768212954
.25993884603182
.25191131234169
.25496941804886
.24388379355272
.23470948139826
.33295107881228
.29587155580521
.2454128464063
.26185015837351
.21330275138219
.26949540774028
.26452598969142
.40137614806493
.31880733370781
.21559632817904
.28096329172452
.15672783056895
.18769113222758
.22744648655256
.27484709024429
.27064221103986
.29128441214561
.27675841252009
.25382263461749
.38379204273224
.29740060369174
.22209479908148
.31957186261813
.19495412707329
.25229357679685
.25420489907265
.33409786224365
.30351681510607
.3115443388621
.25802753369013
.29051987330119
.30772171417872
.26567278305689
.28746177752813
.2637614607811
.27217125892639
.21712538103263
.26911315321922
.23585626979669
.29243119557699
.25152905782064
.37232415874799
.23088684678078
.26223241289457
.28287462393443
.19839449723562
.14755351344744
.21406728029251
.19457186758518
.37232415874799
.19648317495982
.35015290975571
.28249234954516
.30925077199936
.24923547605673
.32148318489393
.23738532265027
.27714066704114
.34862385193507
.24541284143925
.17087156077226
.23203364014626
.25038225948811
.33562692006429
.24579510589441
.3226299782594
.32224771380424
.30084098378817
.27102446556091
.21941896279653
.2408256928126
.32989296317101
.24464831749598
.26873088876406
.32836391528447
.18922018508116
.29128440221151
.29434250791868
.25993883609772
.26987768212954
.24503057698409
.23967889944712
.29548930128415
.28019878268242
.2840214073658
.2905198832353
.21444953978062
.15405198434989
.20565749208132
.31727828582128
.23012232780457
.21788990994294
.23050458729267
.24350152909756
.25726299981276
.35435780882835
.22171253959338
.21368501583735
.27790519595146
.30007645487785
.2045107036829
.25726300477982
.26681957642237
.29663608471553
.16972477237384
.25993883609772
.23891437550386
.21636085708936
.27981650829315
.21865443388621
.26681957642237
.32301223278046
.29510703682899
.33715596795082
.30313455065091
.26720183094343
.27905198931694
.22974006334941
.38188074032466
.27561161915461
.25458716352781
.32683486739794
.24503058195114
.25535168250402
.27790519595146
.25649847090244
.2159785926342
.2477064182361
.20068807403247
.26490826408068
.29281346003215
.30007645487785
.22821100552877
.31842507918676
.24847094714642
.25038226942221
.26681956648827
.22362385690212
.18998470902443
.29625382026037
.26873088876406
.22591742873192
.22821101049582
.20489296317101
.28096331159274
.24120795230071
.2706421961387
.23929663499196
.16896024346352
.27522935469945
.25420489907265
.30084097385406
.36544341842333
.25152905285358
.27790519595146
.21750764548779
.16896024843057
.29854739705722
.2905198832353
.25764525930087
.30198776721954
.22859327495098
.25382262468338
.27522936463356
.28746176759402
.29625382026037
.26223241289457
.33524465560913
.27561162908872
.29090213775635
.28249234954516
.26070336500804
.29281346003215
.26605503757795
.24464831749598
.26070336500804
.30275229612986
.26643730203311
.24082568784555
.23738531768322
.29587156573931
.27599388360977
.27599388360977
.29548930128415
.2450305869182
.30160551269849
.19877676169078
.36200305819511
.30733944972356
.3318042854468
.30084098378817
.28096330165863
.186162079374
.31918959816297
.22400611639023
.29854739705722
.28363914291064
.28822629650434
.20412843922774
.31957187255224
.28975535432498
.30313456058502
.28172783056895
.24082568287849
.28440367182096
.31383791565895
.27981650829315
.27790519595146
.25802751878897
.28440366188685
.20795106887817
.24503058195114
.2614678889513
.25879204273224
.32033638159434
.21559632817904
.2866972386837
.31307339668274
.29701834917068
.30848623315493
.33448012669881
.25764526426792
.22859327495098
.23776758710543
.31957186261813
.24770642320315
.27408257126808
.297782878081
.27178898453712
.32377675175667
.31422018011411
.1704892963171
.23929663995902
.35053516427676
.28975535432498
.26032110551993
.25993883609772
.31307339668274
.25840978821119
.3566513756911
.24350152909756
.32492355505625
.20756880939007
.22018348673979
.24770642320315
.26376147568226
.28516820073128
.41475534439087
.33486238121986
.38685014843941
.27255351344744
.29357798894246
.31918959816297
.24426606297493
.40022935469945
.29663608471553
.28822629650434
.33371559778849
.27102445562681
.34250764052073
.30275228619575
.28478592634201
.4025229314963
.33792048692703
.31613150238991
.23279816408952
.21292048692703
.24617737034957
.26567278305689
.30619265635808
.36811926960945
.3390672703584
.35588684678078
.23318042854468
.26261468728383
.49311926960945
.30657492081324
.25
.27484709024429
.2251528998216
.37576451897621
.32339449723562
.18501528600852
.34480121731758
.26337920626005
.36659021178881
.3134556611379
.33600917458534
.22591743369897
.23126911123594
.33944954474767
.28707951307297
.24847094714642
.33753822247187
.33753822247187
.35970947146416
.28899083534877
.27828746040662
.33715595801671
.3704128464063
.29816513260206
.3318042854468
.34938837091128
.36850153406461
.37385320663452
.40596330165863
.26337920626005
.30275229612986
.31880733370781
.34709480404854
.3042813539505
.22056575119495
.35359326998393
.32224770387014
.31536697347959
.31077980995178
.33753822247187
.37194189429283
.35435779889425
.29931192596753
.27331804235776
.36353210608164
.30275228619575
.47094802061717
.30084098378817
.3180428147316
.3272171318531
.35474006334941
.28784404198329
.33944954474767
.30886849761009
.24350152909756
.30198776721954
.34288990497589
.32301224271456
.39373088876406
.30695719520251
.40558104713758
.34174311161041
.23203364014626
.4365443388621
.32836391528447
.2977828681469
.34824158747991
.38455658157667
.4292813539505
.37805810570717
.375
.3390672703584
.35512231787046
.27561161915461
.39870030681292
.36735474069913
.36735474069913
.37691131234169
.41628440221151
.34365443388621
.43233944972356
.36544341842333
.34633028507233
.34862385193507
.28516820073128
.35894496242205
.41666666666667
.33562692006429
.30466360847155
.36735474069913
.2794342537721
.46253822247187
.39946482578913
.3390672703584
.3639143705368
.34250764052073
.3363914390405
.44877675175667
.33256881435712
.40022936463356
.33218654990196
.37461772561073
.40328745047251
.30581040183703
.36009173591932
.26529051860174
.32759938637416
.31383791565895
.35282874107361
.37538226445516
.40137614806493
.33333333333333
.34365443388621
.37423547108968
.25535167753696
.39029051860174
.39602446556091
.40252294143041
.39831804235776
.32186543941498
.42354740699132
.37691131234169
.31422018011411
.30733944972356
.40940367182096
.34709481398265
.3115443388621
.38264526923498
.46100917458534
.3860856294632
.41513761878014
.42545871933301
.44227828582128
.27675841252009
.48203364014626
.49197247624397
.51758410533269
.43577980995178
.40940367182096
.44418959816297
.37041283647219
.45833333333333
.43042813738187
.46559632817904
.49273700515429
.4881498614947
.49847095211347
.45871559778849
.43004587292671
.42584097385406
.52331804235776
.40558103720347
.48470947146416
.43730886777242
.51529051860174
.56689602136612
.36047400037448
.47133027513822
.37882262468338
.44992355505625
.53134556611379
.49847094217936
.45183486739794
.50229357679685
.33944954474767
.43616208434105
.45565748214722
.37461773554484
.47821101546288
.52675841252009
.60129970312119
.49082568287849
.42125383019447
.38111620148023
.3769113222758
.5091743071874
.48470948139826
.57530581951141
.55733944972356
.58524463574092
.45107033848763
.54243119557699
.46865443388621
.55160550276438
.54472476243973
.45833332339923
.45259938637416
.46292049686114
.59327216943105
.5596330165863
.49923548102379
.60321100552877
.59097860256831
.46330275138219
.51758409539858
.48547401030858
.56651375691096
.50076452891032
.60359326998393
.60091741879781
.54472478230794
.5110856294632
.68616207440694
.46827216943105
.56498469909032
.57645259300868
.54548929135005
.58715595801671
.58027523756027
.57301225264867
.48050459225972
.63646789391836
.61200306812922
.56880734364192
.6185015241305
.55007644494375
.51643733183543
.57683485746384
.57645259300868
.61506116390228
.58027523756027
.53172785043716
.52484707037608
.47897553443909
.70145261287689
.68960243463516
.62538226445516
.65787462393443
.52178899447123
.54051987330119
.66704893112183
.51529051860174
.67354738712311
.56804279486338
.53860857089361
.53058105707169
.58944954474767
.61353210608164
.63226300477982
.5661314924558
.55925077199936
.63952598969142
.64029053846995
.58409784237544
.63073394695918
.67087155580521
.54587157567342
.52981650829315
.6242354909579
.64908256133397
.58600916465123
.57492353518804
.52714067697525
.60053517421087
.65099386374156
.60053515434265
.70068808396657
.6701070467631
.69418958822886
.67431193590164
.51032111048698
.56116207440694
.67125382026037
.58944952487946
.67889908949534
.55925075213114
.58677369356155
0
0
0
0
0
0
0
0
0
0
0
0
0
0
0
0
0
0
0
0
0
0
0
0
0
0
0
0
0
0
0
0
0
0
0
0
0
0
0
0
0
0
0
0
0
0
0
0
0
0
0
0
0
0
0
0
0
0
0
0
0
0
0
0
0
0
0
0
0
0
0
0
0
0
0
0
0
0
0
0
0
0
0
0
0
0
0
0
0
0
0
0
0
0
0
0
0
0
0
0
0
0
0
0
0
0
0
0
0
0
0
0
0
0
0
0
0
0
0
0
0
0
0
0
0
0
0
0
0
0
0
0
0
0
0
0
0
0
0
0
0
0
0
0
0
0
0
0
0
0
0
0
0
0
0
0
0
0
0
0
0
0
0
0
0
0
0
0
0
0
0
0
0
0
0
0
0
0
0
0
0
0
0
0
0
0
0
0
0
0
0
0
0
0
0
0
0
0
0
0
0
0
0
0
0
0
0
0
0
0
0
0
0
0
0
0
0
0
0
0
0
0
0
0
0
0
0
0
0
0
0
0
0
0
0
0
0
0
0
0
0
0
0
0
0
0
0
0
0
0
0
0
0
0
0
0
0
0
0
0
0
0
0
0
0
0
0
0
0
0
0
0
0
0
0
0
0
0
0
0
0
0
0
0
0
0
0
0
0
0
0
0
0
0
0
0
0
0
0
0
0
0
0
0
0
0
0
0
0
0
0
0
0
0
0
0
0
0
0
0
0
0
0
0
0
0
0
0
0
0
0
0
0
0
0
0
0
0
0
0
0
0
0
0
0
0
0
0
0
0
0
0
0
0
0
0
0
0
0
0
0
0
0
0
0
0
0
0
0
0
0
0
0
0
0
0
0
0
0
0
0
0
0
0
0
0
0
0
0
0
0
0
0
0
0
0
0
0
0
0
0
0
0
0
0
0
0
0
0
0
0
0
0
0
0
0
0
0
0
0
0
0
0
0
0
0
0
0
0
0
0
0
0
0
0
0
0
0
0
0
0
0
0
0
0
0
0
0
0
0
0
0
0
0
0
0
0
0
0
0
0
0
0
0
0
0
0
0
0
0
0
0
0
0
0
0
0
0
0
0
0
0
0
0
0
0
0
0
0
0
0
0
0
0
0
0
0
0
0
0
0
0
0
0
0
0
0
0
0
0
0
0
0
0
0
0
0
0
0
0
0
0
0
0
0
0
0
0
0
0
0
0
0
0
0
0
0
0
0
0
0
0
0
0
0
0
0
0
0
0
0
0
0
0
0
0
0
0
0
0
0
0
0
0
0
0
0
0
0
0
0
0
0
0
0
0
0
0
0
0
0
0
0
0
0
0
0
0
0
0
0
0
0
0
0
0
0
0
0
0
0
0
0
0
0
0
0
0
0
0
0
0
0
0
0
0
0
0
0
0
0
0
0
0
0
0
0
0
0
0
0
0
0
0
0
0
0
0
0
0
0
0
0
0
0
0
0
0
0
0
0
0
0
0
0
0
0
0
0
0
0
0
0
0
0
0
0
0
0
0
0
0
0
0
0
0
0
0
0
0
0
0
0
0
0
0
0
0
0
0
0
0
0
0
0
0
0
0
0
0
0
0
0
0
0
0
0
0
0
0
0
0
0
0
0
0
0
0
0
0
0
0
0
0
0
0
0
0
0
0
0
0
0
0
0
0
0
0
0
0
0
0
0
0
0
0
0
0
0
0
0
0
0
0
0
0
0
0
0
0
0
0
0
0
0
0
0
0
0
0
0
0
0
0
0
0
0
0
0
0
0
0
0
0
0
0
0
0
0
0
0
0
0
0
0
0
0
0
0
0
0
0
0
0
0
0
0
0
0
0
0
0
0
0
0
0
0
0
0
0
0
0
0
0
0
0
0
0
0
0
0
0
0
0
0
0
0
0
0
0
0
0
0
0
0
0
0
0
0
0
0
0
0
0
0
0
0
0
0
0
0
0
0
0
0
0
0
0
0
0
0
0
0
0
0
0
0
0
0
0
0
0
0
0
0
0
0
0
0
0
0
0
0
0
0
0
0
0
0
0
0
0
0
0
0
0
0
0
0
0
0
0
0
0
0
0
0
0
0
0
0
0
0
0
0
0
0
0
0
0
0
0
0
0
0
0
0
0
0
0
0
0
0
0
0
0
0
0
0
0
0
0
0
0
0
0
0
0
0
0
0
0
0
0
0
0
0
0
0
0
0
0
0
0
0
0
0
0
0
0
0
0
0
0
0
0
0
0
0
0
0
0
0
0
0
0
0
0
0
0
0
0
0
0
0
0
0
0
0
0
0
0
0
0
0
0
0
0
0
0
0
0
0
0
0
0
0
0
0
0
0
0
0
0
0
0
0
0
0
0
0
0
0
0
0
0
0
0
0
0
0
0
0
0
0
0
0
0
0
0
0
0
0
0
0
0
0
0
0
0
0
0
0
0
0
0
0
0
0
0
0
0
0
0
0
0
0
0
0
0
0
0
0
0
0
0
0
0
0
0
0
0
0
0
0
0
0
0
0
0
0
0
0
0
0
0
0
0
0
0
0
0
0
0
0
0
0
0
0
0
0
0
0
0
0
0
0
0
0
0
0
0
0
0
0
0
0
0
0
0
0
0
0
0
0
0
0
0
0
0
0
0
0
0
0
0
0
0
0
0
0
0
0
0
0
0
0
0
0
0
0
0
0
0
0
0
0
0
0
0
0
0
0
0
0
0
0
0
0
0
0
0
0
0
0
0
0
0
0
0
0
0
0
0
0
0
0
0
0
0
0
0
0
0
0
0
0
0
0
0
0
0
0
0
0
0
0
0
0
0
0
0
0
0
0
0
0
0
0
0
0
0
0
0
0
0
0
0
0
0
0
0
0
0
0
0
0
0
0
0
0
0
0
0
0
0
0
0
0
0
0
0
0
0
0
0
0
0
0
0
0
0
0
0
0
0
0
0
0
0
0
0
0
0
0
0
0
0
0
0
0
0
0
0
0
0
0
0
0
0
0
0
0
0
0
0
0
0
0
0
0
0
0
0
0
0
0
0
0
0
0
0
0
0
0
0
0
0
0
0
0
0
0
0
0
0
0
0
0
0
0
0
0
0
0
0
0
0
0
0
0
0
0
0
0
0
0
0
0
0
0
0
0
0
0
0
0
0
0
0
0
0
0
0
0
0
0
0
0
0
0
0
0
0
0
0
0
0
0
0
0
0
0
0
0
0
0
0
0
0
0
0
0
0
0
0
0
0
0
0
0
0
0
0
0
0
0
0
0
0
0
0
0
0
0
0
0
0
0
0
0
0
0
0
0
0
0
0
0
0
0
0
0
0
0
0
0
0
0
0
0
0
0
0
0
0
0
0
0
0
0
0
0
0
0
0
0
0
0
0
0
0
0
0
0
0
0
0
0
0
0
0
0
0
0
0
0
0
0
0
0
0
0
0
0
0
0
0
0
0
0
0
0
0
0
0
0
0
0
0
0
0
0
0
0
0
0
0
0
0
0
0
0
0
0
0
0
0
0
0
0
0
0
0
0
0
0
0
0
0
0
0
0
0
0
0
0
0
0
0
0
0
0
0
0
0
0
0
0
0
0
0
0
0
0
0
0
0
0
0
0
0
0
0
0
0
0
0
0
0
0
0
0
0
0
0
0
0
0
0
0
0
0
0
0
0
0
0
0
0
0
0
0
0
0
0
0
0
0
0
0
0
0
0
0
0
0
0
0
0
0
0
0
0
0
0
0
0
