.60244647661845
.85474006334941
.64831805229187
1.0596330165863
.65290520588557
.81154435873032
.69227828582128
.83906728029251
.46941896279653
.79357796907425
.63493883609772
.75
.53363915284475
.7656727830569
.51299694180489
.75305809577306
.56689602136612
.82874617973963
.62270643313726
.75573394695918
.50535168250402
.85321100552877
.6360856294632
.94686543941498
.53669724861781
.71559631824493
.49694189429283
.75305811564128
.57377676169078
.79204893112183
.71903667847315
.85550459225972
.50496941804886
.80045872926712
.53478592634201
.7048929532369
.4954128464063
.70909786224365
.42622323830922
.83218653996785
.53325688838959
.71406728029251
.47285933295886
.78172783056895
.45642202099164
.69266053040822
.46406728029251
.69189604123433
.55886848767598
.6387614607811
.56842505931854
.6911314924558
.3704128464063
.66055045525233
.4109327296416
.66666668653488
.44954128066699
.61123851935069
.49006117383639
.60665136575699
.38914373517036
.59518347183863
.48394495248795
.76681955655416
.39105504751205
.52828745047251
.43960244456927
.60970948139826
.44189602136612
.69266055027644
.54243119557699
.71636086702347
.41360857089361
.57989297310511
.49579510092735
.59824158747991
.46521405378977
.54969418048859
.4273700316747
.56192660331726
.35741589466731
.63914372523626
.42698776721954
.64296634991964
.36773700515429
.68539756536484
.36582568287849
.59480120738347
.42889907956123
.59709479411443
.42048929135005
.50496939818064
.44533639152845
.63073394695918
.37003058195114
.56842505931854
.44036697347959
.49923547108968
.30351682504018
.46636085708936
.36085626482964
.48853210608164
.34288990497589
.56880734364192
.37691131234169
.54013762871424
.43539755543073
.61391439040502
.30389906962713
.53555047512054
.42240061362584
.61009174585342
.27981651822726
.52370031674703
.40405198931694
.41016819079717
.28937307993571
.50611620148023
.35015290975571
.56766053040822
.28784403204918
.48012232780457
.30925076206525
.46980122725169
.28555046518644
.49159020185471
.20565749208132
.50305811564128
.30389908949534
.51452599962552
.30045871933301
.41704893112183
.34021406372388
.49006116390228
.27522935469945
.39220184087753
.24694189925989
.34518348177274
.25229357679685
.46292048692703
.25344036519527
.32645259300868
.27331803242366
.44686543941498
.33868501583735
.29510703682899
.24579510092735
.40902139743169
.2564984758695
.44304280479749
.18960244456927
.40061161915461
.33983179926872
.31957187255224
.28096329172452
.44342507918676
.19266055027644
.43386849761009
.29625382026037
.40137614806493
.25344037016233
.44189602136612
.27446483572324
.48470948139826
.27675841252009
.43501529097557
.21483179926872
.43463302652041
.2748471001784
.4136085609595
.28478592634201
.53478592634201
.24847095708052
.47171254952749
.33868501583735
.43922019004822
.21024465064208
.3887614707152
.24808868269126
.39984709024429
.26414372523626
.42125382026037
.31842507918676
.51911316315333
.32377675175667
.40902139743169
.26414373517036
.50764526923498
.30695719520251
.3860856294632
.28707951307297
.42584098378817
.22438837587833
.5110856294632
.31574922800064
.47897553443909
.24923547108968
.39029051860174
.29969419042269
.46636084715525
.34174312154452
.47859326998393
.32759938637416
.1750764499108
.30428134401639
.49732415874799
.3363914390405
.47515290975571
.29434250791868
.46559631824493
.27025993665059
.47209480404854
.31460244456927
.39067278305689
.26185014843941
.39602446556091
.25764525930087
.3501528998216
.28134555617968
.55389908949534
.26681957642237
.4476299683253
.28975534439087
.45145260294278
.26223241289457
.38379204273224
.37461773554484
.40290520588557
.27637614806493
.41322630643845
.17813455561797
.46292048692703
.25726299484571
.43386849761009
.3639143705368
.39755352338155
.35474006334941
.46903669834137
.25917431712151
.34594801068306
.26337920626005
.42087156573931
.29625383019447
.44342506925265
.31957187255224
.4227828681469
.31460244456927
.42392967144648
.28363914291064
.36047401030858
.3344801167647
.35435778896014
.26146789391836
.49541283647219
.2564984758695
.35015290975571
.3069571852684
.52102446556091
.34862385193507
.44151375691096
.29090214769046
.43692660331726
.29625382026037
.47782875100772
.39602446556091
.40519878268242
.27331804235776
.43922018011411
.30351682504018
.46177370349566
.35244647661845
.41896024346352
.20374617973963
.27446483572324
.30389907956123
.42966361840566
.35703363021215
.38990825414658
.31613150238991
.33983179926872
.24388379355272
.47438837091128
.31230886777242
.40175840258598
.16437308490276
.43577981988589
.31574922800064
.41016820073128
.24235474069913
.3933486243089
.27140673001607
.3547400534153
.28249235947927
.46330275138219
.32683486739794
.46827216943105
.24732415378094
.46368501583735
.23738532265027
.41590214769046
.25076452394327
.47400612632434
.21865442891916
.38226299484571
.27943424383799
.36353210608164
.27828747034073
.51299693187078
.26949541767438
.38073394695918
.27905198931694
.38302752375603
.188837920626
.46980122725169
.21750764052073
.45336391528447
.2431192646424
.45603975653648
.38226299484571
.43807339668274
.2522935817639
.40596331159274
.35703364014626
.40137614806493
.25496942798297
.38455657164256
.29204893112183
.422782878081
.26911315321922
.36888378858566
.23509174088637
.36009174585342
.26796636978785
.29625383019447
.36429663499196
.43081039190292
.19839450220267
.2224770685037
.32148318489393
.48967889944712
.24503058195114
.3639143705368
.28631498416265
.40749235947927
.25917431215445
.33027522762616
.27370029687881
.38990825414658
.25688073039055
.38111621141434
.21253822743893
.50726299484571
.31230886777242
.30657492081324
.2905198832353
.40481651822726
.26643731196721
.40405198931694
.3363914390405
.37003058195114
.28707951307297
.37805810570717
.23356268803279
.60703365008036
.27446483572324
.5183486243089
.23929663002491
.38493883609772
.25305810074011
.36009174585342
.30007645487785
.4044342537721
.23776758710543
.37996941804886
.18004587292671
.41284404198329
.24655963480473
.46177370349566
.2905198832353
.4613914390405
.28593271970749
.44801223278046
.34862385193507
.38685015837351
.25535168250402
.37652904788653
.24159021675587
.34671252965927
.35435779889425
.52714065710704
.24617737531662
.36659021178881
.33868500590324
.53249233961105
.28440367182096
.29472477237384
.28019878268242
.37882262468338
.28631498416265
.53211009502411
.21253822247187
.51146791378657
.25420488913854
.4613914390405
.16819571952025
.4770642220974
.21100916961829
.41781345009804
.26299694180489
.43692660331726
.22133027017117
.39373088876406
.26452598969142
.43310397863388
.27484709024429
.4292813539505
.29128440221151
.33027522762616
.25038225948811
.32224771380424
.27790519595146
.43883791565895
.30007645487785
.38455657164256
.28058103720347
.53172783056895
.30504587292671
.35168194770813
.26873088876406
.40099389354388
.26643731196721
.44495411713918
.27522935469945
.51987767219543
.34594801068306
.49541282653809
.26987767219543
.41972476243973
.25764525930087
.40481651822726
.27140673001607
.39755352338155
.34059632817904
.46024465560913
.297782878081
.46865443388621
.22018348673979
.25191131234169
.24655963480473
.3814984758695
.23814985156059
.37461774547895
.20871559282144
.42392966151237
.24426604807377
.43998470902443
.29625382026037
.51873087882996
.28478592634201
.4273700316747
.39602447549502
.48050459225972
.27981651822726
.44571865598361
.30428134401639
.36964832743009
.29969419042269
.2610856294632
.26987768212954
.36467889944712
.31422019004822
.43922019004822
.32836391528447
.30389907956123
.33142202099164
.4640672703584
.31001529097557
.37423547108968
.26146789391836
.4613914390405
.29051987330119
.36009174585342
.25802752375603
.30084098378817
.21941896279653
.34250765045484
.26796636978785
.34709480404854
.26758410533269
.42431192596753
.35091742873192
.33142202099164
.23776758710543
.32645260294278
.32912844419479
.41284404198329
.29396024346352
.41246177752813
.29816513260206
.47515290975571
.30428134401639
.39678898453712
.26796636978785
.38302752375603
.25726299484571
.34633027513822
.11314984659354
.39487768212954
.29625383019447
.36276758710543
.31651376684507
.47018348177274
.22400611639023
.32989296317101
.2610856294632
.37041283647219
.25114679336548
.43501529097557
.21406728029251
.48432721694311
.28593271970749
.45336391528447
.33065749208132
.41934250791868
.27522935469945
.29892967144648
.2729357779026
.42698777715365
.33486238121986
.37996941804886
.21139143407345
.43233944972356
.19074923793475
.36735474069913
.2545871535937
.4816513756911
.28402139743169
.43042813738187
.30581040183703
.47897553443909
.26643731196721
.36888378858566
.24350152909756
.41016819079717
.24847094714642
.32607033848763
.2316513756911
.45795106887817
.25344036519527
.47859326004982
.31613150238991
.27752294143041
.28555045525233
.39411315321922
.26605504751205
.41322629650434
.26567278802395
.39487768212954
.32110092043877
.35168195764224
.41934250791868
.29892966151237
.29472477237384
.53631498416265
.31574923793475
.48547401030858
.28593271970749
.40672782063484
.30198777715365
.40596331159274
.23585626979669
.51414372523626
.23432721694311
.43730887770653
.31192660331726
.44877676169078
.23088684678078
.37079511086146
.29396024346352
.28593271970749
.27331803242366
.41475535432498
.25726300477982
.42775228619575
.24617736538251
.38226300477982
.31383791565895
.37614679336548
.32301222284635
.3979357779026
.26299694180489
.47133027513822
.23203364014626
.48853210608164
.32186544934909
.32798165082932
.23585626482964
.40596330165863
.30198776721954
.48929663499196
.2155963331461
.52140673001607
.33600918451945
.55160548289617
.23662079373995
.34174312154452
.29166666666667
.44915901621183
.14411314825217
.33830275138219
.27828746040662
.40863914291064
.2362385292848
.46636085708936
.44418959816297
.42316514253616
.24923547605673
.48241590460142
.29090213775635
.4365443388621
.19839449723562
.40175841252009
.27522936463356
.37958716352781
.28249235947927
.51643731196721
.45183486739794
.36735474069913
.25152904788653
.35321101546288
.2702599465847
.49503059188525
.29548930128415
.45183485746384
.33486238121986
.33715595801671
.25573394695918
.31957186261813
.33868501583735
.53058103720347
.28096330165863
.46750765045484
.38264525930087
.37614679336548
.3096330165863
.39258409539859
.20030580957731
.32798165082932
.22821100552877
.45833333333333
.2205657462279
.48509174585342
.37996942798297
.48700306812922
.39755352338155
.41551987330119
.29051987330119
.44648317495982
.32492355505625
.50229356686274
.32607033848763
.35894495248795
.27790519595146
.4594801167647
.26223241289457
.65099386374156
.31077980995178
.37691131234169
.30925076206525
.33677370349566
.33944954474767
.52522935469945
.35168195764224
.39602446556091
.3226299683253
.56574922800064
.36314985156059
.6930428147316
.48432721694311
.61009176572164
.21865442891916
.43386849761009
.34709480404854
.56727828582128
.29204893112183
.51223241289457
.21330275634925
.43195719520251
.24961774547895
.43081040183703
.20756880939007
.46368501583735
.35970947146416
.44648317495982
.2748471001784
.45068807403247
.30313456058502
.46788990497589
.28211008509
.40596330165863
.31422019004822
.52981652816137
.3134556611379
.40825687845548
.2683486243089
.38570335507393
.34709480404854
.52025993665059
.25840978821119
.52178899447123
.36582568287849
.41666666666667
.35168195764224
.44877675175667
.40022936463356
.41055046518644
.28937307993571
.47591742873192
.32415901621183
.37079511086146
.29969419042269
.47553516427676
.27025992671649
.45107032855352
.32989297310511
.46215596795082
.26987768212954
.64525993665059
.3115443388621
.43654434879621
.28746176759402
.41743119557699
.32033639152845
.40940367182096
.41399082541466
.48356268803279
.26261467734973
.3933486243089
.31345565120379
.40787462393443
.32301223278046
.44686544934909
.30275229612986
.37729357679685
.40787461400032
.43157493074735
.30619266629219
.41399082541466
.25114679336548
.40863914291064
.18616208434105
.46368501583735
.3860856294632
.34633027513822
.31498471895854
.41628440221151
.29357798894246
.50420489907265
.30542813738187
.34633027513822
.32033638159434
.50344036022822
.37117736538251
.41169724861781
.32110092043877
.47056575616201
.3318042854468
.35512231787046
.22668195764224
.49350153406461
.28707951307297
.34327215949694
.44457186261813
.41437307993571
.28019878268242
.37270642320315
.27140673001607
.44839449723562
.28440367182096
.45527522762616
.28669724861781
.45718653996785
.33906728029251
.38493883609772
.27599388360977
.37805810570717
.32148318489393
.41781346003215
.34365443388621
.48662080367406
.26414372523626
.48738531271617
.21062691013018
.4476299683253
.26223241289457
.5064984758695
.34709479411443
.40061161915461
.3547400534153
.41513761878014
.36544341842333
.45412844419479
.30810396869977
.36926606297493
.22629969815413
.40940367182096
.24273700515429
.44839448730151
.26337920626005
.49388378858566
.42889907956123
.43042812744776
.3226299683253
.32148318489393
.41016819079717
.50344036022822
.40672782063484
.47668195764224
.31536697347959
.30313455065091
.33409786224365
.52408258120219
.31383792559306
.36811926960945
.32836391528447
.40099388360977
.2431192646424
.35779815912247
.34938838084539
.37194190422694
.24732416371504
.44954128066699
.31192660331726
.46827217936516
.34212538599968
.4116972386837
.30466360847155
.45986238121986
.2866972386837
.47859326998393
.29013761878014
.51414374510447
.23853210608164
.35818042357763
.29281345009804
.39181956648827
.23814984162649
.40137614806493
.29013761878014
.59327216943105
.26414373020331
.43272171417872
.30810396869977
.29969419042269
.26911315321922
.43883791565895
.21712538103263
.49426604310671
.31460244456927
.43425076206525
.18998470902443
.39143731196721
.29472477237384
.37155962983767
.41399082541466
.41857796907425
.28019878268242
.57224770387014
.26032110055288
.47400611639023
.25344037016233
.43233944972356
.25152904788653
.32836391528447
.29740061362584
.51949540774027
.34403669834137
.49464830756187
.35091742873192
.36773700515429
.31230886777242
.37270642320315
.25688072542349
.51643731196721
.21024464567502
.34785932302475
.33868501583735
.4889143705368
.26337920626005
.44266055027644
.40902139743169
.50535170237223
.31116208434105
.32989297310511
.32645260294278
.46330275138219
.32301223278046
.6211773554484
.30351682504018
.38685014843941
.26299695173899
.42966361840566
.39373088876406
.49541285634041
.37729357679685
.35512232780457
.2389143705368
.33142202099164
.30007645487785
.42813455065091
.30275229612986
.43883791565895
.20756880939007
.38952598969142
.36811926960945
.50152904788653
.27331804235776
.35703364014626
.34059632817904
.45298165082932
.24273700515429
.39640673001607
.29510702689489
.48853209614754
.31116207440694
.45489296317101
.31307339668274
.41131498416265
.29969419042269
.40787461400032
.36009173591932
.45986238121986
.27522936463356
.48088685671488
.3409785926342
.47285932302475
.24847094217936
.37844037016233
.39640673001607
.48738532265027
.29931192596753
.54587155580521
.28287461400032
.42048930128415
.28402139743169
.49120795726776
.35053517421087
.3639143705368
.31957186261813
.27446483572324
.30198777715365
.4227828681469
.27331804235776
.50802751382192
.24159021675587
.40749235947927
.34212537606557
.43386849761009
.35435779889425
.39717124899228
.36811926960945
.60894495248795
.25076452394327
.47018348177274
.25535168250402
.5359327395757
.25038226445516
.4090214073658
.34938837091128
.28440366188685
.29128440221151
.5707186460495
.26070336500804
.4973241686821
.30733944972356
.36620794733365
.29854740699132
.65481650829315
.31689602136612
.51796634991964
.33256880442301
.4980886777242
.36620794733365
.38952599962552
.3795871535937
.47782874107361
.27178898453712
.50382263461749
.22324159244696
.43463302652041
.28555045525233
.55122323830922
.40175841252009
.35970948139826
.35244648655256
.5431957244873
.32377676169078
.44610092043877
.45030581951141
.41513761878014
.39411315321922
.35435780882835
.32415901621183
.53555045525233
.33295106887817
.48814984162649
.3520642220974
.42240061362584
.32186544934909
.50764527916908
.39181957642237
.33830275138219
.1020642220974
.40366973479589
.39029051860174
.58027523756027
.44686543941498
.42087155580521
.44380734364192
.34212538599968
.29166666666667
.53669724861781
.26185015340646
.45986239115397
.36276758710543
.44877676169078
.41246176759402
.49006116390228
.29740060369174
.54740061362584
.27675841252009
.38685014843941
.297782878081
.55695716540019
.27522935469945
.44036696354548
.36085626482964
.50496941804886
.29548930128415
.51337920626005
.44266054034233
.48547401030858
.32951069871585
.28975534439087
.33142202099164
.4090214073658
.41131498416265
.45756881435712
.3887614607811
.53058103720347
.27828747034073
.58753824234009
.45030580957731
.50305810570717
.35435779889425
.5091743071874
.23203364014626
.49732414881388
.27637614806493
.45183485746384
.30466361840566
.48814983169238
.49541283647219
.45451070864995
.35244648655256
.36429663499196
.24464831749598
.57110091050466
.28287461400032
.48356268803279
.46903668840726
.43769114216169
.27828747034073
.38990825414658
.33218653996785
.61429663499196
.3566513856252
.47668195764224
.27178898453712
.37691131234169
.3887614607811
.48547401030858
.45336391528447
.44189601143201
.37347094217936
.4613914390405
.33792049686114
.50382263461749
.35091743866603
.3612385292848
.33333333333333
.54740061362584
.48012231787046
.46521407365799
.25688074032466
.41093271970749
.3134556611379
.54931193590164
.43807339668274
.47018348177274
.4136085609595
.48203363021215
.39220183094343
.44074923793475
.3704128464063
.59594800074895
.46100917458534
.35779815912247
.33600917458534
.51681955655416
.33065749208132
.51490825414658
.44686544934909
.45718654990196
.3383027613163
.53211009502411
.31880734364192
.50305811564128
.3455657462279
.53860857089361
.31116208434105
.49159022172292
.28746176759402
.42125382026037
.30007644494375
.38035168250402
.45603975653648
.57377676169078
.41246177752813
.53669722874959
.33371559778849
.56918960809708
.47094802061717
.56995411713918
.35818042357763
.63379204273224
.3318042854468
.48088684678078
.32071865598361
.42163608471553
.37155962983767
.43425077199936
.39564220110575
.62691130240758
.33906728029251
.38990825414658
.34785933295886
.47094801068306
.51146789391836
.56077980995178
.34824158747991
.66322628657023
.27102446556091
.57339449723562
.42201834917068
.56001528104146
.44342507918676
.46253823240598
.28325687845548
.4476299683253
.39831805229187
.59862385193507
.38532110055288
.65175841252009
.44839449723562
.52140673001607
.42354739705722
.46062691013018
.42010703682899
.59785932302475
.3180428147316
.5753057996432
.48929663499196
.64870029687881
.46559632817904
.59518347183863
.33333333333333
.55925077199936
.37347095211347
.47974006334941
.32301224271456
.52408256133397
.42507644494375
.51032109061877
.41016819079717
.7637614607811
.46559633811315
.59480122725169
.42698776721954
.62194190422694
.32071865598361
.42851681510607
.33906728029251
.52140673001607
.43692661325137
.4954128464063
.29204894105593
.52178898453712
.38149846593539
.44839448730151
.49082568287849
.49923547108968
.43807339668274
.5661314924558
.3474770685037
.51032110055288
.39181956648827
.61009174585342
.37958716352781
.39296635985374
.41743118564288
.60741589466731
.37308868765831
.49159021178881
.47171253959338
.60703363021215
.57951072851817
.53325688838959
.50802751382192
.64143731196721
.33103974660238
.59862383206685
.41551987330119
.31957187255224
.35703364014626
.40863914291064
.21292048692703
.36659020185471
.45527523756027
.30581039190292
.30389907956123
.4770642220974
.41399082541466
.5091743071874
.36009174585342
.40099388360977
.14908256630103
.4044342537721
.44380734364192
.22247706353664
.2859327296416
.42010703682899
.33448012669881
.37003057201703
.31613150238991
.27370030681292
.3566513756911
.35512231787046
.30810398856799
.41093271970749
.29740061362584
.33371559778849
.31422018011411
.34480122725169
.36506115396818
.34709479411443
.37270641326904
.4246942003568
.29204893112183
.32874616980553
.32683485746384
.5045871535937
.3860856294632
.34212537606557
.33715596795082
.36506115396818
.37767584125201
.39640673001607
.30886849761009
.29587156573931
.3409785926342
.30619266629219
.2775229314963
.40711009502411
.3363914390405
.41743119557699
.30733944972356
.40749234954516
.28746177752813
.41857798894246
.22897553443909
.2316513756911
.27561161915461
.40175840258598
.3860856393973
.22247706353664
.40672783056895
.34327216943105
.41704893112183
.25726300477982
.31804280479749
.42851682504018
.43233944972356
.30772170424461
.39870031674703
.44724771380424
.39946483572324
.32339448730151
.43310397863388
.3474770685037
.32874617973963
.43463303645452
.32989296317101
.33371559778849
.23088685174783
.28822630643845
.44571865598361
.26261467734973
.25726299484571
.33409786224365
.24350152909756
.44533639152845
.36200305819511
.4430428147316
.28555044531822
.28784403204918
.31039755543073
.42125382026037
.42201834917068
.33065749208132
.27178898453712
.31116208434105
.25688073039055
.30466361840566
.29013761878014
.35818043351173
.30389907956123
.31039755543073
.28860857089361
.3180428147316
.33715596795082
.36888379851977
.41590213775635
.41781346003215
.27217124899228
.27905198931694
.34633026520411
.42813456058502
.32301223278046
.33218653996785
.30772171417872
.31727828582128
.31154434879621
.34709480404854
.37844036022822
.32224770387014
.30925076206525
.33027522762616
.26185014843941
.42545871933301
.25152904788653
.40863914291064
.24044342835744
.38073394695918
.2866972386837
.3658256928126
.26032110551993
.4181957145532
.38837920626005
.37385320663452
.28058103720347
.34824158747991
.28019877274831
.38570336500804
.28019877274831
.37003059188525
.24732416371504
.27714066704114
.37805810570717
.39984709024429
.25267584621906
.50955659151077
.28363914291064
.3887614707152
.28172784050306
.34862385193507
.36047400037448
.41628440221151
.29281345009804
.38340977827708
.34212538599968
.41590213775635
.36620794733365
.46024465560913
.26567278305689
.27178899447123
.34977063536644
.35779815912247
.21636085708936
.39258409539858
.29472477237384
.34824158747991
.19839449226856
.28096330165863
.38379205266635
.39755351344744
.32798165082932
.30504587292671
.34785932302475
.24273700018724
.39602446556091
.32339449723562
.30160550276438
.34174311161041
.26720183094343
.29243119557699
.3153669834137
.52981652816137
.35244648655256
.38302752375603
.3566513756911
.36964831749598
.34403669834137
.39029051860174
.31727828582128
.33600916465123
.28784404198329
.35321100552877
.31957186261813
.53249233961105
.35129969318708
.38340978821119
.34365443388621
.48853211601575
.33792047699292
.34633027513822
.25382262965043
.49770642320315
.38608561952909
.50152905782064
.56154435873032
.38952599962552
.50879205266635
.48738532265027
.39564220110575
.39946482578913
.48853211601575
.44074923793475
.36314985156059
.4273700316747
.50229357679685
.53746175765991
.35015290975571
.4770642320315
.45565749208132
.43998470902443
.5634556611379
.48126912117004
.46674312154452
.45489297310511
.5064984758695
.45451069871585
.45795106887817
.60856268803279
.53784404198329
.68539756536484
.38340978821119
.58868501583735
.58065748214722
.57377674182256
.64449540774027
.55810395876567
.46215595801671
.71788990497589
.68883792559306
.73738531271617
.59900609652201
.71903671820958
.65634556611379
.63035168250402
.70030581951141
.51185014843941
.65405197938283
.70833333333333
.6819571852684
.8161314924558
.63646787405014
.68807339668274
.60091743866603
.95986237128576
.50802753369013
.48509173591932
.58906728029251
.6295871535937
.70412844419479
.79396025339762
.73088683684667
.72247705856959
.62767585118612
.89831803242366
.53593271970749
.65214067697525
.67125380039215
.85588685671488
.858562707901
.66666666666667
.76337919632594
.71024463574092
.73662080367406
.81880734364192
.63952598969142
.92545868953069
.87882262468338
.90481650829315
.68119265635808
.96636084715525
.85206421216329
.74464831749598
.70374617973963
1.4342507521311
.95221714178721
1.0661314725876
1.0772171417872
.95489297310511
1.0355504552523
1.0500764449437
.93616205453873
1.1100917259852
.82377676169078
1.0795106887817
.80542812744776
.89105504751205
1.0481651226679
1.2415902217229
1.3153669834137
1.3279816706975
1.1559633016586
1.1678134202957
1.0814220110575
1.0844800869624
.97056575616201
1.1185015439987
1.1880733966827
1.3123088677724
.91704891125361
1.4323394695918
1.2943424781164
1.4430427948634
1.2832568883896
1.3398317893346
1.3845565716426
1.4827981789907
1.2251528898875
1.678134560585
1.4055810372035
1.4957951307297
1.3451834519704
1.5042048692703
1.6857798496882
1.4418960412343
1.387996951739
1.5347859462102
1.4250764846802
1.6326452891032
1.3853211402893
1.7840214172999
1.5370794932048
1.6425841252009
1.4919724861781
1.8604739904404
1.4139908154806
1.7641437451045
1.6471712589264
2.0684250593185
1.8287461996078
1.7167431116104
1.8944954474767
2.3253058592478
1.9036697149277
2.0810397466024
1.7549694379171
2.1246177355448
2.2779052257538
2.542431195577
2.2079510688782
2.2205657958984
1.9812691609065
2.5233180522919
2.2526758511861
2.0217889944712
2.3077216943105
2.3100153605143
1.9246941804886
2.3096330165863
2.0630734364192
2.1594036420186
2.4032874107361
2.6456422011058
2.7182721296946
2.683868487676
2.5137614409129
2.7626147270203
2.6425840854645
2.9946482976278
2.8058103720347
2.9258410135905
2.9468653996785
2.9017584323883
2.5691896279653
3.1131498813629
2.6005352338155
2.8402140935262
2.9304281870524
3.1024464766184
3.0420489311218
2.8715596199036
3.1326452096303
2.8803517023722
2.9139908154806
2.7656728426615
3.3352446556091
3.4537461598714
3.0194954077403
3.007263024648
3.3688837687174
3.3551223278046
3.3581804434458
3.516819636027
3.0359326998393
3.5806574821472
3.0114678541819
3.2553517023722
2.9640673001607
3.4931192398071
3.0993883609772
2.9789755344391
2.9556574821472
3.6563455263774
3.4499235947927
3.7863149642944
3.1785167853038
3.6609326203664
3.4128440221151
3.4128441015879
2.8470948537191
3.5042048295339
3.2228593031565
3.3788226445516
3.1135321458181
3.3715596199036
3.3222476641337
3.4438072840373
3.0275229612986
3.7064220110575
3.6490825812022
4.0271407763163
3.8455657958984
3.8371559778849
3.4506880442301
3.7591743469238
3.5577216943105
3.1701070467631
3.2236238320669
3.5856268405914
3.3941131432851
3.3960243860881
3.1796635786692
3.5447247028351
3.3616208235423
3.6938072840373
3.8367737134298
3.7840213775635
3.4269877274831
3.5840977827708
3.1781346003215
3.3570336500804
3.0458715756734
4.0768348375956
3.3715596199036
3.3272171020508
3.5248471101125
3.5936544736226
3.4564220110575
3.2564984957377
3.1941896279653
3.7446482976278
3.5137614409129
3.4220183690389
3.0688073635101
3.0447247028351
3.1743119557699
3.3191896279653
3.3425076802572
3.6616973082225
3.0722476641337
3.334480047226
3.3138379255931
3.6280581951141
3.4655963579814
3.2897554238637
3.5833333333333
3.3031345208486
3.476299683253
2.90061155955
3.3612384796143
3.0993883609772
2.6999235153198
1.476299683253
2.9048165480296
2.5076452096303
2.8646788597107
3.0175840854645
2.7706422011058
3.240443388621
2.5382262865702
2.9854740301768
2.6918959617615
2.719419002533
2.9334862232208
2.6727828979492
2.7354740301768
2.5099387963613
2.9032874902089
2.0447247823079
2.2014526526133
2.5405198733012
2.5160550276438
2.514143705368
2.3195718129476
2.5695718924205
2.1131498416265
2.4919724464417
2.1001528501511
2.4128441015879
2.2060397466024
2.3482415676117
2.2052752176921
2.1586391925812
2.4078746636709
2.4296635786692
2.0485474268595
1.8451834917068
1.8650612036387
1.9831804434458
2.0401375691096
2.3574159145355
2.1831039587657
1.9124617576599
1.9579511086146
2.0886849959691
1.9461009502411
1.7461773951848
1.6976299285889
1.9266055027644
1.5959479808807
1.4583333730698
1.5477828582128
1.7224770784378
1.5886849959691
1.4694189627965
1.6272935469945
1.5099388360977
1.6574923197428
1.5435779889425
1.6620794932048
1.4503058195114
1.3237767219543
1.2381498813629
1.5313455661138
1.4327216943105
1.248853246371
1.1158257126808
1.2645259698232
1.5783638954163
1.0068807601929
1.0741590261459
1.362003048261
1.2243884007136
1.3180427948634
1.1636085907618
1.1521406968435
1.040137608846
.92087155580521
1.2320336500804
1.0477828582128
1.0187308986982
.92584097385406
1.2564984957377
.95145259300868
.97171254952749
1.0821865797043
1.0489296515783
.95259938637416
.86467889944712
.82912846406301
.76681957642237
.74655961990356
.8023700316747
.87920490900675
1.005351682504
.77943426370621
.88455657164256
.68769113222758
.71788988510768
.81077980995178
.64373087882996
.71406728029251
.25573394695918
.73814984162649
.6746942003568
.63302753369013
.60359326998393
.64181955655416
.67163608471553
.58715595801671
.72133026520411
.6433486143748
.66934249798457
.56230886777242
.6211773554484
.75802751382192
.50802752375603
.57683485746384
.43233944972356
.52331804235776
.49808868765831
.48279815912247
.61506116390228
.65137612819672
.21024465064208
.46636085708936
.49426606297493
.3933486243089
.39870030681292
.39029051860174
.36620795726776
.47400611639023
.39870030681292
.33065749208132
.42354740699132
.38952599962552
.26834862927596
.38914372523626
.5072629849116
.34021406372388
.46827217936516
.30466361840566
.40405198931694
.33448012669881
.32607032855352
.37155962983767
.32951069871585
.42201834917068
.35244647661845
.25649847090244
.36811926960945
.34633027513822
.16704892615477
.22324158747991
.28325687845548
.33371559778849
.2568807353576
.26185015340646
.22744648655256
.29663608471553
.31957186261813
.35588685671488
.33103975653648
.31077982982
.29128440221151
.24847095211347
.37003057201703
.2228593279918
.31230886777242
.24388378858566
.24847094714642
.2840214073658
.28211008509
.2614678889513
.31077980995178
.20642202099164
.41628440221151
.34212537606557
.3069571852684
.21827216943105
.24694189429283
.29128441214561
.27714066704114
.21330275634925
.30848624308904
.26108563443025
.28249235947927
.21406728029251
.26643730203311
.28402141729991
.21139143407345
.21827216943105
.26146788398425
.19571865598361
.28669725855192
.23050458729267
.24617737034957
.27408257126808
.12308868765831
.2996942003568
.3180428147316
.28249235947927
.24732416371504
.24120795726776
.24426605304082
.23509174088637
.22247706353664
.26146789391836
.33065749208132
.30848624308904
.25993883609772
.27446483572324
.23050458729267
.25840978821119
.24617737034957
.39640673001607
.2931957244873
.1930428147316
.25
.15443424880505
.17698776721954
.2155963331461
.25573395192623
.2610856294632
.27637614806493
.25611620148023
.2385321110487
.35091742873192
.28249235947927
.21636085708936
.29396024346352
.17163608471553
.23662079373995
.2228593279918
.31651375691096
.29051987330119
.27905198931694
.25076452394327
.27599388360977
.27790519595146
.24159021675587
.27064220110575
.26796636978785
.26796635985374
.22477064530055
.24847095211347
.20603975653648
.28211008509
.24464831749598
.35015290975571
.23470948139826
.25496942301591
.27446483572324
.19839449226856
.14564220607281
.19074923793475
.18692660828431
.35435779889425
.18386850257715
.33906728029251
.27255352338155
.28707950313886
.23929663499196
.30466360847155
.24044342339039
.26873087882996
.32148317495982
.24694189429283
.16207951307297
.22094801068306
.24426606297493
.3226299683253
.24197247624397
.30504587292671
.30886849761009
.27675841252009
.26261468728383
.20642202099164
.23356269299984
.31077980995178
.23814985156059
.24694190422694
.31383791565895
.17813455561797
.26911314328512
.28593271970749
.24388378858566
.2545871535937
.25229357679685
.21215596298377
.27370030681292
.26911315321922
.2794342537721
.27561161915461
.20795106887817
.15634556611379
.19571865101655
.3226299782594
.23700305819511
.20259939134121
.2637614707152
.23547401030858
.25344037016233
.33868500590324
.22744648655256
.21483180423578
.25688073039055
.27102446556091
.20565749208132
.2431192646424
.26605503757795
.2683486243089
.16743119060993
.25955657164256
.22591742873192
.2159785926342
.2931957145532
.21674312154452
.26185015837351
.27102446556091
.27178898453712
.32301224271456
.29587156573931
.26452598969142
.27370029687881
.22438837587833
.37079510092735
.26987767219543
.22668195764224
.31460244456927
.23470948139826
.23967889448007
.26796636978785
.25382262468338
.20795106887817
.23929663499196
.202217121919
.25305810570717
.2840214073658
.30007646481196
.22400611639023
.31077980995178
.24847094714642
.24044342339039
.26643730203311
.21483179926872
.18157492081324
.28249234954516
.25382262965043
.22821101049582
.23241589963436
.19151376187801
.28249234954516
.22362385690212
.25191131730874
.22362385690212
.17010703186194
.28363914291064
.26529052853584
.3069571852684
.36047401030858
.25152904788653
.27140673001607
.22859326998393
.16819571952025
.31498470902443
.28440367182096
.2844036668539
.29931192596753
.24159021675587
.24617737034957
.25573394199212
.29013760884603
.29243119557699
.24617737531662
.34021406372388
.27561162908872
.2905198832353
.26529051860174
.26108562449614
.29357797900836
.27866972486178
.25726299484571
.2794342537721
.29128440221151
.26185014843941
.25114679336548
.22782874604066
.23738532265027
.28555045525233
.2886085609595
.30198776721954
.24655963480473
.29854739705722
.20336391528447
.34671253959338
.29931192596753
.33027522762616
.30581039190292
.27828746040662
.18769113222758
.33065749208132
.22133027513822
.3023700217406
.2702599465847
.27866973479589
.20183486243089
.30198776721954
.28669724861781
.29128440221151
.28669725855192
.23012232283751
.28440367182096
.30198776721954
.2775229314963
.27637614806493
.25879204273224
.27943424383799
.22362385690212
.23814985156059
.25038226445516
.25496941804886
.3180428147316
.22668195267518
.28402139743169
.29701834917068
.2886085609595
.28899082541466
.33295107881228
.25535167753696
.21444953978062
.23126911123594
.31307338674863
.23814984659354
.27675841252009
.30313455065091
.27025993665059
.32454129060109
.30504587292671
.17660550276438
.23356268803279
.35397553443909
.29128440221151
.25496942798297
.25573394199212
.31383791565895
.25152905782064
.35435779889425
.2454128464063
.32836392521858
.20030580957731
.21177370349566
.26223242282867
.26185014843941
.28249235947927
.41475534439087
.32836391528447
.38149846593539
.25993883609772
.29128440221151
.31307339668274
.24694189429283
.40022935469945
.28555046518644
.27828746040662
.32186543941498
.28593271970749
.35206421216329
.297782878081
.26987768212954
.40405198931694
.33142202099164
.31230886777242
.22897553443909
.21292049189409
.24847095211347
.25840978324413
.30772171417872
.3704128464063
.32912844419479
.34824158747991
.23318043351173
.26873088876406
.49770642320315
.31383792559306
.23509174585342
.27446483572324
.22133027513822
.34480121731758
.31957186261813
.18348623812199
.34900611639023
.25917431215445
.37614678343137
.33677370349566
.34518349170685
.22629969318708
.22324158747991
.32989296317101
.30045870939891
.24579510589441
.34059632817904
.32033639152845
.34594802061717
.28784404198329
.26949541767438
.34021406372388
.3730886777242
.30619266629219
.30733944972356
.34785932302475
.35397553443909
.37996941804886
.40978593627612
.26261467734973
.30389907956123
.32110092043877
.34441896279653
.31995411713918
.2228593279918
.34250765045484
.29892966151237
.31192661325137
.31192660331726
.35779815912247
.34518349170685
.36506116390228
.28440366188685
.27561161915461
.37614678343137
.31880734364192
.4659785926342
.30007645487785
.33600917458534
.31842507918676
.36085626482964
.29013761878014
.34097860256831
.30198777715365
.24732415874799
.31422019004822
.33906728029251
.32645260294278
.39143731196721
.32148317495982
.38685015837351
.33906728029251
.23279816408952
.41934250791868
.33677371342977
.29931192596753
.35435779889425
.37308868765831
.44380734364192
.38570336500804
.38455657164256
.35168196757634
.3520642220974
.27790519595146
.40214067697525
.35818042357763
.37652904788653
.3860856294632
.42354739705722
.34900611639023
.43386849761009
.37232415874799
.33562691013018
.33715595801671
.28746177752813
.35856268803279
.40825687845548
.34288990497589
.29510703682899
.36276758710543
.27446483572324
.484327207009
.4090214073658
.33830275138219
.35741590460141
.31613150238991
.33830275138219
.44495412707329
.33409786224365
.40405198931694
.33715596795082
.38264526923498
.42698776721954
.31383791565895
.37155962983767
.26223241289457
.32454129060109
.31230886777242
.3363914390405
.36773700515429
.38914373517036
.33256880442301
.34288990497589
.37805810570717
.25191130737464
.38761467734973
.39717125892639
.40749235947927
.41704892118772
.32415902614594
.4246942003568
.36659021178881
.31460244456927
.30619265635808
.42201834917068
.34441896279653
.32071865598361
.40405197938283
.48203364014626
.39067278305689
.40443424383799
.41857797900836
.41972477237384
.27522935469945
.47362385193507
.48662080367406
.53172783056895
.42240061362584
.40863914291064
.46253822247187
.36544342835744
.46024464567502
.43425076206525
.46215596795082
.50000000993411
.49503059188525
.49464831749598
.48853211601575
.42584098378817
.42660551269849
.52408256133397
.40290519595146
.49197247624397
.43157492081324
.5137614607811
.55925075213114
.3612385292848
.47706421216329
.39525993665059
.45909786224365
.53555045525233
.49999999006589
.46750764052073
.49235475063324
.33983179926872
.42201834917068
.45909785230954
.37079511086146
.46062691013018
.53019879261653
.57836391528447
.47324158747991
.41972476243973
.3933486243089
.39564221103986
.48929664492607
.48356268803279
.58944954474767
.54663610458374
.58448012669881
.44686543941498
.54740061362584
.47018348177274
.55466359853745
.54472478230794
.43845565120379
.4503057996432
.47171253959338
.59556573629379
.5753057996432
.48356269796689
.60168196757634
.60015290975571
.46024464567502
.51185015837351
.48853211601575
.55810397863388
.52255352338155
.59403669834137
.62844038009644
.5451070467631
.5523700316747
.67087157567342
.47477064530055
.57415900627772
.57339449723562
.5431957244873
.58753820260366
.577217121919
.59174313147863
.47935779889425
.62614677349726
.63379206260045
.58256882429123
.6223241686821
.56460243463516
.51949542760849
.58142203092575
.5753057996432
.6112385392189
.56574922800064
.51490825414658
.50038225452105
.49235474069913
.70603974660238
.68922017018
.62767585118612
.65863915284475
.53325688838959
.51605506738027
.66934251785278
.52178899447123
.68157490094503
.55542814731598
.52790518601735
.50611621141434
.60359328985214
.60626910130183
.61506116390228
.56498471895854
.54663610458374
.64984711011251
.62652905782064
.61697248617808
.61467887957891
.66055045525233
.54625384012858
.52943426370621
.61009174585342
.65252292156219
.58448012669881
.58944954474767
.53440368175507
.59174311161041
.67125382026037
.58218653996785
.70259938637416
.6609327395757
.69954127073288
.65558103720347
.50573395689329
.54396025339762
.68310397863388
.59174311161041
.68577980995178
.57607034842173
.6242354909579
0
0
0
0
0
0
0
0
0
0
0
0
0
0
0
0
0
0
0
0
0
0
0
0
0
0
0
0
0
0
0
0
0
0
0
0
0
0
0
0
0
0
0
0
0
0
0
0
0
0
0
0
0
0
0
0
0
0
0
0
0
0
0
0
0
0
0
0
0
0
0
0
0
0
0
0
0
0
0
0
0
0
0
0
0
0
0
0
0
0
0
0
0
0
0
0
0
0
0
0
0
0
0
0
0
0
0
0
0
0
0
0
0
0
0
0
0
0
0
0
0
0
0
0
0
0
0
0
0
0
0
0
0
0
0
0
0
0
0
0
0
0
0
0
0
0
0
0
0
0
0
0
0
0
0
0
0
0
0
0
0
0
0
0
0
0
0
0
0
0
0
0
0
0
0
0
0
0
0
0
0
0
0
0
0
0
0
0
0
0
0
0
0
0
0
0
0
0
0
0
0
0
0
0
0
0
0
0
0
0
0
0
0
0
0
0
0
0
0
0
0
0
0
0
0
0
0
0
0
0
0
0
0
0
0
0
0
0
0
0
0
0
0
0
0
0
0
0
0
0
0
0
0
0
0
0
0
0
0
0
0
0
0
0
0
0
0
0
0
0
0
0
0
0
0
0
0
0
0
0
0
0
0
0
0
0
0
0
0
0
0
0
0
0
0
0
0
0
0
0
0
0
0
0
0
0
0
0
0
0
0
0
0
0
0
0
0
0
0
0
0
0
0
0
0
0
0
0
0
0
0
0
0
0
0
0
0
0
0
0
0
0
0
0
0
0
0
0
0
0
0
0
0
0
0
0
0
0
0
0
0
0
0
0
0
0
0
0
0
0
0
0
0
0
0
0
0
0
0
0
0
0
0
0
0
0
0
0
0
0
0
0
0
0
0
0
0
0
0
0
0
0
0
0
0
0
0
0
0
0
0
0
0
0
0
0
0
0
0
0
0
0
0
0
0
0
0
0
0
0
0
0
0
0
0
0
0
0
0
0
0
0
0
0
0
0
0
0
0
0
0
0
0
0
0
0
0
0
0
0
0
0
0
0
0
0
0
0
0
0
0
0
0
0
0
0
0
0
0
0
0
0
0
0
0
0
0
0
0
0
0
0
0
0
0
0
0
0
0
0
0
0
0
0
0
0
0
0
0
0
0
0
0
0
0
0
0
0
0
0
0
0
0
0
0
0
0
0
0
0
0
0
0
0
0
0
0
0
0
0
0
0
0
0
0
0
0
0
0
0
0
0
0
0
0
0
0
0
0
0
0
0
0
0
0
0
0
0
0
0
0
0
0
0
0
0
0
0
0
0
0
0
0
0
0
0
0
0
0
0
0
0
0
0
0
0
0
0
0
0
0
0
0
0
0
0
0
0
0
0
0
0
0
0
0
0
0
0
0
0
0
0
0
0
0
0
0
0
0
0
0
0
0
0
0
0
0
0
0
0
0
0
0
0
0
0
0
0
0
0
0
0
0
0
0
0
0
0
0
0
0
0
0
0
0
0
0
0
0
0
0
0
0
0
0
0
0
0
0
0
0
0
0
0
0
0
0
0
0
0
0
0
0
0
0
0
0
0
0
0
0
0
0
0
0
0
0
0
0
0
0
0
0
0
0
0
0
0
0
0
0
0
0
0
0
0
0
0
0
0
0
0
0
0
0
0
0
0
0
0
0
0
0
0
0
0
0
0
0
0
0
0
0
0
0
0
0
0
0
0
0
0
0
0
0
0
0
0
0
0
0
0
0
0
0
0
0
0
0
0
0
0
0
0
0
0
0
0
0
0
0
0
0
0
0
0
0
0
0
0
0
0
0
0
0
0
0
0
0
0
0
0
0
0
0
0
0
0
0
0
0
0
0
0
0
0
0
0
0
0
0
0
0
0
0
0
0
0
0
0
0
0
0
0
0
0
0
0
0
0
0
0
0
0
0
0
0
0
0
0
0
0
0
0
0
0
0
0
0
0
0
0
0
0
0
0
0
0
0
0
0
0
0
0
0
0
0
0
0
0
0
0
0
0
0
0
0
0
0
0
0
0
0
0
0
0
0
0
0
0
0
0
0
0
0
0
0
0
0
0
0
0
0
0
0
0
0
0
0
0
0
0
0
0
0
0
0
0
0
0
0
0
0
0
0
0
0
0
0
0
0
0
0
0
0
0
0
0
0
0
0
0
0
0
0
0
0
0
0
0
0
0
0
0
0
0
0
0
0
0
0
0
0
0
0
0
0
0
0
0
0
0
0
0
0
0
0
0
0
0
0
0
0
0
0
0
0
0
0
0
0
0
0
0
0
0
0
0
0
0
0
0
0
0
0
0
0
0
0
0
0
0
0
0
0
0
0
0
0
0
0
0
0
0
0
0
0
0
0
0
0
0
0
0
0
0
0
0
0
0
0
0
0
0
0
0
0
0
0
0
0
0
0
0
0
0
0
0
0
0
0
0
0
0
0
0
0
0
0
0
0
0
0
0
0
0
0
0
0
0
0
0
0
0
0
0
0
0
0
0
0
0
0
0
0
0
0
0
0
0
0
0
0
0
0
0
0
0
0
0
0
0
0
0
0
0
0
0
0
0
0
0
0
0
0
0
0
0
0
0
0
0
0
0
0
0
0
0
0
0
0
0
0
0
0
0
0
0
0
0
0
0
0
0
0
0
0
0
0
0
0
0
0
0
0
0
0
0
0
0
0
0
0
0
0
0
0
0
0
0
0
0
0
0
0
0
0
0
0
0
0
0
0
0
0
0
0
0
0
0
0
0
0
0
0
0
0
0
0
0
0
0
0
0
0
0
0
0
0
0
0
0
0
0
0
0
0
0
0
0
0
0
0
0
0
0
0
0
0
0
0
0
0
0
0
0
0
0
0
0
0
0
0
0
0
0
0
0
0
0
0
0
0
0
0
0
0
0
0
0
0
0
0
0
0
0
0
0
0
0
0
0
0
0
0
0
0
0
0
0
0
0
0
0
0
0
0
0
0
0
0
0
0
0
0
0
0
0
0
0
0
0
0
0
0
0
0
0
0
0
0
0
0
0
0
0
0
0
0
0
0
0
0
0
0
0
0
0
0
0
0
0
0
0
0
0
0
0
0
0
0
0
0
0
0
0
0
0
0
0
0
0
0
0
0
0
0
0
0
0
0
0
0
0
0
0
0
0
0
0
0
0
0
0
0
0
0
0
0
0
0
0
0
0
0
0
0
0
0
0
0
0
0
0
0
0
0
0
0
0
0
0
0
0
0
0
0
0
0
0
0
0
0
0
0
0
0
0
0
0
0
0
0
0
0
0
0
0
0
0
0
0
0
0
0
0
0
0
0
0
0
0
0
0
0
0
0
0
0
0
0
0
0
0
0
0
0
0
0
0
0
0
0
0
0
0
0
0
0
0
0
0
0
0
0
0
0
0
0
0
0
0
0
0
0
0
0
0
0
0
0
0
0
0
0
0
0
0
0
0
0
0
0
0
0
0
0
0
0
0
0
0
0
0
0
0
0
0
0
0
0
0
0
0
0
0
0
0
0
0
0
0
0
0
0
0
0
0
0
0
0
0
0
0
0
0
0
0
0
0
0
0
0
0
0
0
0
0
0
0
0
0
0
0
0
0
0
0
0
0
0
0
0
0
0
0
0
0
0
0
0
0
0
0
0
0
0
0
0
0
0
0
0
0
0
0
0
0
0
0
0
0
0
0
0
0
0
0
0
0
0
0
0
0
0
0
0
0
