.60703365008036
.83142203092575
.63799695173899
1.0569572051366
.63646789391836
.82759938637416
.68463303645452
.85397551457087
.45565749208132
.8050458629926
.64564220110575
.75420488913854
.53516819079717
.75688072045644
.52064220110575
.72859328985214
.57492355505625
.80772171417872
.6177370150884
.75076452891032
.49197247624397
.8814984758695
.64602446556091
.95603976647059
.54931193590164
.70795106887817
.48662079373995
.7801987528801
.58027521769206
.78937309980392
.71521405378977
.84480122725169
.50535169243813
.8069571852684
.52828745047251
.70336391528447
.49235474069913
.71139144897461
.43081040183703
.82186543941498
.53555045525233
.71024465560913
.47668195764224
.77293578783671
.44036697347959
.72056573629379
.4705657462279
.68042814731598
.55275229612986
.60818044344584
.56536696354548
.68730886777242
.37729357679685
.66666664679845
.41437308986982
.66781346003215
.44227828582128
.59441894292831
.49159020185471
.60741591453552
.39831804235776
.59288988510768
.44877675175667
.75420488913854
.37805810570717
.54472476243973
.43577980995178
.59900611639023
.43692660331726
.6766055226326
.53822630643845
.77522935469945
.41628440221151
.59403669834137
.49503058195114
.60818042357763
.44418959816297
.5588685075442
.43501529097557
.56001528104146
.35741589466731
.62347094217936
.41704893112183
.6341743071874
.36429663499196
.69686543941498
.36009174585342
.60244649648666
.4227828681469
.61353210608164
.42928134401639
.50840978821119
.46597858270009
.63532110055288
.37308868765831
.56689604123433
.45986238121986
.50344035029411
.31192660331726
.46406728029251
.36429663499196
.49235474069913
.34900610645612
.55733944972356
.37079511086146
.53555045525233
.41055045525233
.61811925967534
.30963303645452
.52408256133397
.40940366188685
.60129968325297
.28172782063484
.51452598969142
.42087156573931
.41704893112183
.29243119557699
.48318043351173
.33142202099164
.55504588286082
.28287461400032
.46712538599968
.31574923793475
.48050458232562
.29204893112183
.49961773554484
.21024464567502
.50726299484571
.31154434879621
.5110856294632
.2905198832353
.41934250791868
.34403669834137
.50038226445516
.27331804235776
.38914373517036
.2389143705368
.33753822247187
.26261467734973
.44915901621183
.25114679336548
.33792048692703
.28134556611379
.45451069871585
.33103974660238
.2866972386837
.23776758710543
.42431193590164
.26949541767438
.42545871933301
.19151376187801
.39946483572324
.34594801068306
.32110092043877
.29663608471553
.4640672703584
.18081039686998
.43539756536484
.2931957145532
.38952598969142
.26261467734973
.44227829575539
.27446483572324
.49464831749598
.28478592634201
.43463302652041
.21750764052073
.42431192596753
.28975535432498
.4090214073658
.28555045525233
.52866973479589
.24847094714642
.47438837091128
.33677369356155
.43960244456927
.20565749208132
.39067277312279
.23547400534153
.39755351344744
.24694190422694
.43157493074735
.28669724861781
.52255352338155
.32224770387014
.4116972386837
.2702599465847
.48967889944712
.31230886777242
.39602446556091
.28746177752813
.44801223278046
.21521406869094
.49350153406461
.31383791565895
.46750764052073
.25038226445516
.39105504751205
.31880734364192
.44954128066699
.34212538599968
.48929664492607
.31995412707329
.17278287311395
.31957186261813
.48814985156059
.33333333333333
.47171253959338
.30198776721954
.46177370349566
.26758409539859
.47744648655256
.31192660331726
.37500000993411
.26758409539859
.40902139743169
.25076452891032
.34824158747991
.27331804235776
.55313456058502
.28058104713758
.43119266629219
.3042813539505
.45718654990196
.24464831749598
.37882263461749
.36964830756187
.40137613813082
.30351682504018
.43310396869977
.17775229116281
.45642202099164
.27331804235776
.42889907956123
.35703364014626
.40290520588557
.35321100552877
.46941895286242
.25344036519527
.34594801068306
.26299694180489
.4319571852684
.29892966151237
.44686543941498
.3180428147316
.43004588286082
.30428134401639
.42775228619575
.28211008509
.36544342835744
.34518349170685
.36544341842333
.26146789391836
.48241590460142
.26911315321922
.33562691013018
.31230886777242
.51452598969142
.34441895286242
.44992354512215
.27866972486178
.44266055027644
.28707950313886
.4705657462279
.40634556611379
.40328746040662
.28211009502411
.44801224271456
.30657492081324
.4613914390405
.36276758710543
.39755351344744
.20259938637416
.27714066704114
.30657492081324
.4384556611379
.35779815912247
.39946482578913
.30657492081324
.33792048692703
.2431192646424
.48738532265027
.29357797900836
.39258409539859
.17698776721954
.45374617973963
.3180428147316
.40711008509
.25879205266635
.39908257126808
.26911315321922
.36047401030858
.27522936463356
.47133027513822
.3180428147316
.44380733370781
.24732415874799
.48470948139826
.24541284143925
.42354739705722
.2522935817639
.48853211601575
.22744648655256
.39105504751205
.29166665673256
.37844037016233
.26873088876406
.50688074032466
.26490826408068
.40175840258598
.27981650829315
.38837920626005
.19418960313002
.45718653996785
.21292049189409
.44954129060109
.24808868765831
.45374616980553
.38340978821119
.43883792559306
.25573395192623
.43998470902443
.36009173591932
.40175841252009
.22668195764224
.37729357679685
.29090214769046
.41743119557699
.27828746040662
.38646789391836
.23088685174783
.37844037016233
.25879205266635
.29701834917068
.36085626482964
.43998470902443
.202217121919
.22515290478865
.30389908949534
.49617737531662
.23165138065815
.3612385292848
.29357797900836
.41246177752813
.26299695173899
.33944954474767
.27178898453712
.3887614707152
.2477064182361
.37614679336548
.20107033848763
.50993883609772
.31536697347959
.31230886777242
.30886849761009
.41399082541466
.26299695173899
.39717125892639
.33906728029251
.37117737531662
.29740062355995
.37996941804886
.23814984659354
.58906728029251
.2794342537721
.51987767219543
.22935779889425
.38302753369013
.25535168250402
.36506116390228
.29510703682899
.39640673001607
.24847095211347
.37270642320315
.1750764499108
.41513760884603
.25535169243813
.46024465560913
.2813455760479
.44801222284635
.29931193590164
.44418959816297
.3363914390405
.38723241289457
.25
.40519877274831
.24847095211347
.35512231787046
.34136085708936
.52981650829315
.24197247624397
.38111621141434
.33868501583735
.53937307993571
.2931957244873
.31269113222758
.27637614806493
.36811925967534
.2905198832353
.54166666666667
.21062691013018
.50382262468338
.25382263461749
.47285933295886
.17507645487785
.4732415775458
.22553516924381
.41284404198329
.25305810570717
.45298165082932
.23509174585342
.39105505744616
.25879206260045
.42966359853745
.26987768212954
.42087155580521
.3069571852684
.32951069871585
.26643731196721
.31498470902443
.2748471001784
.44495412707329
.30351681510607
.38493882616361
.29357797900836
.51299693187078
.32224770387014
.3612385292848
.27178898453712
.40328747034073
.26873088876406
.44457186261813
.25802752375603
.5156727830569
.3318042854468
.50229356686274
.26987767219543
.41666666666667
.24770642320315
.40366972486178
.27522935469945
.38646789391836
.34709480404854
.45833332339923
.29243119557699
.45183486739794
.22209480404854
.25496942301591
.25191131234169
.39029051860174
.24311926960945
.35894495248795
.21406727532546
.42775229612986
.24694189429283
.43233943978945
.30886849761009
.5099388162295
.26758409539859
.41399081548055
.41093271970749
.47438838084539
.26452599962552
.44686543941498
.29931191603343
.37729357679685
.29128440221151
.26605504751205
.26605504751205
.36811926960945
.31689603130023
.45451069871585
.33486239115397
.30389908949534
.33371559778849
.4430428147316
.3115443388621
.37003058195114
.25267584125201
.452217121919
.29701834917068
.36162079373995
.25114678839842
.30160550276438
.20298165082932
.34633027513822
.27025993665059
.33715596795082
.25879205266635
.41437308986982
.33944954474767
.33677370349566
.24120795230071
.33448012669881
.30925077199936
.39143731196721
.2886085609595
.40290519595146
.29166667660077
.46674312154452
.29816514253616
.39449540774028
.26643730203311
.37155962983767
.25305810074011
.36238532265027
.11276758462191
.39067278305689
.31383792559306
.37079510092735
.31957186261813
.45527523756027
.21941896279653
.32339448730151
.24464831252893
.36085626482964
.24694189925989
.42851682504018
.21062691013018
.47897553443909
.28096330165863
.46750765045484
.32798165082932
.41781346003215
.29396024346352
.29051987330119
.26605505744616
.43119265635808
.32989296317101
.37652905782064
.2159785926342
.43730887770653
.18310397366683
.35856268803279
.25344037016233
.49579512079557
.29243119557699
.43386849761009
.30886849761009
.46024464567502
.25688073039055
.36697247624397
.24426605800788
.3979357779026
.26299694180489
.32874617973963
.21827216943105
.43348623315493
.25420489410559
.48318043351173
.3318042854468
.38608561952909
.27981650829315
.40061161915461
.25726299484571
.41857797900836
.25305810074011
.39181957642237
.31766055027644
.34250765045484
.40099388360977
.29434250791868
.28860857089361
.54396025339762
.29204893112183
.47974006334941
.26337920626005
.3979357779026
.28058103720347
.39793578783671
.2316513756911
.50879204273224
.2228593279918
.43807339668274
.31574922800064
.41399082541466
.21215596298377
.35856267809868
.29931192596753
.2775229314963
.25726300477982
.38837920626005
.26834863424301
.41475535432498
.23891437550386
.3566513756911
.30925076206525
.34250764052073
.32339449723562
.40405198931694
.26873088876406
.46865443388621
.22821101049582
.47974006334941
.29472477237384
.31001529097557
.21406727532546
.39143731196721
.30657492081324
.49044341842333
.21521406869094
.52255352338155
.34403669834137
.54204893112183
.2362385292848
.34021407365799
.28669724861781
.45756880442301
.14220183591048
.34671253959338
.27446483572324
.40825687845548
.24120795230071
.46750765045484
.44074923793475
.40672783056895
.24197247624397
.46636085708936
.29357797900836
.43769112229347
.20489296813806
.38990825414658
.25993884106477
.36888378858566
.27522935469945
.48241590460142
.41972477237384
.34633028507233
.24732415874799
.36620795726776
.25917431712151
.48853210608164
.28899082541466
.42048929135005
.32568806409836
.35359327991803
.25955657164256
.30619266629219
.36047401030858
.67469418048859
.29128441214561
.44227828582128
.3658256928126
.36506115396818
.29587156573931
.34174312154452
.19074923793475
.31460245450338
.21674312154452
.452217121919
.21100917458534
.46177370349566
.3612385392189
.46674312154452
.38990826408068
.38264526923498
.2886085609595
.40787461400032
.29931191603343
.46215596795082
.31192660331726
.35053516427676
.25229357679685
.4300458629926
.23318042357763
.59021407365799
.27637614806493
.35512232780457
.29166666666667
.31842507918676
.29548930128415
.47285932302475
.32874616980553
.35932721694311
.30198776721954
.5064984758695
.33218654990196
.63073394695918
.45107033848763
.55619265635808
.19686543941498
.39564220110575
.29854739705722
.52675841252009
.25535167753696
.48929663499196
.1976299683253
.39411314328512
.22400611639023
.39373088876406
.18845565617085
.43539755543073
.33753822247187
.41131498416265
.2477064182361
.42737004160881
.28631498416265
.42354739705722
.27102446556091
.37194189429283
.28058103720347
.48432721694311
.28440366188685
.38188074032466
.25305811067422
.35435778896014
.3253057996432
.47782874107361
.2385321110487
.49770643313726
.36314984162649
.39640672008197
.33600918451945
.41055046518644
.38379204273224
.40328746040662
.27522936463356
.45489297310511
.2977828681469
.33944954474767
.28134556611379
.44227828582128
.25496941804886
.43081040183703
.31957186261813
.42622323830922
.25114678839842
.61811923980713
.29204892118772
.39717125892639
.26185014843941
.40061161915461
.31307339668274
.39602445562681
.41437308986982
.47591742873192
.25649847090244
.39564221103986
.29816513260206
.39220183094343
.31192660331726
.44113150238991
.29166667660077
.37232415874799
.40558103720347
.4365443388621
.30466360847155
.41055046518644
.24732415874799
.40711008509
.1934250742197
.4568042755127
.38340978821119
.35091742873192
.31651375691096
.39449541767438
.29090213775635
.48776759703954
.30466361840566
.33333333333333
.31804280479749
.49655962983767
.3887614707152
.39908257126808
.32339449723562
.4659785926342
.32683485746384
.34709480404854
.23891437550386
.45948012669881
.29090213775635
.35244648655256
.43769114216169
.41551987330119
.27943424383799
.37117736538251
.2522935718298
.44915902614594
.27331804235776
.44533639152845
.28593271970749
.44227829575539
.34288990497589
.37385320663452
.27025993665059
.37232415874799
.33333334326744
.40137614806493
.33371559778849
.49388379851977
.2610856294632
.47438838084539
.21521406869094
.43730886777242
.26567278305689
.50764525930087
.33524464567502
.39487767219543
.33715595801671
.42889908949534
.36047401030858
.42507646481196
.30733944972356
.34824158747991
.22821101049582
.40558103720347
.24426605304082
.44036697347959
.26032110551993
.48279816905657
.40940367182096
.42698775728544
.32568806409836
.32339450716972
.39143731196721
.50458713372548
.37079510092735
.46788990497589
.30848624308904
.2905198832353
.34862386186918
.51452600955963
.30275229612986
.36811926960945
.32951069871585
.40481651822726
.23470947643121
.35282874107361
.33256880442301
.36238532265027
.24617737531662
.44495412707329
.30237004160881
.45412844419479
.32607033848763
.39755351344744
.30007645487785
.44648318489393
.27370030681292
.46903669834137
.26490825414658
.50152906775475
.23585626979669
.35474006334941
.26681957145532
.38608561952909
.23891437550386
.38685015837351
.2840214073658
.58524465560913
.25917431215445
.41055045525233
.29013761878014
.2931957244873
.26299694180489
.43539755543073
.20527522762616
.50076452891032
.31001529097557
.42125382026037
.19151376187801
.39143730203311
.29625382026037
.36162079373995
.39831804235776
.40787462393443
.2729357779026
.56460245450338
.24235474069913
.45756880442301
.24923547108968
.43463303645452
.24388379355272
.33868501583735
.27828746040662
.49885320663452
.33830274144808
.49694189429283
.3363914390405
.34441895286242
.29548930128415
.36429663499196
.25344036519527
.47821100552877
.20298165082932
.33753823240598
.33371559778849
.47553516427676
.25267584621906
.41169724861781
.37232415874799
.45986238121986
.30389907956123
.30925076206525
.30619265635808
.44151376684507
.32377675175667
.60321100552877
.29166666666667
.37079511086146
.24464831749598
.43157492081324
.36506115396818
.46674312154452
.34938838084539
.35397553443909
.22859326998393
.30733943978945
.30848623315493
.40481650829315
.28822629650434
.42201835910479
.19151376187801
.38685015837351
.34747705856959
.48241589466731
.29090213775635
.33906728029251
.32683485746384
.42775229612986
.22477064033349
.37844037016233
.2748471001784
.45336391528447
.31116208434105
.44342507918676
.30542813738187
.37996941804886
.29013760884603
.38723241289457
.35129969318708
.452217121919
.26337920626005
.43807339668274
.30848624308904
.43310397863388
.23509174088637
.3501528998216
.37538225452105
.4522171318531
.27981650829315
.53058103720347
.25726299981276
.40711009502411
.26223242282867
.4705657462279
.31957186261813
.32912844419479
.29090214769046
.24847094714642
.26720184087753
.37614679336548
.23012232283751
.46483180920283
.21941895782948
.38493883609772
.30581040183703
.40519877274831
.32874617973963
.38455657164256
.3226299683253
.5661314924558
.23012232780457
.43769113222758
.2431192646424
.50038227438927
.23776758213838
.36620795726776
.3272171318531
.26452598969142
.26643731196721
.52637614806493
.21903669337432
.45527522762616
.27599388360977
.33371559778849
.26414373517036
.59365445375443
.26720183094343
.48279815912247
.29472477237384
.45603974660238
.32224770387014
.35703364014626
.32721711198489
.41857798894246
.22859326998393
.44877675175667
.20871559282144
.40634556611379
.2610856294632
.49197246630987
.35626912117004
.3318042755127
.31345565120379
.49999999006589
.2905198832353
.3979357779026
.4025229314963
.38761468728383
.34136085708936
.33906728029251
.29548930128415
.47477063536644
.28555045525233
.42163608471553
.31077981988589
.38723242282867
.28937308986982
.45833333333333
.34747705856959
.30504587292671
.10550458729267
.36353210608164
.34250764052073
.52905197938283
.36429663499196
.37385321656863
.41131498416265
.30007645487785
.26911315321922
.47629969318708
.23203364014626
.41934250791868
.32224770387014
.41666667660077
.38340978821119
.43157492081324
.25802752375603
.48165136575699
.25458715856075
.3547400534153
.28211009502411
.50993883609772
.25038226445516
.40787461400032
.32339449723562
.45068807403247
.27140673001607
.47018349170685
.39067278305689
.43922019004822
.297782878081
.27675841252009
.29472477237384
.37614678343137
.37194189429283
.42087156573931
.33524465560913
.4751528998216
.24197248121103
.54854738712311
.41513760884603
.47171252965927
.31918959816297
.46177369356155
.20642202099164
.44648318489393
.24923548102379
.40175841252009
.2683486243089
.44227829575539
.42775229612986
.42201834917068
.31154434879621
.32148317495982
.23126911123594
.51261468728383
.2545871535937
.43233944972356
.40711009502411
.39755352338155
.25114678839842
.34785933295886
.30657493074735
.55351680517197
.33333332339923
.44036697347959
.23432722191016
.35779816905657
.35168195764224
.43463302652041
.40061161915461
.41360857089361
.327217121919
.40863914291064
.30886849761009
.45871559778849
.30963303645452
.32645259300868
.31536696354548
.48853210608164
.42354739705722
.42392966151237
.21444954474767
.37767585118612
.28555045525233
.49044342835744
.40061161915461
.41704892118772
.37882263461749
.44418960809708
.34288990497589
.41055045525233
.32836390535037
.54013760884603
.42010703682899
.3207186460495
.29013760884603
.45412844419479
.29128440221151
.47782875100772
.37844037016233
.40978593627612
.29510702689489
.47209480404854
.27140672008197
.4430428147316
.31116208434105
.48165136575699
.28134556611379
.4411314924558
.27178898453712
.39373088876406
.25382262965043
.35129970312119
.38876148064931
.51337921619415
.36735474069913
.46215596795082
.28899081548055
.51337921619415
.4181957244873
.49655963977178
.3180428147316
.54587153593699
.29434250791868
.42698776721954
.26032110055288
.37729356686274
.33142202099164
.38340978821119
.34556575616201
.5496942003568
.30504587292671
.32262995839119
.29625382026037
.41055045525233
.44801223278046
.48050459225972
.30657492081324
.54663608471553
.22553516427676
.50458716352781
.36047401030858
.48165136575699
.37079510092735
.42201834917068
.24464832246304
.40022935469945
.34480122725169
.48662079373995
.3455657462279
.54472478230794
.37996941804886
.4613914390405
.3501528998216
.39946482578913
.36200305819511
.52561161915461
.26490825414658
.52866973479589
.43233945965767
.58371559778849
.40252294143041
.54243119557699
.28631498416265
.50114680329959
.33065748214722
.43157492081324
.29013761878014
.48853209614754
.38035168250402
.45298164089521
.35970948139826
.7048929532369
.43310397863388
.55886848767598
.38302752375603
.57798165082932
.30313456058502
.40481650829315
.31039754549662
.49464831749598
.39411314328512
.45986238121986
.26643731196721
.50267584125201
.33792048692703
.41972476243973
.43616208434105
.48126911123594
.38226300477982
.52905197938283
.32186544934909
.48012231787046
.34977063536644
.55466359853745
.35703364014626
.35894495248795
.3814984758695
.57454129060109
.33027523756027
.45986238121986
.41475535432498
.53937307993571
.51337919632594
.47209480404854
.452217121919
.5699541370074
.2886085609595
.53631498416265
.37729356686274
.27714067697525
.32607033848763
.36659021178881
.20183486243089
.32874616980553
.40137614806493
.29434250791868
.27828746040662
.45603974660238
.3612385292848
.46406728029251
.32148317495982
.35626911123594
.13799694180489
.36429663499196
.3887614607811
.19801223278046
.26376146574815
.36964831749598
.29701834917068
.33218653996785
.28363914291064
.24503057698409
.3180428147316
.30084098378817
.27790519595146
.38455658157667
.27178898453712
.30198776721954
.29510703682899
.33371559778849
.32071865598361
.31077981988589
.32607033848763
.37576452891032
.26681957642237
.30313456058502
.28822630643845
.43998470902443
.34021406372388
.3069571852684
.31422018011411
.33600916465123
.32759937644005
.34327217936516
.29472477237384
.28287462393443
.29396024346352
.28363914291064
.25038225452105
.36467889944712
.29013761878014
.34288991491
.29396024346352
.38149846593539
.24961773057779
.39640673001607
.188837920626
.21444953978062
.25152905782064
.35397553443909
.3474770685037
.1884556611379
.35970948139826
.33906728029251
.39029051860174
.21865443388621
.29090214769046
.3952599465847
.40558103720347
.30733945965767
.37576452891032
.4090214073658
.39487767219543
.30733944972356
.4181957145532
.32836391528447
.31116207440694
.44648318489393
.31918960809708
.33256881435712
.22018348177274
.2996942003568
.44533639152845
.26146788398425
.25229357679685
.32415901621183
.24655962983767
.42584098378817
.35779815912247
.45259938637416
.29166665673256
.26681957642237
.30657493074735
.42163609464963
.41284404198329
.30619265635808
.2775229314963
.31383791565895
.23585626979669
.33600917458534
.31422019004822
.36506116390228
.30351681510607
.33103974660238
.29510703682899
.31422018011411
.33983180920283
.36811925967534
.41475535432498
.40634555617968
.2931957244873
.30619266629219
.34862385193507
.40902139743169
.33677370349566
.32912843426069
.30695719520251
.32071865598361
.31001529097557
.33562692006429
.37882263461749
.33868501583735
.32110092043877
.34900611639023
.27140673001607
.41972477237384
.25152905782064
.38302753369013
.24694189429283
.38340978821119
.29587156573931
.34021407365799
.27446483572324
.42507644494375
.38340978821119
.37117736538251
.27331804235776
.36314985156059
.28440367182096
.36888378858566
.27943424383799
.35244648655256
.2683486243089
.28211009502411
.38188073039055
.35932721694311
.25382262468338
.49579510092735
.30045871933301
.3704128464063
.2775229314963
.32454129060109
.35703363021215
.41934251785278
.28325687845548
.37538226445516
.3520642220974
.42201835910479
.37308868765831
.45986239115397
.25152904788653
.30466360847155
.33486239115397
.34441897273064
.22133027513822
.39029051860174
.27446482578913
.34709480404854
.19113150238991
.2866972386837
.36085627476374
.40711009502411
.30657493074735
.297782878081
.33792048692703
.2522935817639
.36697247624397
.30810396869977
.28746177752813
.37270642320315
.27217124402523
.2637614707152
.29587155580521
.52522935469945
.33103975653648
.36544341842333
.30810397863388
.35397554437319
.3344801167647
.40787461400032
.30810397863388
.27981651822726
.22782874604066
.28631498416265
.28096330165863
.46712538599968
.28899082541466
.37691131234169
.29090214769046
.39755352338155
.26987768212954
.27140673001607
.21903669834137
.3979357779026
.29548929135005
.45718654990196
.40902139743169
.30886849761009
.37003058195114
.37538226445516
.30657493074735
.3069571852684
.35359326998393
.32110091050466
.27675841252009
.3272171318531
.3860856294632
.37958716352781
.24273700515429
.36085626482964
.31689603130023
.31116207440694
.3933486243089
.35550458232562
.3180428147316
.28363914291064
.32339449723562
.32110092043877
.30963303645452
.4181957145532
.36162079373995
.43998470902443
.23738532265027
.39870030681292
.32989297310511
.36964831749598
.41628440221151
.32339449723562
.27790520588557
.42889908949534
.38111621141434
.42660550276438
.36620794733365
.42201834917068
.34862386186918
.34709479411443
.3482415775458
.27140673001607
.36773700515429
.36200306812922
.33715596795082
.45336391528447
.33142202099164
.40443424383799
.31842506925265
.51185014843941
.21865443885326
.24579510092735
.29357797900836
.31307339668274
.33792049686114
.34136085708936
.38073394695918
.32836390535037
.26185014843941
.43081039190292
.21980122725169
.28325688838959
.28287461400032
.38952598969142
.38188073039055
.25802751382192
.33906728029251
.27293578783671
.32912843426069
.34862386186918
.25382262965043
.38532110055288
.41666667660077
.34174312154452
.25229357679685
.37499999006589
.32607033848763
.28937308986982
.24808868269126
.66055047512054
.37958716352781
.39373088876406
.4090214073658
.34212538599968
.36582568287849
.37385320663452
.32568807403247
.40443424383799
.28287462393443
.40749235947927
.27752294143041
.29510702689489
.39258409539858
.4705657462279
.47171253959338
.45298165082932
.37729358673096
.46292049686114
.34633027513822
.36888378858566
.3050458629926
.40099388360977
.40863913297653
.47285932302475
.3344801167647
.57683487733205
.44151375691096
.52637614806493
.50993883609772
.50573393702507
.50764525930087
.59709479411443
.44877675175667
.70603976647059
.47515290975571
.54625380039215
.49732414881388
.60435779889425
.68730886777242
.5523700316747
.53555045525233
.64984711011251
.51987767219543
.7270642320315
.52331804235776
.77981652816137
.60512232780457
.72171252965927
.58409788211187
.86009172598521
.57454127073288
.79243119557699
.71100918451945
.97782872120539
.86085625489553
.82568808396657
.8233944773674
1.0397553443909
.85053517421087
1.005733927091
.85282874107361
1.0454893112183
1.1559633413951
1.3004587093989
1.1211773554484
1.1559633413951
.99120797713598
1.3428899049759
1.1850153207779
1.0424311757088
1.2691131830215
1.2255351543427
.97324160734812
1.2966360648473
1.0997706254323
1.148700316747
1.2909021377563
1.4032874504725
1.6811926364899
1.6043577988942
1.5064984957377
1.5772171020508
1.553134560585
1.9040519793828
1.7343271970749
1.8207186857859
1.7564984560013
1.8329510291417
1.5722477436066
2.0034403800964
1.6509938637416
1.8738532066345
1.8707951307297
2.1590214570363
2.0431957244873
1.8803517023722
2.1467890739441
2.0592507123947
2.0722477436066
2.0225535233816
2.3910550276438
2.4376911322276
2.2041285037994
2.1567278703054
2.5519877274831
2.634556611379
2.5940366586049
2.7614679336548
2.4357798099518
2.8539755344391
2.4510702292124
2.622706413269
2.4457186063131
2.926987806956
2.6219418843587
2.5779816309611
2.5294342041016
3.1930428345998
3.0810397466024
3.3509174187978
3
3.308868487676
3.1238532066345
3.165137608846
2.8103975454966
3.4216360251109
3.2014524936676
3.3482416470846
3.233562707901
3.5531345208486
3.4755351543427
3.6288226445516
3.334862391154
3.933868487676
3.9086390336355
4.2339448928833
4.1766055425008
4.2538224856059
4.0703364213308
4.3218653996785
4.13188068072
3.8558868567149
3.9663608868917
4.4315749804179
4.3490060170492
4.4701835314433
4.2599388758341
4.5997707049052
4.5496940612793
4.9017583529154
5.1368501981099
5.0905963579814
4.8761467933655
5.0290520985921
4.7916668256124
5.0646023750305
4.8008410135905
5.7859326998393
5.2155963579814
5.2870796521505
5.5573395093282
5.663226445516
5.6020641326904
5.5974769592285
5.5370794932048
6.08562707901
6.0259938240051
6.0447247823079
5.7450304031372
5.7882262865702
6.0038228034973
6.1999235153198
6.3016055425008
6.7641437848409
6.2343273162842
6.5963303248088
6.5783638954163
6.9342506726583
6.8834098180135
6.796635945638
7.108180363973
6.9166666666667
7.1467889149984
6.6471711794535
7.2392965952555
6.9942661921183
6.6559632619222
5.3524465560913
6.9491589864095
6.6941897074382
7.0860093434652
7.2970183690389
7.0661315917969
7.5993882815043
6.9212538401286
7.4552752176921
7.23623863856
7.2633792559306
7.4678899447123
7.309250831604
7.3440367380778
7.1708715756734
7.6154435475667
6.7561162312826
6.9189600944519
7.3417431513468
7.3226299285889
7.2767583529154
7.1246178944906
7.4602446556091
6.9659786224365
7.3283638954163
6.8929664293925
7.285168170929
7.100917339325
7.2389143308004
7.0860090255737
7.0317277908325
7.2496177355448
7.3096329371134
6.8616207440694
6.6085626284281
6.5649846394857
6.7182722091675
6.698012193044
7.0875384012858
6.9453365008036
6.5084098180135
6.5844799677531
6.7251529693604
6.4124617576599
6.2522934277852
6.1337919235229
6.3998470306396
5.9032874107361
5.6303517023722
5.7974007924398
5.9732414881388
5.6804281870524
5.5294342041016
5.6525230407715
5.5
5.7014527320862
5.398317972819
5.5527523358663
5.2893732388814
5.0477830568949
4.9151377677917
5.2217125892639
4.9816513061523
4.7389143308004
4.545489470164
4.6521407763163
4.9376912117004
4.1422019004822
4.2484709421794
4.4778286616007
4.2672019004822
4.2503822644552
4.1204129060109
4.0718654791514
3.8195718924205
3.6127676169078
3.9690367380778
3.7438837687174
3.6238532066345
3.4613915284475
3.8379204273224
3.3100152810415
3.3161314328512
3.4181957244873
3.2171253363291
3.1326452096303
2.9464831352234
2.8616207440694
2.6616972287496
2.650993903478
2.783256928126
2.7316513856252
2.7931957244873
2.4854740301768
2.6525228818258
2.2557339668274
2.2553517023722
2.3700305620829
2.122706413269
1.9667431513468
1.2943425178528
2.0986237923304
1.9449541568756
1.9082568883896
1.8524464766184
1.7649082342784
1.8482415676117
1.5772171417872
1.8191895882289
1.6555810372035
1.5997706254323
1.4900611639023
1.5538990894953
1.6571100950241
1.3253058195114
1.36811931928
1.1009174187978
1.2159785827001
1.1475534836451
1.1330275138219
1.3172782659531
1.2576452493668
.5818042755127
1.0206421812375
1.0087920427322
.84862385193507
.84021407365799
.78860855102539
.77561163902283
.85512230793635
.76070336500804
.65902141729991
.72285932302475
.66781344016393
.4476299683253
.65137614806493
.79090213775635
.53440368175507
.67928133408229
.47362385193507
.59747707843781
.52866971492767
.48394496242205
.57071866591771
.48012231787046
.59288992484411
.48126910130183
.36926605304082
.46177370349566
.48929662505786
.23318043351173
.29663608471553
.35512231787046
.42660550276438
.33065749208132
.33256881435712
.29816513260206
.39105504751205
.39564220110575
.40978593627612
.42545871933301
.39105503757795
.34862385193507
.31574923793475
.41934250791868
.25649847090244
.37232415874799
.26261468728383
.27828746040662
.32110091050466
.31651375691096
.30084098378817
.34633027513822
.22974005838235
.46636084715525
.38761467734973
.33295106887817
.25114678343137
.28440367182096
.31154434879621
.32759938637416
.22438838084539
.34518348177274
.28593271970749
.30925076206525
.23662079373995
.29510703682899
.31651375691096
.23126911123594
.23318042854468
.27178898453712
.20795106887817
.327217121919
.2568807353576
.28172783056895
.30313455065091
.13417431215445
.32989296317101
.3566513756911
.30084097385406
.26223242282867
.25726299484571
.26299693683783
.25382262468338
.25611621141434
.23700305819511
.31880734364192
.28746176759402
.24885321160158
.25420489410559
.22782874604066
.25152904788653
.28784404198329
.40290519595146
.3153669834137
.21215596298377
.27293578783671
.16513761381308
.18233944972356
.23623853425185
.27828747034073
.27446483572324
.30772170424461
.2794342537721
.26834863424301
.38340978821119
.29357798894246
.22821100552877
.31345565120379
.19189602136612
.25229357679685
.25649846593539
.34136085708936
.31422018011411
.32033639152845
.26834863424301
.29243118564288
.29816513260206
.25726299484571
.30045870939891
.28822629650434
.26758410533269
.22438837587833
.26681956648827
.24006116390228
.29166666666667
.24388379851977
.37691131234169
.24388379355272
.26414373517036
.29510703682899
.21483180423578
.15558104217052
.21521406372388
.18960244456927
.37882263461749
.20107033848763
.35359326998393
.27981651822726
.3161314924558
.25076452891032
.32989296317101
.24617736538251
.2931957244873
.34250764052073
.25955658157667
.186162079374
.23126911123594
.25802752872308
.33486238121986
.25038226942221
.32033638159434
.33142202099164
.29357798894246
.27102445562681
.23318042854468
.24273700515429
.32759938637416
.24885321656863
.26681956648827
.33524464567502
.186162079374
.28478593627612
.29510702689489
.25573394695918
.25535168747107
.25688074032466
.24044342339039
.29281346003215
.26911315321922
.28593271970749
.27866971492767
.22629969318708
.15519877274831
.20298165082932
.33486239115397
.25038225948811
.2205657462279
.22821101049582
.23012232780457
.25076452891032
.36200304826101
.23394495248795
.22629969318708
.27561162908872
.27675840258598
.19839449723562
.25191131730874
.25305809577306
.27981651822726
.17507645487785
.26223241289457
.23967889944712
.22553516427676
.29013761878014
.22668195764224
.25382263461749
.28325688838959
.29625382026037
.33944954474767
.30963303645452
.27217124899228
.28058103720347
.23050458729267
.375
.27217125892639
.2385321110487
.32607033848763
.23509174088637
.25535168250402
.25496942301591
.25917431712151
.2090978572766
.25535168250402
.21827216943105
.2610856294632
.30160550276438
.30045871933301
.22897553443909
.32148317495982
.26911315321922
.24961774051189
.25917431712151
.22171253462632
.18386849761009
.28975535432498
.25879205266635
.23623853425185
.22744648655256
.1976299683253
.27714066704114
.23279816408952
.25573394695918
.22668195764224
.16743119557699
.28249235947927
.2591743071874
.32033639152845
.35818042357763
.25152905285358
.28211009502411
.22247706353664
.16896024843057
.32339449723562
.29090213775635
.25152905285358
.30007646481196
.23738531768322
.24044342339039
.2748471001784
.30122323830922
.29013760884603
.25267584621906
.34288990497589
.28516820073128
.29854739705722
.26873088876406
.25764525930087
.29816513260206
.27675840258598
.25955657660961
.26911314328512
.29969418048859
.27522936463356
.24541284143925
.24120795230071
.25114679336548
.26643731196721
.27637613813082
.28363914291064
.23814984659354
.30160551269849
.20336392025153
.36582568287849
.31995412707329
.33486238121986
.29548929135005
.28019877274831
.17660550276438
.32492354512215
.22706421713034
.30084097385406
.27064220110575
.28249234954516
.21406728029251
.3023700217406
.30122323830922
.29051987330119
.29854739705722
.23929663995902
.27370030681292
.30504587292671
.28058103720347
.26223242282867
.24770642320315
.27217125892639
.21980122725169
.24464831749598
.25879205266635
.26720184087753
.32759938637416
.22094801565011
.28440367182096
.30084098378817
.29128440221151
.29090213775635
.32530580957731
.24694189429283
.22477064530055
.22974006334941
.30810397863388
.24006115893523
.27752294143041
.29013761878014
.27790519595146
.32607033848763
.29854739705722
.17813455561797
.23432721694311
.34709480404854
.29090213775635
.25305810570717
.25573394199212
.30772171417872
.25344037512938
.3685015241305
.25305810570717
.33486239115397
.20871559282144
.22591742873192
.2480886777242
.26605503757795
.30198776721954
.41207951307297
.32148317495982
.37920488913854
.26796636978785
.28631498416265
.32454128066699
.23700306316217
.40022934476535
.29701834917068
.28211009502411
.32568807403247
.27370030681292
.35818042357763
.29892967144648
.2840214073658
.4090214073658
.32148317495982
.30466360847155
.24388379355272
.22018348673979
.24808868765831
.26261467734973
.31422018011411
.36162079373995
.32645260294278
.36238532265027
.23700305819511
.26452598969142
.49388378858566
.31957186261813
.23853210608164
.27599389354388
.23623853425185
.35894495248795
.33830275138219
.18577981491884
.33753822247187
.26299694180489
.36582568287849
.30848623315493
.33027522762616
.21636085212231
.22859326998393
.34136085708936
.27446482578913
.24694189429283
.33142202099164
.33409786224365
.33830275138219
.29816513260206
.25840978821119
.33830275138219
.36773700515429
.30925076206525
.32454128066699
.33944953481356
.36467889944712
.37882262468338
.38761468728383
.26796635985374
.31880733370781
.31766055027644
.33983179926872
.31422018011411
.23126911620299
.35282874107361
.31001529097557
.31651375691096
.31842506925265
.34288991491
.36276757717133
.36200305819511
.28134556611379
.28211008509
.36926605304082
.29816514253616
.47438838084539
.30351681510607
.31689602136612
.32798165082932
.35321100552877
.28287461400032
.34862386186918
.29854739705722
.24273699522018
.29166666666667
.35435779889425
.32645260294278
.38073395689329
.31689602136612
.39487767219543
.34021406372388
.22629969318708
.42316514253616
.32645260294278
.29166665673256
.34288991491
.38685014843941
.4090214073658
.39525993665059
.36467889944712
.35129968325297
.34747705856959
.28019878268242
.40099388360977
.35588684678078
.35474006334941
.37079511086146
.41972477237384
.34212537606557
.4273700316747
.36926605304082
.34327216943105
.34441896279653
.28555045525233
.35626911123594
.41055045525233
.33983180920283
.30045871933301
.35244647661845
.2775229314963
.47018348177274
.39640673001607
.3226299683253
.36047400037448
.32071865598361
.35168195764224
.44457186261813
.33333333333333
.41207950313886
.32415902614594
.37614678343137
.42469419042269
.30313456058502
.35970948139826
.26452598969142
.31001529097557
.32415901621183
.32951069871585
.37767584125201
.3841743071874
.33983180920283
.34518349170685
.37194189429283
.25267584621906
.39908257126808
.39640672008197
.41131498416265
.40634555617968
.32951070864995
.42966361840566
.35244648655256
.30198776721954
.30313455065091
.42087155580521
.33792048692703
.30848623315493
.38570336500804
.47477063536644
.39831804235776
.41666665673256
.42125382026037
.43769113222758
.28096330165863
.48738532265027
.48929663499196
.51490825414658
.43310396869977
.42698777715365
.46253823240598
.3730886777242
.45451069871585
.44533640146255
.47324158747991
.49694189429283
.5045871535937
.49006117383639
.47859326998393
.43195719520251
.42660550276438
.52943424383799
.3998471001784
.48126912117004
.43233944972356
.49273699522018
.57759938637416
.3612385392189
.47515290975571
.3933486243089
.44877676169078
.54587155580521
.49235473076502
.47171253959338
.53402139743169
.42125383019447
.43004587292671
.47133027513822
.37308868765831
.47094801068306
.54128440221151
.60244647661845
.48814985156059
.4044342537721
.39908257126808
.38723242282867
.49579510092735
.47897553443909
.57874617973963
.54816514253616
.6066513856252
.44877676169078
.54128442207972
.48509174585342
.54472478230794
.54510702689489
.45183486739794
.4594801167647
.45336390535037
.60168196757634
.55581039190292
.48318043351173
.58562692006429
.60741589466731
.46406729022662
.50764526923498
.48700305819511
.54663608471553
.51490825414658
.60168194770813
.60703365008036
.53402139743169
.52025993665059
.66857798894246
.48929662505786
.5818042755127
.58371559778849
.53593269983927
.58639144897461
.59097858270009
.57874617973963
.46292048692703
.63723242282867
.63226300477982
.58868501583735
.63111619154612
.55581039190292
.52790518601735
.5707186460495
.56880734364192
.61429663499196
.5634556611379
.51758408546448
.53134556611379
.48547401030858
.70412844419479
.6838685075442
.6322629849116
.68081039190292
.52599388360977
.51490825414658
.67278285821279
.51643731196721
.67507644494375
.5634556611379
.53937309980392
.50993882616361
.59327218929927
.60932721694311
.62767585118612
.57224770387014
.55733944972356
.64525993665059
.6276758313179
.60626912117004
.61009172598521
.68539756536484
.53287462393443
.53440368175507
.62882262468338
.65825688838959
.59977064530055
.59174311161041
.53975534439087
.60626910130183
.66819570461909
.58830275138219
.71903669834137
.68463303645452
.70909786224365
.66475534439087
.51758408546448
.55160548289617
.68081039190292
.59518349170685
.67316514253616
.58333333333333
.60894497235616
0
0
0
0
0
0
0
0
0
0
0
0
0
0
0
0
0
0
0
0
0
0
0
0
0
0
0
0
0
0
0
0
0
0
0
0
0
0
0
0
0
0
0
0
0
0
0
0
0
0
0
0
0
0
0
0
0
0
0
0
0
0
0
0
0
0
0
0
0
0
0
0
0
0
0
0
0
0
0
0
0
0
0
0
0
0
0
0
0
0
0
0
0
0
0
0
0
0
0
0
0
0
0
0
0
0
0
0
0
0
0
0
0
0
0
0
0
0
0
0
0
0
0
0
0
0
0
0
0
0
0
0
0
0
0
0
0
0
0
0
0
0
0
0
0
0
0
0
0
0
0
0
0
0
0
0
0
0
0
0
0
0
0
0
0
0
0
0
0
0
0
0
0
0
0
0
0
0
0
0
0
0
0
0
0
0
0
0
0
0
0
0
0
0
0
0
0
0
0
0
0
0
0
0
0
0
0
0
0
0
0
0
0
0
0
0
0
0
0
0
0
0
0
0
0
0
0
0
0
0
0
0
0
0
0
0
0
0
0
0
0
0
0
0
0
0
0
0
0
0
0
0
0
0
0
0
0
0
0
0
0
0
0
0
0
0
0
0
0
0
0
0
0
0
0
0
0
0
0
0
0
0
0
0
0
0
0
0
0
0
0
0
0
0
0
0
0
0
0
0
0
0
0
0
0
0
0
0
0
0
0
0
0
0
0
0
0
0
0
0
0
0
0
0
0
0
0
0
0
0
0
0
0
0
0
0
0
0
0
0
0
0
0
0
0
0
0
0
0
0
0
0
0
0
0
0
0
0
0
0
0
0
0
0
0
0
0
0
0
0
0
0
0
0
0
0
0
0
0
0
0
0
0
0
0
0
0
0
0
0
0
0
0
0
0
0
0
0
0
0
0
0
0
0
0
0
0
0
0
0
0
0
0
0
0
0
0
0
0
0
0
0
0
0
0
0
0
0
0
0
0
0
0
0
0
0
0
0
0
0
0
0
0
0
0
0
0
0
0
0
0
0
0
0
0
0
0
0
0
0
0
0
0
0
0
0
0
0
0
0
0
0
0
0
0
0
0
0
0
0
0
0
0
0
0
0
0
0
0
0
0
0
0
0
0
0
0
0
0
0
0
0
0
0
0
0
0
0
0
0
0
0
0
0
0
0
0
0
0
0
0
0
0
0
0
0
0
0
0
0
0
0
0
0
0
0
0
0
0
0
0
0
0
0
0
0
0
0
0
0
0
0
0
0
0
0
0
0
0
0
0
0
0
0
0
0
0
0
0
0
0
0
0
0
0
0
0
0
0
0
0
0
0
0
0
0
0
0
0
0
0
0
0
0
0
0
0
0
0
0
0
0
0
0
0
0
0
0
0
0
0
0
0
0
0
0
0
0
0
0
0
0
0
0
0
0
0
0
0
0
0
0
0
0
0
0
0
0
0
0
0
0
0
0
0
0
0
0
0
0
0
0
0
0
0
0
0
0
0
0
0
0
0
0
0
0
0
0
0
0
0
0
0
0
0
0
0
0
0
0
0
0
0
0
0
0
0
0
0
0
0
0
0
0
0
0
0
0
0
0
0
0
0
0
0
0
0
0
0
0
0
0
0
0
0
0
0
0
0
0
0
0
0
0
0
0
0
0
0
0
0
0
0
0
0
0
0
0
0
0
0
0
0
0
0
0
0
0
0
0
0
0
0
0
0
0
0
0
0
0
0
0
0
0
0
0
0
0
0
0
0
0
0
0
0
0
0
0
0
0
0
0
0
0
0
0
0
0
0
0
0
0
0
0
0
0
0
0
0
0
0
0
0
0
0
0
0
0
0
0
0
0
0
0
0
0
0
0
0
0
0
0
0
0
0
0
0
0
0
0
0
0
0
0
0
0
0
0
0
0
0
0
0
0
0
0
0
0
0
0
0
0
0
0
0
0
0
0
0
0
0
0
0
0
0
0
0
0
0
0
0
0
0
0
0
0
0
0
0
0
0
0
0
0
0
0
0
0
0
0
0
0
0
0
0
0
0
0
0
0
0
0
0
0
0
0
0
0
0
0
0
0
0
0
0
0
0
0
0
0
0
0
0
0
0
0
0
0
0
0
0
0
0
0
0
0
0
0
0
0
0
0
0
0
0
0
0
0
0
0
0
0
0
0
0
0
0
0
0
0
0
0
0
0
0
0
0
0
0
0
0
0
0
0
0
0
0
0
0
0
0
0
0
0
0
0
0
0
0
0
0
0
0
0
0
0
0
0
0
0
0
0
0
0
0
0
0
0
0
0
0
0
0
0
0
0
0
0
0
0
0
0
0
0
0
0
0
0
0
0
0
0
0
0
0
0
0
0
0
0
0
0
0
0
0
0
0
0
0
0
0
0
0
0
0
0
0
0
0
0
0
0
0
0
0
0
0
0
0
0
0
0
0
0
0
0
0
0
0
0
0
0
0
0
0
0
0
0
0
0
0
0
0
0
0
0
0
0
0
0
0
0
0
0
0
0
0
0
0
0
0
0
0
0
0
0
0
0
0
0
0
0
0
0
0
0
0
0
0
0
0
0
0
0
0
0
0
0
0
0
0
0
0
0
0
0
0
0
0
0
0
0
0
0
0
0
0
0
0
0
0
0
0
0
0
0
0
0
0
0
0
0
0
0
0
0
0
0
0
0
0
0
0
0
0
0
0
0
0
0
0
0
0
0
0
0
0
0
0
0
0
0
0
0
0
0
0
0
0
0
0
0
0
0
0
0
0
0
0
0
0
0
0
0
0
0
0
0
0
0
0
0
0
0
0
0
0
0
0
0
0
0
0
0
0
0
0
0
0
0
0
0
0
0
0
0
0
0
0
0
0
0
0
0
0
0
0
0
0
0
0
0
0
0
0
0
0
0
0
0
0
0
0
0
0
0
0
0
0
0
0
0
0
0
0
0
0
0
0
0
0
0
0
0
0
0
0
0
0
0
0
0
0
0
0
0
0
0
0
0
0
0
0
0
0
0
0
0
0
0
0
0
0
0
0
0
0
0
0
0
0
0
0
0
0
0
0
0
0
0
0
0
0
0
0
0
0
0
0
0
0
0
0
0
0
0
0
0
0
0
0
0
0
0
0
0
0
0
0
0
0
0
0
0
0
0
0
0
0
0
0
0
0
0
0
0
0
0
0
0
0
0
0
0
0
0
0
0
0
0
0
0
0
0
0
0
0
0
0
0
0
0
0
0
0
0
0
0
0
0
0
0
0
0
0
0
0
0
0
0
0
0
0
0
0
0
0
0
0
0
0
0
0
0
0
0
0
0
0
0
0
0
0
0
0
0
0
0
0
0
0
0
0
0
0
0
0
0
0
0
0
0
0
0
0
0
0
0
0
0
0
0
0
0
0
0
0
0
0
0
0
0
0
0
0
0
0
0
0
0
0
0
0
0
0
0
0
0
0
0
0
0
0
0
0
0
0
0
0
0
0
0
0
0
0
0
0
0
0
0
0
0
0
0
0
0
0
0
0
0
0
0
0
0
0
0
0
0
0
0
0
0
0
0
0
0
0
0
0
0
0
0
0
0
0
0
0
0
0
0
0
0
0
0
0
0
0
0
0
0
0
0
0
0
0
0
0
0
0
0
0
0
0
0
0
0
0
0
0
0
0
0
0
0
0
0
0
0
0
0
0
0
0
0
0
0
0
0
0
0
0
0
0
0
0
0
0
0
0
0
0
0
0
0
0
0
0
0
