.64258410533269
.7996942003568
.67698776721954
.96636084715525
.67431193590164
.79892965157827
.74961773554484
.77943426370621
.49617736538251
.74541286627452
.71100916465123
.68310397863388
.58333333333333
.72591743866603
.56574924786886
.68577982982
.62385322650274
.78134556611379
.66857796907425
.71139142910639
.54319570461909
.82492355505625
.68501530090968
.85053515434265
.58524465560913
.64984709024429
.52943424383799
.72133026520411
.61085625489553
.72477064530055
.77025993665059
.80351682504018
.53822628657023
.75611619154612
.57454129060109
.64831805229187
.53211009502411
.66666666666667
.47133026520411
.75840979814529
.55389906962713
.65940366188685
.51720182100932
.71750764052073
.49006116390228
.64946484565735
.5064984758695
.64296634991964
.59671254952749
.58677369356155
.61276759703954
.62996941804886
.39984709024429
.62347094217936
.44418960809708
.61620793739955
.48394494255384
.57110091050466
.51299693187078
.57951070864995
.42469419042269
.55084097385406
.51681956648827
.71100916465123
.41666666666667
.48929663499196
.48356269796689
.56116207440694
.45909786224365
.64678899447123
.58906728029251
.66781344016393
.46636085708936
.55542812744776
.53784404198329
.56230886777242
.50382262468338
.51873089869817
.49464831749598
.52217125892639
.37270641326904
.60397551457087
.47362385193507
.59250764052073
.39678898453712
.64029049873352
.39678898453712
.54510702689489
.47285932302475
.55657492081324
.45259938637416
.47935780882835
.50879205266635
.5818042755127
.4155198832353
.5431957244873
.48929664492607
.47859326998393
.34212538599968
.41896024346352
.38952598969142
.4640672703584
.39029051860174
.52752294143041
.41896024346352
.49961774547895
.45795107881228
.57377674182256
.33486239115397
.47438838084539
.44418960809708
.56460245450338
.30848624308904
.48738532265027
.45183486739794
.39449541767438
.31345565120379
.45412844419479
.35665136575699
.51758408546448
.32568807403247
.45107034842173
.33983179926872
.44036696354548
.30695719520251
.45107032855352
.22209479908148
.4659785926342
.34709480404854
.49732414881388
.31842506925265
.37729357679685
.37538226445516
.4705657462279
.30160551269849
.35244647661845
.26185015340646
.32224770387014
.27217125892639
.40634556611379
.28172783056895
.29816513260206
.30581040183703
.41360857089361
.35588684678078
.26605503757795
.26490826408068
.39640673001607
.27025993665059
.40405198931694
.21292049189409
.37155963977178
.38073394695918
.30313457051913
.31842506925265
.50076452891032
.20527522762616
.3933486243089
.32301223278046
.36888378858566
.2859327296416
.40328747034073
.29740061362584
.4365443388621
.30963302652041
.40787462393443
.22056575119495
.40366972486178
.31383791565895
.39411315321922
.30351682504018
.48585627476374
.28172783056895
.44113150238991
.35856268803279
.41513760884603
.22935779392719
.37882263461749
.26070336500804
.3776758313179
.26681956648827
.38455657164256
.32224770387014
.48356268803279
.3318042854468
.37996942798297
.29472476243973
.45489296317101
.32912843426069
.36620794733365
.31001529097557
.39220184087753
.2431192646424
.45565748214722
.33944954474767
.4338685075442
.27484709024429
.36620794733365
.32454127073288
.40634556611379
.37041283647219
.43501529097557
.34671253959338
.16437308490276
.34480122725169
.44571866591771
.38226300477982
.43998470902443
.31918960809708
.4430428147316
.27714066704114
.43310396869977
.32683485746384
.35244647661845
.2840214073658
.37729356686274
.27370030681292
.327217121919
.30542812744776
.50382262468338
.30963303645452
.3887614707152
.38264525930087
.49923547108968
.31842507918676
.47859327991803
.40749234954516
.37270642320315
.3115443388621
.38685015837351
.18922018011411
.41934251785278
.28287462393443
.38340978821119
.40328746040662
.37538226445516
.39220184087753
.43730886777242
.29128441214561
.31613150238991
.28096330165863
.39143731196721
.31307339668274
.41016819079717
.35856268803279
.40099388360977
.33600917458534
.40137614806493
.31039755543073
.3363914390405
.35856268803279
.34288990497589
.29166666666667
.46444954474767
.2702599465847
.32454128066699
.34633027513822
.48814984162649
.37232415874799
.40481651822726
.31307339668274
.41284403204918
.30428134401639
.42392966151237
.44036696354548
.38799694180489
.30084097385406
.42469419042269
.33065749208132
.43233944972356
.38035168250402
.39717124899228
.23432721694311
.27675841252009
.3344801167647
.39258409539858
.37844037016233
.37270641326904
.32798164089521
.31995411713918
.27140672008197
.43463302652041
.32759938637416
.40634555617968
.18195719023546
.4044342537721
.34824158747991
.39831804235776
.27217124899228
.36467889944712
.2886085609595
.33065749208132
.30466360847155
.42966360847155
.35168196757634
.41093271970749
.27331804235776
.44686544934909
.26758409539859
.38035168250402
.27484709024429
.43195719520251
.25344037016233
.36238532265027
.31957186261813
.35703363021215
.28784404198329
.46215596795082
.29510703682899
.36467889944712
.32989296317101
.35970948139826
.20603975653648
.42163608471553
.22897553443909
.41781345009804
.27484709024429
.42584098378817
.40596330165863
.42316514253616
.27981650829315
.39449541767438
.38952598969142
.3704128464063
.2637614707152
.35474006334941
.30810397863388
.38493883609772
.29740060369174
.34824159741402
.24503057698409
.35168195764224
.28899082541466
.28058103720347
.38340978821119
.40634556611379
.2224770685037
.21903669834137
.32645259300868
.45298165082932
.2545871535937
.33715595801671
.31307339668274
.37882262468338
.28211008509
.31116207440694
.29663608471553
.35703364014626
.28669725855192
.34097858270009
.21559632817904
.45795106887817
.34327217936516
.27866972486178
.33371559778849
.36811925967534
.29931192596753
.37003058195114
.35894495248795
.3455657462279
.31918960809708
.35856268803279
.26414373517036
.54663608471553
.37347094217936
.48967889944712
.2477064182361
.35053516427676
.26681957642237
.33868501583735
.31995411713918
.37194189429283
.26987768212954
.34709480404854
.18654434382915
.39181956648827
.28516819079717
.41704893112183
.30351681510607
.4090214073658
.32301224271456
.42584098378817
.37423547108968
.36200305819511
.27140673001607
.34938837091128
.27408256133397
.32224770387014
.37729357679685
.48318042357763
.26261467734973
.34862385193507
.3612385292848
.49999999006589
.31230885783831
.27637614806493
.30160550276438
.34747705856959
.30848624308904
.48967890938123
.23356269299984
.47171253959338
.27370030681292
.43501529097557
.19189602633317
.44801223278046
.22935779889425
.37117737531662
.28784404198329
.41896024346352
.25535168250402
.37614679336548
.27140673001607
.41093271970749
.29281346003215
.39831804235776
.31689603130023
.32492354512215
.28746177752813
.29740061362584
.30045871933301
.41934250791868
.32836391528447
.39449541767438
.31001528104146
.48050458232562
.33027522762616
.32377675175667
.29969419042269
.37538225452105
.30122323830922
.41896023352941
.28325687845548
.48509174585342
.37232415874799
.47209480404854
.30045871933301
.39067278305689
.27790520588557
.37117736538251
.30007644494375
.36429663499196
.38111621141434
.41399081548055
.32148318489393
.42163608471553
.22477064033349
.24885321160158
.27943424383799
.35818043351173
.25496941804886
.33830275138219
.23700305819511
.40099388360977
.26261468728383
.40672783056895
.33065749208132
.46636086702347
.29931191603343
.40061161915461
.4181957244873
.44342507918676
.29281345009804
.40672783056895
.3272171318531
.3520642220974
.33333332339923
.23241590460141
.28746177752813
.35129969318708
.34785932302475
.4181957145532
.36467888951302
.28287461400032
.35129969318708
.40558103720347
.32989297310511
.34365443388621
.28402141729991
.42201834917068
.30886849761009
.33677369356155
.28058104713758
.28746177752813
.22362385193507
.32301223278046
.27599389354388
.32454129060109
.27905198931694
.38646789391836
.36506116390228
.3115443388621
.2702599465847
.33065749208132
.33486239115397
.37691131234169
.31460244456927
.38723241289457
.33027522762616
.45336391528447
.32645260294278
.36238532265027
.28134556611379
.34785932302475
.26758410533269
.33409786224365
.11811926712592
.36467890938123
.32798165082932
.34480121731758
.33371559778849
.4273700316747
.23814985156059
.31574923793475
.26414373517036
.34327215949694
.27331805229187
.4090214073658
.22553516924381
.45718653996785
.32951069871585
.43425076206525
.35168195764224
.3933486243089
.31689602136612
.28440367182096
.29892966151237
.41857797900836
.37270642320315
.33792048692703
.22668195764224
.40558103720347
.20374617477258
.33524465560913
.27370030681292
.46941895286242
.30351682504018
.42431192596753
.33103975653648
.44342506925265
.28822630643845
.34059632817904
.27981650829315
.38073393702507
.27255352338155
.30542812744776
.24732415378094
.4227828681469
.27370030681292
.45336391528447
.34594802061717
.2610856294632
.30466360847155
.36085626482964
.2748471001784
.3769113222758
.28555045525233
.37003058195114
.34862385193507
.32454128066699
.43463302652041
.27217125892639
.31613150238991
.50993882616361
.32683485746384
.45871558785439
.28325688838959
.38035168250402
.30084097385406
.37385320663452
.24808868765831
.49388379851977
.24617737034957
.40558102726936
.32454128066699
.4025229314963
.2270642220974
.34212538599968
.31842507918676
.26146789391836
.28555045525233
.36353211601575
.28211009502411
.39029051860174
.2748471001784
.32339449723562
.32683486739794
.32224771380424
.35397552450498
.37576452891032
.29472477237384
.44418960809708
.26032109061877
.45795106887817
.32568807403247
.2794342537721
.22400612135728
.37652904788653
.33218653996785
.45986239115397
.22782875100772
.49885321656863
.36697247624397
.49770642320315
.2637614707152
.31651375691096
.29854739705722
.42392967144648
.15252293646336
.31842507918676
.29396024346352
.3769113222758
.25764525433381
.44266055027644
.47285933295886
.39029051860174
.25993883609772
.46177369356155
.2996942003568
.40328747034073
.22171253462633
.38302752375603
.28325686852137
.35856268803279
.30122323830922
.45603975653648
.45795106887817
.3318042755127
.26414373517036
.35168196757634
.28937307993571
.44915902614594
.31422018011411
.40175840258598
.34900611639023
.33027522762616
.26529052853584
.29128441214561
.34212538599968
.484327207009
.29090213775635
.42048930128415
.40099388360977
.32645260294278
.31154434879621
.33830275138219
.21827216943105
.28822630643845
.22668195764224
.41743118564288
.2228593279918
.4365443388621
.39181956648827
.44227828582128
.41399082541466
.37920488913854
.32033639152845
.40481650829315
.33600916465123
.43960244456927
.32607033848763
.32607033848763
.2905198832353
.40672783056895
.26146789391836
.55733944972356
.31001529097557
.34174312154452
.3134556611379
.2859327296416
.31880733370781
.45756880442301
.34938838084539
.34862385193507
.327217121919
.4724770685037
.37767584125201
.62079511086146
.48394495248795
.53134554624557
.20795107384523
.39067278305689
.327217121919
.50229356686274
.29701835910479
.44380733370781
.2155963331461
.37461774547895
.25152905285358
.39220183094343
.21827216943105
.39602446556091
.36314985156059
.41016820073128
.2748471001784
.40672783056895
.31460245450338
.42316514253616
.30084098378817
.35932721694311
.33027523756027
.48126911123594
.30733945965767
.37423547108968
.27599387367566
.35397553443909
.34785932302475
.4613914390405
.26796635985374
.47477064530055
.39411314328512
.39143730203311
.37117737531662
.40558103720347
.42125382026037
.38914373517036
.30619265635808
.44074923793475
.3520642220974
.35206421216329
.32607033848763
.44151375691096
.29434249798457
.42010702689489
.35779816905657
.43501528104146
.28746177752813
.62652905782064
.34327216943105
.42775228619575
.3069571852684
.41246176759402
.34938837091128
.39831804235776
.46444953481356
.48012232780457
.29892965157827
.41704893112183
.35474006334941
.42163609464963
.37041283647219
.45068807403247
.33524464567502
.39717125892639
.47553516427676
.44801223278046
.35244648655256
.42928134401639
.29434250791868
.40061162908872
.23470948139826
.47477064530055
.4503057996432
.38532111048698
.37117737531662
.43272171417872
.35129970312119
.5183486143748
.34403669834137
.34633028507233
.38188073039055
.52408258120219
.44839449723562
.40558103720347
.37423547108968
.48853211601575
.38264526923498
.36314984162649
.27255352338155
.48509174585342
.32989296317101
.34441896279653
.51643731196721
.42851682504018
.3226299683253
.36276758710543
.28593271970749
.43922019004822
.32454128066699
.44610091050466
.32224770387014
.42545870939891
.36926605304082
.3677370150884
.3180428147316
.35282874107361
.34441896279653
.40290519595146
.3814984758695
.4686544239521
.30122324824333
.4724770685037
.2270642220974
.43310397863388
.28440367182096
.48126911123594
.36926606297493
.38570336500804
.37538226445516
.39487768212954
.39602446556091
.42966359853745
.32951069871585
.33103975653648
.25038226445516
.39564220110575
.26681956648827
.42392966151237
.28019878268242
.4476299683253
.45948012669881
.40634556611379
.35550459225972
.29969419042269
.43425076206525
.47094801068306
.41093271970749
.43960244456927
.34709480404854
.28325687845548
.36697247624397
.49617737531662
.32683485746384
.33295106887817
.34709480404854
.37996941804886
.25229358673096
.35129969318708
.36276758710543
.34900611639023
.27255351344744
.4273700316747
.3344801167647
.42851682504018
.3501528998216
.39067278305689
.31995412707329
.42966360847155
.31345565120379
.44724770387014
.29128440221151
.47591742873192
.26185014843941
.33983180920283
.3180428147316
.47133027513822
.26987768212954
.37538226445516
.30848624308904
.57530581951141
.28172783056895
.39220183094343
.31536696354548
.29166666666667
.29396024346352
.40978592634201
.22018348673979
.4770642220974
.33983179926872
.40711009502411
.20833333333333
.36276757717133
.31651375691096
.33562691013018
.41666666666667
.38532109061877
.29013761878014
.53822630643845
.27637614806493
.43769113222758
.25573394695918
.42240061362584
.26987768212954
.31574923793475
.30542813738187
.48547401030858
.36544342835744
.4659785926342
.35359327991803
.33753823240598
.33027522762616
.33256880442301
.27370029687881
.46444953481356
.2320336351792
.3199541370074
.37461773554484
.43960245450338
.28096330165863
.42010703682899
.44151375691096
.4568042854468
.32071865598361
.29931192596753
.34288991491
.41399082541466
.35359326998393
.60665136575699
.36735474069913
.35359327991803
.27675840258598
.41896025339762
.39602446556091
.45718654990196
.38990825414658
.34441896279653
.25764525930087
.29396024346352
.3161314924558
.40366972486178
.30313456058502
.41896024346352
.21903669834137
.36047400037448
.38952599962552
.45833333333333
.28784404198329
.33103975653648
.35818042357763
.41207951307297
.25076452394327
.3639143705368
.30810397863388
.44839449723562
.32874617973963
.42048930128415
.34174312154452
.37423547108968
.31536697347959
.36926605304082
.38226299484571
.43730886777242
.28746177752813
.4227828681469
.37155962983767
.42354739705722
.26720184087753
.34365443388621
.41016819079717
.46024464567502
.31651375691096
.50879204273224
.2886085609595
.38379204273224
.30963303645452
.47629969318708
.36659021178881
.31727828582128
.33256880442301
.23853211601575
.32492354512215
.3841743071874
.27217125892639
.46292048692703
.24617737034957
.375
.36353210608164
.43119265635808
.36735474069913
.38226300477982
.35550458232562
.54548929135005
.26873088876406
.43692660331726
.27637614806493
.48547401030858
.26261468231678
.37538226445516
.38340978821119
.25649848083655
.30045871933301
.53211009502411
.28172783056895
.45030580957731
.3226299782594
.34709479411443
.31307338674863
.58983180920283
.31842507918676
.4908256928126
.33944953481356
.4476299683253
.375
.35397553443909
.38685015837351
.42354740699132
.26911315321922
.43348623315493
.23814984659354
.40634555617968
.28975535432498
.49847096204758
.40290519595146
.32377676169078
.37079511086146
.49464830756187
.34977064530055
.40863913297653
.46215595801671
.38646789391836
.41131497422854
.33103975653648
.32071865598361
.49273700515429
.32951069871585
.44954128066699
.35741591453552
.38608561952909
.3318042854468
.46903669834137
.3887614707152
.31651376684507
.11238532016675
.36697247624397
.39449540774028
.53899083534876
.43654434879621
.3730886777242
.46559632817904
.30198776721954
.30733945965767
.50267585118612
.25649847090244
.45412843426069
.3887614707152
.41743119557699
.44266055027644
.46406728029251
.30581040183703
.50382263461749
.30275230606397
.359327207009
.31269113222758
.50726300477982
.29931192596753
.42010703682899
.38073394695918
.48738531271617
.31574923793475
.48470948139826
.46177369356155
.46215595801671
.35818043351173
.28440367182096
.34824158747991
.39870030681292
.43577981988589
.422782878081
.42048929135005
.52446484565735
.30351682504018
.58524463574092
.50191130240758
.47935779889425
.3887614607811
.50573395689329
.26261467734973
.48470948139826
.29701834917068
.43425076206525
.33486238121986
.47094801068306
.50764526923498
.43463302652041
.37117736538251
.35129969318708
.25000000496705
.54281346003215
.28058103720347
.45336391528447
.4935015241305
.39258409539858
.28746177752813
.35856269796689
.35244648655256
.56689602136612
.38188074032466
.44533639152845
.29166666666667
.35359327991803
.42392966151237
.44036696354548
.46750765045484
.41093271970749
.40061162908872
.41781345009804
.34977064530055
.47477063536644
.36276758710543
.32148317495982
.34594801068306
.5019113222758
.49847094217936
.42813455065091
.25764526923498
.38379204273224
.32568807403247
.50573394695918
.44686543941498
.41284404198329
.4181957244873
.45298165082932
.39717125892639
.40787462393443
.36888379851977
.55007646481196
.49235474069913
.3318042854468
.34900611639023
.4705657462279
.34441896279653
.48432721694311
.44418959816297
.42240061362584
.35168195764224
.48203364014626
.31880734364192
.44418960809708
.35091742873192
.49273699522018
.31460243463516
.43769113222758
.28478593627612
.37958716352781
.31498470902443
.34212537606557
.45948012669881
.51490825414658
.43883792559306
.46636085708936
.34136085708936
.51337919632594
.48853210608164
.5137614607811
.34633026520411
.55772173404694
.33983179926872
.44342507918676
.30581040183703
.39296635985374
.37844037016233
.37844036022822
.3887614707152
.57224772373835
.34288991491
.34594801068306
.34480122725169
.40519878268242
.50535168250402
.48470947146416
.34327216943105
.57492355505625
.26490826408068
.5110856294632
.41131498416265
.48356268803279
.43539755543073
.41666666666667
.28746176759402
.39678899447123
.38417431712151
.5110856393973
.40978592634201
.58868501583735
.45336391528447
.45871559778849
.39755352338155
.40214067697525
.41399082541466
.52981650829315
.31345565120379
.51070336500804
.48547400037448
.58333333333333
.46903668840726
.55466361840566
.34785933295886
.52561161915461
.3822629849116
.43960245450338
.34059632817904
.5064984758695
.44418959816297
.47668195764224
.43501529097557
.72094802061717
.50344035029411
.57568808396657
.46330275138219
.59097858270009
.34633027513822
.39908256133397
.37003058195114
.49503058195114
.44380733370781
.4797400534153
.32415901621183
.50879205266635
.41934251785278
.45718653996785
.53402141729991
.51108560959498
.47782874107361
.55581041177114
.37270642320315
.53363913297653
.42316514253616
.62844036022822
.39755351344744
.38493884603182
.46062691013018
.61314984162649
.43539755543073
.48662079373995
.50955659151077
.59518349170685
.64793578783671
.51070336500804
.54396023352941
.62729358673096
.37538226445516
.60588685671488
.46750765045484
.33409786224365
.38455657164256
.42469419042269
.22591742873192
.37652904788653
.46521407365799
.32186543941498
.3153669834137
.48318042357763
.41131498416265
.5026758313179
.36811926960945
.4090214073658
.15558104217052
.39067278305689
.4430428147316
.22362385690212
.27828746040662
.4155198832353
.32607033848763
.37347095211347
.31842507918676
.27408257126808
.36200305819511
.33715595801671
.29472476243973
.41016820073128
.31192660331726
.33906728029251
.3115443388621
.34097858270009
.34709479411443
.31842507918676
.37232415874799
.41704894105593
.28822629650434
.32874617973963
.31269113222758
.47668194770813
.37691131234169
.33142202099164
.34174312154452
.35894494255384
.37117736538251
.38302752375603
.30389907956123
.28402139743169
.33600916465123
.29510703682899
.27446483572324
.39602446556091
.32530580957731
.39029051860174
.31192660331726
.40558103720347
.29548930128415
.41704893112183
.22438838084539
.23700305819511
.27905198931694
.38646789391836
.38302752375603
.22133027513822
.4025229314963
.34977063536644
.40558103720347
.25114678839842
.30007644494375
.43081039190292
.41857798894246
.3134556611379
.40366972486178
.44686543941498
.40596331159274
.31880733370781
.43922018011411
.35512232780457
.32339448730151
.422782878081
.35321100552877
.34938838084539
.23776758213838
.30122323830922
.45909786224365
.26949540774028
.26414372523626
.33562692006429
.2454128464063
.44724770387014
.36200305819511
.44418959816297
.29854739705722
.29166666666667
.31651376684507
.41743119557699
.43386849761009
.31689602136612
.29548929135005
.3272171318531
.25496942301591
.32071865598361
.30122324824333
.36238532265027
.30619266629219
.31842507918676
.2886085609595
.32530581951141
.36085626482964
.35703363021215
.41972477237384
.41207950313886
.27714066704114
.28325687845548
.35970948139826
.41437308986982
.34059633811315
.33983180920283
.31307339668274
.31383792559306
.32568807403247
.35129970312119
.39411315321922
.327217121919
.31536697347959
.35474006334941
.2637614707152
.41131498416265
.25305810570717
.39373088876406
.25076452394327
.39029051860174
.28478593627612
.36506116390228
.27522935469945
.41016820073128
.39373088876406
.37270643313726
.29396024346352
.3520642220974
.29090212782224
.37805810570717
.28249234954516
.37614678343137
.26032111048698
.28822629650434
.38035167256991
.38417431712151
.25573394695918
.49541283647219
.30542813738187
.38188073039055
.25917431215445
.33600917458534
.37117736538251
.41857798894246
.28019878268242
.37003058195114
.33371559778849
.41055046518644
.36773699522018
.45986239115397
.24885320663452
.2729357779026
.34021406372388
.3409785926342
.20756880939007
.39220184087753
.27408257126808
.34059632817904
.20068807403247
.28096331159274
.38111620148023
.39029051860174
.31918959816297
.2905198832353
.32071865598361
.21941895782948
.35550458232562
.31039755543073
.2931957244873
.31230886777242
.25496941804886
.26146789391836
.27675841252009
.46559632817904
.30848624308904
.34212538599968
.31422018011411
.32759938637416
.32071865598361
.3409785926342
.27484709024429
.28172783056895
.25573393702507
.28134556611379
.26681957642237
.44533639152845
.27522936463356
.33448012669881
.28249235947927
.42431192596753
.28363914291064
.28134555617968
.19915901621183
.40634556611379
.30504587292671
.41093270977338
.43883792559306
.31001529097557
.38493883609772
.38685015837351
.3199541370074
.31192660331726
.3704128464063
.32530580957731
.27637614806493
.3318042854468
.40481650829315
.42240060369174
.2637614607811
.37232415874799
.34862384200096
.3455657462279
.44418958822886
.37614678343137
.36659021178881
.34900611639023
.38493884603182
.35626912117004
.36314984162649
.46215596795082
.40634555617968
.5137614707152
.28516820073128
.47247705856959
.43692660331726
.44495412707329
.48432721694311
.4181957145532
.35091742873192
.56307339668274
.53019877274831
.5818042755127
.48050458232562
.55198778708776
.50114679336548
.47209480404854
.52255352338155
.38493883609772
.50802752375603
.55198776721954
.52714067697525
.63761466741562
.48279816905657
.55657492081324
.46712538599968
.77064218123754
.35818043351173
.39640673001607
.45489296317101
.49006117383639
.53478592634201
.61582567294439
.58906728029251
.56383792559306
.4862385292848
.72515288988749
.40672783056895
.51185015837351
.55275229612986
.67010702689489
.6746942003568
.51452600955963
.60359325011571
.56269113222758
.57148319482803
.65558103720347
.50688074032466
.73814984162649
.73432721694311
.71292048692703
.54396025339762
.78287462393443
.6903669834137
.59671252965927
.55007644494375
1.2094801266988
.80581039190292
.83256882429123
.85321100552877
.77714065710704
.86314984162649
.86735473076502
.76796634991964
.92851682504018
.68998471895854
.88837921619415
.67010702689489
.70298165082932
.87538226445516
1.0493119557699
1.1093271970749
1.1154434283574
.97515288988749
1.0191131432851
.90596330165863
.93157492081324
.8226299683253
.92966361840566
1.0126146674156
1.10626912117
.78707953294118
1.2194189627965
1.091743071874
1.2178899447123
1.1108562548955
1.14029053847
1.1620795329412
1.2637614806493
1.0657492081324
1.4369266033173
1.1945718924205
1.2744648456573
1.1345565716426
1.3031345208486
1.4606268803279
1.2201834519704
1.1831039587657
1.3295107285182
1.2064220110575
1.4094036420186
1.1670489311218
1.5282874902089
1.3207186460495
1.3780580759048
1.3016055027644
1.6444953680038
1.2083333333333
1.5248471101125
1.4376911322276
1.7526758511861
1.5810397466024
1.4870030879974
1.6139144102732
2.0194954077403
1.6341743071874
1.7737002770106
1.5340213775635
1.8700305620829
1.9969418843587
2.2285932699839
1.9273699919383
1.956422050794
1.73470946153
2.1964832146962
2.0026758114497
1.7886085510254
2.0554281870524
2.0431956847509
1.7178899447123
2.0496941804886
1.8180427948634
1.9124617973963
2.1169724464417
2.3685015837351
2.4793577194214
2.4155197938283
2.2740825812022
2.4495412508647
2.4025228818258
2.7392966747284
2.5649847189585
2.7450305620829
2.6945718924205
2.6853975454966
2.3971712589264
2.898317972819
2.4216361045837
2.6819571654002
2.7629969914754
2.9262231985728
2.8960244655609
2.7603211402893
3.0107033252716
2.7847859859467
2.8543577988942
2.7350918451945
3.2737003962199
3.3834098180135
2.9927370548248
2.9785932699839
3.3887614409129
3.3730886777242
3.3535932699839
3.5829510688782
3.1257645289103
3.6441131432851
3.1269113222758
3.3788225650787
3.058868487676
3.5932721296946
3.2423547108968
3.1471712589264
3.1903669834137
3.8474771181742
3.7052752176921
4.0110856691996
3.4579510688782
3.9323394298553
3.7121560573578
3.7037462393443
3.1976300080617
3.8761467138926
3.573394536972
3.7435015042623
3.4957951704661
3.7840214570363
3.7610855897268
3.9040520191193
3.5451070467631
4.183486143748
4.1647553443909
4.5049694379171
4.3841743469238
4.4002294540405
3.9957950909932
4.3069570859273
4.1135320663452
3.7236238320669
3.8199540774028
4.2064218521118
3.9984709421794
4.051987806956
3.860856294632
4.2392965952555
4.0237003962199
4.3868501981099
4.5267585118612
4.4908256530762
4.1326452891032
4.3188072840373
3.9155197938283
4.1104739507039
3.7672018210093
4.8551224072774
4.1123852729797
4.1330275535583
4.3436544736226
4.3780581156413
4.2779051462809
4.0997705459595
4.0198777516683
4.5458715756734
4.3344801266988
4.2966361045837
3.9120794932048
3.9109326998393
4.0172019004822
4.1601683298747
4.2614679336548
4.5313455263774
3.9782110055288
4.2327982584635
4.209862391154
4.5405198733012
4.3539754549662
4.1574923197428
4.476682027181
4.2113912900289
4.3597094217936
3.8142201900482
4.2442660331726
3.9824159145355
3.6032110055288
2.2113913695018
3.825305779775
3.3711773554484
3.792431195577
3.9170489311218
3.6529052257538
4.1819570859273
3.3811162312826
3.8631498813629
3.5286697546641
3.6303517818451
3.8077217737834
3.5603975454966
3.624617656072
3.3883792559306
3.7748471101125
2.9212538401286
3.0256116390228
3.4212538401286
3.3707951704661
3.3883792559306
3.1444954077403
3.3983180522919
2.9503058592478
3.3188073635101
2.9124617576599
3.216743071874
3.0042049090068
3.1853976249695
3.0409021377563
2.9384556611379
3.1945718924205
3.209862391154
2.825688123703
2.5676605701447
2.5936544736226
2.6811927159627
2.7106269200643
3.1028287410736
2.9178134600321
2.5974770387014
2.6498470306396
2.7782874107361
2.5967125097911
2.3933486143748
2.3436543941498
2.5886850357056
2.1819571654002
2.0118501981099
2.1253822644552
2.3214832146962
2.1632262070974
2.0110857089361
2.165137608846
2.0409020582835
2.24311931928
2.0156727631887
2.2014525731405
1.9950306018194
1.8042813142141
1.7668195962906
2.0172019004822
1.9143730799357
1.6941895882289
1.5508409738541
1.7178899049759
2.0301988124847
1.4094036817551
1.4568042755127
1.780580997467
1.5925076405207
1.6934250593185
1.5454893112183
1.4915902217229
1.3532109657923
1.2675840854645
1.5818042755127
1.3700305620829
1.3623853127162
1.2522935469945
1.5810397466024
1.2175076405207
1.2442660331726
1.3799693981806
1.2870795329412
1.332568804423
1.1288226048152
1.0948011875153
.96980122725169
.97285930315653
1.0504587093989
1.0848623514175
1.2033639351527
.96827216943105
1.1081804434458
.85970948139826
.90978592634201
.98470948139826
.79548931121826
.8253057996432
.33868501583735
.89411316315333
.81880734364192
.76987769206365
.76643731196721
.76949540774027
.79166664679845
.68272173404694
.84021405378977
.72974006334941
.76414372523626
.66704895099004
.71444954474767
.87079511086146
.58103974660238
.65749235947927
.48967889944712
.58065750201543
.54663608471553
.52981650829315
.70718652009964
.71024465560913
.24044342339039
.53019877274831
.55045870939891
.43807339668274
.452217121919
.41055045525233
.39678899447123
.49655961990356
.43998470902443
.37347094217936
.45642201105754
.39296635985374
.26146789391836
.40366972486178
.53860857089361
.34327216943105
.49044342835744
.31039754549662
.41513761878014
.3363914390405
.34862385193507
.39067277312279
.34250764052073
.43004587292671
.3639143705368
.26146789391836
.36085626482964
.36238531271617
.17316513756911
.22171253462632
.28287461400032
.33409786224365
.2591743071874
.26987767219543
.24388378858566
.2977828681469
.31460244456927
.35932721694311
.35588684678078
.31574922800064
.29357797900836
.26223242282867
.37117736538251
.22821101049582
.3161314924558
.24847094714642
.25382263461749
.28172783056895
.29204892118772
.26261468231678
.30045871933301
.20603975653648
.40978593627612
.33486239115397
.31727828582128
.22477064033349
.24350152909756
.2931957145532
.28631498416265
.20986239115397
.30810397863388
.26911315321922
.28784404198329
.21980122228463
.27370030681292
.28134556611379
.21712538599968
.21483180423578
.25573394695918
.18960244953632
.29243119557699
.23814984659354
.24961773554484
.28746177752813
.125
.31383791565895
.34021407365799
.28593271970749
.26223242282867
.24159021178881
.24120794733365
.23012232283751
.22591742873192
.21597859760125
.30428134401639
.27828746040662
.24082568784555
.25267584125201
.20986238618692
.25611620148023
.25688074032466
.39449540774028
.30733943978945
.1976299683253
.26758409539859
.15978593130906
.17660550276438
.22438837587833
.26567278305689
.26987768212954
.29587155580521
.26146789391836
.25344037512938
.34938838084539
.29013760884603
.2182721743981
.29969419042269
.18081039686998
.23394495248795
.23356268803279
.30963302652041
.2977828681469
.29816513260206
.2450305869182
.28058103720347
.27752294143041
.24541284143925
.27905197938283
.27828747034073
.25802752872308
.2113914390405
.24044342835744
.21750764548779
.27828746040662
.23891437550386
.35703364014626
.23394495248795
.26490826408068
.28096330165863
.19839449723562
.14029051860174
.19227828582128
.19036696851254
.35818043351173
.17851682007313
.34250765045484
.27905198931694
.28975535432498
.24503058195114
.3023700316747
.23356269299984
.28899082541466
.33562692006429
.22859327495098
.16781345506509
.21330275634925
.24197247624397
.3180428147316
.24120794733365
.31727828582128
.31039754549662
.28822629650434
.25496941804886
.20374617973963
.24464832246304
.31842506925265
.24235474069913
.2637614607811
.31422018011411
.17928134898345
.28134556611379
.27905198931694
.26070336997509
.23891437550386
.24885322153568
.22247706353664
.26643731196721
.27102446556091
.28325687845548
.27140673001607
.22018348673979
.15328746537368
.20451070864995
.32148318489393
.22668195764224
.21674311657747
.22209479908148
.22629969318708
.25840978821119
.33600917458534
.21750765045484
.21865443388621
.26414373517036
.27522935469945
.20986238618692
.2431192646424
.2748471001784
.27064220110575
.16590213775635
.25688073039055
.22668195267518
.21597859760125
.27408257126808
.20642202099164
.26758409539858
.27178898453712
.28211008509
.32530580957731
.30045871933301
.26299694180489
.28363914291064
.22629968822002
.3704128464063
.26414372523626
.24464832246304
.31230886777242
.23814984659354
.24082568784555
.26185014843941
.24732415378094
.21292049189409
.24197247624397
.20986238618692
.26070336997509
.2886085609595
.29434249798457
.22400611639023
.31918960809708
.25649847090244
.24120795230071
.26643731196721
.22553516427676
.17928134401639
.27408256133397
.2522935718298
.22133027513822
.23509174088637
.19418960313002
.2794342537721
.21941895782948
.25688073039055
.22209479908148
.17545871436596
.26414373517036
.25764525930087
.28746177752813
.36697247624397
.2477064182361
.25535168747107
.21636085708936
.16475535432498
.31460244456927
.30045871933301
.24694189925989
.30351681510607
.24044342339039
.24770642320315
.27331804235776
.30428134401639
.28478593627612
.24923547605673
.32645260294278
.27943424383799
.28669724861781
.27599388360977
.2637614707152
.29281346003215
.27408257126808
.2519113222758
.27064220110575
.28746177752813
.25649846593539
.25114679336548
.22056575119495
.24694188932578
.28134556611379
.28172783056895
.27828747034073
.23738532265027
.29013760884603
.20107033848763
.34288991491
.3180428147316
.31039755543073
.31001529097557
.27178898453712
.1819571852684
.32224771380424
.22935779889425
.28975535432498
.27905197938283
.26834861934185
.20986238618692
.31039755543073
.30963302652041
.28899082541466
.29740061362584
.23623853425185
.29548930128415
.30198776721954
.28784403204918
.2637614707152
.25420488913854
.27140673001607
.21674312154452
.24503058195114
.25305811067422
.24923547108968
.31116208434105
.21215596298377
.27522935469945
.28822630643845
.2866972386837
.30160551269849
.34136085708936
.25038226942221
.23012232283751
.24426604807377
.32607033848763
.24541284143925
.27561162908872
.28172783056895
.28249234954516
.32568807403247
.30733945965767
.17622324327628
.24579511086146
.34136085708936
.29434249798457
.25229358673096
.26490825414658
.30428134401639
.25382263461749
.34977064530055
.24885321160158
.31995412707329
.20948012669881
.21903669834137
.25344037512938
.26567278305689
.29701835910479
.3952599465847
.34480122725169
.37041285634041
.26987767219543
.27522935469945
.31651376684507
.23814984659354
.39296635985374
.28058103720347
.29969419042269
.31918959816297
.27866972486178
.35206421216329
.30848624308904
.27217125892639
.40863915284475
.31957186261813
.31880734364192
.23470948139826
.21368501583735
.24120795230071
.2748471001784
.30160550276438
.36773700515429
.32224770387014
.36009173591932
.23470948139826
.25420488913854
.47744648655256
.31689602136612
.24350153406461
.27637614806493
.22897553443909
.36926606297493
.31460245450338
.18425076206525
.32836391528447
.27140673001607
.35129969318708
.32912844419479
.34136085708936
.22247706353664
.22897553940614
.34633027513822
.27752294143041
.25267584125201
.32951070864995
.3390672703584
.33792048692703
.29854740699132
.26873088876406
.34441896279653
.36850153406461
.31230886777242
.30122323830922
.3612385292848
.35129969318708
.37920489907265
.38952599962552
.26185014843941
.28746176759402
.32568807403247
.34327216943105
.31001529097557
.22362385193507
.35321101546288
.31383792559306
.32377676169078
.29854740699132
.33983180920283
.35550458232562
.37538226445516
.28899082541466
.29128440221151
.35168195764224
.31536696354548
.46980122725169
.30160551269849
.33600917458534
.34671253959338
.33371559778849
.29281346003215
.33715595801671
.31460244456927
.25076452891032
.3023700217406
.32530581951141
.33792048692703
.36353210608164
.31422018011411
.38723242282867
.3520642220974
.22171253959338
.43157493074735
.32110092043877
.30619266629219
.33562692006429
.375
.41934249798457
.38493883609772
.3730886777242
.35894495248795
.33792049686114
.2905198832353
.40519877274831
.36238531271617
.3639143705368
.38570336500804
.4181957145532
.34633026520411
.42431192596753
.36544342835744
.32951070864995
.34938838084539
.28287462393443
.36429663499196
.41055045525233
.35474006334941
.29472476243973
.36620794733365
.27637614806493
.47438838084539
.39717125892639
.33983179926872
.34824158747991
.32454129060109
.34021406372388
.4430428147316
.33600917458534
.41513760884603
.31651376684507
.3795871535937
.41857798894246
.29892967144648
.35626911123594
.26949540774028
.31383791565895
.32148317495982
.32339449723562
.38264525930087
.3795871535937
.34212537606557
.33333332339923
.39870030681292
.24923548102379
.39831804235776
.37805810570717
.4181957244873
.39870030681292
.33600917458534
.43539755543073
.37117737531662
.30619266629219
.30007645487785
.39449541767438
.35053516427676
.30160550276438
.39105504751205
.47591742873192
.39220183094343
.40290519595146
.44342506925265
.42316513260206
.28707951307297
.45795106887817
.46903669834137
.51032111048698
.44418959816297
.4181957244873
.44227828582128
.35856268803279
.4705657462279
.42507645487785
.49388379851977
.49044341842333
.52905199925105
.4908256928126
.48012232780457
.42469419042269
.43692661325137
.51529051860174
.41246177752813
.48929664492607
.44189602136612
.4954128464063
.5726299683253
.35359326998393
.48509174585342
.38188073039055
.46712538599968
.53822628657023
.49961773554484
.4613914390405
.50420490900675
.33792048692703
.43807339668274
.47515290975571
.3841743071874
.47821100552877
.55313456058502
.57607034842173
.50076452891032
.40022935469945
.42163608471553
.37041283647219
.50458717346191
.47629969318708
.56383792559306
.53363913297653
.61353210608164
.45107033848763
.5615443388621
.46521406372388
.54166666666667
.53899081548055
.47744647661845
.44915902614594
.47362385193507
.59097860256831
.56460243463516
.50076452891032
.59212537606557
.59327216943105
.48776758710543
.52102446556091
.48967889944712
.53822628657023
.52905199925105
.56651375691096
.61735473076502
.52752294143041
.53287462393443
.64755352338155
.47744648655256
.57492355505625
.57798165082932
.53478594621023
.59212537606557
.57759940624237
.59785932302475
.49235474069913
.63035168250402
.60397553443909
.59365443388621
.6139143705368
.63455659151077
.52943424383799
.59671252965927
.57721710205078
.61391439040502
.56651375691096
.53669724861781
.52102446556091
.47362385193507
.71368501583735
.69992355505625
.61811925967534
.65481650829315
.5110856393973
.53363913297653
.64067276318868
.54396025339762
.68042814731598
.57148317495982
.54166666666667
.52484709024429
.57951068878174
.60129968325297
.62270643313726
.58792048692703
.54204893112183
.65481652816137
.61238533258438
.61697248617808
.60779817899068
.65825688838959
.52675839265188
.54013762871424
.61697248617808
.65940366188685
.58295106887817
.58600916465123
.53937309980392
.59709479411443
.65634556611379
.59136084715525
.70603972673416
.6846330165863
.7048929532369
.65902139743169
.52255350351334
.55045870939891
.63685015837351
.57836391528447
.67775229612986
.56995411713918
.61085627476374
0
0
0
0
0
0
0
0
0
0
0
0
0
0
0
0
0
0
0
0
0
0
0
0
0
0
0
0
0
0
0
0
0
0
0
0
0
0
0
0
0
0
0
0
0
0
0
0
0
0
0
0
0
0
0
0
0
0
0
0
0
0
0
0
0
0
0
0
0
0
0
0
0
0
0
0
0
0
0
0
0
0
0
0
0
0
0
0
0
0
0
0
0
0
0
0
0
0
0
0
0
0
0
0
0
0
0
0
0
0
0
0
0
0
0
0
0
0
0
0
0
0
0
0
0
0
0
0
0
0
0
0
0
0
0
0
0
0
0
0
0
0
0
0
0
0
0
0
0
0
0
0
0
0
0
0
0
0
0
0
0
0
0
0
0
0
0
0
0
0
0
0
0
0
0
0
0
0
0
0
0
0
0
0
0
0
0
0
0
0
0
0
0
0
0
0
0
0
0
0
0
0
0
0
0
0
0
0
0
0
0
0
0
0
0
0
0
0
0
0
0
0
0
0
0
0
0
0
0
0
0
0
0
0
0
0
0
0
0
0
0
0
0
0
0
0
0
0
0
0
0
0
0
0
0
0
0
0
0
0
0
0
0
0
0
0
0
0
0
0
0
0
0
0
0
0
0
0
0
0
0
0
0
0
0
0
0
0
0
0
0
0
0
0
0
0
0
0
0
0
0
0
0
0
0
0
0
0
0
0
0
0
0
0
0
0
0
0
0
0
0
0
0
0
0
0
0
0
0
0
0
0
0
0
0
0
0
0
0
0
0
0
0
0
0
0
0
0
0
0
0
0
0
0
0
0
0
0
0
0
0
0
0
0
0
0
0
0
0
0
0
0
0
0
0
0
0
0
0
0
0
0
0
0
0
0
0
0
0
0
0
0
0
0
0
0
0
0
0
0
0
0
0
0
0
0
0
0
0
0
0
0
0
0
0
0
0
0
0
0
0
0
0
0
0
0
0
0
0
0
0
0
0
0
0
0
0
0
0
0
0
0
0
0
0
0
0
0
0
0
0
0
0
0
0
0
0
0
0
0
0
0
0
0
0
0
0
0
0
0
0
0
0
0
0
0
0
0
0
0
0
0
0
0
0
0
0
0
0
0
0
0
0
0
0
0
0
0
0
0
0
0
0
0
0
0
0
0
0
0
0
0
0
0
0
0
0
0
0
0
0
0
0
0
0
0
0
0
0
0
0
0
0
0
0
0
0
0
0
0
0
0
0
0
0
0
0
0
0
0
0
0
0
0
0
0
0
0
0
0
0
0
0
0
0
0
0
0
0
0
0
0
0
0
0
0
0
0
0
0
0
0
0
0
0
0
0
0
0
0
0
0
0
0
0
0
0
0
0
0
0
0
0
0
0
0
0
0
0
0
0
0
0
0
0
0
0
0
0
0
0
0
0
0
0
0
0
0
0
0
0
0
0
0
0
0
0
0
0
0
0
0
0
0
0
0
0
0
0
0
0
0
0
0
0
0
0
0
0
0
0
0
0
0
0
0
0
0
0
0
0
0
0
0
0
0
0
0
0
0
0
0
0
0
0
0
0
0
0
0
0
0
0
0
0
0
0
0
0
0
0
0
0
0
0
0
0
0
0
0
0
0
0
0
0
0
0
0
0
0
0
0
0
0
0
0
0
0
0
0
0
0
0
0
0
0
0
0
0
0
0
0
0
0
0
0
0
0
0
0
0
0
0
0
0
0
0
0
0
0
0
0
0
0
0
0
0
0
0
0
0
0
0
0
0
0
0
0
0
0
0
0
0
0
0
0
0
0
0
0
0
0
0
0
0
0
0
0
0
0
0
0
0
0
0
0
0
0
0
0
0
0
0
0
0
0
0
0
0
0
0
0
0
0
0
0
0
0
0
0
0
0
0
0
0
0
0
0
0
0
0
0
0
0
0
0
0
0
0
0
0
0
0
0
0
0
0
0
0
0
0
0
0
0
0
0
0
0
0
0
0
0
0
0
0
0
0
0
0
0
0
0
0
0
0
0
0
0
0
0
0
0
0
0
0
0
0
0
0
0
0
0
0
0
0
0
0
0
0
0
0
0
0
0
0
0
0
0
0
0
0
0
0
0
0
0
0
0
0
0
0
0
0
0
0
0
0
0
0
0
0
0
0
0
0
0
0
0
0
0
0
0
0
0
0
0
0
0
0
0
0
0
0
0
0
0
0
0
0
0
0
0
0
0
0
0
0
0
0
0
0
0
0
0
0
0
0
0
0
0
0
0
0
0
0
0
0
0
0
0
0
0
0
0
0
0
0
0
0
0
0
0
0
0
0
0
0
0
0
0
0
0
0
0
0
0
0
0
0
0
0
0
0
0
0
0
0
0
0
0
0
0
0
0
0
0
0
0
0
0
0
0
0
0
0
0
0
0
0
0
0
0
0
0
0
0
0
0
0
0
0
0
0
0
0
0
0
0
0
0
0
0
0
0
0
0
0
0
0
0
0
0
0
0
0
0
0
0
0
0
0
0
0
0
0
0
0
0
0
0
0
0
0
0
0
0
0
0
0
0
0
0
0
0
0
0
0
0
0
0
0
0
0
0
0
0
0
0
0
0
0
0
0
0
0
0
0
0
0
0
0
0
0
0
0
0
0
0
0
0
0
0
0
0
0
0
0
0
0
0
0
0
0
0
0
0
0
0
0
0
0
0
0
0
0
0
0
0
0
0
0
0
0
0
0
0
0
0
0
0
0
0
0
0
0
0
0
0
0
0
0
0
0
0
0
0
0
0
0
0
0
0
0
0
0
0
0
0
0
0
0
0
0
0
0
0
0
0
0
0
0
0
0
0
0
0
0
0
0
0
0
0
0
0
0
0
0
0
0
0
0
0
0
0
0
0
0
0
0
0
0
0
0
0
0
0
0
0
0
0
0
0
0
0
0
0
0
0
0
0
0
0
0
0
0
0
0
0
0
0
0
0
0
0
0
0
0
0
0
0
0
0
0
0
0
0
0
0
0
0
0
0
0
0
0
0
0
0
0
0
0
0
0
0
0
0
0
0
0
0
0
0
0
0
0
0
0
0
0
0
0
0
0
0
0
0
0
0
0
0
0
0
0
0
0
0
0
0
0
0
0
0
0
0
0
0
0
0
0
0
0
0
0
0
0
0
0
0
0
0
0
0
0
0
0
0
0
0
0
0
0
0
0
0
0
0
0
0
0
0
0
0
0
0
0
0
0
0
0
0
0
0
0
0
0
0
0
0
0
0
0
0
0
0
0
0
0
0
0
0
0
0
0
0
0
0
0
0
0
0
0
0
0
0
0
0
0
0
0
0
0
0
0
0
0
0
0
0
0
0
0
0
0
0
0
0
0
0
0
0
0
0
0
0
0
0
0
0
0
0
0
0
0
0
0
0
0
0
0
0
0
0
0
0
0
0
0
0
0
0
0
0
0
0
0
0
0
0
0
0
0
0
0
0
0
0
0
0
0
0
0
0
0
0
0
0
0
0
0
0
0
0
0
0
0
0
0
0
0
0
0
0
0
0
0
0
0
0
0
0
0
0
0
0
0
0
0
0
0
0
0
0
0
0
0
0
0
0
0
0
0
0
0
0
0
0
0
0
0
0
0
0
0
0
0
0
0
0
0
0
0
0
0
0
0
0
0
0
0
0
0
0
0
0
0
0
0
0
0
0
0
0
0
0
0
0
0
0
0
0
0
0
0
0
0
0
0
0
0
0
0
0
0
0
0
0
0
0
