.22925456861655
.26652601361275
.22081575294336
.21237693230311
.25527426600456
.27426161368688
.23734177152316
.27426159381866
.23523207008839
.22257384161154
.29043600956599
.22890295088291
.19831223785877
.24789029359818
.20147679249446
.19163150588671
.19620253145695
.2376933892568
.19409283002218
.22960618635019
.19936708609263
.24085794389248
.22925456861655
.23839661975702
.20675105353196
.22714486718178
.21343179047108
.21729958057404
.28199718395869
.22433193027973
.24367088576158
.28094234069188
.24050632615884
.21940928200881
.17897327740987
.22257383664449
.25421941280365
.25246132413546
.25738397240639
.25527426600456
.22819972038269
.30414909124374
.25316454966863
.26652601361275
.23030942678452
.25562587380409
.25140647093455
.26722924908002
.21202531456947
.26652602354685
.23136427501837
.2556258837382
.19690576692422
.24929676453273
.26300984621048
.18530238668124
.3066104054451
.24507735172908
.20007032155991
.2718002696832
.26828411221504
.2113220791022
.26617439587911
.22925456861655
.23030942181746
.29887482523918
.19549929598967
.21729957560698
.26125174760818
.24613220492999
.20921237766743
.26160337527593
.2405063311259
.26336146394412
.21940928200881
.22714486718178
.19549929598967
.26125175754229
.2264416317145
.19901546835899
.2623066107432
.22855133314927
.2401547084252
.21343178550402
.27109704415003
.20077356199423
.24789028863112
.24964838226636
.21483825643857
.22327707211177
.24437412122885
.21905766924222
.2528129418691
.17651195327441
.21905766427517
.19163150588671
.24085794885953
.23101265728474
.20218002796173
.2264416317145
.21518986920516
.16807313263416
.2348804473877
.23593530555566
.21554148693879
.19444444278876
.22995780905088
.21308016777039
.23206751048565
.23277074595292
.25457102557023
.2208157479763
.23417721688747
.20886075993379
.20921237766743
.27039381861687
.2306610395511
.25984528660774
.23734177152316
.26863572001457
.29711673657099
.28973277409871
.22222222387791
.25668073693911
.23628691832225
.21237693230311
.28234880169233
.2236286898454
.23945147792498
.20886075993379
.25562587877115
.20042193929354
.21167369683584
.19303797185421
.24437412122885
.2651195526123
.22679324448109
.17651195327441
.25246132910252
.29922644297282
.23523206512133
.28023910522461
.2306610395511
.24156117935975
.26160337527593
.24824191133181
.22995780408382
.30239100257556
.24859352906545
.22960618635019
.21765119334062
.2306610395511
.20112517476082
.2735583682855
.23171589771907
.24683544536432
.2141350209713
.22538677851359
.19163150588671
.16947960356871
.23171589771907
.24507735669613
.25597750147184
.20780590673288
.21483825643857
.17194092770418
.22046414017677
.24156117935975
.18670886258284
.23136427998543
.24894515176614
.22679324944814
.24120956162612
.22257384161154
.27707453568776
.27144867181778
.2376933892568
.20147679249446
.2679324944814
.23101266225179
.16772151986758
.25597750147184
.26758087674777
.21448663870494
.23874824245771
.18706048031648
.19268635412057
.20710267623266
.26617440581322
.23382559915384
.26617440581322
.21905766427517
.18846695125103
.20182841022809
.227848097682
.23417721688747
.28445850809415
.28059071302414
.21097046136856
.18706048031648
.24402250349522
.24753867586454
.26371308167775
.26371308167775
.27180027961731
.2528129418691
.28656821449598
.23030942181746
.29219408830007
.29078762729963
.24156117935975
.26054853200912
.24156117935975
.25421941280365
.30309423804283
.24789029359818
.23382559915384
.22855133811633
.27320675055186
.2236286898454
.20218002796173
.27250352501869
.23980309565862
.23171589275201
.24437412122885
.2405063311259
.20147679249446
.26441631714503
.24050632615884
.24191279709339
.28410689036051
.25035162270069
.25492263833682
.25105485320091
.23277075091998
.21800281107426
.23523207008839
.25210971136888
.24824191133181
.24683544536432
.24226441482703
.22468354304632
.2651195526123
.24789029359818
.21167370180289
.26863572001457
.24789029856523
.23593530555566
.22890295584997
.23312236368656
.21940928200881
.28656821449598
.21765119830767
.25210970143477
.25879044334094
.25984528660774
.20464134713014
.24120956162612
.2405063311259
.24718706309795
.2623066107432
.2707454264164
.24824191629887
.2802390952905
.3132911324501
.21624472737312
.28199718395869
.21483825147152
.24226441482703
.27004219094912
.24156117935975
.23277074098587
.25457103053729
.27390998601913
.29113923509916
.28656821449598
.25773558020592
.27883262435595
.23347397645315
.25632911920547
.22960618635019
.19831223289172
.25351617733637
.20323488116264
.2236286898454
.2042897293965
.23066104451815
.22819972038269
.2127285550038
.21518987417221
.23277074595292
.26933896541595
.23241912325223
.19760899742444
.27707453568776
.25316456456979
.2612517674764
.2802390952905
.27320675055186
.22292545437813
.26547116041183
.24894514679909
.25105484326681
.26687764128049
.24331926802794
.2264416317145
.22292545437813
.24050632615884
.20042193929354
.23734177152316
.27250351508458
.23628691832225
.26090013980865
.23030942181746
.20182841022809
.26863572994868
.24226441979408
.24824191629887
.24261603256067
.2169479628404
.2014767875274
.24648382763068
.24050632615884
.25738397240639
.25597749153773
.27531645695368
.24367088576158
.23804500699043
.25386779507001
.27672291795413
.21378340323766
.22292545437813
.26547117034594
.24648382763068
.22187060614427
.2376933892568
.21905766427517
.24437412122885
.21167369683584
.18178621431192
.19971870879332
.18600562711557
.21589310963949
.20253164569537
.22327707707882
.16912799080213
.28727144996325
.24261603256067
.2485935340325
.24648383259773
.22855133811633
.18495077391466
.2264416317145
.22362869481246
.21694795787334
.25210970640182
.22855133314927
.21343178550402
.21589310467243
.20042193929354
.16736990213394
.24472573896249
.21870604654153
.21765119830767
.22819971541564
.24718706309795
.25386779507001
.25703235467275
.26265822847684
.23909986019135
.19092827041944
.28797468543053
.28375527262688
.24753867586454
.27672292788823
.2528129418691
.26863572994868
.20710266629855
.19655414919058
.2707454264164
.21237693230311
.2707454264164
.28199718395869
.24156118432681
.27250351508458
.23628691832225
.31434598565102
.23452882965406
.25316455960274
.26441631714503
.25808720787366
.27848100662231
.26265823841095
.2429676502943
.28340365489324
.28270041942596
.2584388256073
.25105485320091
.25105485816797
.25035161773364
.26758087674777
.29360056916873
.29606189330419
.27144866188367
.28832630316416
.2707454363505
.25914206107457
.28164556622505
.19831223785877
.2514064759016
.29043600956599
.27250350515048
.22116737067699
.27250350515048
.29219409823418
.22362869481246
.30168775717417
.25914206107457
.29606188337008
.28938115636508
.29395218690236
.2236286898454
.2679324845473
.29535864790281
.20675105353196
.28656821449598
.23663853605588
.25562587380409
.26265822847684
.29324895143509
.23945147295793
.27285514275233
.29746835430463
.2071026712656
.27144867181778
.28375527262688
.21167369683584
.25421941280365
.26090014974276
.23417721688747
.2886779208978
.32067510485649
.23241912821929
.2858649790287
.31258790691694
.25457103053729
.27320674061775
.29219409823418
.23874824245771
.24648382763068
.26722924908002
.2292545735836
.27812939882278
.25632911920547
.27109704415003
.25738397240639
.23488045235475
.22995780905088
.2528129418691
.2651195526123
.24367088576158
.22187060117722
.28481012582779
.29219409823418
.24085794389248
.28516174356143
.25808720787366
.24402250349522
.2651195526123
.24261603256067
.27144866188367
.24085794389248
.31434598565102
.28199718395869
.28832629323006
.26969057321548
.22890295088291
.31258790691694
.26230661571026
.23945147295793
.31962025165558
.23874824245771
.25914206107457
.28938115636508
.27461322148641
.20428973436356
.29500703016917
.33122362693151
.23839662472407
.28445850809415
.27285513281822
.23488045235475
.26933895548185
.28586498896281
.24859352906545
.26406469941139
.303797463576
.26160337527593
.31751054525375
.26054853200912
.30239100257556
.29992967844009
.31680730978648
.30731364091237
.35196905334791
.25914205114047
.31188467144966
.30520393451055
.28375527262688
.27531645695368
.3094233473142
.26160337527593
.2556258837382
.30907172958056
.30168776710828
.25703235467275
.24718706309795
.34001406033834
.20147679249446
.29149085283279
.29113923509916
.2471870581309
.2042897293965
.25984528660774
.26722925901413
.30274262030919
.27250351508458
.2886779208978
.24613220989704
.29008439183235
.27988747755686
.2746132115523
.23523206512133
.2763713101546
.32348804672559
.28621659676234
.27355835835139
.29113923509916
.31434598565102
.27426159381866
.24120956162612
.3452883263429
.24191279709339
.2376933892568
.27215188741684
.29992967844009
.19796062012513
.24402250349522
.25738397240639
.24683544536432
.25421941280365
.25879044334094
.2746132115523
.24437412122885
.23417721688747
.22292545934518
.31540083885193
.27531644701958
.16244725883007
.27250351508458
.2584388256073
.27672291795413
.30063291390737
.2763713101546
.28973277409871
.23171589275201
.28691983222961
.3122362891833
.31540084878604
.28621659676234
.31856539845467
.26969057321548
.36638537049294
.28797468543053
.30766525864601
.31504922111829
.2858649790287
.2858649790287
.30942333738009
.25246132413546
.33614627520243
.30203937490781
.27812938888868
.25914206107457
.27390997608503
.30168775717417
.28832630316416
.30696201324463
.29676511883736
.28551336129506
.28270041942596
.25175809363524
.23804500699043
.33509142200152
.28516174356143
.25738397240639
.31258789698283
.30555556217829
.34177214900653
.28481012582779
.31645569205284
.25210970640182
.30977496504784
.3094233473142
.28445850809415
.35794655481974
.34774964054426
.30028129617373
.34493669867516
.28481012582779
.28656820456187
.35548522075017
.25035161773364
.33052039146423
.38818566004435
.32770745952924
.29149085283279
.32805907726288
.28762306769689
.35900140802066
.30907172958056
.35689170161883
.34563993414243
.32419128219287
.32419128219287
.31856539845467
.30203938484192
.33227849006653
.32243319352468
.37341772516569
.31751055518786
.33755273620288
.39310829838117
.45850914716721
.30661041537921
.45147679249446
.39451476931572
.33368496100108
.36462728182475
.36040787895521
.37798875570297
.35513362288475
.34599156181018
.37798875570297
.40576652685801
.39978902538617
.37658227483431
.36990154782931
.38431786497434
.37025315562884
.30133614937464
.38009845217069
.38642756144206
.29781997203827
.39416315158208
.4226441582044
.348101268212
.41244726379712
.3716596364975
.33614626526833
.3301687836647
.37798874576886
.31786216298739
.34493670860926
.35232067108154
.29781997203827
.33649789293607
.35689169168472
.34212377667427
.41772151986758
.341420541207
.34458509087563
.40717298785845
.401898731788
.4170182844003
.4792545735836
.4405766526858
.46272854010264
.40998593966166
.41455697019895
.5594233473142
.46097046136856
.51863572001457
.38783404231071
.49859353899956
.38220814863841
.39803093671799
.37165962656339
.39838255445162
.46026722590129
.47468353311221
.48452883958817
.49050632119179
.52109704415003
.51019690434138
.52180027961731
.40717299779256
.45218003789584
.47151898344358
.47257383664449
.51265822847684
.46870604157448
.4697609047095
.47609000404676
.48734177152316
.45815752943357
.56997187932332
.52004218101501
.45956399043401
.56751054525375
.55309422810872
.5094936688741
.64310828844706
.5291842619578
.50070322553317
.58579464753469
.5397327542305
.60443035761515
.62130800882975
.58649788300196
.54008440176646
.60267229874929
.5801687836647
.49964837233225
.76160337527593
.64943740765254
.62974683443705
.65506329139074
.81575246651967
.55203938484192
.58825596173604
.62341771523158
.57383966445923
.6793248852094
.68459916114807
.71870605150859
.71694797277451
.7528129418691
.73839662472407
.83157525459925
.81680730978648
.75527425607045
.8586497704188
.77180029948552
.72995779911677
.72222220897675
.76406468947728
.78023910522461
.9915611743927
.90541489919027
.79676510890325
1.0351617733637
.83684951066971
.99261605739594
1.1919831434886
1.1051336129506
1.1364275614421
1.2007735570272
1.1258790493011
1.1845991611481
1.2707454363505
1.2492967844009
1.120956381162
1.4859353303909
1.3161040941874
1.4110407829285
1.3955696423848
1.3656821250916
1.6104079087575
1.4669479529063
1.6543600559235
1.4985935688019
1.508790453275
1.8171589374542
1.7869198322296
1.7841068903605
1.9757384061813
1.8537271420161
1.9469057321548
2.0316455364227
2.1951477527618
2.1518987814585
2.3755274613698
2.4563995202382
2.2858649889628
2.4342474937439
2.646976073583
2.5028129418691
2.6016174157461
2.5611815452576
2.6504922707876
2.7584387461344
2.7000703016917
2.7978199323018
2.8150491714478
2.9047116438548
2.6775668462118
3.1160337130229
2.8783403237661
3.0625878969828
3.1561181545258
3.2654711405436
3.2345288594564
3.2841068903605
2.9683544635773
3.1040787696838
3.3720112641652
3.3263009389242
3.2542193730672
3.4722222487132
3.1195499102275
3.2862165768941
3.2791842619578
3.3635724385579
3.4152602354685
3.7879746754964
3.7943038145701
3.4729254245758
3.7257384459178
3.530942440033
3.9845287799835
3.755274216334
3.7830520470937
3.485232035319
3.8076652685801
3.8164557615916
3.7447257041931
3.6381856600444
3.9620253245036
3.7816456158956
3.665611743927
4.0661040941874
3.9050632317861
3.7063994407654
4.248593489329
4.1037271817525
3.9753868579865
4.0864978631337
4.3445851008097
4.1209562619527
4.1547117233276
4.068213780721
4.0854430198669
4.0530942281087
4.261954943339
4.2134318351746
4.371307849884
4.2974683443705
4.2703938484192
4.3118847211202
4.2732067108154
4.2158931096395
4.6037271817525
4.5305906931559
4.2879745165507
4.56680727005
4.4929676055908
4.4876934687297
4.5580169359843
4.6009141604106
4.4117439587911
4.4606186548869
4.554852326711
4.4806609153748
4.7960618336995
4.7331223487854
4.4834740956624
4.7120253245036
4.9912096659342
4.4300281206767
4.8308720588684
4.8575949668884
4.5021098454793
4.9486638704936
4.7746133804321
4.6944444974264
4.6874121030172
4.5386780103048
4.6891702016195
4.8428271611532
4.7369901339213
4.5063290596008
4.806258837382
4.6933895746867
4.6016174952189
4.4957806269328
4.559071858724
4.7208158175151
4.5323487917582
4.7183543841044
4.4433895746867
4.3340363502502
4.5646977424622
4.4845288594564
4.4954290390015
4.5481715202332
4.2746132214864
4.3438817660014
4.4514767328898
4.2795357704163
4.4187763532003
4.4532348314921
4.3161040941874
4.3597044944763
4.3938113848368
3.9595640500387
4.0639943281809
4.3326301574707
4.082981745402
3.9957805474599
4.1582277615865
4.1504922707876
3.8245429197947
3.9862868785858
3.9549930095673
3.8895921707153
3.9957806269328
3.7141350110372
3.568213780721
3.6649086475372
3.9265119234721
3.7556258042653
3.6002109845479
3.7130800882975
3.5981012185415
3.4120956261953
3.5421941280365
3.5080871582031
3.4236990610758
3.3734176953634
3.2812938690186
3.4440928300222
3.4553445974986
3.1353727976481
3.3481012980143
3.2204641501109
3.2559775511424
3.2334740161896
2.9803094069163
3.1184950669607
3.0207454363505
3.0232067902883
2.9096343517303
2.8312236467997
2.8860759735107
2.6311532656352
2.8547820250193
2.5752461751302
2.5590716997782
2.5246133009593
2.5734879970551
2.7137834231059
2.3400140603383
2.5938819249471
2.5249648888906
2.4796061515808
2.5165259838104
2.4286216894786
2.3737693627675
2.2440225283305
2.2784809271495
2.3575949668884
2.2510548432668
2.1399437586466
2.1800281604131
2.1445147196452
2.168424765269
1.9149086078008
2.1100563208262
2.0502813259761
2.1434599161148
2.1174402236938
1.8797468741735
1.8839662472407
1.9711673259735
1.9500703414281
1.7492967446645
1.8213783502579
1.6962025562922
1.8164556821187
1.8491561015447
1.5907172759374
1.6613923708598
1.6051336129506
1.5738396644592
1.5770041942596
1.7116736968358
1.5696202516556
1.4490154981613
1.4971870581309
1.5130098660787
1.3959212303162
1.3924050331116
1.48663854599
1.3748241662979
1.3762306769689
1.2647679249446
1.3386075894038
1.3076652685801
1.2475386857986
1.2570323149363
1.3414205312729
1.0780590772629
1.2144866387049
1.0952883164088
1.2985231876373
1.0393811265628
1.1578762531281
1.2742615938187
1.1438115437826
.95077353715897
1.1589310963949
1.1297468344371
1.0924753745397
1.1540084679921
1.0552039543788
.99929676453273
1.1698311964671
1.0249648491542
.99613221486409
1.1898734172185
1.0685654083888
.98769340912501
1.0432489713033
1.0144162972768
.97714487711589
.94971871376038
.87939520676931
.89662448565165
.94831224282583
.85091420014699
.87095638116201
.96343179543813
.91877637306849
.95218002796173
.97151899337769
.93319269021352
.82208156585693
.7623066107432
.80168773730596
.6905766526858
.78059071302414
.68389590581258
.689521809419
.90119548638662
.74929676453272
.74367088079453
.71835444370906
.74261605739594
.78586498896281
.73663854598999
.71237693230311
.69198310375214
.71061883370082
.72960619131724
.63677916924159
.71343179543813
.62025316556295
.60654008388519
.72960619131724
.53621661663055
.54676510890325
.65646976232529
.63924050331116
.53340365489324
.55872011184692
.5801687836647
.49718704819679
.5622362891833
.52812939882278
.54781997203827
.39873417218526
.47960619131724
.52531643708547
.45886076490084
.46272855003675
.45886076490084
.44725737969081
.49120956659317
.41772152980169
.37904359896978
.46835443377495
.42580872774124
.34599156181018
.49894513686498
.46378341317177
.33368495106697
.48382560412089
.48734177152316
.40225034952164
.43002812067668
.36111110448837
.36357243855794
.36286919315656
.36779184142749
.34353023767471
.40365682045619
.40084388852119
.29887482523918
.36322082082431
.31645569205284
.37939521670341
.31856539845467
.35618846615156
.39592124025027
.36497889955839
.38572433590889
.28551336129506
.38361461957296
.31434598565102
.32594937086105
.3245428999265
.33403656880061
.32841069499652
.29113923509916
.32630098859469
.31540083885193
.34071729580561
.26371308167775
.30836848417918
.3217299481233
.28797468543053
.25316455960274
.29922645290693
.348101268212
.27144866188367
.29395217696826
.29641351103783
.27144866188367
.29008438189824
.28059071302414
.23874824245771
.21026723086834
.2320675154527
.26758087674777
.24964838723342
.21132208406925
.29430379470189
.20112517972787
.25597750147184
.26125175754229
.28164556622505
.28094233075778
.19971870382627
.21554149190585
.2971167465051
.26758086681366
.27777777115504
.28094233075778
.31645569205284
.26582277814547
.22749648491542
.25246132413546
.19022503495216
.27320675055186
.26371308167775
.19690576692422
.26476794481277
.29641351103783
.22855133314927
.28621658682823
.2858649790287
.22995780408382
.25808720787366
.24929676949978
.25703234473864
.32313642899195
.25070323546728
.227848097682
.28375527262688
.24261603256067
.20077355702718
.27496482928594
.29395217696826
.2169479628404
.24472573896249
.21765119334062
.24683544536432
.24367089072863
.22855133811633
.25457102557023
.27848100662231
.27180027961731
.25000000496705
.26758087674777
.30590716997782
.21554148693879
.27144865194956
.27707454562187
.26476794481277
.28691983222961
.25140647093455
.24191279709339
.21905766924222
.28234880169233
.24191279709339
.24507736166318
.25351617733637
.25738397240639
.21729958057404
.2485935340325
.25914205114047
.22398031254609
.26476793487867
.21554148693879
.22679324448109
.2651195426782
.24648382763068
.23523207008839
.29395217696826
.2542194177707
.26371308167775
.26406468947728
.25843881567319
.19585091372331
.30203937490781
.25421941280365
.2594936688741
.2830520371596
.25
.23839662472407
.28762306769689
.25316455960274
.22679324944814
.27531645695368
.20956399540106
.22292545437813
.2334739814202
.25632911920547
.23558368782202
.29360055923462
.28410689036051
.26054853200912
.29781997203827
.28481012582779
.24402250349522
.29606189330419
.29817158977191
.2485935340325
.2584388256073
.30520393451055
.25879044334094
.26687764128049
.25703235467275
.23769339422385
.29641350110372
.30133614937464
.303797463576
.29113924503326
.27531644701958
.24718706309795
.25457102060318
.23101265728474
.24085794389248
.27812939882278
.2651195426782
.23734177152316
.20956399540106
.27848101655642
.24894515176614
.23980309069157
.27707454562187
.22890295584997
.17053445676963
.23874824245771
.2584388256073
.25632911920547
.2594936688741
.2306610395511
.21800281604131
.24437412122885
.24753868083159
.22011251747608
.24261603256067
.31293951471647
.22398031254609
.25175808866819
.28234880169233
.2457805921634
.30485231677691
.2830520371596
.26617439587911
.27390997608503
.27250351508458
.23980309565862
.26090014974276
.28059072295825
.22960618635019
.23347397645315
.23241912821929
.26090013980865
.27039380868276
.24261603752772
.2113220791022
.2612517674764
.23945147295793
.27672292788823
.20850914220015
.22890295584997
.2306610395511
.26652602354685
.27883263429006
.1919831186533
.25949367880821
.26336146394412
.24402250349522
.27812938888868
.28797468543053
.21659634510676
.21061884363492
.30801687637965
.24226441979408
.26406469941139
.25457103053729
.23558368782202
.21518987417221
.26476793487867
.22609001398087
.21765119334062
.28375527262688
.28727144996325
.23874824245771
.29676511883736
.2292545735836
.20604781309764
.21800281107426
.26898733774821
.17440225183964
.24437412122885
.21308016777039
.21870604654153
.21624472240607
.22538677851359
.22644163668156
.22679324944814
.21765119830767
.22222222387791
.21237693230311
.27988747755686
.24261603752772
.24331926802794
.25210970640182
.18037974337737
.26933895548185
.27953585982323
.20710267623266
.22257384161154
.22151898841063
.18917018175125
.25668073693911
.25246132910252
.22714486718178
.25879044334094
.28691983222961
.2556258837382
.24437412122885
.25492264827092
.22960619131724
.22784810264905
.23839662472407
.24156117935975
.2127285550038
.21765119830767
.24191280206045
.24085794885953
.21659634510676
.19303797682126
.23277074595292
.24789029856523
.21448663870494
.19127988815308
.20253164569537
.19198312362035
.19022503495216
.24261603256067
.22327707211177
.23241912821929
.25210970640182
.28410690029462
.22925456861655
.22960618138313
.22468354801337
.2264416317145
.26371308167775
.27390999595324
.22046413520972
.24367089072863
.22503516077995
.18530238668124
.24894514679909
.22714486718178
.27180027961731
.21343178550402
.23312236368656
.16842475533485
.21765119334062
.20147679746151
.22890295088291
.24929675956567
.23909986019135
.1947960605224
.22222221891085
.20218002796173
.20147679249446
.22819972038269
.23241912821929
.23945148289204
.26969057321548
.22468354304632
.19901546835899
.26054853200912
.25527426103751
.23839662472407
.23171589275201
.27777777115504
.24753868083159
.27777777115504
.2071026712656
.19690576692422
.25738397240639
.25527425607045
.25421941280365
.25808719793955
.24929676453273
.20886075496674
.27250351508458
.24894515176614
.23030942181746
.25668073197206
.1877637108167
.25492264827092
.22222222387791
.2376933892568
.22995780408382
.22292545437813
.22327707211177
.19444444278876
.22257384161154
.23206751048565
.21378340323766
.18846694628398
.23593530555566
.24085794885953
.16315049429735
.27707453568776
.22151898841063
.22573839624723
.25597750147184
.22573839624723
.19268635908763
.26476793487867
.20499296983083
.17264416317145
.2623066107432
.25457103053729
.2594936688741
.25210970143477
.25175808866819
.26406468947728
.28094234069188
.25386779507001
.27601969242096
.30133613944054
.23312236368656
.21659634510676
.26652602354685
.21589310467243
.20956399540106
.27004219094912
.25105484823386
.20815752943357
.22749648491542
.28270041942596
.23769339422385
.23558368782202
.26758086681366
.21729957560698
.22327707707882
.29817158977191
.27777778108915
.21940928200881
.26476793487867
.23452882965406
.23488045235475
.26265822847684
.17616034050783
.27531644701958
.310478190581
.22398031254609
.2292545735836
.27707454562187
.21132208406925
.26406469941139
.20218002299468
.20499296983083
.21483825643857
.24367089072863
.21026723086834
.2348804473877
.21202531456947
.2141350209713
.20253164569537
.24824191629887
.2651195526123
.21976089974244
.22187060614427
.22503516077995
.21765119830767
.21097046633561
.20639944076538
.22995780408382
.25738397240639
.22749648491542
.20393811662992
.25527425607045
.22573839624723
.21132208406925
.2679324944814
.23945147295793
.22573839128017
.21272855003675
.25457103053729
.21061884860198
.25879044334094
.23909986019135
.20745428899924
.23663853605588
.28410689036051
.23417721688747
.23241912821929
.25562587380409
.22573839128017
.27531644701958
.23769338428974
.20780590673288
.27953585982323
.22679324944814
.22011251250903
.19585091372331
.2707454264164
.16279887656371
.24824191133181
.20358649889628
.18811532855034
.21905766427517
.22503516574701
.18213783701261
.23980309069157
.25246132910252
.20850914220015
.23699015378952
.24718706309795
.20991560816765
.2679324845473
.21237693230311
.24507735669613
.26054852207502
.23417721192042
.24472573399544
.22468354801337
.19620253145695
.20780590673288
.24894515176614
.26476794481277
.23277074595292
.2264416317145
.23066104451815
.23628691832225
.21659634013971
.21237693230311
.2099156131347
.22855133811633
.21308017273744
.2320675154527
.16877636810144
.22292545437813
.21167369683584
.17229255040487
.22609001398087
.21940927704175
.18354430298011
.24894515176614
.22538678348064
.20675105849902
.21729957560698
.18178621927897
.19866385559241
.22749648491542
.24824191629887
.22011251747608
.25140647093455
.22116736570994
.18635724484921
.23663853108883
.23312236368656
.19479606548945
.22187060614427
.20288326342901
.21940928200881
.26019691427549
.23382559915384
.23030942678452
.29078761736552
.25070323050022
.20850914220015
.25316456456979
.25527425607045
.25175808866819
.24542896946271
.25351616740227
.24015471339226
.25246132413546
.24753868083159
.24402250846227
.24015471339226
.29676512877146
.20604781806469
.28059071302414
.20921238263448
.23452883462111
.26898734768232
.23312236368656
.20675105353196
.22503516077995
.20428973436356
.20745428899924
.20464134713014
.24964838226636
.20639943579833
.22855133811633
.22925456861655
.22503516077995
.20112517972787
.26441630721092
.20675105353196
.18811532855034
.2914908627669
.22995780408382
.20042193929354
.25421941280365
.18248944977919
.22398030757904
.23101266225179
.21343178550402
.19233473638693
.27426160375277
.23699015875657
.20780590673288
.25386779010296
.23663853605588
.18284106751283
.22714486718178
.24613220989704
.20815752446651
.20604781806469
.22784810264905
.18248944977919
.23980309069157
.24964838226636
.18670885761579
.21237693230311
.24542897442977
.2099156131347
.2320675154527
.2791842520237
.24613220989704
.22855133314927
.26371308167775
.21448663870494
.28762306769689
.24789029359818
.2461322148641
.25492264827092
.23909985522429
.23874824742476
.25984529654185
.26125175754229
.20815751949946
.25457103053729
.24613220989704
.23558368782202
.17475386957328
.25421941280365
.20358649889628
.19620253145695
.23945147792498
.22398031254609
.18987342218558
.20393811662992
.21308016777039
.1976090023915
.2113220791022
.21905766924222
.21835442880789
.25386779507001
.21448663870494
.18002812564373
.25140647093455
.20675105353196
.19444444775581
.2679324944814
.26441631714503
.23417721688747
.21729958057404
.23558368285497
.19444444278876
.24120956162612
.18178621927897
.23874824245771
.23136427501837
.2099156131347
.23628691832225
.19549929598967
.20428973436356
.18143460154533
.2127285550038
.20569620529811
.22046413520972
.18495077391466
.23523207008839
.22046413520972
.24507735669613
.2264416317145
.25175808866819
.22679324944814
.21589310467243
.21343178550402
.26898733774821
.28691983222961
.23101266225179
.23663853605588
.24789029359818
.2429676502943
.23699015378952
.26336146394412
.2348804473877
.26125175754229
.27004219094912
.22784810264905
.22784810264905
.24824191133181
.24156117935975
.21589310963949
.26441631714503
.28938115636508
.21940928697586
.25527426600456
.24859352906545
.20218003292878
.25140647093455
.24789029359818
.2071026712656
.2113220791022
.24120956659317
.2071026712656
.21659634013971
.19338958958785
.20991560816765
.2528129418691
.19233474135399
.19374121228854
.2320675055186
.2197609047095
.20921237766743
.2457805921634
.19831223785877
.19831223785877
.22749648491542
.21624472240607
.2236286898454
.2735583682855
.23171589275201
.26371309161186
.20956399540106
.25175808866819
.20253164072831
.26336145401001
.2429676502943
.24824191133181
.26758087674777
.2457805921634
.16350210706393
.28902952869733
.29606188337008
.28375527262688
.2514064759016
.21624472737312
.22081575294336
.23663854102294
.20815752943357
.19268635412057
.2707454264164
.25035162270069
.22398030757904
.27461322148641
.22819971541564
.20464134713014
.27918424208959
.24226441482703
.1877637108167
.23312235871951
.23277074595292
.196202536424
.196202536424
.22011251747608
.1919831186533
.21905766924222
.22011251747608
.16772151490053
.18670886258284
.22011252244314
.23804500699043
.22222222387791
.22503516077995
.24402250349522
.21308016280333
.23101265728474
.22503516077995
.2405063311259
.26125175754229
.28094233075778
.20147679249446
.22679324944814
.24191279709339
.2584388256073
.28199718395869
.25351617733637
.27144865194956
.20886075993379
.21308016777039
.1754571000735
.23241912821929
.24226441482703
.24015471339226
.25879043340683
.23136427998543
.22468354304632
.22855133314927
.23206751048565
.2718002696832
.26582278807958
.2457805921634
.23909986019135
.22855133811633
.27320674061775
.19444444278876
.21554149190585
.24894514679909
.18530239164829
.20428973933061
.20464134713014
.18354430298011
.24367088576158
.21097046136856
.20464135209719
.25808720787366
.24648382763068
.22292545437813
.23558368782202
.20604781806469
.21061884363492
.20675105353196
.20499296486378
.19444444278876
.21835443377495
.21202531456947
.22468354801337
.18846694628398
.2429676502943
.2004219442606
.19233473638693
.20077356199423
.20464135209719
.18776371578375
.23101265728474
.21378340323766
.20499296983083
.27004218101501
.24789029359818
.18811532855034
.256680727005
.20288326342901
.22046413520972
.2457805921634
.20780590673288
.20569620033105
.2405063311259
.20956399540106
.20288326342901
.25808719793955
.2141350209713
.1782700419426
.25984529654185
.25035161773364
.2457805921634
.24156117935975
.2612517674764
.21905766427517
.21870604654153
.26476793487867
.22257384161154
.2004219442606
.21448663373788
.23101266225179
.23593530058861
.20147679249446
.19409282505512
.19831223289172
.23030942181746
.21237693230311
.25281294683615
.22679324944814
.20815752446651
.24191279709339
.26406469941139
.22819972038269
.23171589275201
.25105485320091
.22222222387791
.20182841022809
.19866385062536
.25351617733637
.25421941280365
.23839661975702
.25035161773364
.20253164569537
.27144866188367
.24507735669613
.17897327740987
.25
.22046413520972
.19374120732148
.1561181396246
.20288326342901
.19655414422353
.20499296983083
.18248944977919
.21202531456947
.21659634510676
.24261603256067
.16666667163372
.22433192531268
.21589310963949
.2376933892568
.25527426103751
.20428973436356
.21800281107426
.21835442880789
.22855133314927
.25527426600456
.23277074595292
.20253164072831
.2071026712656
.21483825643857
.24929676949978
.21308017273744
.2401547084252
.21870605150859
.19901546835899
.16666666666667
.25703234473864
.21870604654153
.227848097682
.2197609047095
.18530238668124
.17158930997054
.19620253145695
.19444444278876
.22819972038269
.20780590673288
.21624473234018
.2401547084252
.21589310963949
.18459915618102
.20147679249446
.1905766526858
.21624472737312
.23558368782202
.23593530058861
.26300984621048
.23699015875657
.24261603752772
.27461322645346
.22398030757904
.21589310963949
.22784810264905
.25
.22011251747608
.20534458756447
.18073136111101
.2774261534214
.22890295088291
.23699015378952
.21448663870494
.24402250349522
.22081575791041
.2264416317145
.23523206512133
.20358649889628
.2457805921634
.23030942678452
.2197609047095
.2556258837382
.25949367880821
.21765119334062
.22749648491542
.2401547084252
.20675105353196
.24789029856523
.22081575294336
.22011251250903
.26617440581322
.30098453164101
.20675105353196
.30309423804283
.26898734768232
.25632911920547
.33263009786606
.30872011184692
.31434598565102
.27426161368688
.2858649790287
.29465541243553
.30274261037509
.22855133811633
.26371308167775
.30203937490781
.3094233473142
.27601969242096
.34493670860926
.28164556622505
.32383966445923
.33403657873472
.36146273215612
.41209563612938
.41666665673256
.38888888557752
.43178621927897
.48347397645315
.41561181346575
.36919832229614
.45042193929354
.5179324944814
.43565400441488
.55836850404739
.57946552832921
.67158931493759
.49331926306089
.3273558417956
0
0
0
0
0
0
0
0
0
0
0
0
0
0
0
0
0
0
0
0
0
0
0
0
0
0
0
0
0
0
0
0
0
0
0
0
0
0
0
0
0
0
0
0
0
0
0
0
0
0
0
0
0
0
0
0
0
0
0
0
0
0
0
0
0
0
0
0
0
0
0
0
0
0
0
0
0
0
0
0
0
0
0
0
0
0
0
0
0
0
0
0
0
0
0
0
0
0
0
0
0
0
0
0
0
0
0
0
0
0
0
0
0
0
0
0
0
0
0
0
0
0
0
0
0
0
0
0
0
0
0
0
0
0
0
0
0
0
0
0
0
0
0
0
0
0
0
0
0
0
0
0
0
0
0
0
0
0
0
0
0
0
0
0
0
0
0
0
0
0
0
0
0
0
0
0
0
0
0
0
0
0
0
0
0
0
0
0
0
0
0
0
0
0
0
0
0
0
0
0
0
0
0
0
0
0
0
0
0
0
0
0
0
0
0
0
0
0
0
0
0
0
0
0
0
0
0
0
0
0
0
0
0
0
0
0
0
0
0
0
0
0
0
0
0
0
0
0
0
0
0
0
0
0
0
0
0
0
0
0
0
0
0
0
0
0
0
0
0
0
0
0
0
0
0
0
0
0
0
0
0
0
0
0
0
0
0
0
0
0
0
0
0
0
0
0
0
0
0
0
0
0
0
0
0
0
0
0
0
0
0
0
0
0
0
0
0
0
0
0
0
0
0
0
0
0
0
0
0
0
0
0
0
0
0
0
0
0
0
0
0
0
0
0
0
0
0
0
0
0
0
0
0
0
0
0
0
0
0
0
0
0
0
0
0
0
0
0
0
0
0
0
0
0
0
0
0
0
0
0
0
0
0
0
0
0
0
0
0
0
0
0
0
0
0
0
0
0
0
0
0
0
0
0
0
0
0
0
0
0
0
0
0
0
0
0
0
0
0
0
0
0
0
0
0
0
0
0
0
0
0
0
0
0
0
0
0
0
0
0
0
0
0
0
0
0
0
0
0
0
0
0
0
0
0
0
0
0
0
0
0
0
0
0
0
0
0
0
0
0
0
0
0
0
0
0
0
0
0
0
0
0
0
0
0
0
0
0
0
0
0
0
0
0
0
0
0
0
0
0
0
0
0
0
0
0
0
0
0
0
0
0
0
0
0
0
0
0
0
0
0
0
0
0
0
0
0
0
0
0
0
0
0
0
0
0
0
0
0
0
0
0
0
0
0
0
0
0
0
0
0
0
0
0
0
0
0
0
0
0
0
0
0
0
0
0
0
0
0
0
0
0
0
0
0
0
0
0
0
0
0
0
0
0
0
0
0
0
0
0
0
0
0
0
0
0
0
0
0
0
0
0
0
0
0
0
0
0
0
0
0
0
0
0
0
0
0
0
0
0
0
0
0
0
0
0
0
0
0
0
0
0
0
0
0
0
0
0
0
0
0
0
0
0
0
0
0
0
0
0
0
0
0
0
0
0
0
0
0
0
0
0
0
0
0
0
0
0
0
0
0
0
0
0
0
0
0
0
0
0
0
0
0
0
0
0
0
0
0
0
0
0
0
0
0
0
0
0
0
0
0
0
0
0
0
0
0
0
0
0
0
0
0
0
0
0
0
0
0
0
0
0
0
0
0
0
0
0
0
0
0
0
0
0
0
0
0
0
0
0
0
0
0
0
0
0
0
0
0
0
0
0
0
0
0
0
0
0
0
0
0
0
0
0
0
0
0
0
0
0
0
0
0
0
0
0
0
0
0
0
0
0
0
0
0
0
0
0
0
0
0
0
0
0
0
0
0
0
0
0
0
0
0
0
0
0
0
0
0
0
0
0
0
0
0
0
0
0
0
0
0
0
0
0
0
0
0
0
0
0
0
0
0
0
0
0
0
0
0
0
0
0
0
0
0
0
0
0
0
0
0
0
0
0
0
0
0
0
0
0
0
0
0
0
0
0
0
0
0
0
0
0
0
0
0
0
0
0
0
0
0
0
0
0
0
0
0
0
0
0
0
0
0
0
0
0
0
0
0
0
0
0
0
0
0
0
0
0
0
0
0
0
0
0
0
0
0
0
0
0
0
0
0
0
0
0
0
0
0
0
0
0
0
0
0
0
0
0
0
0
0
0
0
0
0
0
0
0
0
0
0
0
0
0
0
0
0
0
0
0
0
0
0
0
0
0
0
0
0
0
0
0
0
0
0
0
0
0
0
0
0
0
0
0
0
0
0
0
0
0
0
0
0
0
0
0
0
0
0
0
0
0
0
0
0
0
0
0
0
0
0
0
0
0
0
0
0
0
0
0
0
0
0
0
0
0
0
0
0
0
0
0
0
0
0
0
0
0
0
0
0
0
0
0
0
0
0
0
0
0
0
0
0
0
0
0
0
0
0
0
0
0
0
0
0
0
0
0
0
0
0
0
0
0
0
0
0
0
0
0
0
0
0
0
0
0
0
0
0
0
0
0
0
0
0
0
0
0
0
0
0
0
0
0
0
0
0
0
0
0
0
0
0
0
0
0
0
0
0
0
0
0
0
0
0
0
0
0
0
0
0
0
0
0
0
0
0
0
0
0
0
0
0
0
0
0
0
0
0
0
0
0
0
0
0
0
0
0
0
0
0
0
0
0
0
0
0
0
0
0
0
0
0
0
0
0
0
0
0
0
0
0
0
0
0
0
0
0
0
0
0
0
0
0
0
0
0
0
0
0
0
0
0
0
0
0
0
0
0
0
0
0
0
0
0
0
0
0
0
0
0
0
0
0
0
0
0
0
0
0
0
0
0
0
0
0
0
0
0
0
0
0
0
0
0
0
0
0
0
0
0
0
0
0
0
0
0
0
0
0
0
0
0
0
0
0
0
0
0
0
0
0
0
0
0
0
0
0
0
0
0
0
0
0
0
0
0
0
0
0
0
0
0
0
0
0
0
0
0
0
0
0
0
0
0
0
0
0
0
0
0
0
0
0
0
0
0
0
0
0
0
0
0
0
0
0
0
0
0
0
0
0
0
0
0
0
0
0
0
0
0
0
0
0
0
0
0
0
0
0
0
0
0
0
0
0
0
0
0
0
0
0
0
0
0
0
0
0
0
0
0
0
0
0
0
0
0
0
0
0
0
0
0
0
0
0
0
0
0
0
0
0
0
0
0
0
0
0
0
0
0
0
0
0
0
0
0
0
0
0
0
0
0
0
0
0
0
0
0
0
0
0
0
0
0
0
0
0
0
0
0
0
0
0
0
0
0
0
0
0
0
0
0
0
0
0
0
0
0
0
0
0
0
0
0
0
0
0
0
0
0
0
0
0
0
0
0
0
0
0
0
0
0
0
0
0
0
0
0
0
0
0
0
0
0
0
0
0
0
0
0
0
0
0
0
0
0
0
0
0
0
0
0
0
0
0
0
0
0
0
0
0
0
0
0
0
0
0
0
0
0
0
0
0
0
0
0
0
0
0
0
0
0
0
0
0
0
0
0
0
0
0
0
0
0
0
0
0
0
0
0
0
0
0
0
0
0
0
0
0
0
0
0
0
0
0
0
0
0
0
0
0
0
0
0
0
0
0
0
0
0
0
0
0
0
0
0
0
0
0
0
0
0
0
0
0
0
0
0
0
0
0
0
0
0
0
0
0
0
0
0
0
0
0
0
0
0
0
0
0
0
0
0
0
0
0
0
0
0
0
0
0
0
0
0
0
0
0
0
0
0
0
0
0
0
0
0
0
0
0
0
0
0
0
0
0
0
0
0
0
0
0
0
0
0
0
0
0
0
0
0
0
0
0
0
0
0
0
0
0
0
0
0
0
0
0
0
0
0
0
0
0
0
0
0
0
0
0
0
0
0
0
0
0
0
0
0
0
0
0
0
0
0
0
0
0
0
0
0
0
0
0
0
0
0
0
0
0
0
0
0
0
0
0
0
0
0
0
0
0
0
0
0
0
0
0
0
0
0
0
0
0
0
0
0
0
0
0
0
0
0
0
0
0
0
0
0
0
0
0
0
0
0
0
0
0
0
0
0
0
0
0
0
0
0
0
0
0
0
0
0
0
0
0
0
0
0
0
0
0
0
0
0
0
0
0
0
0
0
0
0
0
0
0
0
0
0
0
0
0
0
0
0
0
0
0
0
0
0
0
0
0
0
0
0
0
0
0
0
0
0
0
0
0
0
0
0
0
0
0
0
0
0
0
0
0
0
0
0
0
0
0
0
0
0
0
0
0
0
0
0
0
0
0
0
0
0
0
0
0
0
0
0
0
0
0
0
0
0
0
0
0
0
0
0
0
0
0
0
0
0
0
0
0
0
0
0
0
0
0
0
0
0
0
0
0
0
0
0
0
0
0
0
0
0
0
0
0
0
0
0
0
0
0
0
0
0
0
0
0
0
0
0
0
0
0
0
0
0
0
0
0
0
0
0
0
0
0
0
0
0
0
0
0
0
0
0
0
0
0
0
0
0
0
0
0
0
0
0
0
0
0
0
0
0
0
0
0
0
0
0
0
0
0
0
0
0
0
0
0
0
0
0
0
0
0
0
0
0
0
0
0
0
0
0
0
0
0
0
0
0
0
0
0
0
0
0
0
0
0
0
0
0
0
0
0
0
0
0
0
0
0
0
0
0
0
