.61238531271617
.81842507918676
.64908258120219
1.0152905186017
.65290518601735
.82607034842173
.71062692006429
.85321100552877
.47285932302475
.79510702689489
.66666666666667
.73012230793635
.54204893112183
.73662080367406
.53478592634201
.71559633811315
.59441896279653
.80925075213114
.64258410533269
.73394495248795
.50152906775475
.86506114403407
.66360855102539
.89640673001607
.54931191603343
.66666666666667
.49350154399872
.74961771567663
.57568808396657
.75955657164256
.71865443388621
.8199541370074
.51681957642237
.76987767219543
.55198776721954
.69036696354548
.49464831749598
.69571866591771
.44266055027644
.80542814731598
.54243119557699
.6930428147316
.47477064530055
.74617737531662
.46292048692703
.69457187255224
.48929663499196
.67889908949534
.5688073237737
.60359326998393
.56842507918676
.67698774735133
.375
.65214065710704
.41437308986982
.64984709024429
.4686544239521
.59633026520411
.49999999006589
.61620795726776
.39181957642237
.59824156761169
.48929663499196
.72744647661845
.39449540774028
.52866971492767
.44571865598361
.58371559778849
.43310397863388
.66207951307297
.56995411713918
.68730886777242
.43081039190292
.56957187255224
.49999999006589
.59671252965927
.46674312154452
.54663608471553
.45336391528447
.54281344016393
.36697247624397
.64105504751205
.43769113222758
.6257645090421
.36811926960945
.65672783056895
.37423548102379
.58600918451945
.42851682504018
.58830275138219
.44839449723562
.49197247624397
.48241590460142
.61888376871745
.37844037016233
.55542814731598
.46177370349566
.48470949133237
.30581039190292
.4640672703584
.36773699522018
.48585626482964
.36200305819511
.55466359853745
.39258410533269
.53211009502411
.43348624308904
.61162080367406
.32071865598361
.51070335507393
.42966360847155
.57568806409836
.28363914291064
.50382261474927
.41934250791868
.40481651822726
.29931192596753
.48241590460142
.35741590460141
.54931193590164
.3023700316747
.46215596795082
.32415902614594
.46100916465123
.29587155580521
.47668194770813
.21674312154452
.49617737531662
.31651376684507
.49770643313726
.31460244456927
.41513761878014
.35015290975571
.49082568287849
.29090213775635
.38111621141434
.25955658157667
.32301223278046
.25955657164256
.44877676169078
.25955657660961
.31957186261813
.29243118564288
.4338685075442
.34021406372388
.28746176759402
.24197247624397
.40328746040662
.2591743071874
.42584097385406
.21024464567502
.3841743071874
.36047400037448
.32415902614594
.30122324824333
.45489297310511
.19266055027644
.41704892118772
.30275228619575
.38532110055288
.25114678839842
.42163608471553
.28669725855192
.48088684678078
.28287461400032
.43119265635808
.21483180920283
.43501529097557
.28287461400032
.39105503757795
.28287461400032
.51758409539858
.25305811067422
.45068807403247
.34021406372388
.43272171417872
.21980122725169
.3933486243089
.23432721694311
.37232415874799
.27064220110575
.4155198832353
.30848624308904
.50229357679685
.32071865598361
.38914372523626
.26681956648827
.47706421216329
.31039754549662
.38685015837351
.29128441214561
.40978593627612
.2274464815855
.48814985156059
.31345565120379
.45718653996785
.25535168747107
.38111620148023
.30542812744776
.44227829575539
.36926605304082
.46444954474767
.34327216943105
.17507645487785
.33562691013018
.48318042357763
.35091743866603
.45718653996785
.30772171417872
.46788991491
.26911315321922
.46483179926872
.32645260294278
.36697247624397
.27293578783671
.41513760884603
.26032109558582
.34403668840726
.28172784050306
.51758410533269
.29013761878014
.42889907956123
.31651375691096
.44036697347959
.25191131730874
.36085626482964
.38379204273224
.38761468728383
.3023700316747
.42125382026037
.1884556611379
.44954129060109
.27140673001607
.40711009502411
.40481650829315
.40099387367566
.37461773554484
.45412844419479
.25917431215445
.33715595801671
.26987767219543
.4246942003568
.29854739705722
.42851681510607
.33600917458534
.40252294143041
.30581039190292
.41055046518644
.29816513260206
.34633028507233
.34403669834137
.3474770685037
.28211009502411
.44915902614594
.26299694677194
.33295106887817
.32721711198489
.50344038009644
.35282875100772
.42966361840566
.29051987330119
.41551987330119
.29510702689489
.44533639152845
.40366972486178
.39564220110575
.28822629650434
.43348624308904
.30428134401639
.4613914390405
.3501528998216
.41513760884603
.21253822743893
.27446483572324
.31269113222758
.42851681510607
.37155962983767
.3795871535937
.32148318489393
.3363914390405
.25344037016233
.48203365008036
.30198776721954
.38646789391836
.17125382026037
.43425076206525
.31766055027644
.40978593627612
.26070336500804
.38952599962552
.2794342537721
.34212537606557
.28937307993571
.45336391528447
.33792048692703
.43960244456927
.25840978821119
.46712537606557
.24923547605673
.40787462393443
.25840978324413
.45336391528447
.24044342339039
.39946483572324
.29663608471553
.36888378858566
.27102447549502
.48088684678078
.27484709024429
.38379206260045
.29166666666667
.3658256928126
.18654434382915
.4430428147316
.2113914390405
.43233944972356
.25802752375603
.44571865598361
.38264525930087
.42240061362584
.25879205266635
.40596330165863
.36085627476374
.38990825414658
.2633792112271
.37041283647219
.28975534439087
.40290519595146
.29243118564288
.36620794733365
.23279816408952
.35779816905657
.28784403204918
.31613150238991
.36811926960945
.42431192596753
.23356268803279
.21712538103263
.32033639152845
.48547401030858
.2431192646424
.36735475063324
.28975534439087
.390672792991
.26911315321922
.3318042854468
.2866972386837
.35856269796689
.25458715856075
.35091742873192
.21024465064208
.49732415874799
.32224770387014
.30007644494375
.30657493074735
.39831805229187
.27255351344744
.38685014843941
.33906729022662
.36009173591932
.29587155580521
.3658256928126
.24235474566619
.57492355505625
.27178898950418
.50344036022822
.23967889944712
.36162079373995
.25726299484571
.34212538599968
.29892966151237
.37996941804886
.24273700018724
.35932721694311
.18998471399148
.40940367182096
.26032109558582
.43272171417872
.29663608471553
.44266055027644
.29892966151237
.4346330165863
.35703365008036
.37844037016233
.25802752375603
.36888378858566
.25764526426792
.33715596795082
.33983180920283
.50344037016233
.24847094217936
.37576452891032
.35168195764224
.52255352338155
.28822629650434
.30428134401639
.28325688838959
.36162079373995
.29740061362584
.52561161915461
.22171253959338
.48929664492607
.2610856294632
.45909786224365
.18539755046368
.45871558785439
.22515290478865
.422782878081
.26681956648827
.43883791565895
.23470948139826
.37691131234169
.25382263461749
.41399082541466
.28707950313886
.42813456058502
.3161314924558
.3226299782594
.27064220110575
.31269113222758
.29204893112183
.4449541370074
.30619266629219
.39487768212954
.29931193590164
.50305809577306
.31230886777242
.34403670827548
.28555045525233
.38914372523626
.27446483572324
.44113150238991
.28211009502411
.50229356686274
.34938838084539
.49426606297493
.27675841252009
.41781345009804
.27293578783671
.40366972486178
.28096330165863
.39908257126808
.36467889944712
.45030581951141
.29587155580521
.44571865598361
.22629969318708
.25496941804886
.25382263461749
.38952598969142
.25114678839842
.36811925967534
.2113914390405
.43501529097557
.25152905782064
.43272171417872
.31269113222758
.50114679336548
.27178899447123
.42010702689489
.40863915284475
.46980121731758
.27255351344744
.44342507918676
.31422019004822
.37882262468338
.31460244456927
.26146788398425
.27255351344744
.36429663499196
.32951069871585
.43501529097557
.34671253959338
.29587155580521
.34212537606557
.4476299683253
.327217121919
.36811926960945
.27714066704114
.45336391528447
.30542813738187
.35779815912247
.28211009502411
.29204893112183
.22629969318708
.34250765045484
.27790520588557
.33983179926872
.29357797900836
.42316514253616
.37194189429283
.32415901621183
.26452598969142
.33792048692703
.31689603130023
.39908256133397
.30045871933301
.40672783056895
.31498470902443
.48203364014626
.31498470902443
.38685014843941
.27981651822726
.37652904788653
.27140673001607
.36620794733365
.11811926712592
.38149846593539
.3226299683253
.37652905782064
.33103974660238
.45871559778849
.23432721694311
.34785933295886
.2614678889513
.36620794733365
.2748471001784
.42316514253616
.22782874604066
.47400611639023
.3153669834137
.46788990497589
.34633027513822
.41704893112183
.3023700316747
.29701834917068
.30084098378817
.43042812744776
.36009174585342
.3860856294632
.23432722191016
.43807339668274
.20948012173176
.36314985156059
.26949541270733
.50038225452105
.30007644494375
.45259938637416
.32874617973963
.48088684678078
.28516820073128
.38188074032466
.26796635985374
.41972477237384
.26987768212954
.34021406372388
.24006116390228
.44839449723562
.26452599465847
.49426605304082
.34136085708936
.28440367182096
.30504588286082
.39870029687881
.27828747034073
.42125382026037
.27905199925105
.39143731196721
.33906728029251
.34900610645612
.43922018011411
.30389907956123
.31192660331726
.55275229612986
.32148317495982
.50726300477982
.27905197938283
.40061161915461
.30581040183703
.41437308986982
.23891437550386
.51337920626005
.24923547605673
.43730886777242
.32377676169078
.43195719520251
.23050458232562
.36888379851977
.3134556611379
.28707950313886
.28249234954516
.40940367182096
.26949541767438
.43425076206525
.26108562449614
.37385320663452
.33065749208132
.3639143705368
.34403669834137
.41246176759402
.28172783056895
.48241589466731
.24159021178881
.49235474069913
.31422019004822
.32033639152845
.22477064530055
.39105504751205
.32874617973963
.4816513756911
.23509174585342
.5550458629926
.35282874107361
.54319570461909
.25382262965043
.33792049686114
.30237004160881
.46712537606557
.15749235451221
.34136086702347
.29051987330119
.40405198931694
.25382263461749
.46177370349566
.47400611639023
.41169724861781
.26146789391836
.48279815912247
.31269113222758
.4384556611379
.20107033848763
.39143731196721
.2729357779026
.3723241686821
.28325687845548
.49961774547895
.43998470902443
.36276758710543
.25764525930087
.36506116390228
.28019878268242
.48738532265027
.31957186261813
.41743118564288
.34288990497589
.35779815912247
.26223241289457
.29548929135005
.34518348177274
.52178899447123
.27025993665059
.44992355505625
.37844036022822
.35741590460141
.30848623315493
.35703364014626
.19915902117888
.29396024346352
.2270642220974
.43386849761009
.21712538103263
.45986239115397
.36620795726776
.44954128066699
.38264525930087
.39220184087753
.28478592634201
.41284404198329
.30542812744776
.45068806409836
.30733945965767
.34250765045484
.27025993665059
.42507644494375
.25191131234169
.58562692006429
.2840214073658
.35397553443909
.30198776721954
.31001529097557
.31383791565895
.46100917458534
.32989296317101
.36429663499196
.30084097385406
.49044342835744
.3455657462279
.61888380845388
.44992354512215
.53440366188685
.20909786224365
.36888378858566
.31689602136612
.50267584125201
.25955658157667
.45833333333333
.20527522762616
.36544342835744
.22553516924381
.37844037016233
.19266055027644
.40940366188685
.32874617973963
.41590213775635
.25229357679685
.41207951307297
.28134556611379
.41284404198329
.26796635985374
.3612385292848
.2931957244873
.48509174585342
.28822629650434
.36200305819511
.24694189429283
.35359326998393
.31995412707329
.46483179926872
.23700305819511
.46368502577146
.34977064530055
.37308868765831
.33944953481356
.39564220110575
.37576452891032
.37844037016233
.27866972486178
.42813456058502
.31689602136612
.32836391528447
.27446482578913
.42584097385406
.25649846593539
.40405198931694
.31460244456927
.41666666666667
.24579511086146
.59136084715525
.28669725855192
.39755351344744
.26032110551993
.38035168250402
.31269113222758
.37232415874799
.40481651822726
.4476299683253
.25420489410559
.36850153406461
.30275229612986
.37538226445516
.3069571852684
.41781346003215
.27866972486178
.34480122725169
.39640673995018
.40443424383799
.30810396869977
.39143731196721
.24197247624397
.39411314328512
.19610091547171
.42851681510607
.37117737531662
.34709480404854
.30886849761009
.38455658157667
.28707950313886
.48585626482964
.29816514253616
.31345565120379
.31689602136612
.45298165082932
.36544341842333
.37576451897621
.30504587292671
.45489296317101
.33524464567502
.34212538599968
.23432721197605
.45412844419479
.2794342537721
.33103975653648
.43042813738187
.39755351344744
.26643731196721
.34174312154452
.25802752375603
.41437307993571
.26758409539858
.43883791565895
.28593270977338
.42240060369174
.32798164089521
.35168194770813
.27331805229187
.33868500590324
.31957186261813
.4025229314963
.32836391528447
.46062691013018
.26681957642237
.47477063536644
.20145259797573
.41246177752813
.25993883609772
.48050458232562
.33142201105754
.38646789391836
.33792049686114
.39946482578913
.35321100552877
.41246176759402
.29663609464963
.33256880442301
.23279816905657
.3841743071874
.23814984659354
.41169724861781
.24885320663452
.45030580957731
.40825688838959
.39755352338155
.31842507918676
.30810398856799
.38570336500804
.46559632817904
.37194189429283
.42469419042269
.30848624308904
.27714067697525
.32492354512215
.47706421216329
.31039755543073
.34136085708936
.32110092043877
.38340978821119
.23126911123594
.33906728029251
.32874616980553
.34938837091128
.24159021675587
.4273700316747
.30581040183703
.4273700316747
.32224770387014
.37844037016233
.28899082541466
.41934250791868
.27637614806493
.45489297310511
.27331804235776
.47056575616201
.23432722191016
.35053517421087
.2840214073658
.35970948139826
.23509174585342
.35244647661845
.28516819079717
.56460243463516
.25688074032466
.3952599465847
.27408257126808
.2886085609595
.26261467734973
.4025229314963
.19304280976454
.452217121919
.29969419042269
.3841743071874
.18960244456927
.36238531271617
.2840214073658
.33256881435712
.38685015837351
.38799693187078
.26452599962552
.52943426370621
.23547401030858
.44457186261813
.23126911620299
.42354739705722
.24961773057779
.2977828681469
.27522935469945
.46980122725169
.33524464567502
.47056575616201
.31880734364192
.33715595801671
.29816514253616
.34250764052073
.23432721694311
.46177370349566
.19457186758518
.32186543941498
.33753822247187
.44036697347959
.25840978324413
.39029051860174
.38493883609772
.43386849761009
.28937308986982
.29625382026037
.31154434879621
.43004587292671
.30657492081324
.56077980995178
.28822630643845
.34900610645612
.25458715856075
.41360857089361
.36009174585342
.44839449723562
.35550459225972
.34900611639023
.23088684678078
.28975535432498
.29472477237384
.40137614806493
.29510702689489
.4044342537721
.19762997329235
.36429663499196
.35359327991803
.45068807403247
.25344037016233
.32224770387014
.31918959816297
.39755352338155
.23241589963436
.35359327991803
.27561161915461
.44227828582128
.3134556611379
.40672783056895
.30122324824333
.36506116390228
.28899083534877
.36200305819511
.34327216943105
.42966360847155
.24885321160158
.41896024346352
.31918959816297
.4319571852684
.2270642220974
.34671253959338
.36620794733365
.43348623315493
.29090213775635
.49350153406461
.25879205266635
.38226299484571
.26911314328512
.42584098378817
.31651375691096
.32874618967374
.28899081548055
.23814985156059
.27790519595146
.3612385292848
.23509174088637
.43922018011411
.22935779889425
.36353211601575
.31269113222758
.3841743071874
.32186544934909
.36162079373995
.33295106887817
.52217125892639
.22515290478865
.42010703682899
.23585626482964
.47056575616201
.23623853425185
.3639143705368
.32530580957731
.26032109558582
.25420489410559
.49961773554484
.23700305819511
.44113150238991
.27714066704114
.31574922800064
.26681956648827
.56727828582128
.27790519595146
.45374617973963
.29396023352941
.42163608471553
.33906728029251
.33524465560913
.3318042854468
.4044342537721
.24617736538251
.43081039190292
.20068807403247
.38379204273224
.25840978821119
.48279816905657
.35282875100772
.32033639152845
.3199541370074
.4705657462279
.29243118564288
.38761467734973
.39525993665059
.36047400037448
.35053517421087
.31766055027644
.28975534439087
.45986239115397
.29434249798457
.40328745047251
.3134556611379
.36811925967534
.26643731196721
.42889907956123
.34556575616201
.28784403204918
.1066513756911
.3226299782594
.34671253959338
.49847094217936
.35512231787046
.3704128464063
.39564220110575
.29472477237384
.26108561952909
.46100917458534
.22859326998393
.38952598969142
.3134556611379
.39296635985374
.39181957642237
.41055046518644
.25535167753696
.46406728029251
.25114678839842
.3344801167647
.27522935469945
.4705657462279
.2477064182361
.38799694180489
.31536697347959
.44686544934909
.26720184087753
.44380734364192
.40099388360977
.41437307993571
.29969419042269
.26758409539859
.30275228619575
.33409787217776
.34900611639023
.39181957642237
.33486238121986
.45336391528447
.25191131730874
.51911315321922
.41896024346352
.42622323830922
.30351682504018
.44801223278046
.22553516924381
.44036696354548
.23776758710543
.36506116390228
.26490825414658
.4136085609595
.41704893112183
.38723242282867
.30733944972356
.3115443388621
.2155963331461
.48585627476374
.24426605800788
.39755351344744
.41513761878014
.36811926960945
.23891437550386
.33333333333333
.30084098378817
.52905199925105
.31880733370781
.40940367182096
.24082568784555
.32301223278046
.33295106887817
.41284404198329
.38073394695918
.38302752375603
.32033639152845
.38493884603182
.28899081548055
.41781346003215
.30657493074735
.30810397863388
.28822630643845
.45336390535037
.40137614806493
.39602446556091
.19113150238991
.35168194770813
.27217124899228
.44495412707329
.38073394695918
.3860856294632
.3685015241305
.40749235947927
.33448012669881
.37232415874799
.30886849761009
.49961773554484
.39640673001607
.3023700316747
.27675841252009
.41972477237384
.28249234954516
.44992355505625
.35550459225972
.38685014843941
.28975535432498
.43348623315493
.25535168250402
.42087155580521
.28440367182096
.4476299683253
.26529052853584
.4044342537721
.25382262965043
.34977064530055
.24044342339039
.32377675175667
.37882262468338
.46788990497589
.34250764052073
.40940366188685
.27637614806493
.46903669834137
.37423547108968
.45527521769206
.29013760884603
.48547401030858
.2725535184145
.38570336500804
.24006116886934
.3520642220974
.30619266629219
.32912843426069
.31574923793475
.49388377865156
.28363914291064
.2840214073658
.28363914291064
.36009174585342
.41896024346352
.43960243463516
.27599388360977
.50535169243813
.2155963331461
.44801223278046
.32798165082932
.42316514253616
.34709480404854
.37844036022822
.21597859760125
.35626911123594
.31651375691096
.42928134401639
.30733944972356
.48356269796689
.35435780882835
.40711008509
.30504587292671
.34977064530055
.31383792559306
.4640672703584
.24655962983767
.44495412707329
.39678899447123
.49579512079557
.36276758710543
.47553517421087
.26414373020331
.42660550276438
.29204892118772
.3639143705368
.25496941804886
.4155198832353
.33906728029251
.37347095211347
.31842506925265
.58180425564448
.39449540774028
.50955658157667
.33486238121986
.49541283647219
.25955657164256
.31957186261813
.28822629650434
.40022935469945
.33753822247187
.35626911123594
.22821101049582
.42545871933301
.28975534439087
.34327216943105
.40519878268242
.40519878268242
.33677370349566
.46674312154452
.27866971492767
.38952599962552
.30122324824333
.4889143705368
.30963302652041
.32645259300868
.34021406372388
.4935015141964
.30810397863388
.3860856393973
.39449540774028
.48585627476374
.45412844419479
.39870031674703
.4025229314963
.51337920626005
.25267584621906
.47285932302475
.34174313147863
.23738532761733
.2840214073658
.3226299683253
.15634556611379
.27484709024429
.34250765045484
.24350153406461
.24006116390228
.37767584125201
.32377676169078
.39755351344744
.26261468728383
.30313456058502
.10435779641072
.31422019004822
.34594801068306
.16972476740678
.22553516924381
.33753822247187
.25114678343137
.28899082541466
.25229358673096
.20107033848763
.26567278305689
.2564984758695
.2385321110487
.32683486739794
.24159021178881
.25802752375603
.22974006334941
.27522936463356
.27217124899228
.25993883609772
.2775229314963
.32262995839119
.22744648655256
.25191130737464
.23203364014626
.3658256928126
.28363914291064
.25267583628496
.25382262965043
.28593271970749
.27981651822726
.2729357779026
.23814984659354
.23279816408952
.25840977827708
.22362385193507
.20145260294278
.31918960809708
.22897553443909
.2683486243089
.23967889944712
.2840214073658
.20986238618692
.31269113222758
.16513761381308
.1704892963171
.20336391528447
.29051987330119
.26873088876406
.14831804235776
.30657492081324
.25840978821119
.30084097385406
.1796636035045
.22629969318708
.30657492081324
.33142202099164
.23470948139826
.29931192596753
.31880733370781
.29472477237384
.22629969318708
.33142202099164
.2591743071874
.24120795726776
.31880734364192
.24808868765831
.27140673995018
.16513761878014
.22668195764224
.34518349170685
.21521406869094
.20030580957731
.24311925967534
.18730886777242
.33715595801671
.26032109061877
.33103975653648
.22438838084539
.20068806906541
.23318042357763
.33792048692703
.31192660331726
.2316513756911
.19418960313002
.24694189925989
.1773700316747
.22706421713034
.2159785926342
.26529051860174
.22553516924381
.24503057698409
.23394495248795
.23356269299984
.23814984659354
.25191131730874
.30542813738187
.30351682504018
.21865443388621
.21903669834137
.27331804235776
.32148318489393
.22821101049582
.24426606297493
.22056575119495
.23012232283751
.21406728029251
.26185014843941
.28325687845548
.2545871535937
.22629969815413
.24923547605673
.19266055027644
.30428134401639
.18081039190292
.30619265635808
.17010703682899
.26681957642237
.2159785926342
.25879204273224
.2045107036829
.31422018011411
.2683486243089
.27217125892639
.17698776225249
.25840978821119
.20642201602459
.27905198931694
.1930428147316
.26758409539859
.17622323830922
.2113914390405
.26720184087753
.26949541767438
.17928133904934
.37155962983767
.20871559778849
.27599388360977
.20374617973963
.23509174585342
.26223241786162
.29892966151237
.19915902117888
.2637614707152
.23814984659354
.30007645487785
.23814984659354
.31842507918676
.17889907956123
.1930428147316
.24350152909756
.24885321656863
.14908256630103
.2813455760479
.20030580957731
.23662079373995
.14870030681292
.18998470902443
.26911314328512
.26414373517036
.23088684678078
.17966360847155
.2274464815855
.16093271970749
.27102447549502
.23356268803279
.19724770883719
.21100917458534
.16896024346352
.18998470902443
.19954128066699
.33371559778849
.19801223278046
.2522935718298
.20795106887817
.22018348673979
.21903669834137
.24426605304082
.1976299683253
.18386850257715
.17240060865879
.19915902117888
.15481651326021
.30886849761009
.19533639152845
.23623853425185
.1976299683253
.26949541767438
.16934251288573
.20030580957731
.13608562449614
.26681957642237
.19036697347959
.28058102726936
.26490826408068
.20183486243089
.22018348673979
.24044342339039
.20221712688605
.21177370349566
.21139143407345
.19954128563404
.16284403701623
.21521406869094
.25496941804886
.24082568784555
.16934250791868
.22821100552877
.20068807899952
.22056575119495
.25496942798297
.22247706353664
.21100917458534
.19266055027644
.20795106887817
.19074923296769
.20795106887817
.25152905782064
.21903669337432
.27408256133397
.17125382522742
.26720183094343
.21636085708936
.23738532265027
.23432721694311
.19533639152845
.19189602136612
.27484709024429
.26452598969142
.27866972486178
.22553516924381
.2637614707152
.22553516924381
.20565748711427
.20718654493491
.15711009502411
.23279816408952
.22247706353664
.18425076703231
.2683486243089
.21827216943105
.25917431712151
.21062691013018
.31689602136612
.14678898950418
.14258409539859
.18004586795966
.19724770883719
.19074923793475
.18692660331726
.2270642220974
.22018348673979
.18310397366683
.25152905782064
.12079510837793
.19074923793475
.17354740202427
.24159021675587
.22668195764224
.16819571952025
.21788990497589
.17737003664176
.20642202099164
.22247706353664
.1544342537721
.21559632817904
.24120795230071
.22133027513822
.13952599465847
.23432721197605
.16896024346352
.18042813738187
.13723241289457
.39296635985374
.21521406372388
.2113914390405
.24082568784555
.17087156077226
.18730886777242
.22362385193507
.16551987826824
.25305809577306
.16016819576422
.20833333333333
.13340978572766
.1636085609595
.22591743369897
.23929663995902
.25993883609772
.23547401030858
.18654434382915
.20795106887817
.17048930128415
.17660550276438
.15061161915461
.19610091547171
.19227828582128
.22897553443909
.16896024346352
.27178898453712
.18348623812199
.23241589963436
.20336391528447
.2068042854468
.22171253959338
.25382262965043
.1930428147316
.29969419042269
.18960244456927
.18386849761009
.20336391031742
.19074923793475
.27331804235776
.17813455561797
.15787461896737
.22056575119495
.17087156077226
.2113914390405
.17087155580521
.25420488913854
.19457186758518
.23700305819511
.1884556611379
.23318043351173
.15940367182096
.18425076206525
.2090978572766
.25764526923498
.18769113222758
.17545871933301
.20565749208132
.27828746040662
.14449541270733
.24197247624397
.19266055524349
.20986238618692
.29204892118772
.31498470902443
.22056575119495
.26720183094343
.18692660331726
.26720184087753
.20183486243089
.19266055524349
.21712538599968
.19610091547171
.15137614806493
.18960244456927
.1479357779026
.19380733867486
.19954128563404
.19189602633317
.26261467734973
.25879204273224
.19151376187801
.2522935817639
.16322629650434
.2320336351792
.20221712688605
.25993884106477
.24426606297493
.25496941804886
.18272170921167
.22209480404854
.19801223278046
.24235473573208
.22668196260929
.2182721743981
.19877675672372
.17775229612986
.22668195764224
.17775229116281
.20259939134121
.19151376187801
.25802753369013
.27981651822726
.17163608471553
.15022935966651
.22706421713034
.26032111048698
.2454128464063
.2775229314963
.1704892963171
.24961774051189
.17392966151237
.18577981491884
.18654434382915
.26911314328512
.16399082541466
.18501529097557
.14181957145532
.26758409539859
.19533639152845
.26490825414658
.1521406720082
.2591743071874
.22859326998393
.19227828582128
.13723241786162
.22859326998393
.1773700316747
.20145260294278
.12882262965043
.22171253959338
.1681957145532
.19686544438203
.14181957145532
.21941895782948
.22018348673979
.30045870939891
.32683485746384
.29243118564288
.22018348177274
.20756880442301
.21253822743893
.12958715856075
.20565749208132
.18081039686998
.23394495248795
.22935779889425
.11659021427234
.2522935817639
.19954128563404
.2545871535937
.28746177752813
.28975535432498
.19036697347959
.25611621638139
.17584097882112
.23126911620299
.18960244456927
.34518349170685
.24120794733365
.19457186758518
.233944957455
.26758409539858
.22629969318708
.18730886777242
.20489296813806
.29472476243973
.23853210608164
.25229358673096
.20374617973963
.19992354512215
.22591743369897
.24120795230071
.25726299484571
.33333333333333
.22438838084539
.28440366188685
.29778288801511
.39181956648827
.29510703682899
.31001529097557
.36697248617808
.32530580957731
.38264526923498
.27331804235776
.31574923793475
.33218654990196
.21215596298377
.08486238618692
.28019878268242
.23929663995902
.26337920626005
.39564220110575
.30160550276438
.38188074032466
.23050458729267
.35703364014626
.2637614707152
.3363914390405
.40099388360977
.37155963977178
.33218653996785
.3383027613163
.37882263461749
.24503058195114
.27408258120219
.36659021178881
.43692660331726
.327217121919
.38608561952909
.44915901621183
.36047400037448
.44227829575539
.31842506925265
.44036697347959
.41284403204918
.44571865598361
.40825687845548
.44074923793475
.54548929135005
.53555045525233
.51452600955963
.43807339668274
.44342507918676
.62461771567663
.51758408546448
.69610091050466
.56498471895854
.5798929532369
.72515288988749
.75573394695918
.60053517421087
.71406728029251
.60053515434265
.9403669834137
.6269113222758
.7545871535937
.8704128464063
.99350150426229
.98662080367406
1.0221712589264
1.1720183293025
1.2255351543427
1.4239296515783
1.411697268486
1.7266819477081
1.6441131432851
1.6800458431244
1.7056574821472
2.0042049090068
1.8543578386307
1.9438073635101
1.9380733966827
2.1597859064738
2.5405197938283
2.0760703881582
2.2943425178528
2.7637615203857
2.6853975454966
2.7247707049052
2.8344801266988
2.6636085510254
2.605886777242
2.7515290578206
3.224006096522
3.0416666666667
3.0993883609772
3.1892201900482
3.7282110055288
3.3639143308004
3.5080275535583
3.931957244873
3.9483946164449
3.6188837687174
3.7240061759949
3.8279816309611
3.8061926364899
4.0240825812022
4.3004587491353
4.4331038792928
4.7121561368306
4.4545108477275
4.8482416470846
4.4296636581421
4.4858562151591
5.0118501981099
4.7687307993571
5.0527523358663
3.7041285037994
5.2637615203857
5.2358562151591
5.3853211402893
5.3685015042623
5.2331805229187
5.8730886777242
5.6204128265381
6.1395260492961
5.7958715756734
6.127293586731
5.9602446556091
6.3899081548055
6.6800459225972
6.1131498018901
6.4736239115397
6.2614677747091
6.3394495646159
6.7935781478882
6.5588685671488
6.9843271573385
7.0672783851624
5.3172783851624
6.920489470164
7.0737767219543
6.8291284243266
6.7446484565735
7.0240825017293
6.7844038009644
7.2947247823079
7.0638380050659
6.850917339325
7.4491591453552
7.1888380050659
6.976682027181
7.6215596199036
7.8340978622437
7.15061155955
7.9556576410929
7.2847859064738
7.8065749804179
7.7954893112183
7.4483944574992
7.7377675374349
7.7461773554484
8.2385320663452
8.0405198733012
7.4411315917969
7.9250766436259
7.8551224072774
6.9422783851624
7.4847095807393
7.7744649251302
7.9980886777242
7.7981651624044
7.4029053052266
7.8585626284281
8.1192660331726
8.023317972819
8.1123854319255
8.1272934277852
8.226682027181
7.9120794932048
7.8195716540019
8.2649084726969
7.3570337295532
7.9136085510254
7.6471711794535
7.7706419626872
7.8558869361877
7.4866207440694
7.3612384796143
7.8065749804179
7.3925840059916
8.1903667449951
7.707568804423
7.6983944574992
7.3081040382385
7.7079510688782
7.5087920824687
7.5978592236837
6.9422782262166
7.5913608868917
6.9801222483317
7.2438839276632
6.9059632619222
6.9181957244873
6.8707950909932
6.5787463188171
6.4571865399679
6.627293586731
6.3061927159627
6.4908256530762
6.1467890739441
6.1827217737834
6.3558869361877
5.1762232780457
6.1693425178528
6.1261467933655
5.8864679336548
5.5149083137512
5.1215596199036
5.2029816309611
5.0538991292318
4.709862391154
4.7568807601929
4.7970183690389
4.5015290578206
4.285168170929
3.8130733966827
3.8123088677724
4.0516055425008
3.492736975352
3.934250831604
3.2419724464417
2.5928899447123
2.7798164685567
2.1418195565542
2.0741589864095
2.1643730799357
1.9032874902089
1.8742355108261
1.7385321060816
1.6009174585342
1.39029053847
1.5779816706975
1.292431195577
.90481648842494
1.2243884007136
.74732414881388
.83677371342977
.7068042755127
.90175839265188
.90328745047251
.80466359853745
.69036696354548
.76720184087753
.70986239115397
.51758410533269
.64640673001607
.61888380845388
.61085625489553
.53669724861781
.56116207440694
.42469418048859
.57262994845708
.46903669834137
.69610091050466
.45795106887817
.49044342835744
.4980886777242
.38685015837351
.26185014843941
.35091742873192
.33295106887817
.62003058195114
.27790520588557
.54778285821279
.43692661325137
.48814985156059
.39678899447123
.4724770685037
.38073393702507
.44227828582128
.49006115396818
.3612385392189
.25535167753696
.31727828582128
.34136085708936
.44915901621183
.33295107881228
.42240061362584
.41055045525233
.40634556611379
.32568807403247
.26911315321922
.31957186261813
.40366972486178
.29740062355995
.31766054034233
.36888378858566
.23050458729267
.32874617973963
.34671253959338
.3096330165863
.28784404198329
.2794342537721
.25305810074011
.327217121919
.31651375691096
.32798165082932
.30542813738187
.23470948139826
.17928134401639
.22515290478865
.36429663499196
.26146789391836
.24350152909756
.24235474069913
.25229357679685
.27522935469945
.38264526923498
.23547400037448
.21750764548779
.28746176759402
.30810396869977
.20909786224365
.25000000496705
.2683486143748
.29166666666667
.17431192596753
.2794342537721
.23088685174783
.2270642220974
.297782878081
.21903669834137
.25917431712151
.27905198931694
.28440366188685
.34977063536644
.30733945965767
.26567278305689
.28784404198329
.23929663499196
.38226300477982
.27331804235776
.2316513756911
.32033639152845
.23203364511331
.23891437550386
.26873087882996
.24388379851977
.21865443388621
.25726299484571
.1980122278134
.24464831749598
.28555046518644
.30581040183703
.22591742873192
.30733943978945
.2610856294632
.24732416371504
.25688074032466
.21903669834137
.18042813241482
.28287461400032
.26643731196721
.23356269299984
.23470948139826
.18998470902443
.28746176759402
.22477064033349
.24961774051189
.22018348673979
.16475534935792
.25764526923498
.24311926960945
.30198776721954
.35435778896014
.24655962983767
.27140673001607
.21253822743893
.16055046021938
.3023700316747
.28593271970749
.24388378858566
.29587155580521
.23318042854468
.25076452394327
.27408257126808
.29472478230794
.28669724861781
.25344036519527
.32836392521858
.27637614806493
.2886085609595
.25917431712151
.25955658157667
.28937308986982
.26681957642237
.24426605304082
.27293578783671
.2775229314963
.26032110055288
.24235473573208
.22438837587833
.23279816408952
.25840978821119
.27599388360977
.28363914291064
.2320336351792
.29281346003215
.19610092043877
.35818042357763
.31230886777242
.31995412707329
.28822630643845
.27102446556091
.18730887273947
.31498471895854
.22400611639023
.29204892118772
.25879205266635
.28669725855192
.20871559778849
.3069571852684
.28937307993571
.27637614806493
.28134556611379
.24655963480473
.2794342537721
.29931192596753
.28287461400032
.26146789391836
.25611620148023
.2637614707152
.20680428047975
.2431192646424
.25802751382192
.25152905285358
.30428134401639
.21788990994294
.28516819079717
.30122324824333
.29357797900836
.30389908949534
.33715595801671
.24847094714642
.22553516924381
.24617738028367
.31192660331726
.23585626979669
.27370030681292
.27408257126808
.27140673001607
.31116207440694
.29816514253616
.17278287311395
.23700305819511
.34136085708936
.29013760884603
.25305810074011
.26299694180489
.30275229612986
.24847095211347
.35818043351173
.2385321110487
.32148317495982
.20833333830039
.22897553443909
.24961773554484
.26032110551993
.2859327296416
.39908256133397
.33218653996785
.3639143705368
.26720184087753
.28287461400032
.30657493074735
.23547400534153
.39831804235776
.29166666666667
.28096330165863
.30772171417872
.27370030681292
.3520642220974
.29090213775635
.27025993665059
.39984709024429
.31307340661685
.30581039190292
.2362385292848
.21177370349566
.2385321110487
.27025993665059
.29510703682899
.36162079373995
.32415902614594
.35244648655256
.22438837587833
.25573394695918
.48814984162649
.30886849761009
.23738532265027
.27255351344744
.22553516427676
.36620795726776
.31192660331726
.19457186758518
.33065749208132
.25955658157667
.35550458232562
.32071865598361
.31766054034233
.22438837587833
.22247706353664
.3409785926342
.28058103720347
.25267583628496
.33065749208132
.34136085708936
.33409787217776
.28555045525233
.26911315321922
.33486239115397
.36926605304082
.30504587292671
.31727828582128
.34288990497589
.35856268803279
.36582568287849
.40214066704114
.25611621141434
.30504587292671
.30733944972356
.34097860256831
.31269113222758
.21865443885326
.35970949133237
.30389907956123
.29740060369174
.30122323830922
.3455657462279
.35321100552877
.35970948139826
.2886085609595
.27408257126808
.36085627476374
.30275228619575
.47438838084539
.28211008509
.32224770387014
.33065749208132
.35168195764224
.30504587292671
.32607033848763
.29701834917068
.2274464815855
.29510703682899
.33792048692703
.31536697347959
.37958716352781
.31536697347959
.36544342835744
.32607032855352
.22515290975571
.422782878081
.327217121919
.2977828681469
.35091742873192
.37155963977178
.41628440221151
.38379204273224
.37691131234169
.34862385193507
.3390672703584
.28134556611379
.39067278305689
.3566513756911
.35818042357763
.38111620148023
.41590213775635
.34480121731758
.4273700316747
.36009174585342
.33409786224365
.34671252965927
.28937308986982
.37920488913854
.40978592634201
.32951069871585
.30351682504018
.35512231787046
.27675840258598
.47477064530055
.38837921619415
.33868501583735
.34785932302475
.31995412707329
.33524465560913
.42584098378817
.32071866591771
.39296636978785
.33065749208132
.37461773554484
.41207950313886
.30084098378817
.35321100552877
.25611621141434
.32912843426069
.3272171318531
.33600918451945
.375
.37920488913854
.33906729022662
.34365444382032
.3860856294632
.25420488913854
.39487768212954
.38685015837351
.4044342537721
.4181957145532
.33983179926872
.43922018011411
.36276757717133
.31345565120379
.30466360847155
.41590214769046
.34174312154452
.30733944972356
.37767584125201
.48241590460141
.38532110055288
.42010703682899
.41857798894246
.44954129060109
.27599388360977
.47324158747991
.49006116390228
.52905199925105
.41284404198329
.42966359853745
.45833333333333
.35053516427676
.46406728029251
.4430428147316
.47018349170685
.49541283647219
.51414374510447
.4927370150884
.47859327991803
.42316514253616
.42469419042269
.51108561952909
.41972477237384
.49388380845388
.43922019004822
.47974006334941
.57454129060109
.35970948139826
.47285933295886
.37079511086146
.45336391528447
.53172783056895
.49464832743009
.45107033848763
.50458717346191
.33448012669881
.44686543941498
.44724770387014
.37844037016233
.48547400037448
.55275229612986
.61200306812922
.49120795726776
.38837920626005
.39678899447123
.37003058195114
.5118501385053
.48470949133237
.59900611639023
.53440368175507
.59938836097717
.4476299683253
.55122321844101
.45909786224365
.54396025339762
.55542814731598
.46292048692703
.44686543941498
.47209480404854
.6112385392189
.56727830568949
.48547402024269
.59327216943105
.59327216943105
.46636084715525
.52140671014786
.49197247624397
.54357796907425
.51873087882996
.59097860256831
.61544342835744
.54816512266795
.51681955655416
.68004588286082
.48241590460142
.57110093037287
.55848622322083
.5451070467631
.5733944773674
.58103976647059
.57415902614594
.47591742873192
.62844036022822
.61123851935069
.60512230793635
.61544342835744
.54051987330119
.50917432705561
.57759938637416
.57607032855352
.61850154399872
.57454127073288
.52522935469945
.53631496429443
.48088685671488
.69227828582128
.6800458629926
.63035168250402
.66207949320475
.51032110055288
.52599388360977
.66590213775635
.52293579777082
.68463303645452
.55619265635808
.55275229612986
.50611621141434
.57912842432658
.61047401030858
.6288226445516
.59174311161041
.5496942003568
.62347094217936
.62347094217936
.61888380845388
.59441896279653
.66628442207972
.54625382026037
.53631498416265
.62844036022822
.65825688838959
.59288992484411
.58906728029251
.53669726848602
.60779815912247
.66475534439087
.58218653996785
.70068808396657
.65940366188685
.69571866591771
.67087155580521
.51681957642237
.54319574435552
.6746942003568
.58868501583735
.67584099372228
.58600918451945
.60435781876246
0
0
0
0
0
0
0
0
0
0
0
0
0
0
0
0
0
0
0
0
0
0
0
0
0
0
0
0
0
0
0
0
0
0
0
0
0
0
0
0
0
0
0
0
0
0
0
0
0
0
0
0
0
0
0
0
0
0
0
0
0
0
0
0
0
0
0
0
0
0
0
0
0
0
0
0
0
0
0
0
0
0
0
0
0
0
0
0
0
0
0
0
0
0
0
0
0
0
0
0
0
0
0
0
0
0
0
0
0
0
0
0
0
0
0
0
0
0
0
0
0
0
0
0
0
0
0
0
0
0
0
0
0
0
0
0
0
0
0
0
0
0
0
0
0
0
0
0
0
0
0
0
0
0
0
0
0
0
0
0
0
0
0
0
0
0
0
0
0
0
0
0
0
0
0
0
0
0
0
0
0
0
0
0
0
0
0
0
0
0
0
0
0
0
0
0
0
0
0
0
0
0
0
0
0
0
0
0
0
0
0
0
0
0
0
0
0
0
0
0
0
0
0
0
0
0
0
0
0
0
0
0
0
0
0
0
0
0
0
0
0
0
0
0
0
0
0
0
0
0
0
0
0
0
0
0
0
0
0
0
0
0
0
0
0
0
0
0
0
0
0
0
0
0
0
0
0
0
0
0
0
0
0
0
0
0
0
0
0
0
0
0
0
0
0
0
0
0
0
0
0
0
0
0
0
0
0
0
0
0
0
0
0
0
0
0
0
0
0
0
0
0
0
0
0
0
0
0
0
0
0
0
0
0
0
0
0
0
0
0
0
0
0
0
0
0
0
0
0
0
0
0
0
0
0
0
0
0
0
0
0
0
0
0
0
0
0
0
0
0
0
0
0
0
0
0
0
0
0
0
0
0
0
0
0
0
0
0
0
0
0
0
0
0
0
0
0
0
0
0
0
0
0
0
0
0
0
0
0
0
0
0
0
0
0
0
0
0
0
0
0
0
0
0
0
0
0
0
0
0
0
0
0
0
0
0
0
0
0
0
0
0
0
0
0
0
0
0
0
0
0
0
0
0
0
0
0
0
0
0
0
0
0
0
0
0
0
0
0
0
0
0
0
0
0
0
0
0
0
0
0
0
0
0
0
0
0
0
0
0
0
0
0
0
0
0
0
0
0
0
0
0
0
0
0
0
0
0
0
0
0
0
0
0
0
0
0
0
0
0
0
0
0
0
0
0
0
0
0
0
0
0
0
0
0
0
0
0
0
0
0
0
0
0
0
0
0
0
0
0
0
0
0
0
0
0
0
0
0
0
0
0
0
0
0
0
0
0
0
0
0
0
0
0
0
0
0
0
0
0
0
0
0
0
0
0
0
0
0
0
0
0
0
0
0
0
0
0
0
0
0
0
0
0
0
0
0
0
0
0
0
0
0
0
0
0
0
0
0
0
0
0
0
0
0
0
0
0
0
0
0
0
0
0
0
0
0
0
0
0
0
0
0
0
0
0
0
0
0
0
0
0
0
0
0
0
0
0
0
0
0
0
0
0
0
0
0
0
0
0
0
0
0
0
0
0
0
0
0
0
0
0
0
0
0
0
0
0
0
0
0
0
0
0
0
0
0
0
0
0
0
0
0
0
0
0
0
0
0
0
0
0
0
0
0
0
0
0
0
0
0
0
0
0
0
0
0
0
0
0
0
0
0
0
0
0
0
0
0
0
0
0
0
0
0
0
0
0
0
0
0
0
0
0
0
0
0
0
0
0
0
0
0
0
0
0
0
0
0
0
0
0
0
0
0
0
0
0
0
0
0
0
0
0
0
0
0
0
0
0
0
0
0
0
0
0
0
0
0
0
0
0
0
0
0
0
0
0
0
0
0
0
0
0
0
0
0
0
0
0
0
0
0
0
0
0
0
0
0
0
0
0
0
0
0
0
0
0
0
0
0
0
0
0
0
0
0
0
0
0
0
0
0
0
0
0
0
0
0
0
0
0
0
0
0
0
0
0
0
0
0
0
0
0
0
0
0
0
0
0
0
0
0
0
0
0
0
0
0
0
0
0
0
0
0
0
0
0
0
0
0
0
0
0
0
0
0
0
0
0
0
0
0
0
0
0
0
0
0
0
0
0
0
0
0
0
0
0
0
0
0
0
0
0
0
0
0
0
0
0
0
0
0
0
0
0
0
0
0
0
0
0
0
0
0
0
0
0
0
0
0
0
0
0
0
0
0
0
0
0
0
0
0
0
0
0
0
0
0
0
0
0
0
0
0
0
0
0
0
0
0
0
0
0
0
0
0
0
0
0
0
0
0
0
0
0
0
0
0
0
0
0
0
0
0
0
0
0
0
0
0
0
0
0
0
0
0
0
0
0
0
0
0
0
0
0
0
0
0
0
0
0
0
0
0
0
0
0
0
0
0
0
0
0
0
0
0
0
0
0
0
0
0
0
0
0
0
0
0
0
0
0
0
0
0
0
0
0
0
0
0
0
0
0
0
0
0
0
0
0
0
0
0
0
0
0
0
0
0
0
0
0
0
0
0
0
0
0
0
0
0
0
0
0
0
0
0
0
0
0
0
0
0
0
0
0
0
0
0
0
0
0
0
0
0
0
0
0
0
0
0
0
0
0
0
0
0
0
0
0
0
0
0
0
0
0
0
0
0
0
0
0
0
0
0
0
0
0
0
0
0
0
0
0
0
0
0
0
0
0
0
0
0
0
0
0
0
0
0
0
0
0
0
0
0
0
0
0
0
0
0
0
0
0
0
0
0
0
0
0
0
0
0
0
0
0
0
0
0
0
0
0
0
0
0
0
0
0
0
0
0
0
0
0
0
0
0
0
0
0
0
0
0
0
0
0
0
0
0
0
0
0
0
0
0
0
0
0
0
0
0
0
0
0
0
0
0
0
0
0
0
0
0
0
0
0
0
0
0
0
0
0
0
0
0
0
0
0
0
0
0
0
0
0
0
0
0
0
0
0
0
0
0
0
0
0
0
0
0
0
0
0
0
0
0
0
0
0
0
0
0
0
0
0
0
0
0
0
0
0
0
0
0
0
0
0
0
0
0
0
0
0
0
0
0
0
0
0
0
0
0
0
0
0
0
0
0
0
0
0
0
0
0
0
0
0
0
0
0
0
0
0
0
0
0
0
0
0
0
0
0
0
0
0
0
0
0
0
0
0
0
0
0
0
0
0
0
0
0
0
0
0
0
0
0
0
0
0
0
0
0
0
0
0
0
0
0
0
0
0
0
0
0
0
0
0
0
0
0
0
0
0
0
0
0
0
0
0
0
0
0
0
0
0
0
0
0
0
0
0
0
0
0
0
0
0
0
0
0
0
0
0
0
0
0
0
0
0
0
0
0
0
0
0
0
0
0
0
0
0
0
0
0
0
0
0
0
0
0
0
0
0
0
0
0
0
0
0
0
0
0
0
0
0
0
0
0
0
0
0
0
0
0
0
0
0
0
0
0
0
0
0
0
0
0
0
0
0
0
0
0
0
0
0
0
0
0
0
0
0
0
0
0
0
0
0
0
0
0
0
0
0
0
0
0
0
0
0
0
0
0
0
0
0
0
0
0
0
0
0
0
0
0
0
0
0
0
0
0
0
0
0
0
0
0
0
0
0
0
0
0
0
0
0
0
0
0
0
0
0
0
0
0
0
0
0
0
0
0
0
0
0
0
0
0
0
0
0
0
0
0
0
0
0
0
0
0
0
0
0
0
0
0
0
0
0
0
0
0
0
0
0
0
0
0
0
0
0
