.22573839624723
.26652601361275
.22187060614427
.21905766427517
.26441631714503
.27285513281822
.24085794885953
.27390998601913
.2376933892568
.21835443377495
.2886779208978
.21343179047108
.19127988318602
.24261603256067
.19409282505512
.18706047534943
.20604781806469
.21765119334062
.19163150588671
.22187061111132
.20639944076538
.24613220492999
.23558368782202
.22855133811633
.21097046633561
.21905766427517
.20393811662992
.21483825147152
.27672292788823
.21378340323766
.24789029359818
.29324895143509
.22925456861655
.22538677851359
.17369901637236
.22538677354654
.25316455960274
.26652601361275
.25421941280365
.25668073693911
.23699015378952
.30274261037509
.24789029359818
.2707454264164
.23382559915384
.2584388256073
.24437412122885
.28199718395869
.21448663870494
.26617440581322
.23804500699043
.25105485320091
.2042897293965
.24472573896249
.26969057321548
.20077355702718
.30063290397326
.22890295584997
.19655414919058
.27039380868276
.26933895548185
.21729957560698
.25316455960274
.23593530555566
.23452883462111
.26969057321548
.196202536424
.21167369683584
.24648382266363
.24753867586454
.20499296486378
.26090013980865
.23347397645315
.26722924908002
.21940928697586
.22187060614427
.20921237766743
.26160337527593
.22749648491542
.19690576692422
.24120956659317
.19444444278876
.23030942678452
.19901547332605
.27320675055186
.20569620529811
.2180028061072
.23699015378952
.21237693230311
.21870605150859
.24507735669613
.22116737067699
.24050632615884
.17862165967623
.22116737067699
.19198312362035
.2376933892568
.22714486718178
.20675105353196
.2236286898454
.21308016777039
.17334739863873
.22046413520972
.22046413520972
.21308016777039
.18706048031648
.22925456861655
.2155414968729
.23066104451815
.23241912821929
.24542897442977
.22081575294336
.27285513281822
.29430379470189
.25808719793955
.27250352005164
.22819972038269
.24753867586454
.23628691335519
.26828411221504
.28621659676234
.27953585982323
.22011251747608
.25808720787366
.23769338428974
.20182841022809
.27390998601913
.21765119830767
.22855133314927
.20323488116264
.26054852207502
.19409282505512
.20218002796173
.18424753844738
.22784810264905
.24929676453272
.22749648491542
.1645569652319
.2485935340325
.29535864790281
.22960619131724
.27426160375277
.22433193027973
.24789029359818
.26300985614459
.24753868083159
.22292545437813
.21026722590129
.25386779507001
.21940928200881
.2099156131347
.23663853605588
.19374120732148
.26125175754229
.24261603256067
.2401547084252
.18354430794716
.2169479628404
.19092826545238
.16033755242825
.22398031254609
.24261603256067
.24507735669613
.19866385559241
.21413501600424
.15787622829278
.20464134713014
.2376933892568
.18987342218558
.22257383664449
.25351617733637
.22573839624723
.24718706309795
.21378340323766
.26300984621048
.2651195526123
.22292545934518
.19866385559241
.26195499300957
.23066104451815
.17369901637236
.25668073197206
.25632910927137
.2042897293965
.243319272995
.18037974834442
.17651195327441
.20745428403219
.26054852207502
.21729958057404
.27707453568776
.20675105353196
.18354430794716
.19866385062536
.22292545437813
.22398030757904
.27531644701958
.26441630721092
.20253164569537
.19268635412057
.24015471339226
.22679324944814
.27320675055186
.25843881567319
.26406469941139
.24789029856523
.2746132115523
.22433192531268
.27531644701958
.2858649790287
.23417721192042
.2556258837382
.23839662472407
.23312236368656
.30239100257556
.22468354801337
.22046413520972
.22819972038269
.25984529654185
.22151898841063
.1976090023915
.25632911920547
.2306610395511
.23101265231768
.2401547084252
.24120956162612
.19163150588671
.24929676453273
.2362869232893
.22749648491542
.27180027961731
.24085794885953
.24613220989704
.24015471339226
.22573839624723
.19303797185421
.24718706309795
.23980309565862
.23241913318634
.24261603256067
.21800281107426
.22046413520972
.2651195526123
.23804500699043
.20850914220015
.25879044334094
.24261603256067
.24015471339226
.21554149190585
.22011251747608
.20569620033105
.27320674061775
.20253164569537
.24929676453273
.23839662472407
.25351617733637
.1947960605224
.22819972038269
.20815752446651
.23277074595292
.25597749153773
.24789029359818
.23734177152316
.24929676949978
.30379747351011
.21167370180289
.27531645695368
.21308017273744
.23980309565862
.2443741162618
.23628691832225
.22819972038269
.24507735172908
.26265821854273
.27531644701958
.27988747755686
.2485935340325
.26406469941139
.23734177152316
.23593530058861
.21835442880789
.21061884860198
.24929676453272
.19092827041944
.21483825643857
.19092827041944
.23136427501837
.21659634013971
.20358649889628
.19725738465786
.22222222387791
.24156117935975
.22327707707882
.28410688539346
.26969057321548
.23699015875657
.23945147792498
.2612517674764
.25597750147184
.22573840121428
.24929676453273
.23909985522429
.24613220989704
.25879044334094
.22749648491542
.21554148693879
.21237693727016
.21343178550402
.19374120732148
.22468354304632
.25808720787366
.22609001398087
.24718706309795
.21554149190585
.18037974834442
.2514064759016
.21589310963949
.23417721688747
.23839662472407
.20147679249446
.18389592071374
.23312236368656
.22609001894792
.23945147295793
.23558368285497
.25738397240639
.21870604157448
.22784810264905
.22855133314927
.25457103053729
.19409282505512
.20393811662992
.24437412122885
.22995780408382
.20218002796173
.22151898344358
.20780590673288
.20604781806469
.19092827041944
.17299578090509
.18424753844738
.1645569652319
.20323488116264
.19022503991922
.20464135209719
.1504922658205
.26582278807958
.22187060614427
.23312236368656
.21061884363492
.21448663870494
.17475386957328
.21835442880789
.20815751949946
.21237693230311
.23909985522429
.20991560816765
.20112517476082
.20780590673288
.18213783204556
.14697608848413
.22573839624723
.18495077391466
.19338958958785
.22327707211177
.21976089974244
.22609001894792
.22749648491542
.23699015378952
.20956399043401
.17897327740987
.26969057321548
.26019691427549
.22222221891085
.24542897442977
.22046413024267
.22784810264905
.19233474135399
.16561181346575
.24683544039726
.18881856401761
.24437412619591
.24789029359818
.23030942181746
.23980309565862
.20464135209719
.28340366482735
.2113220791022
.23839662969112
.23628691335519
.22784810264905
.23452883462111
.22538677851359
.21272855003675
.2471870581309
.24156117935975
.24402250846227
.21097046633561
.23874824245771
.21554149190585
.23874824245771
.26863572001457
.27180027961731
.23699015378952
.25914206107457
.22960618635019
.23523206512133
.25421940286954
.17756680647532
.22468354304632
.25632910927137
.2405063311259
.20393811662992
.24753868083159
.25386779507001
.20639944076538
.27496482928594
.23523207008839
.26758087674777
.24648382763068
.26476792494456
.20428973436356
.2457805921634
.25105485320091
.17264416317145
.25597749153773
.21167369683584
.22187060614427
.22609001398087
.26054852207502
.20780590673288
.2405063311259
.24894514679909
.174050634106
.23523206512133
.24296764532725
.174050634106
.20499296486378
.21413502593835
.18530239164829
.24437412122885
.27812938888868
.19620253145695
.2348804473877
.25914204617341
.21870604654153
.23206751048565
.25316455960274
.21448663870494
.20639943579833
.24331926802794
.17616034050783
.22222222387791
.20464134713014
.23980309565862
.20358649392923
.21061884860198
.20393811166286
.22081575294336
.23101266225179
.21026722590129
.18530239164829
.24402250349522
.24402250349522
.20886075496674
.23488045235475
.22187060614427
.20675105353196
.21624472737312
.20886075993379
.23101266225179
.21202531456947
.25421941280365
.22609001398087
.2401547084252
.22187060614427
.20147679249446
.24191279709339
.20745428403219
.20182841022809
.24648382763068
.19690576692422
.21378340323766
.23558368782202
.20991560816765
.17053445676963
.23523206512133
.26758087674777
.20815752446651
.23417721192042
.2320675055186
.19303797682126
.22995780408382
.23171589771907
.20393811166286
.20850914220015
.25175809363524
.21097046136856
.2651195426782
.20780590673288
.24015471339226
.25035161773364
.26441631714503
.25843881567319
.28270042936007
.22538677851359
.24753868083159
.25457102060318
.22749648988247
.21905766427517
.27215190728505
.20886075993379
.20639943579833
.24191280206045
.25632911920547
.22714486718178
.2113220791022
.26898733774821
.16912798583508
.23171589275201
.24718706309795
.19936708609263
.16385372479757
.20569620529811
.20850914220015
.25773559014002
.22749648491542
.22784810264905
.20218002796173
.23734177649021
.21905766427517
.22819971541564
.18987341721853
.2071026712656
.26160337527593
.23382559915384
.2236286898454
.22855133314927
.26511956254641
.20499296983083
.18495077391466
.27707453568776
.19831223785877
.18987341721853
.22714486718178
.23101265728474
.1409985969464
.17686357100805
.21097046633561
.20358649889628
.20886075993379
.19901547332605
.22714487214883
.18670885761579
.18354430298011
.17686357100805
.24824191133181
.22679324944814
.12306610246499
.20253164569537
.21518986920516
.19901547332605
.22011251747608
.20921237766743
.2071026712656
.18354430298011
.22187060614427
.24226441482703
.24120956162612
.20745428899924
.2306610395511
.21554148693879
.25140647093455
.21835443377495
.22151898344358
.21167370180289
.22151899337769
.2099156131347
.24367089072863
.17475386460622
.24648382763068
.22714486718178
.19901546835899
.19092827538649
.20534458756447
.20991560816765
.20745428899924
.22327707707882
.20288325846195
.21940928200881
.22081575294336
.16912799080213
.16244725883007
.22890295584997
.20639944076538
.19092827041944
.21976089974244
.20956399043401
.22644162674745
.21483825643857
.21026723086834
.19198312362035
.20886075993379
.20675105353196
.18670885761579
.2348804473877
.23312236865362
.20886075993379
.24929676453273
.21167369683584
.19971870879332
.25105485320091
.19092827041944
.22468354304632
.25527426600456
.21729957560698
.19971870382627
.21800281107426
.20007032155991
.24296765526136
.19163150091966
.23241912821929
.21237693230311
.20780590673288
.22257384161154
.18987341721853
.20780590673288
.19901546835899
.19479606548945
.24261603752772
.17123768726985
.20569620529811
.22116737067699
.27250351508458
.17264416317145
.26617440581322
.27250351508458
.19409283002218
.20710267623266
.19127988815308
.20218003292878
.18776371578375
.19374121228854
.22679324944814
.23452882965406
.26125175754229
.2141350209713
.23030942181746
.1933895945549
.22538677851359
.1810829838117
.2099156131347
.23417721192042
.16807313760122
.24753867586454
.24929676949978
.20464135209719
.2320675154527
.23452883462111
.18881856401761
.19831223289172
.21729957560698
.16877636810144
.21308016777039
.20815751949946
.18248945474625
.20464135209719
.21061884363492
.18811533351739
.25632911920547
.19549929598967
.2141350209713
.23101265728474
.23663853605588
.21272855003675
.27109703421593
.2598452915748
.23980309069157
.23417721192042
.23804500699043
.31012658278147
.243319272995
.29289732376734
.20569620033105
.26336145401001
.20850914220015
.22995780408382
.18073136607806
.20253164569537
.25879044334094
.24367088576158
.25632911920547
.22468354304632
.2485935340325
.26969058314959
.2707454264164
.21202531456947
.22855133811633
.23558368782202
.23382559418678
.23663853605588
.21061884363492
.22995780408382
.22644162674745
.22046413520972
.22855133314927
.27953586975733
.25984529654185
.24261603752772
.28902953863144
.26090014974276
.26019690434138
.31645569205284
.26019691427549
.25632911920547
.28938115636508
.24929676949978
.25316455960274
.29113923509916
.26758086681366
.26617440581322
.3094233473142
.24085794389248
.20534458259741
.37939521670341
.29043599963188
.26265823841095
.30555555224419
.35372714201609
.24120956659317
.28234881162643
.26582278807958
.23030942678452
.27672291795413
.27109704415003
.30731364091237
.32419127225876
.28691982229551
.31926863392194
.31962025165558
.28656821449598
.23663854102294
.33438818653425
.2679324845473
.22398030757904
.2528129418691
.24789029856523
.28621659676234
.34001407027245
.33333333333333
.22890295584997
.33192686239878
.2623066008091
.25879044334094
.35407875974973
.31153304378192
.33755274613698
.29922643303871
.26898733774821
.32524613539378
.35654008388519
.33192686239878
.23804500699043
.32559775312742
.29043600956599
.29395217696826
.26054852207502
.33895921707153
.35126581788063
.24964838226636
.28445850809415
.33509142200152
.26863572001457
.33895921707153
.36322082082431
.29254570603371
.34388185540835
.30625879764557
.37798874576886
.36954993009567
.38220814863841
.34915611147881
.40084387858709
.34106892347336
.34458509087563
.38326301177343
.40154711405436
.33614627520243
.40049226085345
.37306610743205
.37130800882975
.44303797682126
.3329817155997
.36497890949249
.42053445180257
.40295358498891
.45921238263448
.53234879175822
.48136427005132
.51758088668187
.62025316556295
.58016876379649
.53551334142685
.6188466946284
.59845288594564
.57911392052968
.61673698822657
.70499298969905
.54289732376734
.74894513686498
.68706047534943
.64732770125071
.76828412214915
.81575246651967
.76125174760818
.99120958646139
.92897327740987
.89592123031616
.99929676453273
.96940926710765
1.0766525665919
1.1687763929367
1.0253164370855
.98663854598999
1.2974683443705
1.1944444576899
1.1853024164836
1.2457805871964
1.213080128034
1.1652601957321
1.3590013980865
1.3867791891098
1.3322784900665
1.3020393848419
1.5868494908015
1.4229958057404
1.3037974834442
1.5239100058873
1.6951476335526
1.5126581986745
1.5720815658569
1.675105492274
1.4514768123627
1.7686357498169
1.7921940883001
1.8931082884471
2.0425457159678
2.0182841221491
1.8604078690211
1.865682164828
1.9511251449585
1.8263009786606
2.0833332538605
2.0045710404714
1.9163150389989
2.304852326711
1.9901547034582
2.2253867785136
2.2753165562948
2.2756680647532
2.2106188138326
2.3273558616638
2.3547819455465
2.6350211302439
2.6814345518748
2.557665348053
2.3122362295787
2.6747539043427
2.5675105253855
2.3076652685801
2.6930379867554
2.9430379867554
2.7046413421631
2.7183543841044
2.8850211302439
2.8899436791738
2.9560478528341
2.7176512082418
2.9630801677704
3.2158931096395
2.9525315761566
2.8825597763062
3.0028129418691
2.9753867785136
2.7848100662231
3.0611814657847
3.2127285003662
3.151195526123
2.9229958057404
3.2689873377482
2.8934599558512
2.8252460956573
3.361111164093
3.0956399440765
3.133614619573
3.3586497306824
3.213783343633
3.387834072113
3.3041490713755
3.23663854599
3.3786919911702
3.6054852803548
3.4356540838877
3.3797468344371
3.7545709609985
3.3607594966888
3.506680727005
3.6645569801331
3.5777074495951
3.3558368682861
3.8178621927897
3.6079465548197
3.2021799882253
3.5513362089793
3.7253868579864
3.5436006387075
3.8357946077983
3.6687763532003
3.5478200117747
3.7081574598948
3.6395921707153
3.7172995408376
3.6888186136882
3.6490857601166
3.577355782191
3.6346694628398
3.7823487917582
3.6065401236216
3.6954992612203
3.8748242855072
3.7478903134664
4.0323487917582
4.0063291390737
3.6719409624736
3.8473980426788
3.7630097866058
3.7134318351746
3.9556962649027
3.675105492274
3.9486638704936
3.8558367888133
3.72327709198
3.7675809065501
3.8590014775594
3.7496483325958
3.5203937689463
3.8772854804993
3.6184951464335
3.5312939484914
3.4644866784414
3.655063311259
3.7584388256073
3.520042181015
3.7088607152303
3.7021800676982
3.7468354701996
3.7225738366445
3.5872011184692
3.735232035319
3.5734879970551
3.6775667667389
3.7531645298004
3.6473276615143
3.7042897542318
3.4184248447418
3.5668073495229
3.8646272023519
3.2060477733612
3.6758087476095
3.5337552229563
3.5752460956573
3.7921941280365
3.2187059720357
3.4532348314921
3.4890998204549
3.2925457159678
3.2788325945536
3.1758086681366
3.1701827843984
3.0889591375987
3.1202531655629
3.0460619131724
2.9855836232503
3.0523909727732
3.1754570802053
2.8438818454742
2.8329816659292
2.988045056661
2.5632911523183
2.8386075496674
2.7686357498169
2.6561181545258
2.7313642501831
2.8090716997782
2.6111110846202
2.8470464547475
2.5323488712311
2.5516877174377
2.7591420809428
2.5857946872711
2.3980309168498
2.6121660073598
2.5056258837382
2.4163149992625
2.3892405033112
2.3066104253133
2.1118144194285
2.2201124827067
2.3706048329671
2.4289732774099
1.8526722987493
2.1874121030172
1.9194795687993
2.1923347314199
2.1877637704213
2.1947960058848
2.0295358896255
2.2274964650472
2.1350211302439
1.8744725783666
2.1378339926402
2.0404360294342
1.9521799882253
2.0495780706406
1.9841771920522
1.8909986019135
2.0116033554077
1.7753164370855
1.8463431596756
1.9817158381144
1.6870604753494
1.6251757939657
1.7830520470937
1.8554852406184
1.7141350110372
1.7601969242096
1.642405072848
1.3579465548197
1.5186357498169
1.5973980426788
1.4841771920522
1.5302391052246
1.3523206710815
1.2946554422379
1.594233473142
1.3878339926402
1.4215893348058
1.3185654083888
1.445147673289
1.359001437823
1.3811533053716
1.3333333333333
1.2035864988963
1.4103375673294
1.3136427799861
1.188466946284
1.3871307770411
1.0362166166306
1.1065400838852
1.2936005194982
1.0344585378965
1.0446554422379
1.1571729977926
1.0910689036051
.94409283002218
1.1835442781448
.98452883958817
.85864979028702
.99507735172908
1.0007032553355
.93073135614395
.77601969242096
.95956399043401
.96518987417221
.71835442384084
.86954993009567
.80801687637965
.80836850404739
.79887481530507
.84423345327377
.68565402428309
.803797463576
.78481012582779
.7007735768954
.78797467549642
.76160337527593
.66736990213394
.76758088668187
.80801687637965
.77039380868276
.77953584988912
.64732770125071
.59563996394475
.66736990213394
.72784811258316
.59704639514287
.71343179543813
.73101266225179
.49789029359818
.63220816850662
.56293952465057
.62693389256795
.57911392052968
.607594927152
.65049227078756
.6698312163353
.66631505886714
.52215188741684
.61181433995565
.59599157174428
.55414909124374
.58227849006653
.56258791685104
.49718704819679
.52285512288411
.55907173951467
.50351616740227
.49578058719635
.45323488116264
.46483825643857
.51371307174365
.43495077888171
.41842475533485
.45780590176582
.49929675459862
.40295358498891
.45007032155991
.48136427005132
.4029535750548
.4651898642381
.41209564606349
.37412095069885
.33087201913198
.35724330941836
.39732770125071
.37904359896978
.35513362288475
.40822785099347
.29922644297282
.38045006990433
.35021097461383
.39873418211937
.38818565011024
.30344585577647
.32946553826332
.42158930500348
.37376934289932
.38185654083888
.41631504893303
.44936707615852
.3744725783666
.34106891353925
.34845288594564
.2858649790287
.38220815857251
.36357243855794
.27566807468732
.35548524061839
.38361462950706
.31786216298739
.38537271817525
.40295359492302
.32243319352468
.37623066703478
.34880450367928
.35548523068428
.43319269021352
.34458509087563
.30414909124374
.36111110448837
.35161744554838
.27672292788823
.37517581383387
.37658227483431
.28762305776278
.32137834032377
.29078762729963
.32981715599696
.31082981824875
.30028128623962
.32911392052968
.35407875974973
.31469761331876
.31082981824875
.30344585577647
.35548523068428
.25105485816797
.33966245253881
.32137834032377
.30731364091237
.34704641501109
.2858649790287
.2858649790287
.25105485320091
.32383965452512
.25808719793955
.26476793487867
.27039380868276
.28551337122917
.23523207008839
.27320675055186
.27320675055186
.24261603256067
.30028129617373
.22187060614427
.22960619131724
.26265822847684
.26406469941139
.25281294683615
.29571027557055
.27566806475321
.26969057321548
.27531644701958
.27707454562187
.21694795787334
.30028129617373
.28340365489324
.26758086681366
.29395218690236
.24507735669613
.24050632615884
.29571027557055
.26863572994868
.23030942181746
.27707454562187
.21765119334062
.22573839624723
.23523206512133
.2556258837382
.23593530555566
.29711672663689
.28516174356143
.26300983627637
.28270041942596
.29781997203827
.24648382763068
.30239100257556
.3122362891833
.25000000496705
.26125175754229
.29746834437052
.26441630721092
.26265822847684
.25949367880821
.25140647093455
.29078762729963
.29289732376734
.29781997203827
.28727144996325
.28094233075778
.2679324845473
.25984529654185
.23277074595292
.23066104451815
.27531644701958
.26125176250935
.23804501195749
.21729958057404
.28199718395869
.25210970640182
.24578058719635
.27777778108915
.21835443377495
.17721518874168
.23171588778496
.25316454966863
.25246132413546
.26547117034594
.23171589275201
.2113220791022
.23241912821929
.24191279709339
.21378340323766
.25035162270069
.28973277409871
.21940928200881
.26090013980865
.28305204709371
.21835443377495
.3009845217069
.27426159381866
.26054853200912
.27742616335551
.25773558020592
.23804500202338
.25246132413546
.27461322148641
.22503516077995
.23030942678452
.23136427501837
.25668073693911
.25175809363524
.23206751048565
.20288326342901
.2556258837382
.23206751048565
.25843881567319
.196202536424
.24085794389248
.23241912821929
.26476792494456
.26160337527593
.19620252648989
.26195499300957
.27039380868276
.23734177152316
.27742616335551
.28656821449598
.21308017273744
.21659634510676
.3066104054451
.24085794389248
.26160337527593
.2376933892568
.22116737067699
.19936708609263
.2609001348416
.21308017273744
.22081575791041
.26828410228093
.2763713101546
.23804501195749
.28656821449598
.2292545735836
.22081575294336
.20534458756447
.26898734768232
.1782700419426
.22925456861655
.19655414919058
.21237693727016
.20569620033105
.21765119830767
.21308016777039
.21518987417221
.21483825643857
.21800281604131
.20675105353196
.2746132115523
.22960619131724
.22855133811633
.2556258837382
.18459915618102
.26582278807958
.26863572001457
.19233473638693
.21343178550402
.22538677851359
.18073136111101
.25597750147184
.25386779507001
.2292545735836
.24824191629887
.26863572001457
.26406469941139
.23136427501837
.2485935340325
.2085091372331
.22433193027973
.2457805921634
.2405063311259
.21378340323766
.20675105353196
.24226441482703
.22890295088291
.2197609047095
.18073136111101
.22327707707882
.22855133811633
.21097046136856
.18706047534943
.19866385062536
.17967651287715
.1976090023915
.24824191629887
.2169479628404
.22609001398087
.23558368782202
.27180027961731
.21483825643857
.21518987913926
.22257383664449
.22995780408382
.24753867586454
.25984528660774
.22503516077995
.22468354304632
.21308016777039
.17440224687258
.2485935340325
.21343178550402
.26090013980865
.20815751949946
.22573839624723
.16209564109643
.21272855003675
.19444444775581
.22398031254609
.23980309565862
.23628691832225
.20007032652696
.20850914220015
.19936708609263
.20428973436356
.22995780408382
.23452883462111
.23488045235475
.27320675055186
.2320675154527
.19338958958785
.26371309161186
.25070324043433
.23804501195749
.23628691832225
.27039379874865
.23523206512133
.26687763134638
.20042193929354
.20323488116264
.25386779507001
.24542897442977
.25597750147184
.24789029359818
.25386779507001
.19444444775581
.2718002696832
.24894515176614
.22819972038269
.2485935340325
.1810829838117
.25457102060318
.21378339827061
.23452883462111
.2306610395511
.2264416317145
.2169479628404
.19163150588671
.21800281107426
.22714486221472
.20077355206013
.18600562711557
.23277074595292
.23523207008839
.16772151986758
.26371308167775
.21940928697586
.22433192531268
.25738397240639
.21870604654153
.19022503495216
.26441631714503
.18846694628398
.17299578090509
.24613220492999
.25421941280365
.25351617733637
.25035161773364
.24191280206045
.25386779507001
.26617439587911
.25421941280365
.25421941280365
.2763713101546
.22679324448109
.20569620033105
.25914206107457
.21659634013971
.21483825643857
.28551335136096
.24753867586454
.20428973436356
.21835442880789
.2830520371596
.24050632615884
.21378340323766
.27004220088323
.22609000901381
.22890295584997
.29078761736552
.25914206107457
.22890295584997
.25
.22855133811633
.23839661975702
.27215189735095
.17651195327441
.26371309161186
.31118143598239
.22995780408382
.23452883462111
.27531644701958
.21589310963949
.25175808866819
.19831223785877
.21343178550402
.20182841519515
.23277074098587
.2099156131347
.23909986019135
.20499296983083
.22187060614427
.20780590673288
.2443741162618
.26476792494456
.21237693230311
.23417721688747
.2236286898454
.22960618635019
.21765119830767
.20499296983083
.22995780408382
.2429676502943
.23452883462111
.20499296486378
.25984528660774
.21800281107426
.20815752446651
.26090013980865
.23699015378952
.22116737067699
.21413502593835
.2514064759016
.19690576195717
.25210971136888
.24367088576158
.22116737067699
.22995780408382
.28129395842552
.24120956659317
.22679324944814
.25351617733637
.22116737067699
.28481012582779
.22644162674745
.21237693230311
.28199718395869
.24085794885953
.22116737067699
.19409283002218
.27215189735095
.17229254543781
.25175808370113
.21061884860198
.18917018175125
.22046413520972
.2236286898454
.18459915121396
.23382559915384
.23874823749065
.21589310963949
.23628691832225
.26406468947728
.20815752446651
.28340366482735
.21835443377495
.23523206512133
.26265822847684
.22714486718178
.23804501195749
.2169479628404
.19268635412057
.19444444278876
.23136427998543
.26265823841095
.2264416317145
.2236286898454
.23523206512133
.22749647994836
.2169479628404
.20639943579833
.21765119334062
.22749648491542
.20886075993379
.23241912325223
.16033755242825
.21554149190585
.21976089974244
.16772151986758
.21765119334062
.22187060117722
.18002812564373
.24683544039726
.22292545934518
.20710267623266
.20780590176582
.18741209308306
.20815752446651
.22609000901381
.25
.22046413520972
.24120956162612
.22679324448109
.19409283002218
.23804500699043
.23277074595292
.19374120732148
.2099156131347
.19303797185421
.21765119334062
.24120956162612
.21061884363492
.22187060614427
.28691982229551
.24929676453272
.19866385559241
.23980309069157
.25984529654185
.23628691832225
.24999999503295
.2556258837382
.2405063311259
.24085794885953
.2373417665561
.23523206512133
.24085794885953
.29500703016917
.20112517972787
.27918424208959
.21061884363492
.22890295088291
.25457103053729
.24613220492999
.21061884860198
.21624472240607
.20780590176582
.21800281107426
.19760899742444
.24472573896249
.22327707211177
.2113220791022
.23030942181746
.22538677851359
.1905766526858
.26054852207502
.21378340323766
.19444444278876
.28797468543053
.22890295584997
.20499296486378
.2651195426782
.17369901140531
.2208157479763
.23417721688747
.21308016777039
.18565400938193
.27285512288411
.23452882965406
.21026723086834
.34528831640879
.27531645198663
.18354430298011
.22433192531268
.23945147295793
.20815751949946
.20499296983083
.21694795787334
.18706048031648
.23277074595292
.2405063311259
.19585091372331
.21905766427517
.25105485320091
.20780590673288
.22784810264905
.27777777115504
.23980309069157
.23417721688747
.26054852207502
.20218002299468
.29254571596781
.26476793487867
.24085794885953
.2556258837382
.2376933892568
.24683544536432
.26125175257524
.26265822847684
.20534458259741
.26019690434138
.27777778108915
.22679324944814
.16947960356871
.25632910927137
.20042193929354
.20077355702718
.22538677851359
.22609001398087
.18670885761579
.20253164569537
.21026723086834
.19655414919058
.21624472240607
.20428973436356
.21870604654153
.24683544536432
.20639943579833
.16983122130235
.2485935340325
.1933895945549
.19092827041944
.24156117935975
.28129394849141
.22679324944814
.20745428899924
.23277074595292
.18811533351739
.24613220492999
.18846694628398
.2362869232893
.21413501600424
.21061884363492
.23804501195749
.18917018175125
.19971870879332
.18987341721853
.21202531953653
.21167370180289
.2127285550038
.18459916114807
.25386779507001
.21765119334062
.2429676502943
.23241912821929
.24507735669613
.21026723583539
.20604781806469
.22784810264905
.26652602354685
.2763713101546
.23558368782202
.23171589275201
.25738397240639
.24156118432681
.22995780408382
.25
.23769338428974
.24507735669613
.2612517674764
.22819972038269
.22890295088291
.23241913318634
.26090014974276
.22468354304632
.26652602354685
.28691983222961
.21378340323766
.25140647093455
.23171589275201
.20323487619559
.26371308167775
.24718706309795
.21202531953653
.21061884860198
.25035162270069
.20956399540106
.23312235871951
.20042193432649
.20218002796173
.25070323050022
.19092827041944
.19831223785877
.23874824245771
.22468354304632
.2127285550038
.25386779507001
.20253164569537
.20042193929354
.23171589275201
.21554148693879
.22046413520972
.27285512288411
.22960619131724
.25
.20886075993379
.24261603256067
.20780590673288
.26687763134638
.24085794389248
.24929676949978
.2514064759016
.24789029856523
.16561181346575
.29254571596781
.28270041942596
.27215189735095
.26406469941139
.21870604654153
.22398030757904
.23241912325223
.21589310963949
.19549929598967
.26652602354685
.26476793487867
.22468354304632
.26898734768232
.22081575294336
.20604781806469
.27637130022049
.23241912821929
.19127988815308
.24472573896249
.24472574392955
.1905766526858
.18917018175125
.2334739814202
.18706047534943
.21800281107426
.21378340323766
.17334739863873
.19338958958785
.22222222387791
.23101265728474
.21554148693879
.24824191133181
.22890295088291
.21624472737312
.22960618635019
.21624472737312
.23593530058861
.2679324944814
.2802390952905
.19936708609263
.22819971541564
.22679324944814
.25140647093455
.2707454264164
.25527426103751
.26758087674777
.20147679746151
.20358649889628
.17791842917601
.23874824245771
.24894514679909
.23628691832225
.25105485320091
.23488045235475
.2264416317145
.22327707211177
.2236286898454
.26969057321548
.25879043340683
.24261603256067
.2429676502943
.2405063311259
.2679324845473
.20534458259741
.21589310963949
.25000000496705
.18670885761579
.22960618635019
.22011251747608
.18952179948489
.24894514679909
.2169479628404
.2141350209713
.26160337527593
.24894515176614
.22222222387791
.25246132413546
.21729957560698
.21202531456947
.21237693230311
.21554149190585
.20288326342901
.22819972038269
.21835442880789
.2264416317145
.20604781806469
.23488045235475
.21167369683584
.19444444278876
.19549929102262
.20639944076538
.19022503495216
.22538677851359
.20780590673288
.20850914220015
.27144866188367
.25035162270069
.18600562214851
.24648382763068
.20604782303174
.22855133314927
.25562588870525
.21378340323766
.20077356199423
.24156118432681
.21870604654153
.21940928200881
.2528129418691
.2169479628404
.18354430298011
.27215190728505
.27144865194956
.25035162270069
.25457103053729
.27004219094912
.22890295088291
.22714486718178
.25984528660774
.23312235871951
.20604781806469
.21132208406925
.2292545735836
.2306610395511
.20534458756447
.20604782303174
.20921237766743
.22257384161154
.21976089974244
.2623066107432
.22222221891085
.20253164569537
.23980309565862
.26054851214091
.22995780408382
.2306610395511
.25175809363524
.21061884363492
.20745428899924
.19409283002218
.23945147792498
.23980309069157
.24648382763068
.25421941280365
.19796061515808
.26898734768232
.24578058719635
.17369901637236
.24929676453273
.227848097682
.1947960605224
.15400843818982
.20253164569537
.19831223289172
.19620253145695
.19444444278876
.21308016777039
.23909986019135
.24472573896249
.16279887656371
.23171589275201
.21729958057404
.25035162270069
.25738397240639
.19866385062536
.22995780408382
.22538677851359
.22362869481246
.30274262527625
.23593530058861
.20850914716721
.20182841022809
.21870604654153
.23699015378952
.20850914220015
.23734177152316
.21659634013971
.19374120732148
.16068917016188
.25316455960274
.21061884860198
.22222222387791
.21659634510676
.17580871780713
.17791842420896
.19725737969081
.18284106751283
.21765119830767
.22292545437813
.21237693230311
.24085794885953
.21413501600424
.1905766526858
.20393811662992
.18706047534943
.20112517476082
.22960619131724
.2471870581309
.25316454966863
.2457805921634
.20534458259741
.2306610395511
.22714486718178
.21870605150859
.22116737067699
.24261603256067
.21308017273744
.21624472737312
.18073136607806
.28973277409871
.21870604654153
.23101265728474
.23523206512133
.24261603256067
.23030942181746
.21870605150859
.2264416317145
.18811532855034
.24015471339226
.22292545437813
.22433192531268
.24929676949978
.27285513281822
.20745428899924
.23101265728474
.24964838226636
.22116737067699
.24507736166318
.22257384161154
.22046413520972
.23909985522429
.29360055923462
.21167370180289
.29887482523918
.27320675055186
.26406469941139
.31997186938922
.31188466151555
.32032347718875
.27004220088323
.29113924503326
.30907172958056
.30661041537921
.23523207008839
.24964838226636
.30344584584236
.30836848417918
.27215189735095
.35513360301654
.28445850809415
.33368496100108
.33157524466515
.36568213502566
.401898731788
.43424754341443
.39732770125071
.43495077888171
.49085793892543
.41912798086802
.36357242862384
.43565400441488
.51476793487867
.4433895945549
.56258789698283
.58544303973516
.6624472339948
.49648382266363
.33473980426788
0
0
0
0
0
0
0
0
0
0
0
0
0
0
0
0
0
0
0
0
0
0
0
0
0
0
0
0
0
0
0
0
0
0
0
0
0
0
0
0
0
0
0
0
0
0
0
0
0
0
0
0
0
0
0
0
0
0
0
0
0
0
0
0
0
0
0
0
0
0
0
0
0
0
0
0
0
0
0
0
0
0
0
0
0
0
0
0
0
0
0
0
0
0
0
0
0
0
0
0
0
0
0
0
0
0
0
0
0
0
0
0
0
0
0
0
0
0
0
0
0
0
0
0
0
0
0
0
0
0
0
0
0
0
0
0
0
0
0
0
0
0
0
0
0
0
0
0
0
0
0
0
0
0
0
0
0
0
0
0
0
0
0
0
0
0
0
0
0
0
0
0
0
0
0
0
0
0
0
0
0
0
0
0
0
0
0
0
0
0
0
0
0
0
0
0
0
0
0
0
0
0
0
0
0
0
0
0
0
0
0
0
0
0
0
0
0
0
0
0
0
0
0
0
0
0
0
0
0
0
0
0
0
0
0
0
0
0
0
0
0
0
0
0
0
0
0
0
0
0
0
0
0
0
0
0
0
0
0
0
0
0
0
0
0
0
0
0
0
0
0
0
0
0
0
0
0
0
0
0
0
0
0
0
0
0
0
0
0
0
0
0
0
0
0
0
0
0
0
0
0
0
0
0
0
0
0
0
0
0
0
0
0
0
0
0
0
0
0
0
0
0
0
0
0
0
0
0
0
0
0
0
0
0
0
0
0
0
0
0
0
0
0
0
0
0
0
0
0
0
0
0
0
0
0
0
0
0
0
0
0
0
0
0
0
0
0
0
0
0
0
0
0
0
0
0
0
0
0
0
0
0
0
0
0
0
0
0
0
0
0
0
0
0
0
0
0
0
0
0
0
0
0
0
0
0
0
0
0
0
0
0
0
0
0
0
0
0
0
0
0
0
0
0
0
0
0
0
0
0
0
0
0
0
0
0
0
0
0
0
0
0
0
0
0
0
0
0
0
0
0
0
0
0
0
0
0
0
0
0
0
0
0
0
0
0
0
0
0
0
0
0
0
0
0
0
0
0
0
0
0
0
0
0
0
0
0
0
0
0
0
0
0
0
0
0
0
0
0
0
0
0
0
0
0
0
0
0
0
0
0
0
0
0
0
0
0
0
0
0
0
0
0
0
0
0
0
0
0
0
0
0
0
0
0
0
0
0
0
0
0
0
0
0
0
0
0
0
0
0
0
0
0
0
0
0
0
0
0
0
0
0
0
0
0
0
0
0
0
0
0
0
0
0
0
0
0
0
0
0
0
0
0
0
0
0
0
0
0
0
0
0
0
0
0
0
0
0
0
0
0
0
0
0
0
0
0
0
0
0
0
0
0
0
0
0
0
0
0
0
0
0
0
0
0
0
0
0
0
0
0
0
0
0
0
0
0
0
0
0
0
0
0
0
0
0
0
0
0
0
0
0
0
0
0
0
0
0
0
0
0
0
0
0
0
0
0
0
0
0
0
0
0
0
0
0
0
0
0
0
0
0
0
0
0
0
0
0
0
0
0
0
0
0
0
0
0
0
0
0
0
0
0
0
0
0
0
0
0
0
0
0
0
0
0
0
0
0
0
0
0
0
0
0
0
0
0
0
0
0
0
0
0
0
0
0
0
0
0
0
0
0
0
0
0
0
0
0
0
0
0
0
0
0
0
0
0
0
0
0
0
0
0
0
0
0
0
0
0
0
0
0
0
0
0
0
0
0
0
0
0
0
0
0
0
0
0
0
0
0
0
0
0
0
0
0
0
0
0
0
0
0
0
0
0
0
0
0
0
0
0
0
0
0
0
0
0
0
0
0
0
0
0
0
0
0
0
0
0
0
0
0
0
0
0
0
0
0
0
0
0
0
0
0
0
0
0
0
0
0
0
0
0
0
0
0
0
0
0
0
0
0
0
0
0
0
0
0
0
0
0
0
0
0
0
0
0
0
0
0
0
0
0
0
0
0
0
0
0
0
0
0
0
0
0
0
0
0
0
0
0
0
0
0
0
0
0
0
0
0
0
0
0
0
0
0
0
0
0
0
0
0
0
0
0
0
0
0
0
0
0
0
0
0
0
0
0
0
0
0
0
0
0
0
0
0
0
0
0
0
0
0
0
0
0
0
0
0
0
0
0
0
0
0
0
0
0
0
0
0
0
0
0
0
0
0
0
0
0
0
0
0
0
0
0
0
0
0
0
0
0
0
0
0
0
0
0
0
0
0
0
0
0
0
0
0
0
0
0
0
0
0
0
0
0
0
0
0
0
0
0
0
0
0
0
0
0
0
0
0
0
0
0
0
0
0
0
0
0
0
0
0
0
0
0
0
0
0
0
0
0
0
0
0
0
0
0
0
0
0
0
0
0
0
0
0
0
0
0
0
0
0
0
0
0
0
0
0
0
0
0
0
0
0
0
0
0
0
0
0
0
0
0
0
0
0
0
0
0
0
0
0
0
0
0
0
0
0
0
0
0
0
0
0
0
0
0
0
0
0
0
0
0
0
0
0
0
0
0
0
0
0
0
0
0
0
0
0
0
0
0
0
0
0
0
0
0
0
0
0
0
0
0
0
0
0
0
0
0
0
0
0
0
0
0
0
0
0
0
0
0
0
0
0
0
0
0
0
0
0
0
0
0
0
0
0
0
0
0
0
0
0
0
0
0
0
0
0
0
0
0
0
0
0
0
0
0
0
0
0
0
0
0
0
0
0
0
0
0
0
0
0
0
0
0
0
0
0
0
0
0
0
0
0
0
0
0
0
0
0
0
0
0
0
0
0
0
0
0
0
0
0
0
0
0
0
0
0
0
0
0
0
0
0
0
0
0
0
0
0
0
0
0
0
0
0
0
0
0
0
0
0
0
0
0
0
0
0
0
0
0
0
0
0
0
0
0
0
0
0
0
0
0
0
0
0
0
0
0
0
0
0
0
0
0
0
0
0
0
0
0
0
0
0
0
0
0
0
0
0
0
0
0
0
0
0
0
0
0
0
0
0
0
0
0
0
0
0
0
0
0
0
0
0
0
0
0
0
0
0
0
0
0
0
0
0
0
0
0
0
0
0
0
0
0
0
0
0
0
0
0
0
0
0
0
0
0
0
0
0
0
0
0
0
0
0
0
0
0
0
0
0
0
0
0
0
0
0
0
0
0
0
0
0
0
0
0
0
0
0
0
0
0
0
0
0
0
0
0
0
0
0
0
0
0
0
0
0
0
0
0
0
0
0
0
0
0
0
0
0
0
0
0
0
0
0
0
0
0
0
0
0
0
0
0
0
0
0
0
0
0
0
0
0
0
0
0
0
0
0
0
0
0
0
0
0
0
0
0
0
0
0
0
0
0
0
0
0
0
0
0
0
0
0
0
0
0
0
0
0
0
0
0
0
0
0
0
0
0
0
0
0
0
0
0
0
0
0
0
0
0
0
0
0
0
0
0
0
0
0
0
0
0
0
0
0
0
0
0
0
0
0
0
0
0
0
0
0
0
0
0
0
0
0
0
0
0
0
0
0
0
0
0
0
0
0
0
0
0
0
0
0
0
0
0
0
0
0
0
0
0
0
0
0
0
0
0
0
0
0
0
0
0
0
0
0
0
0
0
0
0
0
0
0
0
0
0
0
0
0
0
0
0
0
0
0
0
0
0
0
0
0
0
0
0
0
0
0
0
0
0
0
0
0
0
0
0
0
0
0
0
0
0
0
0
0
0
0
0
0
0
0
0
0
0
0
0
0
0
0
0
0
0
0
0
0
0
0
0
0
0
0
0
0
0
0
0
0
0
0
0
0
0
0
0
0
0
0
0
0
0
0
0
0
0
0
0
0
0
0
0
0
0
0
0
0
0
0
0
0
0
0
0
0
0
0
0
0
0
0
0
0
0
0
0
0
0
0
0
0
0
0
0
0
0
0
0
0
0
0
0
0
0
0
0
0
0
0
0
0
0
0
0
0
0
0
0
0
0
0
0
0
0
0
0
0
0
0
0
0
0
0
0
0
0
0
0
0
0
0
0
0
0
0
0
0
0
0
0
0
0
0
0
0
0
0
0
0
0
0
0
0
0
0
0
0
0
0
0
0
0
0
0
0
0
0
0
0
0
0
0
0
0
0
0
0
0
0
0
0
0
0
0
0
0
0
0
0
0
0
0
0
0
0
0
0
0
0
0
0
0
0
0
0
0
0
0
0
0
0
0
0
0
0
0
0
0
0
0
0
0
0
0
0
0
0
0
0
0
0
0
0
0
0
0
0
0
0
0
0
0
0
0
0
0
0
0
0
0
0
0
0
0
0
0
0
0
0
0
0
0
0
0
0
0
0
0
0
0
0
0
0
0
0
0
0
0
0
0
0
0
0
0
0
0
0
0
0
0
0
0
0
0
0
0
0
0
0
0
0
0
0
0
0
0
0
0
0
0
0
0
0
0
0
0
0
0
0
0
0
0
0
0
0
0
0
0
0
0
0
0
0
0
0
0
0
0
0
0
0
0
0
0
0
0
0
0
0
0
0
0
0
0
0
0
0
0
0
0
0
0
0
0
0
0
0
0
0
0
0
0
0
0
0
0
0
0
0
0
0
0
0
0
0
0
0
