.23523206512133
.2735583682855
.21518987913926
.21976089974244
.26265822847684
.27742616335551
.24437412122885
.26652602354685
.2405063311259
.22222222387791
.27777778108915
.2264416317145
.19374121228854
.2362869232893
.19163150588671
.18354430298011
.20428973436356
.22679324944814
.19374121228854
.22644162674745
.21870604654153
.25175808866819
.22855133811633
.23804501195749
.20850914220015
.23312235871951
.21343178550402
.22433192531268
.27988747755686
.21448664367199
.26054852207502
.29360055923462
.23171589771907
.23241913318634
.17545710504055
.22503516574701
.25175808866819
.25879044334094
.25738397240639
.27004220088323
.23312236368656
.29465541243553
.27215188741684
.25386779507001
.23382559418678
.26230662067731
.24156117935975
.2858649790287
.2141350209713
.26582277814547
.23347398638725
.25703235467275
.19444444775581
.23523207008839
.26687764128049
.20112517476082
.31012658278147
.24191280206045
.18213783204556
.26054853200912
.27601968248685
.22151898841063
.25773558517297
.23663853605588
.23663854102294
.29008439183235
.20288326342901
.21729957560698
.26019690434138
.24718706309795
.20218002796173
.27039380868276
.23663853605588
.25597749153773
.2169479628404
.22222222387791
.19268635412057
.256680727005
.2236286898454
.19620253145695
.2457805921634
.19971870879332
.22046413520972
.20218002796173
.27215189735095
.2004219442606
.22960618635019
.23241913318634
.22011251747608
.22573839624723
.23452882965406
.22257384161154
.25843881567319
.18213783204556
.21976089974244
.1905766526858
.24894515176614
.2264416317145
.21870604654153
.22222222387791
.21765119334062
.17053445676963
.24226441482703
.22573839128017
.21765119830767
.18846694628398
.23874824245771
.22362869481246
.23030942181746
.2334739814202
.25210970143477
.21835443377495
.23417721192042
.20604782303174
.21940927704175
.25597750147184
.22398030757904
.25210970640182
.2429676502943
.26758087674777
.29289733370145
.29254571596781
.21097046633561
.25773558020592
.23101265728474
.21624472240607
.28621659676234
.20956399540106
.23312236368656
.20218002796173
.2528129418691
.21378340323766
.20956399540106
.19303797185421
.23452882965406
.25808720787366
.23312236368656
.18319268524647
.25035162270069
.29887482523918
.23030942678452
.27988747755686
.22187060614427
.23628691335519
.26652602354685
.25140647093455
.22925456861655
.21589310467243
.24472573896249
.21905766427517
.21659634013971
.22398030757904
.2071026712656
.28234880169233
.24929676453273
.23593530058861
.21483826140563
.21905765930812
.196202536424
.16983122130235
.23241912821929
.24015471835931
.25070323546727
.20007032155991
.21589310963949
.16490857799848
.2071026712656
.24120956162612
.18952179948489
.24331926802794
.24156117935975
.22292545934518
.23593530555566
.21343179047108
.26687764128049
.26125175754229
.23663854102294
.19655414919058
.25597750147184
.23241912821929
.17229254047076
.25597750643889
.26476792494456
.21448663870494
.24015471339226
.19338958958785
.18565400938193
.28551335632801
.29289733370145
.22679325441519
.26300984621048
.21026723086834
.17616033554077
.19690577189128
.21835442880789
.2306610395511
.27953586975733
.27039379874865
.19760899742444
.1905766526858
.24542897442977
.23558368285497
.27918424208959
.2763713101546
.26195499300957
.24964838226636
.28199718395869
.23241912325223
.26441631714503
.28656821449598
.22855133811633
.26336146394412
.25421940286954
.24648382763068
.3161040743192
.24964838226636
.23382559418678
.2348804473877
.27531645695368
.22538677851359
.21061884860198
.25457102060318
.24718706309795
.23312236368656
.24753868083159
.23945147295793
.21976089974244
.26582278807958
.23312236368656
.22819972038269
.29008439183235
.24683544039726
.25632911920547
.25668073693911
.24156118432681
.20604781806469
.23980309565862
.25738396247228
.23241912821929
.24718706309795
.2362869232893
.23628691832225
.27004220088323
.24929676949978
.2197609047095
.26617439587911
.2528129418691
.24472573399544
.22468354304632
.21835443377495
.22257384161154
.27531645695368
.22327707707882
.24789029359818
.25175808866819
.24789029856523
.20639944076538
.2528129418691
.23312235871951
.23980309565862
.26652601361275
.25843881567319
.24894515176614
.26371308167775
.30520394444466
.22222222387791
.28059071302414
.22046413520972
.23874823749065
.25351617733637
.24683544039726
.23241912821929
.24929676453273
.2584388256073
.28797467549642
.28516174356143
.23663853605588
.29008438189824
.24050632615884
.26371308167775
.22292545934518
.20464134713014
.26582278807958
.20780590673288
.21976089974244
.20428973436356
.23980309069157
.22081575791041
.20393811662992
.21061884363492
.22538677851359
.25070324043433
.23874824245771
.1947960605224
.27812938888868
.25703235467275
.24507736166318
.27566807468732
.26300984621048
.22714486221472
.24683544039726
.24402250846227
.24437412619591
.26125175754229
.23699015378952
.22433192531268
.21659634510676
.22398030757904
.20569620033105
.23945147792498
.26863572001457
.23417721688747
.2594936688741
.21272855003675
.19444444775581
.25492264827092
.24015471339226
.24402250349522
.24191279709339
.21905766924222
.19057664771875
.22609001398087
.23136427501837
.2542194177707
.25070323546727
.25597750147184
.22503516077995
.22433192531268
.23699015875657
.25457103053729
.21097046136856
.20639943579833
.25035161773364
.2362869232893
.20077355206013
.23523207008839
.20534458756447
.23734177152316
.2099156131347
.18635724484921
.19409283002218
.17088607450326
.20745428899924
.19585091372331
.22187060117722
.15576652189096
.27601968248685
.23136427501837
.23277074595292
.2306610395511
.22011252244314
.18565400938193
.21835442880789
.21835442880789
.21589310467243
.24437412122885
.22187060614427
.1947960605224
.21378340323766
.18248944977919
.151898731788
.21870604654153
.20042193929354
.21378340323766
.21378339827061
.2306610395511
.22784810264905
.24226441482703
.24120956162612
.21589310963949
.18459916114807
.27180027961731
.26828410228093
.23277074595292
.25457103053729
.22749648491542
.23312236368656
.20815752446651
.18178621927897
.25351617236932
.19022502998511
.24156117935975
.26019690434138
.23312235871951
.24718706309795
.21097046633561
.27812938888868
.21800281604131
.24753867586454
.25597749153773
.2457805921634
.25210971136888
.2362869232893
.22398030757904
.26336147387822
.25562587380409
.24718706309795
.2306610395511
.25914205114047
.23101265728474
.25808719793955
.29360055923462
.28129394849141
.24964838226636
.26898734768232
.2514064759016
.24015471339226
.26898733774821
.18811533351739
.24156117935975
.26652601361275
.24964838226636
.21167370180289
.25421941280365
.27496482928594
.21940928697586
.27988748749097
.2348804473877
.27812938888868
.26758087674777
.28199718395869
.21378340323766
.25773559014002
.26933895548185
.1947960605224
.27812939882278
.22151898841063
.22960619131724
.23382559915384
.27426159381866
.23241912821929
.24437412619591
.26125175754229
.18284107247988
.23734177152316
.24929676453273
.19268635412057
.22081575294336
.24191279709339
.19831223785877
.25914206107457
.29360055923462
.20218002299468
.25070323546728
.28481012582779
.22890295088291
.24507735669613
.25316455960274
.21554149190585
.21378340323766
.23488045235475
.20182841022809
.24683544039726
.21870604654153
.24718706309795
.21448663870494
.22714486718178
.20675105353196
.2292545735836
.24120956162612
.21765119830767
.20464135209719
.24789029359818
.25246132413546
.22468354801337
.25316455960274
.23452882965406
.22609001398087
.23452882965406
.22292545934518
.24824191629887
.20850914220015
.27215188741684
.24929676949978
.25070323546727
.24226441482703
.21202531456947
.27004219094912
.22433192531268
.20499296983083
.26722925901413
.22046413520972
.22292545437813
.25527426600456
.22433193027973
.19233474135399
.25
.30203938484192
.21237693727016
.25562587380409
.24964838226636
.21905766427517
.2485935340325
.24718706309795
.22116736570994
.22819972038269
.28094233075778
.23241912821929
.2735583682855
.23874824245771
.2594936688741
.27496483922005
.28938115636508
.27777777115504
.30731364091237
.23628691832225
.2679324944814
.28340365489324
.23417721688747
.22116737067699
.29641351103783
.23030942181746
.22187060614427
.26195499300957
.26300984621048
.2348804473877
.22327707211177
.30555556217829
.19022503495216
.26090014974276
.2679324944814
.22468354304632
.17053445676963
.21940927704175
.23101265728474
.26652602354685
.25386779010296
.25175808866819
.23206751048565
.25492264827092
.24331926802794
.25597750147184
.20112517476082
.24472573896249
.38045006990433
.25175808866819
.25
.24331926802794
.29219409823418
.22151898344358
.20745428899924
.31223627924919
.21940928200881
.20253164569537
.24402250349522
.25000000496705
.16279887159665
.20182841022809
.22784810264905
.21589310963949
.22257383664449
.22609001398087
.23839662472407
.20288326342901
.18987341721853
.20253164569537
.28445850809415
.25105485816797
.14240506291389
.2334739814202
.24226441482703
.23699015875657
.25703235467275
.25316455960274
.25492264330387
.20745428899924
.2528129418691
.27883263429006
.27988747755686
.24789029856523
.27004219094912
.243319272995
.28973277409871
.24156118432681
.25421941280365
.25316455463568
.2457805921634
.24120956659317
.27777777115504
.20534458259741
.26406469941139
.25035161773364
.2376933892568
.23030941685041
.23945147792498
.26547117034594
.24402250349522
.25070323546727
.22398031254609
.27109704415003
.25773559014002
.20604781806469
.19233473638693
.2763713101546
.2376933892568
.22292545437813
.26722925901413
.24648382763068
.28375527262688
.25386779507001
.24472573399544
.22398030757904
.26828411221504
.26019690434138
.23909986019135
.29571026563644
.28691983222961
.25140647093455
.30379747351011
.25703235467275
.24261603752772
.30942333738009
.2169479628404
.26969057321548
.29676511883736
.2802390952905
.24261603256067
.27531645695368
.2457805921634
.30625879764557
.23101265728474
.30485231677691
.26828411221504
.27426160375277
.28621659676234
.24683544039726
.26160337527593
.27039381861687
.23593530555566
.31715893745422
.22679324448109
.27285513281822
.29078762729963
.36146273215612
.21448663870494
.34704640507698
.36533052722613
.25949367880821
.28129394849141
.27144866188367
.27496483922005
.27672291795413
.28832630316416
.2886779208978
.3066104054451
.34317861994108
.30239099264145
.30063291390737
.28938115636508
.303797463576
.25879044334094
.29887483517329
.31751055518786
.2594936688741
.38009845217069
.36216596762339
.29887481530507
.33473980426788
.34212377667427
.29324894150098
.310478190581
.34106891353925
.25738396743933
.303797463576
.29078762729963
.27144866188367
.32770744959513
.3273558417956
.27883262435595
.37482419610023
.28973277409871
.3329817255338
.36146273215612
.37376934289932
.33052039146423
.40014064311981
.38642756144206
.38080168763796
.38255977630615
.37130802869797
.44233474135399
.36005626122157
.46518987417221
.33895920713743
.43073136607806
.30977496504784
.33227849006653
.26476793487867
.32313643892606
.3895921309789
.37517580389976
.3755274216334
.32419128219287
.42194093267123
.44022503495216
.39838256438573
.33895921707153
.3783403635025
.40646976232529
.37306610743205
.41385372479757
.32489450772603
.36462728182475
.36954992016157
.38150492310524
.37939521670341
.45218002796173
.41385373473167
.40400843818982
.45218002796173
.39486638704936
.40014065305392
.47011252244314
.40260197718938
.41736990213394
.43037974834442
.40998593966166
.44233474135399
.4641350209713
.40682138999303
.40400843818982
.4848804473877
.37939522663752
.37306610743205
.57665258646011
.46940928697586
.4170182844003
.50808717807134
.53586498896281
.36286919315656
.45569620529811
.47819972038269
.37517581383387
.46905766924222
.42756680647532
.44725737969081
.46800281604131
.44022502501806
.46870605150859
.48030942678452
.46765119830767
.40928269426028
.51019690434138
.45147679249446
.32841069499652
.41912799080213
.44831223289172
.44268635908763
.5235583782196
.55309424797694
.40400843818982
.51863572994868
.43213783701261
.4405766526858
.57243321339289
.48558369278908
.53551338116328
.52180029948552
.41947960853577
.51828410228093
.55133614937464
.52812937895457
.38783404231071
.51969057321548
.44796061515808
.50035160779953
.47609001398087
.61286920309067
.54113922516505
.42053445180257
.49824192126592
.54360055923462
.47362869977951
.55977495511373
.60056259234746
.55942336718241
.54360057910283
.55836848417918
.57172997792562
.63220814863841
.66033754746119
.55872009197871
.66912798086802
.58227847019831
.59212376674016
.58966245253881
.72398030757904
.61005626122157
.66279886166255
.6339662472407
.63185654083888
.71835442384084
.63748242457708
.73347397645315
.73839662472407
.74929676453273
.72011250257492
.86462728182475
.74402252833048
.95956401030223
.96167369683584
1.0773558219274
.92791843414307
1.0720816055934
.95815751949946
.95464132229487
1.2274964650472
1.2215189933777
1.1167370080948
1.3481012582779
1.2464838425318
1.3878340323766
1.5639944076538
1.4099859793981
1.6174401839574
1.8667370080948
1.9581574996312
2.0562587976456
2.2412095069885
2.1371307373047
2.3769338130951
2.3604078292847
2.5063291390737
2.4602672259013
2.8041490713755
2.8255976835887
2.8653305371602
2.9739802678426
3.0439522266388
3.1768635114034
3.2056962649028
3.5372714996338
3.672644217809
3.5611813863118
3.8255976835887
4.0059773921967
3.883614619573
4.1775667667389
4.2957102457682
4.3653303782145
4.6417018572489
4.7306610743205
4.7862167358398
4.9426863988241
5.0031646092733
5.2471871376038
5.4300281206767
5.415611743927
5.5379746754964
5.5921236673991
5.8308720588684
5.8727145195007
6.2292545636495
6.1979605356852
6.2078059514364
6.5214486122131
6.4676510492961
6.8013361295064
6.8364979426066
6.9191281000773
6.9317863782247
7.0808720588684
7.278129418691
7.3125878969828
7.5952882766724
7.6561182339986
7.5668074289958
7.7883264223735
7.9936707814535
7.7816454569499
8.095991452535
8.1751057306925
8.0864981015523
8.4251054128011
8.4824193318685
8.6090014775594
8.5172290802002
8.568213780721
8.8639240264893
9.1163854598999
8.9469057718913
9.0562585194906
9.2633612950643
9.2239802678426
9.1536569595337
9.3881855010986
9.5210968653361
9.6434599558512
9.5833336512248
9.8252461751302
9.7137832641602
9.7025314966838
10.06575234731
9.906821568807
10.265823046366
10.26441637675
10.169830958049
10.390647252401
10.354078610738
10.383262952169
10.549226442973
10.72327709198
10.74015490214
10.757032076518
10.963783582052
10.520745277405
10.906469980876
10.907173156738
10.790084203084
10.751055081685
10.979605992635
11.016526222229
10.748593330383
10.869198481242
10.959212303162
10.866385777791
10.9296763738
10.642053286235
10.624121030172
10.675457000732
10.661040623983
10.633966128031
10.402601877848
10.551336288452
10.237341880798
10.139240582784
10.34739780426
10.176511764526
10.057313601176
9.9022506078084
9.7559776306152
9.7714487711589
9.6951478322347
9.3347396850586
9.3934599558512
9.114275932312
9.0826301574707
8.9458506902059
8.6061887741089
8.7985232671102
8.3938115437826
8.1951475143433
8.0931785901388
8.0305906931559
7.8312236467997
7.4180731773376
7.4845288594564
7.0383264223735
6.998593489329
6.6979605356852
6.5425457954407
6.5748945871989
6.2000702222188
6.2398031552633
6.0210970242818
5.8997890154521
5.7862165768941
5.4929676055908
5.542897383372
5.1199016571045
5.1663152376811
5.0172292391459
4.9757383664449
4.7109705607096
4.444092909495
4.4353024164836
4.4391700426737
4.0042195320129
4.2021800676982
4.0710267225901
4.0569620927175
3.9996484915415
3.5815753142039
3.7014767328898
3.597749710083
3.4950772921244
3.4715189933777
3.3407173156738
3.2436708609263
3.0977496306101
3.1206047534943
3.0000000794729
3.0130098660787
2.8554852803548
2.8386075496674
2.73663854599
2.7795358498891
2.6944444179535
2.5471167564392
2.5327004591624
2.5984528859456
2.5425457954407
2.4658931096395
2.5116034348806
2.3266526063283
2.3041490713755
2.2749648094177
2.1909283002218
2.1912798881531
2.0650492509206
2.1002109845479
2.0432489315669
1.8023910125097
1.8227848211924
1.8227848211924
1.717299580574
1.5520393848419
1.5502812862396
1.6367791493734
1.5485232273738
1.2672292788823
1.373066107432
1.2215189933777
1.304852326711
1.2960619131724
1.1969058116277
1.0734880169233
1.0358649690946
1.0457102656364
.82032350699107
.97327705224355
.90963431199392
.77109704415003
.87587902943293
.67756680647532
.68037974834442
.70850914716721
.6536568403244
.6473276813825
.64486638704936
.54184248050054
.49085793892543
.54781997203827
.48312235871951
.56786215305328
.57278480132421
.48663853605588
.39978902538617
.39803094665209
.44479605555534
.36884668469429
.38361462950706
.30133614937464
.32841068506241
.49015470345815
.37763712803523
.4075246155262
.36005626122157
.36286920309067
.37236287196477
.35021096467972
.38009845217069
.32594937086105
.35864979028702
.37130800882975
.34774965047836
.37236287196477
.27355835835139
.34142053127289
.39556962251663
.28516174356143
.29641350110372
.34282700220744
.35478199521701
.30907173951467
.33473980426788
.28270041942596
.25773559014002
.29078762729963
.30766526858012
.31751054525375
.23734177152316
.29324895143509
.3132911324501
.23452883462111
.27390999595324
.25351617733637
.27390998601913
.29641350110372
.29500703016917
.22362869481246
.27180027961731
.29289733370145
.24542897442977
.31575246651967
.29395217696826
.23312236368656
.32383965452512
.32383967439334
.29219409823418
.3094233473142
.25140647093455
.25738397240639
.26758086681366
.28902953863144
.25
.30801687637965
.31997187932332
.20639943579833
.29043599963188
.24753867586454
.294303804636
.25773559014002
.28234880169233
.31997186938922
.31504922111829
.32911393046379
.25808720787366
.3329817155997
.28691983222961
.27777778108915
.29360056916873
.27707454562187
.27953585982323
.27004219094912
.29992967844009
.2858649790287
.30239099264145
.24437412122885
.29078761736552
.29254571596781
.26406468947728
.22925456861655
.26300984621048
.3217299580574
.23699015378952
.28305204709371
.27637130022049
.25703235467275
.2830520371596
.26054852207502
.22679324944814
.21448663870494
.2264416317145
.26371307174365
.23804500699043
.21061884860198
.2886779208978
.19725738465786
.24613220989704
.25035162270069
.27496482928594
.2556258837382
.19901547332605
.21343178550402
.28656821449598
.23769339422385
.28234880169233
.27390997608503
.30485231677691
.26969057321548
.22749648491542
.24156118432681
.19268635908763
.26828410228093
.26617440581322
.20639943579833
.25597749650478
.29535865783691
.20534458756447
.27531645695368
.28375527262688
.23909986019135
.26582278807958
.25914206107457
.25421941280365
.31715892752012
.26195499300957
.22116737564405
.28059071302414
.24824191629887
.19655414919058
.2858649790287
.2858649790287
.22398030757904
.24578058719635
.22714486221472
.24261603752772
.25281294683615
.22222222387791
.25070323546727
.28797468543053
.2623066107432
.26652602354685
.25773559014002
.28129394849141
.21448663870494
.27215188741684
.2746132115523
.25492265323798
.28727144996325
.26758087674777
.26265823841095
.21870604654153
.28691983222961
.23382559915384
.25000000496705
.25175808866819
.25808720787366
.22644163668156
.24753868083159
.25773559014002
.2306610395511
.27250351508458
.21026723086834
.21659634510676
.26898734768232
.24542896946271
.23488045235475
.2886779208978
.25351617733637
.26125175754229
.25070323546728
.27250351508458
.20147679249446
.29465541243553
.2594936688741
.25597750147184
.27848101655642
.23839662472407
.23663854102294
.2746132115523
.26090014974276
.22327707707882
.26898733774821
.20534458259741
.21940928200881
.21870604654153
.24331926802794
.22151898841063
.28059071302414
.27039380868276
.24648382266363
.28094234069188
.28551336129506
.22960618635019
.29395218690236
.28691983222961
.24015471339226
.24859352906545
.28199718395869
.25351617733637
.2485935340325
.25035161773364
.24824191629887
.28410689036051
.28164556622505
.30414909124374
.28832630316416
.26652601361275
.24894515176614
.26125175754229
.23523207008839
.22749647994836
.27777777115504
.2594936688741
.22222221891085
.20604781806469
.28445850809415
.24929676453273
.24578058719635
.27004219094912
.22151898841063
.17580871780713
.22081575791041
.25386780003707
.24402250349522
.26687763134638
.22679324448109
.21343178550402
.23734177649021
.24613220492999
.22187060117722
.26019691427549
.29957806070646
.22327707211177
.26371308167775
.27566807468732
.23171589275201
.31434599558512
.27180027961731
.25210971136888
.26828411221504
.25984529654185
.22960619131724
.24964838723342
.27250351508458
.23874823749065
.22573839128017
.23523207008839
.25597750147184
.24437412122885
.24085794885953
.20464134713014
.24613220492999
.22538677354654
.26687764128049
.19866385559241
.22784810264905
.22011251747608
.27426159381866
.27109704415003
.18706048031648
.27848100662231
.26371308167775
.24331926802794
.27672291795413
.27777778108915
.2032348861297
.21483825643857
.29465542236964
.24929676453273
.25316455960274
.25597749153773
.23136427501837
.20288326342901
.2528129418691
.22433192531268
.22081575294336
.27285513281822
.2791842520237
.22609000901381
.28727144996325
.22679324944814
.19936709105968
.22011251747608
.26863572994868
.17018284400304
.23452883462111
.20323488116264
.21272855003675
.21765119830767
.22468354801337
.22503516077995
.21765119334062
.21659634510676
.22398031254609
.20288325846195
.27601968248685
.22468354304632
.23980309069157
.24613220492999
.17651195327441
.26019690434138
.27285514275233
.19479606548945
.22116737067699
.22995780408382
.18600562214851
.25140647093455
.25492263833682
.22784810264905
.25281294683615
.27109704415003
.26758086681366
.23382559418678
.23101266225179
.22433192531268
.22819972038269
.24015471339226
.24507735669613
.22116737067699
.22116737067699
.23909985522429
.23417721192042
.22292545934518
.17686357100805
.22433193027973
.22714486718178
.20464135209719
.19127988815308
.20323488116264
.19585090875626
.20464135209719
.23874824245771
.23417721192042
.22187060614427
.25140647093455
.27777777115504
.23699015378952
.21659634510676
.22468354801337
.22468353807926
.26687763134638
.26547117034594
.21729957560698
.24015471339226
.22609001894792
.18248945474625
.26054852207502
.22327707707882
.27144866188367
.2236286898454
.22679324944814
.16561181843281
.22573839128017
.20569620529811
.22784810264905
.23980309565862
.23241912821929
.20393811662992
.21905766924222
.19338958958785
.19866385062536
.22679324944814
.22890295088291
.24542897442977
.28551337122917
.22257384161154
.20147679249446
.27004219094912
.25421941280365
.23980309565862
.23909986019135
.27707453568776
.23804500699043
.27039380868276
.20956399540106
.20253165066242
.25246132910252
.24402250349522
.24789029856523
.25035162270069
.29254570603371
.20780591169993
.29430379470189
.25527426600456
.21940928200881
.25070323546728
.18143460154533
.25
.21976089477539
.22925456861655
.23734177152316
.22609001398087
.22714487214883
.19655414919058
.21976089974244
.24542896946271
.20534458756447
.18846694628398
.23241912821929
.23734177152316
.15506328642368
.26758087674777
.21061884860198
.22046413520972
.26195499300957
.2264416317145
.18565400938193
.25879043340683
.20007031659285
.18670885761579
.25773559014002
.26969057321548
.27531644701958
.25773559014002
.2471870581309
.25843881567319
.27144865194956
.2679324845473
.26933895548185
.29078762729963
.23030942181746
.21202531456947
.25562587877115
.21589310963949
.20886075993379
.28375528256098
.25386779507001
.19866385559241
.2334739814202
.28832629323006
.2405063311259
.22046413520972
.27566806475321
.22714486221472
.22468354801337
.29395217696826
.25351617733637
.21026723086834
.26371308167775
.23699015378952
.23699015378952
.2623066107432
.18178621431192
.27883262435595
.30801687637965
.22222222387791
.22644162674745
.27320675055186
.21800281604131
.2556258837382
.19163150588671
.21378340323766
.20253164569537
.23734177152316
.19409282505512
.22714486718178
.20464134713014
.2169479628404
.20534458259741
.25632911920547
.27285513281822
.22819972038269
.2264416317145
.21976089974244
.22151898841063
.20850914716721
.20604781806469
.22187060614427
.24683544039726
.22784810264905
.20393811662992
.24753867586454
.22398031254609
.20780590176582
.26371308167775
.24015471339226
.2141350209713
.21554148693879
.2457805921634
.20780590673288
.26090014974276
.24226441979408
.22046413520972
.23171589771907
.28164557615916
.23417721192042
.22398030757904
.26476792494456
.23030942181746
.29360056916873
.23171589275201
.20850914220015
.27531644701958
.23417721688747
.21518987417221
.20253164569537
.27180027961731
.16736989716689
.24929676453272
.19971870879332
.1905766526858
.22714486718178
.23804500699043
.18073136607806
.24261603256067
.25492264330387
.22081575294336
.23663853605588
.26054852207502
.20499296983083
.28094233075778
.21448663870494
.23593530058861
.2623066107432
.22784810264905
.24367088576158
.21940928200881
.20147679249446
.19655414919058
.23312236368656
.26547117034594
.23839662472407
.21765119334062
.22257383664449
.22468354304632
.20815752446651
.21518986920516
.21026723086834
.22644162674745
.20850914716721
.2292545735836
.16736990213394
.23452882965406
.20499296983083
.17194092770418
.23171589275201
.22011251250903
.18706048031648
.24331926802794
.22433192531268
.21097046633561
.21905766427517
.19127988815308
.19866385559241
.22573839624723
.23945147792498
.21589310467243
.2457805921634
.22222222387791
.20745428899924
.23980309565862
.2306610395511
.17616033554077
.21272855003675
.19866385559241
.22011251747608
.24894514679909
.21097046633561
.22187060614427
.28727144996325
.24648382763068
.20710267623266
.23417721192042
.2584388256073
.24824191629887
.24226441482703
.24718706309795
.24683544536432
.25527426103751
.23874824245771
.24824191629887
.23558367788792
.30309422810872
.20499296486378
.28164556622505
.20604781806469
.22573839624723
.26406469941139
.24191280206045
.20745428403219
.21237693727016
.20604782303174
.21272855003675
.20323488116264
.25
.20780590673288
.21765119334062
.22573839624723
.22398031254609
.18319268524647
.25597750147184
.20358649392923
.18776371578375
.28375527262688
.22222222387791
.20253164569537
.2679324944814
.16526019573212
.24367088576158
.24156118432681
.21659634510676
.19549929598967
.26758087674777
.25210970640182
.21237693230311
.25421941280365
.2334739814202
.2141350209713
.23523207008839
.24859352906545
.21905766427517
.20499296983083
.20604781806469
.19409282505512
.23558368782202
.24542897442977
.1976090023915
.22081575294336
.25351616740227
.20007032155991
.23452883462111
.28375527262688
.25386779507001
.22327707211177
.26054853200912
.21202531456947
.29219409823418
.27144866188367
.24472573399544
.25879044334094
.24296764532725
.2405063311259
.26160337527593
.26336146394412
.21448663870494
.25457103053729
.25105484823386
.23417721688747
.17018283903599
.24753868083159
.21378340323766
.19022503495216
.23804500699043
.23206751048565
.18706048031648
.22327707707882
.21905766427517
.20218002796173
.21800281107426
.21448663870494
.21800281107426
.25738397240639
.21378340323766
.18459915618102
.24507735669613
.1976090023915
.18846694628398
.24683544536432
.27918424208959
.22503516077995
.22819971541564
.23488045235475
.18319268524647
.25457103053729
.19022502998511
.23417721688747
.21765119334062
.20710266629855
.23206751048565
.19303797185421
.21061884363492
.17580871780713
.22679324944814
.21061884860198
.22151898841063
.1768635759751
.24507735669613
.22468354304632
.23980309069157
.22538677851359
.23417721192042
.19901547332605
.21378339827061
.21518987417221
.26722924908002
.27566806475321
.23663853605588
.24015471339226
.24367089072863
.2362869232893
.23558368782202
.24964838226636
.23241912821929
.24894515176614
.26090013980865
.22187060614427
.23839662969112
.2401547084252
.25351618230343
.22362869481246
.2651195426782
.28445850809415
.20112517476082
.24683545033137
.2306610395511
.22116737067699
.25035161773364
.26054852207502
.20956399043401
.2141350209713
.2405063311259
.19620253145695
.22257384161154
.18706047534943
.19936708609263
.25632911920547
.19374121228854
.20534458756447
.2320675154527
.21343178550402
.21026723086834
.25105485816797
.20007032652696
.20604781806469
.23663854102294
.22081575294336
.21554149190585
.27496483922005
.22257384161154
.24894515176614
.20886075993379
.2485935340325
.20007032652696
.27250351508458
.24648382763068
.25457103053729
.26265822847684
.23241912821929
.16772151986758
.27918424208959
.28762306769689
.27672291795413
.26476793487867
.2197609047095
.22257383664449
.22890295584997
.20921237270037
.20288326342901
.26969057321548
.25773559014002
.22187060614427
.27250351508458
.23663854102294
.21308016777039
.28410689036051
.24402250349522
.18811532855034
.24085794389248
.23769338428974
.18600562711557
.1891701867183
.22046413520972
.18811533351739
.21237693230311
.21659634510676
.17264416317145
.18846694628398
.21870605150859
.22890295584997
.21061884860198
.23699015378952
.23874824245771
.2141350209713
.23030942678452
.22046413024267
.2306610395511
.28129394849141
.27777777115504
.20499296486378
.22609001398087
.24824191133181
.25386779507001
.27531645695368
.25210970640182
.26265822847684
.20323488116264
.20534458756447
.18776371578375
.22855133811633
.24613220989704
.22890295584997
.2640647093455
.24085794389248
.22468354304632
.23136427501837
.22292545934518
.26195499300957
.26969058314959
.24472573399544
.23241912821929
.22784810264905
.27250351508458
.19725738465786
.21237692733606
.24964838723342
.18248944977919
.21483825643857
.20323488116264
.18319269021352
.24120956162612
.2141350209713
.20780590673288
.26195500294367
.25210970640182
.21518987417221
.23101265728474
.20464135209719
.20921238263448
.21624472240607
.20499296983083
.19268635412057
.22011252244314
.21237693727016
.2236286898454
.18952179948489
.23945147792498
.20710267623266
.20147679249446
.19549929598967
.20745428899924
.18037974337737
.23382559915384
.21940928200881
.21448663373788
.27777778108915
.2528129418691
.19549929598967
.31575246651967
.20499296983083
.22784810264905
.25351617733637
.21624472737312
.20499296983083
.24261603256067
.21940928200881
.20886075993379
.25597750147184
.21237693727016
.18530238668124
.26406469941139
.26019690930843
.25140647093455
.25
.26195499300957
.2264416317145
.21518987417221
.26863572001457
.22819971541564
.2004219442606
.21308016777039
.23593530058861
.23558368782202
.21624472240607
.20886075496674
.20112517476082
.23066103458405
.20921237766743
.25351617733637
.23945147792498
.20815751949946
.23945147792498
.26828410228093
.23382559915384
.23452883462111
.25492264827092
.21905766427517
.19585091372331
.20675105353196
.24648382266363
.25105485320091
.23699015378952
.25843881567319
.20886075993379
.26687764128049
.22819972038269
.17123769720395
.2679324944814
.22609001398087
.20464135209719
.16596343119939
.20323488116264
.20850914220015
.20112517476082
.18846694628398
.21905766924222
.20921237766743
.23593530058861
.167369907101
.23523207008839
.21554149190585
.24683544536432
.24613220989704
.20569620033105
.23628691832225
.22749648491542
.22011251250903
.2528129418691
.24120956659317
.18670885761579
.20182840526104
.2141350209713
.24261603752772
.20815752446651
.23593530058861
.20288326342901
.19690576195717
.16490858296553
.25035162270069
.20780590673288
.23206751048565
.21132208406925
.17967650791009
.16877636810144
.18917018175125
.18565400938193
.21800281107426
.21448663870494
.21202531456947
.23734177152316
.20780590673288
.18108297884464
.20921237766743
.18952179948489
.20886075993379
.23523207008839
.2376933892568
.26090013980865
.23066104451815
.17369901140531
.22046413520972
.23241912821929
.23136427501837
.22609001398087
.25316456456979
.21694795787334
.20639943579833
.18776371578375
.28270041942596
.22151898841063
.23839662472407
.2306610395511
.24894515176614
.23277074595292
.22327707211177
.22433192531268
.18987341721853
.23101266225179
.2292545735836
.22679324944814
.25210970640182
.25914206107457
.20569620033105
.21448663870494
.2376933892568
.21518987417221
.24191279709339
.22187060614427
.21729958057404
.24050632615884
.29078762729963
.2099156131347
.28691983222961
.26230662067731
.2735583682855
.31188466151555
.31751055518786
.34001407027245
.27250352501869
.27812938888868
.29676510890325
.30239100257556
.22151898344358
.25879043340683
.31012658278147
.30098453164101
.27672292788823
.35794655481974
.29149085283279
.34915611147881
.33790436387062
.37517581383387
.39627285798391
.40295359492302
.41490858793259
.42229255040487
.47784810264905
.4103375573953
.37306609749794
.43846695621808
.58368496100108
.45991560816765
.54817159970601
.59106892347336
.66033756732941
.49331926306089
.32700422406197
0
0
0
0
0
0
0
0
0
0
0
0
0
0
0
0
0
0
0
0
0
0
0
0
0
0
0
0
0
0
0
0
0
0
0
0
0
0
0
0
0
0
0
0
0
0
0
0
0
0
0
0
0
0
0
0
0
0
0
0
0
0
0
0
0
0
0
0
0
0
0
0
0
0
0
0
0
0
0
0
0
0
0
0
0
0
0
0
0
0
0
0
0
0
0
0
0
0
0
0
0
0
0
0
0
0
0
0
0
0
0
0
0
0
0
0
0
0
0
0
0
0
0
0
0
0
0
0
0
0
0
0
0
0
0
0
0
0
0
0
0
0
0
0
0
0
0
0
0
0
0
0
0
0
0
0
0
0
0
0
0
0
0
0
0
0
0
0
0
0
0
0
0
0
0
0
0
0
0
0
0
0
0
0
0
0
0
0
0
0
0
0
0
0
0
0
0
0
0
0
0
0
0
0
0
0
0
0
0
0
0
0
0
0
0
0
0
0
0
0
0
0
0
0
0
0
0
0
0
0
0
0
0
0
0
0
0
0
0
0
0
0
0
0
0
0
0
0
0
0
0
0
0
0
0
0
0
0
0
0
0
0
0
0
0
0
0
0
0
0
0
0
0
0
0
0
0
0
0
0
0
0
0
0
0
0
0
0
0
0
0
0
0
0
0
0
0
0
0
0
0
0
0
0
0
0
0
0
0
0
0
0
0
0
0
0
0
0
0
0
0
0
0
0
0
0
0
0
0
0
0
0
0
0
0
0
0
0
0
0
0
0
0
0
0
0
0
0
0
0
0
0
0
0
0
0
0
0
0
0
0
0
0
0
0
0
0
0
0
0
0
0
0
0
0
0
0
0
0
0
0
0
0
0
0
0
0
0
0
0
0
0
0
0
0
0
0
0
0
0
0
0
0
0
0
0
0
0
0
0
0
0
0
0
0
0
0
0
0
0
0
0
0
0
0
0
0
0
0
0
0
0
0
0
0
0
0
0
0
0
0
0
0
0
0
0
0
0
0
0
0
0
0
0
0
0
0
0
0
0
0
0
0
0
0
0
0
0
0
0
0
0
0
0
0
0
0
0
0
0
0
0
0
0
0
0
0
0
0
0
0
0
0
0
0
0
0
0
0
0
0
0
0
0
0
0
0
0
0
0
0
0
0
0
0
0
0
0
0
0
0
0
0
0
0
0
0
0
0
0
0
0
0
0
0
0
0
0
0
0
0
0
0
0
0
0
0
0
0
0
0
0
0
0
0
0
0
0
0
0
0
0
0
0
0
0
0
0
0
0
0
0
0
0
0
0
0
0
0
0
0
0
0
0
0
0
0
0
0
0
0
0
0
0
0
0
0
0
0
0
0
0
0
0
0
0
0
0
0
0
0
0
0
0
0
0
0
0
0
0
0
0
0
0
0
0
0
0
0
0
0
0
0
0
0
0
0
0
0
0
0
0
0
0
0
0
0
0
0
0
0
0
0
0
0
0
0
0
0
0
0
0
0
0
0
0
0
0
0
0
0
0
0
0
0
0
0
0
0
0
0
0
0
0
0
0
0
0
0
0
0
0
0
0
0
0
0
0
0
0
0
0
0
0
0
0
0
0
0
0
0
0
0
0
0
0
0
0
0
0
0
0
0
0
0
0
0
0
0
0
0
0
0
0
0
0
0
0
0
0
0
0
0
0
0
0
0
0
0
0
0
0
0
0
0
0
0
0
0
0
0
0
0
0
0
0
0
0
0
0
0
0
0
0
0
0
0
0
0
0
0
0
0
0
0
0
0
0
0
0
0
0
0
0
0
0
0
0
0
0
0
0
0
0
0
0
0
0
0
0
0
0
0
0
0
0
0
0
0
0
0
0
0
0
0
0
0
0
0
0
0
0
0
0
0
0
0
0
0
0
0
0
0
0
0
0
0
0
0
0
0
0
0
0
0
0
0
0
0
0
0
0
0
0
0
0
0
0
0
0
0
0
0
0
0
0
0
0
0
0
0
0
0
0
0
0
0
0
0
0
0
0
0
0
0
0
0
0
0
0
0
0
0
0
0
0
0
0
0
0
0
0
0
0
0
0
0
0
0
0
0
0
0
0
0
0
0
0
0
0
0
0
0
0
0
0
0
0
0
0
0
0
0
0
0
0
0
0
0
0
0
0
0
0
0
0
0
0
0
0
0
0
0
0
0
0
0
0
0
0
0
0
0
0
0
0
0
0
0
0
0
0
0
0
0
0
0
0
0
0
0
0
0
0
0
0
0
0
0
0
0
0
0
0
0
0
0
0
0
0
0
0
0
0
0
0
0
0
0
0
0
0
0
0
0
0
0
0
0
0
0
0
0
0
0
0
0
0
0
0
0
0
0
0
0
0
0
0
0
0
0
0
0
0
0
0
0
0
0
0
0
0
0
0
0
0
0
0
0
0
0
0
0
0
0
0
0
0
0
0
0
0
0
0
0
0
0
0
0
0
0
0
0
0
0
0
0
0
0
0
0
0
0
0
0
0
0
0
0
0
0
0
0
0
0
0
0
0
0
0
0
0
0
0
0
0
0
0
0
0
0
0
0
0
0
0
0
0
0
0
0
0
0
0
0
0
0
0
0
0
0
0
0
0
0
0
0
0
0
0
0
0
0
0
0
0
0
0
0
0
0
0
0
0
0
0
0
0
0
0
0
0
0
0
0
0
0
0
0
0
0
0
0
0
0
0
0
0
0
0
0
0
0
0
0
0
0
0
0
0
0
0
0
0
0
0
0
0
0
0
0
0
0
0
0
0
0
0
0
0
0
0
0
0
0
0
0
0
0
0
0
0
0
0
0
0
0
0
0
0
0
0
0
0
0
0
0
0
0
0
0
0
0
0
0
0
0
0
0
0
0
0
0
0
0
0
0
0
0
0
0
0
0
0
0
0
0
0
0
0
0
0
0
0
0
0
0
0
0
0
0
0
0
0
0
0
0
0
0
0
0
0
0
0
0
0
0
0
0
0
0
0
0
0
0
0
0
0
0
0
0
0
0
0
0
0
0
0
0
0
0
0
0
0
0
0
0
0
0
0
0
0
0
0
0
0
0
0
0
0
0
0
0
0
0
0
0
0
0
0
0
0
0
0
0
0
0
0
0
0
0
0
0
0
0
0
0
0
0
0
0
0
0
0
0
0
0
0
0
0
0
0
0
0
0
0
0
0
0
0
0
0
0
0
0
0
0
0
0
0
0
0
0
0
0
0
0
0
0
0
0
0
0
0
0
0
0
0
0
0
0
0
0
0
0
0
0
0
0
0
0
0
0
0
0
0
0
0
0
0
0
0
0
0
0
0
0
0
0
0
0
0
0
0
0
0
0
0
0
0
0
0
0
0
0
0
0
0
0
0
0
0
0
0
0
0
0
0
0
0
0
0
0
0
0
0
0
0
0
0
0
0
0
0
0
0
0
0
0
0
0
0
0
0
0
0
0
0
0
0
0
0
0
0
0
0
0
0
0
0
0
0
0
0
0
0
0
0
0
0
0
0
0
0
0
0
0
0
0
0
0
0
0
0
0
0
0
0
0
0
0
0
0
0
0
0
0
0
0
0
0
0
0
0
0
0
0
0
0
0
0
0
0
0
0
0
0
0
0
0
0
0
0
0
0
0
0
0
0
0
0
0
0
0
0
0
0
0
0
0
0
0
0
0
0
0
0
0
0
0
0
0
0
0
0
0
0
0
0
0
0
0
0
0
0
0
0
0
0
0
0
0
0
0
0
0
0
0
0
0
0
0
0
0
0
0
0
0
0
0
0
0
0
0
0
0
0
0
0
0
0
0
0
0
0
0
0
0
0
0
0
0
0
0
0
0
0
0
0
0
0
0
0
0
0
0
0
0
0
0
0
0
0
0
0
0
0
0
0
0
0
0
0
0
0
0
0
0
0
0
0
0
0
0
0
0
0
0
0
0
0
0
0
0
0
0
0
0
0
0
0
0
0
0
0
0
0
0
0
0
0
0
0
0
0
0
0
0
0
0
0
0
0
0
0
0
0
0
0
0
0
0
0
0
0
0
0
0
0
0
0
0
0
0
0
0
0
0
0
0
0
0
0
0
0
0
0
0
0
0
0
0
0
0
0
0
0
0
0
0
0
0
0
0
0
0
0
0
0
0
0
0
0
0
0
0
0
0
0
0
0
0
0
0
0
0
0
0
0
0
0
0
0
0
0
0
0
0
0
0
0
0
0
0
0
0
0
0
0
0
0
0
0
0
0
0
0
0
0
0
0
0
0
0
0
0
0
0
0
0
0
0
0
0
0
0
0
0
0
0
0
0
0
0
0
0
0
0
0
0
0
0
0
0
0
0
0
0
0
0
0
0
0
0
0
0
0
0
0
0
0
0
0
0
0
0
0
0
0
0
0
0
0
0
0
0
0
0
0
0
0
0
0
0
0
0
0
0
0
0
0
0
0
0
0
0
0
0
0
0
0
0
0
0
0
0
0
0
0
0
0
0
0
0
0
0
0
0
0
0
0
0
0
0
0
0
0
0
0
0
0
0
0
0
0
0
0
0
0
0
0
0
0
0
0
0
0
0
0
0
0
0
0
0
0
0
0
0
0
0
0
0
0
0
0
0
0
0
0
0
0
0
0
0
0
0
