.24226441482703
.27144865194956
.23628691832225
.22011251250903
.26652602354685
.27918424208959
.23945147295793
.26969057321548
.22995780408382
.21800281604131
.28059071302414
.22187060117722
.19514767328898
.25035161773364
.20253164569537
.18811533351739
.19866385062536
.23699015378952
.19514767825603
.23101265728474
.20358649889628
.25421941280365
.23277074595292
.24542897442977
.21870604654153
.22819972038269
.2141350209713
.22046413520972
.27285512288411
.21343178550402
.25808719793955
.28832630316416
.22538677851359
.22819971541564
.16947960356871
.22222222884496
.2594936688741
.2651195526123
.27496483922005
.27109704415003
.23347397645315
.30168776710828
.25773559014002
.26019691427549
.23206751048565
.26125175754229
.25668073693911
.27285513281822
.21765119334062
.27426160375277
.23452882965406
.26195499300957
.19760899742444
.23909986019135
.2679324944814
.19655414422353
.31118142604828
.23874824245771
.18987341721853
.27285512288411
.26406469941139
.22679324944814
.26336147387822
.24085794389248
.23558368285497
.28902953863144
.19971870879332
.21940928200881
.25703235467275
.24402249852816
.20288326342901
.27215189735095
.23277074595292
.27144866188367
.22679324448109
.22890295584997
.20604781806469
.25984529654185
.22433192531268
.20464134713014
.25492264827092
.20639943579833
.2236286898454
.19971870879332
.26617440581322
.20534458756447
.21940928200881
.25210970640182
.22362869481246
.22468354304632
.23769339422385
.22327707211177
.25386779507001
.18073136607806
.22292545437813
.19831223289172
.24613220989704
.22573839624723
.21061884860198
.22679324944814
.22187060614427
.17721518874168
.23874824245771
.23558368782202
.22679324448109
.1905766526858
.24015471339226
.23734177152316
.24191279709339
.22995780408382
.25351618230343
.23417721688747
.23980309069157
.20921237766743
.21343178550402
.25632911920547
.23030942181746
.27531645695368
.24331926802794
.27180027961731
.30274261037509
.29571026563644
.21800281107426
.25386779507001
.23804500699043
.21554149190585
.28938114643097
.22714486718178
.22995780408382
.21308016777039
.25984528660774
.21448663870494
.22046413520972
.19374120732148
.23558368285497
.25914206107457
.22749648988247
.18881856401761
.25210970640182
.29184247056643
.23382559418678
.29008439183235
.21694795787334
.24015471339226
.27812938888868
.2651195526123
.23452883462111
.22151898841063
.2538677851359
.22257384161154
.22046413520972
.24085794389248
.21448664367199
.2802390952905
.24507735172908
.24261603256067
.21026722590129
.22538677851359
.19127988815308
.17018283903599
.23874824245771
.24331926306089
.25808719793955
.21272855003675
.21835442880789
.1617440233628
.21624472737312
.25175809363524
.1947960605224
.23241913318634
.2556258837382
.23277074595292
.25457103053729
.23734177152316
.27848101655642
.27848100662231
.24613220492999
.20288326342901
.27250351508458
.23452883462111
.18565400938193
.26265822847684
.26195500294367
.2113220791022
.25070323546727
.18881856401761
.18565400441488
.21061884363492
.28445851802826
.2306610395511
.2707454264164
.20991560816765
.18248944977919
.20499296983083
.23241912821929
.2334739814202
.28481012582779
.2802390952905
.21765119830767
.20077356199423
.25808720787366
.24894514679909
.27109704415003
.27215189735095
.27672291795413
.26617440581322
.28516174356143
.23804500699043
.28375527262688
.28375527262688
.25210970640182
.2640647093455
.24472573896249
.25070323546728
.32032348712285
.2594936688741
.23312236865362
.23734177152316
.27390998601913
.23523206512133
.21237693230311
.26406469941139
.24472573896249
.23839661975702
.25070323546727
.24402250349522
.20428973436356
.26863572994868
.24331926802794
.23628691832225
.29113923509916
.26441631714503
.26054852207502
.26090013980865
.25246132413546
.21905766924222
.24613220989704
.25351617733637
.24613220989704
.2514064759016
.24789029856523
.23909986019135
.27144867181778
.26019690434138
.2306610395511
.26828411221504
.2584388256073
.24437412122885
.23206751048565
.22714486718178
.20921237270037
.28727144996325
.21694795787334
.26336145401001
.2651195526123
.27355835835139
.19936709105968
.23980309565862
.23382559915384
.25527426600456
.27390998601913
.27496483922005
.24789029856523
.28481012582779
.3161040743192
.22714486718178
.2858649790287
.2334739814202
.25421941280365
.26441630721092
.2556258837382
.23874823749065
.26160337527593
.27461322148641
.30485231677691
.29641350110372
.25949367880821
.28445850809415
.2471870581309
.2763713101546
.23628691832225
.21765119334062
.26582277814547
.21905766427517
.22925456861655
.22011251747608
.25140647093455
.22257383664449
.21659634510676
.22187060117722
.23312236368656
.2802390952905
.24331926802794
.20639943579833
.29219409823418
.2584388256073
.25492263833682
.28199718395869
.28340365489324
.23769339422385
.25632911920547
.26054852207502
.26160337527593
.26582278807958
.23171589275201
.23909986019135
.21905766427517
.23523207008839
.2085091372331
.25175808866819
.27883262435595
.24613220989704
.25984529654185
.23663854102294
.20428973436356
.25492264827092
.24894514679909
.25738397240639
.25105485816797
.22151898841063
.20077355702718
.24789029856523
.23874824245771
.2612517674764
.25738397240639
.27672291795413
.24894515176614
.23839662472407
.26090013980865
.27707453568776
.21659634510676
.22995780408382
.27566806475321
.25492264827092
.21800281604131
.24437412122885
.22890295584997
.23523206512133
.2113220791022
.19796062012513
.20675105849902
.19233473638693
.22362869481246
.21589310467243
.21870604654153
.15541490912437
.28410689036051
.24507735669613
.23839662472407
.24648382763068
.2264416317145
.19655414919058
.25140647093455
.23593530058861
.23452883462111
.26054852207502
.22714486718178
.21202531456947
.2236286898454
.20077356199423
.1617440233628
.2556258837382
.21308016280333
.2169479628404
.2429676502943
.24683544536432
.24367089072863
.25949367880821
.27004220088323
.23136427998543
.19409282505512
.29606188337008
.2791842520237
.26125175754229
.27390999595324
.25492264330387
.256680727005
.21097046136856
.19233474135399
.27004219094912
.20464135209719
.25984528164069
.28270041942596
.25070323050022
.2623066107432
.22257384161154
.30520393451055
.23101265728474
.25316455463568
.2679324845473
.2651195426782
.26687763631344
.26476792991161
.23488045235475
.27777778108915
.29465541243553
.26195498804251
.24437412619591
.2626582334439
.24542897442977
.26300984621048
.29922643303871
.29219408830007
.26652602354685
.30203938484192
.27848100662231
.25949367880821
.31469760338465
.22749647994836
.25632910927137
.29500704010328
.26054853200912
.23558368285497
.28481012582779
.29289732376734
.22222222387791
.30309422810872
.2640647093455
.29676511883736
.2886779208978
.29113923509916
.23136427501837
.27531644701958
.29852319757144
.21132208406925
.28586498896281
.23488045235475
.25386779507001
.23839662472407
.29465541243553
.24894515176614
.26090014974276
.29289733370145
.20780590673288
.27566807468732
.28094233075778
.20428973436356
.24929676453272
.26125175754229
.22995780905088
.2886779208978
.33052040139834
.22995780408382
.28199718395869
.29887483517329
.24683544039726
.26441630721092
.27672291795413
.23980309565862
.24613220492999
.26828410228093
.227848097682
.26582278807958
.2514064759016
.26195500294367
.2362869232893
.24929676453273
.22819971541564
.25
.2679324944814
.25070323546728
.22398030757904
.28199718395869
.29043600956599
.24929676453272
.28902953863144
.25316454966863
.24120956659317
.2791842520237
.25457103550434
.27953585982323
.23980309565862
.31891702612241
.28516174356143
.28094234069188
.27109705408414
.24331926802794
.31821378072103
.24437412122885
.23945147792498
.29852320750554
.24718706309795
.25492263833682
.28059071302414
.27390997608503
.20604781806469
.28656821449598
.31962025165558
.25175808866819
.29887482523918
.2679324845473
.23382559418678
.27285512288411
.29078762729963
.24226441979408
.25808719793955
.31012658278147
.25527426600456
.310478190581
.2594936688741
.29606188337008
.31258789698283
.33895920713743
.3189170161883
.34353023767471
.28234880169233
.31364276011785
.31997186938922
.2774261534214
.2718002696832
.32770745952924
.26722925901413
.26687763134638
.3122362891833
.32524612545967
.27531644701958
.2514064759016
.32665260632833
.22116737564405
.30168776710828
.29395217696826
.24648382266363
.20639943579833
.27320675055186
.27777777115504
.31118142604828
.28727144002914
.29184247056643
.25597750147184
.294303804636
.28375527262688
.29254571596781
.24156118432681
.2802390952905
.3217299580574
.30203938484192
.27601968248685
.28621659676234
.32876231273015
.27531645695368
.23101265728474
.34774964054426
.26054853200912
.24542897939682
.27496482928594
.30239100257556
.20147679249446
.23066104451815
.27215189735095
.25738397240639
.26722925901413
.27672291795413
.28164556622505
.25351617733637
.25
.23663853108883
.33790435393651
.28234880169233
.16947960356871
.27848101655642
.27390998601913
.2802390952905
.31012658278147
.29289733370145
.29113924503326
.25351617733637
.29254571596781
.32524613539378
.32805907726288
.28902953863144
.32700421412786
.27601968248685
.3660337527593
.30696202317874
.3094233473142
.30836850404739
.30485231677691
.28481012582779
.32700422406197
.27707454562187
.36673699816068
.33122363686562
.29571025570234
.28340365489324
.28797468543053
.31082980831464
.32137834032377
.32348804672559
.31469760338465
.32032348712285
.30625878771146
.26265822847684
.27250350515048
.33052039146423
.31469760338465
.29746836423874
.32911392052968
.32067510485649
.37517581383387
.31153305371602
.35126581788063
.30239099264145
.33403656880061
.36005626122157
.3386075993379
.39205344518026
.39662446578344
.32841069499652
.38994373877843
.3396624426047
.33755274613698
.40365683039029
.29887482523918
.39803093671799
.43811532855034
.36216596762339
.34563994407654
.39310829838117
.34282701214155
.40963431199392
.34177215894063
.39556961258252
.40963432192802
.3962728480498
.39451475938161
.38713079690933
.35478199521701
.38748241464297
.38994374871254
.44444444775581
.37165962656339
.401898731788
.44655415415764
.51160337527593
.36111110448837
.53445849816004
.47749648491542
.38677917917569
.39943740765254
.42088606953621
.44444444775581
.42088607947032
.4047116736571
.45850914716721
.50914205114047
.49472574392955
.47116737564405
.45850914716721
.49542897939682
.45921237270037
.4321378270785
.47784811258316
.50527426600456
.42721519867579
.53762306769689
.54395219683647
.47257382671038
.54957807064056
.51441631714503
.48066104451815
.47679324944814
.53445851802826
.45850914716721
.50879043340683
.51687763134638
.43811533848445
.50386779507001
.53445850809415
.50773558020592
.65752460559209
.59071729580561
.53340365489324
.65049227078756
.63537271817525
.67158931493759
.71518987417221
.62130800882975
.73030942678452
.61568212509155
.66842474540075
.88888889551163
.74824192126592
.77250351508458
.62376932303111
.77812937895457
.64029534657796
.68319267034531
.63220814863841
.6810829838117
.76090013980865
.79078761736552
.78656822443008
.81575246651967
.88150493303935
.8357946674029
.83157525459925
.68952178955078
.81329115231832
.78023908535639
.78516173362732
.88713079690933
.84388184547424
.82489450772603
.8357946674029
.83790437380473
.77144869168599
.92686357100805
.85407874981562
.85337551434835
.9831223487854
.95604783296585
.86216596762339
1.0812236467997
.96237695217133
.83087199926376
1.0791139205297
.95218002796173
1.0597749551137
1.0316455761592
1.0119549830755
.92440225680669
1.0689169963201
.97116736570994
.93143459161123
1.1592826843262
1.0787622928619
1.1040787696838
1.1181434790293
1.2791842619578
.99578058719635
1.0520393848419
1.0112517476082
.94233473141988
1.0545006990433
1.0344585180283
1.1420534451803
1.1128692229589
1.0706750949224
1.0854430198669
1.2334740161896
1.1241209506989
1.0534458557765
1.2584388256073
1.1698312362035
.99578056732814
1.0028129617373
.99824190139771
1.028129418691
1.1529535849889
1.1568213701248
.95921238263448
1.1195499499639
1.1118143796921
1.087552746137
1.2703938086828
1.1529535849889
1.1831926504771
1.1986638307571
1.1086498101552
1.1473277012507
1.1599859396617
1.1969057718913
.90330521265666
1.1765119632085
1.1286919514338
1.127637108167
1.0787622928619
1.0478199720383
1.2531645298004
.98734176158905
1.0372714598974
1.0179325342178
.99683545033137
1.2661743958791
1.1613924105962
1.086146235466
1.1838959058126
1.0411392450333
1.1821378469467
1.2475386460622
1.2791842222214
1.1265823046366
1.3491561015447
1.2661743958791
1.074191292127
1.2774261633555
1.331575234731
1.1726441780726
1.1691280206045
1.1554148991903
1.1687763532003
1.2928973038991
1.2489451567332
1.2046413421631
1.2208157380422
1.3090717395147
.97116738557816
1.480661034584
1.2253867785136
1.2665259838104
1.3755274216334
1.4940224885941
1.3333333333333
1.5073839823405
1.2482419411341
1.2668776512146
1.4360055923462
1.3006329139074
1.1751054525375
1.2995780706406
1.2819972038269
1.2215189933777
1.2855133612951
1.2616033554077
1.310829838117
1.581575234731
1.508087237676
1.2851617336273
1.4901547034582
1.3516174554825
1.6276371479034
1.5386779308319
1.4658931096395
1.3811533053716
1.4363572200139
1.5309423208237
1.3111814260483
1.2999296983083
1.4880450169245
1.2074542840322
1.3702531655629
1.5847398042679
1.5316455364227
1.3649789094925
1.6845991611481
1.4504219293594
1.3684950669607
1.5622362693151
1.6448663870494
1.5664556821187
1.5868494908015
1.3287622928619
1.4827707608541
1.4054149389267
1.5654008388519
1.4637834231059
1.5699718395869
1.5506329139074
1.4957805871964
1.4950773715973
1.5450070699056
1.3614627122879
1.6100562810898
1.6916315158208
1.3481012980143
1.7830520470937
1.4817159175873
1.6318565607071
1.5383263031642
1.5182840824127
1.304852326711
1.5305906931559
1.4905063311259
1.4778480927149
1.6255274216334
1.6135724385579
1.4898031155268
1.6912798881531
1.7387482325236
1.3776371479034
1.6508438984553
1.7063994407654
1.5376230875651
1.7886779308319
1.6315049330393
1.5861462752024
1.5432489315669
1.5052742958069
1.5896624326706
1.6448663870494
1.5130098263423
1.4648382266363
1.6016174554825
1.5203938484192
1.5084388256073
1.5147679249446
1.48663854599
1.6040787696838
1.4335443178813
1.6065401236216
1.4490154981613
1.4071729977926
1.6670182943344
1.458509127299
1.5365682045619
1.5337552626928
1.3537271817525
1.4289732774099
1.5654008388519
1.4957805871964
1.5386779308319
1.5738396644592
1.5246132612228
1.5246132214864
1.6360759735107
1.4440928300222
1.3646272818247
1.6722925504049
1.4261603752772
1.447257399559
1.6687763929367
1.5604782104492
1.3748242060343
1.5042193730672
1.4680027961731
1.3786919911702
1.4486638307571
1.48663854599
1.3312236070633
1.4033052126567
1.5583685239156
1.5267229477564
1.5854430596034
1.4620253245036
1.366385380427
1.3168073097865
1.4887482325236
1.5555555423101
1.4803094466527
1.4588607549667
1.574894507726
1.6286919514338
1.6547116438548
1.4043600559235
1.633614619573
1.4936709006627
1.5534458557765
1.5720816055934
1.4356540441513
1.4905063311259
1.6040787696838
1.5706750949224
1.4750351508458
1.4194796085358
1.478551308314
1.2028832435608
1.6293952465057
1.2626581986745
1.4444444576899
1.2584387858709
1.4293248653412
1.4623769124349
1.304852326711
1.4423347314199
1.4855837027232
1.2784810066223
1.588255961736
1.3375527858734
1.3498593568802
1.3340365886688
1.3797468344371
1.3931082884471
1.3456399440765
1.2324191331863
1.3424753745397
1.3537271817525
1.396976073583
1.2137833833694
1.2545710404714
1.296061873436
1.3034458557765
1.3607594966888
1.1522503693899
1.1283403635025
1.3765822649002
1.2450773715973
1.1037271817525
1.1954993009567
1.1508438587189
1.0966947476069
1.2981715599696
1.03445849816
1.0826300779978
1.0446554422379
1.088255961736
1.0397327740987
1.1364276011785
1.1199014981588
1.0042194128036
1.0664557218552
1.0042194128036
.92756680647532
.98945148785909
1.0344585180283
.88783405224482
1.0140647093455
.91490856806437
.94409283002218
1.0316455562909
.84282698233922
.8839662472407
.97819970051448
.83931082487106
.88677916924159
.77848100662231
.98136425018311
.69725737969081
.79676510890325
.95007032155991
.8632208108902
.71905767917633
.85478200515111
.84106892347336
.83720111846924
.92862166961034
.86286918322245
.69971871376038
.89170181751251
.82559774319331
.81856538852056
.90611813465754
.80203938484192
.7471870581309
.77566806475321
.86990155776342
.73699013392131
.81118142604828
.72573838631312
.73663852612178
.77180025974909
.69831222295761
.65295360485713
.78762306769689
.73312236865362
.75773557027181
.78270043929418
.74296764532725
.64240505297979
.65225034952164
.66772150993347
.61005624135335
.65295358498891
.57383966445923
.55520391464233
.77601969242096
.61779183149338
.63853726784388
.6160337527593
.58122364679972
.65506329139074
.62341771523158
.60864979028702
.59739804267883
.62552744150162
.65119550625483
.61708861589432
.58509143193563
.53586496909459
.5745428999265
.66807313760122
.52953584988912
.49261601765951
.59950774908066
.60724331935247
.51125175754229
.51722925901413
.48945147792498
.45745428403219
.52285513281822
.47433192531268
.53234880169233
.39978902538617
.50597750147184
.55625879764557
.38924050331116
.48558368285497
.45323487122854
.48312235871951
.49648383259773
.45358649889628
.42123769720395
.50035160779953
.44760899742444
.37236287196477
.54149085283279
.50527425607045
.38713080684344
.51722925901413
.51406467954318
.44655414422353
.51054852207502
.43565400441488
.38537270824114
.42229255040487
.43530238668124
.41666666666667
.47609002391497
.46554149190585
.35232068101565
.44760899742444
.37939522663752
.45077355702718
.39170182744662
.44514768322309
.47116736570994
.45077356696129
.49929677446683
.38888888557752
.46870605150859
.40682138005892
.41842475533485
.43952179948489
.43530239661535
.40717299779256
.37095640103022
.43002813061078
.38924051324526
.44092827041944
.34950773914655
.44971871376038
.43178621927897
.37798875570297
.32524613539378
.40154712398847
.45218002796173
.37587903936704
.38853726784388
.38255977630615
.37623066703478
.40436005592346
.35021097461383
.31715892752012
.28938115636508
.33931083480517
.34142053127289
.33157525459925
.27390998601913
.41877637306849
.26547116537889
.33227848013242
.35548523068428
.36954993009567
.35724331935247
.25105485816797
.2914908627669
.38818566004435
.37130801876386
.3772855202357
.37095640103022
.41596343119939
.34177215894063
.28375527262688
.32946553826332
.23206751048565
.35654008388519
.34880449374517
.25949367880821
.32841069499652
.35900140802066
.30203937490781
.34739803274473
.35478199521701
.30309422810872
.34880450367928
.31540083885193
.31715892752012
.40154711405436
.30977496504784
.26441630721092
.3424753844738
.29500703016917
.24753867586454
.33157524466515
.34810125827789
.26300985614459
.29289732376734
.2858649790287
.31012657284737
.30203938484192
.2679324944814
.29887482523918
.33122363686562
.31786216298739
.31082981824875
.32524613539378
.32700422406197
.25984528660774
.32489451766014
.31962025165558
.31434598565102
.34493670860926
.30133613944054
.28938115636508
.24015471339226
.33790436387062
.27707453568776
.26617439587911
.28797468543053
.28129394849141
.23628691832225
.29184247056643
.28902953863144
.25984528660774
.29992967844009
.21518987417221
.23312236368656
.27601968248685
.25773559014002
.26652601361275
.30731365084648
.27883262435595
.27426159381866
.27601968248685
.28691983222961
.22011251250903
.30414908130964
.27988747755686
.27812939882278
.29852320750554
.25
.2584388256073
.28797468543053
.26687764128049
.2320675055186
.28094234069188
.22819971541564
.2306610395511
.24472573896249
.27320675055186
.243319272995
.29535865783691
.29360056916873
.25668073693911
.29887482523918
.28340365489324
.23909986019135
.30731364091237
.31223627924919
.25210970143477
.26441631714503
.28902953863144
.25808719793955
.26969056328138
.24824191629887
.25246132413546
.294303804636
.29922644297282
.30098454157511
.29817159970601
.27707454562187
.25210971136888
.27180027961731
.23312236368656
.23839662969112
.27531644701958
.26476793487867
.24824191133181
.21518987417221
.28445850809415
.24613220492999
.2514064759016
.27883263429006
.22151898344358
.17299577593803
.24156117935975
.26476794481277
.26687764128049
.26758086681366
.23558368782202
.21272855003675
.23699014882247
.2457805921634
.21448664367199
.24929675956567
.31258790691694
.21589310963949
.26371308167775
.28023910522461
.22433192531268
.30766525864601
.27215189735095
.26652601361275
.27250351508458
.26758087674777
.24402250349522
.2623066008091
.26898733774821
.23347398638725
.25
.22890295088291
.25773558020592
.25703234473864
.24472574392955
.21378340820471
.26617440581322
.23101265728474
.26265822847684
.2042897293965
.23734177152316
.22890295584997
.2679324944814
.27883263429006
.19268635412057
.27531644701958
.26441630721092
.23980309069157
.27777777115504
.29500704010328
.21343178550402
.22468354304632
.30098453164101
.24507735669613
.25175808866819
.25668073693911
.2320675055186
.20112517476082
.26160337527593
.2264416317145
.23030942678452
.27004219094912
.29500703016917
.23101266225179
.30485231677691
.22679324944814
.20323488116264
.21237693230311
.27601968248685
.17299578090509
.23241912325223
.20886075993379
.21554149190585
.21518987417221
.22749647994836
.22222221891085
.2141350209713
.21343178053697
.22327707707882
.22116737067699
.28340365489324
.25105485320091
.24507735172908
.2594936688741
.18248944977919
.26441632707914
.28481012582779
.19690576692422
.21800281107426
.22855133314927
.19585091372331
.25105485320091
.25246132910252
.22468354304632
.25492264827092
.28375527262688
.26336146394412
.23101266225179
.24226441482703
.22433192531268
.23452883462111
.24542897442977
.24542896946271
.22538677851359
.22257384161154
.24226441979408
.23593530058861
.22749648491542
.18284106751283
.23699015378952
.22714486718178
.20499296983083
.1905766526858
.19514768322309
.18987341721853
.19690576692422
.25210970143477
.21589310467243
.24226441979408
.25492263833682
.2858649790287
.22046413520972
.22890295088291
.22714486718178
.22644162674745
.25738396247228
.26582278807958
.22398031254609
.2461322148641
.22327707211177
.18284106751283
.24929676453272
.23312236368656
.26828411221504
.21659634510676
.22222222387791
.17791842420896
.23523207008839
.20358649889628
.22609001398087
.2457805921634
.23663853605588
.19971870382627
.22292545437813
.20288326342901
.20675105353196
.22503516574701
.23101265728474
.243319272995
.27039380868276
.23101265728474
.20288326342901
.25351617733637
.26125175754229
.24402250846227
.2429676502943
.27988747755686
.23804500699043
.26090013980865
.20745428899924
.20147679746151
.25914205114047
.25351617236932
.25
.2376933892568
.24331926802794
.20182841519515
.26125175754229
.2457805921634
.2264416317145
.25703235467275
.1838959256808
.26406469941139
.21835442880789
.23804500699043
.23136427501837
.22819971541564
.22538677851359
.19163150588671
.21237693230311
.23277074595292
.21026722590129
.19163150588671
.23206751048565
.24437412122885
.15295358498891
.26617439587911
.21940928697586
.22116737067699
.27039380868276
.22784810264905
.1905766526858
.26758087674777
.18635724484921
.18073136111101
.25386779010296
.23945147295793
.26371308167775
.2679324944814
.24753867586454
.25386779010296
.27461322148641
.27355835835139
.27320675055186
.28867791096369
.22960619131724
.21765119334062
.26160337527593
.22222222387791
.21905766427517
.27883262435595
.26019690434138
.20956399540106
.22819972038269
.29395217696826
.24613220989704
.21870605150859
.27988747755686
.22890295088291
.22538677851359
.28832630316416
.25914206107457
.23382559915384
.27637130022049
.23417721192042
.24191280206045
.27496482928594
.174050634106
.27285513281822
.31504922111829
.22960619131724
.23488045235475
.2802390952905
.21097046633561
.2679324944814
.20042193929354
.21624472737312
.20393811662992
.23699015378952
.2071026712656
.23136427501837
.21483825643857
.21976089477539
.20534458756447
.2485935340325
.28551336129506
.20956399540106
.2443741162618
.2362869232893
.2348804473877
.21800281107426
.22046413024267
.23699014882247
.25843881567319
.2348804473877
.20604782303174
.25210970640182
.21624472240607
.22046413520972
.25773558517297
.25351617733637
.2236286898454
.21729957560698
.2707454363505
.21026722590129
.26547117034594
.2401547084252
.22151898841063
.23593530058861
.28551336129506
.24120956162612
.22855133314927
.27566806475321
.22714486221472
.294303804636
.24261603256067
.21835442880789
.28270041942596
.23558368782202
.22011251747608
.20042193929354
.27496483922005
.17088607450326
.2528129418691
.20534458259741
.19022503495216
.22433192531268
.22538677851359
.18002812564373
.23558368285497
.25879043340683
.21940928200881
.23663854102294
.26933896541595
.2113220791022
.27531645695368
.21589310963949
.23909986019135
.28129394849141
.22855133811633
.2405063311259
.22046413520972
.20042193929354
.20569620033105
.24015471339226
.2735583682855
.23909986019135
.23839661975702
.23839662472407
.23663854102294
.21940928200881
.21765119830767
.20886075993379
.23909986019135
.20077355702718
.23101266225179
.151898731788
.22819972038269
.21132208406925
.17545710504055
.22433192531268
.22468354304632
.17791842420896
.25457103053729
.22784810264905
.21272855003675
.21624472737312
.18284106751283
.19936708609263
.2334739814202
.25351618230343
.2169479628404
.24753867586454
.22538677851359
.20534458756447
.24683544039726
.23347397645315
.20182841519515
.21624472737312
.20218002796173
.23171589275201
.25246132413546
.21554148693879
.227848097682
.29324895143509
.2556258837382
.21729957560698
.24718706309795
.27144865194956
.24929676949978
.24753868083159
.24964838226636
.24789029359818
.25668073693911
.24437412619591
.23839662472407
.24648382763068
.29887483517329
.21237693230311
.28410689036051
.20921237270037
.22819972038269
.27566807468732
.2390998651584
.21940928200881
.22222222387791
.21202531456947
.2071026712656
.20956399043401
.24824191629887
.20921238263448
.22433192531268
.22011251747608
.21624472240607
.18987341721853
.25914206107457
.21272855003675
.19514767825603
.2914908627669
.21518987417221
.21061884860198
.26722925901413
.17405062913895
.24191280206045
.24085794885953
.22222222387791
.20604782303174
.26933895548185
.25386779507001
.21589310963949
.26547116041183
.23804500699043
.19268635412057
.22046413520972
.25210970143477
.21905766427517
.19655414919058
.2141350209713
.1976090023915
.23241912821929
.23699015378952
.18846695125103
.22679324448109
.25457103053729
.20182841022809
.22538677851359
.27355835835139
.24402250349522
.23382559915384
.26125175754229
.20569620033105
.28973277409871
.26687763134638
.25632911423842
.26054853200912
.23980309565862
.2457805921634
.2651195526123
.25914206107457
.20499296486378
.25175808866819
.24789029359818
.22995780408382
.17018284400304
.25914205114047
.21061884860198
.18952179948489
.23945147792498
.23136427501837
.1905766526858
.22257383664449
.21097046633561
.19866385062536
.21167369683584
.20780590673288
.21237693230311
.25808720787366
.2141350209713
.17721519370874
.26019691427549
.21097046136856
.18987341721853
.25351617733637
.27215189735095
.22468354304632
.22609001894792
.24894515176614
.19374120732148
.25386779507001
.1905766526858
.23945147792498
.22573839624723
.21518987417221
.23452882965406
.20675104856491
.21378340323766
.17756680647532
.22855133811633
.21589310963949
.21308017273744
.19444444278876
.24894514679909
.22292545437813
.25
.23663853605588
.24402250349522
.21518987417221
.21694795787334
.2208157479763
.27250350515048
.27390998601913
.23839662969112
.23945147792498
.25070324043433
.24261603256067
.23734177152316
.25914206107457
.24648381769657
.26406469941139
.2774261534214
.22609001398087
.23628691832225
.24507735669613
.25316456456979
.21272855003675
.26687764128049
.28481012582779
.22011251747608
.26195499300957
.25316456456979
.21167369683584
.26300984621048
.25597749153773
.22433193027973
.21518987417221
.24542897939682
.2113220791022
.24156117935975
.19866385559241
.19866385559241
.2584388256073
.19444444775581
.19901547332605
.24331926802794
.22960618635019
.22081575791041
.25421941280365
.21237693230311
.19514767825603
.23206751048565
.22222221891085
.20956399540106
.28586496909459
.23769339422385
.24683544039726
.21765119334062
.25246132413546
.20850914220015
.27672292788823
.24683544536432
.25421941280365
.26160337527593
.2362869232893
.16596343119939
.30098453164101
.28481012582779
.27637130022049
.2485935340325
.22327707211177
.22819972038269
.23171589275201
.22749648491542
.1976090023915
.27637130022049
.26125175754229
.22714486718178
.28199718395869
.22679324448109
.21800281604131
.28973277409871
.23523207008839
.18424754341443
.23980310062567
.22855133811633
.19725738465786
.1976090023915
.22327707707882
.18248944977919
.22468354304632
.22503516077995
.17686357100805
.19725738465786
.22960618635019
.23945148289204
.21729957560698
.25105485320091
.24472574392955
.21940928200881
.22714486221472
.21413502593835
.23980309565862
.27250351508458
.26406468947728
.1947960605224
.22362869481246
.2485935340325
.26476793487867
.27777778108915
.24648382763068
.26265822847684
.21694795787334
.20288326342901
.18002813061078
.24050632615884
.24894515176614
.2362869232893
.25351617236932
.23839662472407
.227848097682
.22819972038269
.22046413520972
.27390998601913
.26336145401001
.2528129418691
.24085794885953
.2401547084252
.26160336534182
.20428973436356
.23066104451815
.2485935340325
.19690576692422
.21624472240607
.20991560816765
.1782700419426
.24683544039726
.21729957560698
.21061884860198
.27426160375277
.25070323546728
.22503516077995
.256680727005
.2169479628404
.21132208406925
.21132208406925
.2197609047095
.18846694628398
.22714486718178
.21800281107426
.22116737067699
.18952179948489
.22890295088291
.21378340820471
.19303797185421
.20253164569537
.22398030757904
.18670886258284
.22855133811633
.22538677851359
.2127285550038
.2763713101546
.25316455960274
.19374120732148
.25843881567319
.20921237766743
.22995780408382
.25035161773364
.21202531456947
.20604782303174
.24367088576158
.22468354304632
.21870605150859
.2651195526123
.21554149190585
.18284107247988
.26933895548185
.25562588870525
.24894514679909
.25035161773364
.26371307174365
.22011251747608
.21729957560698
.25597749153773
.21976089974244
.21097046136856
.21237693230311
.24191280206045
.22679324944814
.20956399540106
.19690576692422
.20393812159697
.22327707707882
.20921237766743
.25738397240639
.2306610395511
.20112517476082
.24331926802794
.26617439587911
.23945147792498
.23101265728474
.24156117935975
.20358650386333
.19690576692422
.19971870382627
.23277074595292
.25351617733637
.24964838226636
.26125175754229
.19549930095673
.26722924908002
.23699015378952
.16666666666667
.24226441482703
.23277074098587
.18881856401761
.15260196725527
.20956399540106
.20886075993379
.19971870382627
.19796062012513
.20886075993379
.21940928200881
.23241912821929
.16631504893303
.24191280206045
.22327707211177
.23734177152316
.25597750147184
.19971870382627
.23558368782202
.22257383664449
.23593530058861
.24367089072863
.23663854102294
.19725738465786
.2113220791022
.22257383664449
.23206751048565
.20077356199423
.23523206512133
.21694795787334
.19901547332605
.16455696026484
.25562587380409
.20499296983083
.22538677851359
.21167370180289
.1810829838117
.16244725386302
.19444444775581
.17791842420896
.22011251747608
.21835443377495
.21624472737312
.25035161773364
.20850914220015
.18565400938193
.21061884363492
.19268635908763
.21483825147152
.23628691335519
.23734177649021
.26933895548185
.24367088079453
.18354430794716
.23523206512133
.21518986920516
.2169479628404
.23030942181746
.243319272995
.21554149190585
.20956399043401
.18424753844738
.29606189330419
.22679324944814
.23030942181746
.21237693230311
.2405063311259
.22960618635019
.22995780905088
.21940928200881
.20218003292878
.23593530555566
.23277074098587
.22609000901381
.23874824742476
.25527426103751
.21026722590129
.21800281107426
.23558368285497
.23101265728474
.24472573896249
.22327707211177
.2169479628404
.23593530058861
.29184248050054
.20147679249446
.30344584584236
.26336146394412
.25421941280365
.32137834032377
.30801687637965
.30942335724831
.26617440581322
.28129395842552
.29852321743965
.28902952869733
.2306610395511
.24964838226636
.29817158977191
.30977496504784
.29008438189824
.35302391648293
.28445850809415
.34036568800608
.33473980426788
.36744022369385
.41104079286257
.41104078292847
.39873418211937
.40998593966166
.48382559418678
.41490858793259
.37095641096433
.45112517476082
.48593530058861
.43600562214851
.5745428999265
.60864979028702
.6782700419426
.50879043340683
.33227848013242
0
0
0
0
0
0
0
0
0
0
0
0
0
0
0
0
0
0
0
0
0
0
0
0
0
0
0
0
0
0
0
0
0
0
0
0
0
0
0
0
0
0
0
0
0
0
0
0
0
0
0
0
0
0
0
0
0
0
0
0
0
0
0
0
0
0
0
0
0
0
0
0
0
0
0
0
0
0
0
0
0
0
0
0
0
0
0
0
0
0
0
0
0
0
0
0
0
0
0
0
0
0
0
0
0
0
0
0
0
0
0
0
0
0
0
0
0
0
0
0
0
0
0
0
0
0
0
0
0
0
0
0
0
0
0
0
0
0
0
0
0
0
0
0
0
0
0
0
0
0
0
0
0
0
0
0
0
0
0
0
0
0
0
0
0
0
0
0
0
0
0
0
0
0
0
0
0
0
0
0
0
0
0
0
0
0
0
0
0
0
0
0
0
0
0
0
0
0
0
0
0
0
0
0
0
0
0
0
0
0
0
0
0
0
0
0
0
0
0
0
0
0
0
0
0
0
0
0
0
0
0
0
0
0
0
0
0
0
0
0
0
0
0
0
0
0
0
0
0
0
0
0
0
0
0
0
0
0
0
0
0
0
0
0
0
0
0
0
0
0
0
0
0
0
0
0
0
0
0
0
0
0
0
0
0
0
0
0
0
0
0
0
0
0
0
0
0
0
0
0
0
0
0
0
0
0
0
0
0
0
0
0
0
0
0
0
0
0
0
0
0
0
0
0
0
0
0
0
0
0
0
0
0
0
0
0
0
0
0
0
0
0
0
0
0
0
0
0
0
0
0
0
0
0
0
0
0
0
0
0
0
0
0
0
0
0
0
0
0
0
0
0
0
0
0
0
0
0
0
0
0
0
0
0
0
0
0
0
0
0
0
0
0
0
0
0
0
0
0
0
0
0
0
0
0
0
0
0
0
0
0
0
0
0
0
0
0
0
0
0
0
0
0
0
0
0
0
0
0
0
0
0
0
0
0
0
0
0
0
0
0
0
0
0
0
0
0
0
0
0
0
0
0
0
0
0
0
0
0
0
0
0
0
0
0
0
0
0
0
0
0
0
0
0
0
0
0
0
0
0
0
0
0
0
0
0
0
0
0
0
0
0
0
0
0
0
0
0
0
0
0
0
0
0
0
0
0
0
0
0
0
0
0
0
0
0
0
0
0
0
0
0
0
0
0
0
0
0
0
0
0
0
0
0
0
0
0
0
0
0
0
0
0
0
0
0
0
0
0
0
0
0
0
0
0
0
0
0
0
0
0
0
0
0
0
0
0
0
0
0
0
0
0
0
0
0
0
0
0
0
0
0
0
0
0
0
0
0
0
0
0
0
0
0
0
0
0
0
0
0
0
0
0
0
0
0
0
0
0
0
0
0
0
0
0
0
0
0
0
0
0
0
0
0
0
0
0
0
0
0
0
0
0
0
0
0
0
0
0
0
0
0
0
0
0
0
0
0
0
0
0
0
0
0
0
0
0
0
0
0
0
0
0
0
0
0
0
0
0
0
0
0
0
0
0
0
0
0
0
0
0
0
0
0
0
0
0
0
0
0
0
0
0
0
0
0
0
0
0
0
0
0
0
0
0
0
0
0
0
0
0
0
0
0
0
0
0
0
0
0
0
0
0
0
0
0
0
0
0
0
0
0
0
0
0
0
0
0
0
0
0
0
0
0
0
0
0
0
0
0
0
0
0
0
0
0
0
0
0
0
0
0
0
0
0
0
0
0
0
0
0
0
0
0
0
0
0
0
0
0
0
0
0
0
0
0
0
0
0
0
0
0
0
0
0
0
0
0
0
0
0
0
0
0
0
0
0
0
0
0
0
0
0
0
0
0
0
0
0
0
0
0
0
0
0
0
0
0
0
0
0
0
0
0
0
0
0
0
0
0
0
0
0
0
0
0
0
0
0
0
0
0
0
0
0
0
0
0
0
0
0
0
0
0
0
0
0
0
0
0
0
0
0
0
0
0
0
0
0
0
0
0
0
0
0
0
0
0
0
0
0
0
0
0
0
0
0
0
0
0
0
0
0
0
0
0
0
0
0
0
0
0
0
0
0
0
0
0
0
0
0
0
0
0
0
0
0
0
0
0
0
0
0
0
0
0
0
0
0
0
0
0
0
0
0
0
0
0
0
0
0
0
0
0
0
0
0
0
0
0
0
0
0
0
0
0
0
0
0
0
0
0
0
0
0
0
0
0
0
0
0
0
0
0
0
0
0
0
0
0
0
0
0
0
0
0
0
0
0
0
0
0
0
0
0
0
0
0
0
0
0
0
0
0
0
0
0
0
0
0
0
0
0
0
0
0
0
0
0
0
0
0
0
0
0
0
0
0
0
0
0
0
0
0
0
0
0
0
0
0
0
0
0
0
0
0
0
0
0
0
0
0
0
0
0
0
0
0
0
0
0
0
0
0
0
0
0
0
0
0
0
0
0
0
0
0
0
0
0
0
0
0
0
0
0
0
0
0
0
0
0
0
0
0
0
0
0
0
0
0
0
0
0
0
0
0
0
0
0
0
0
0
0
0
0
0
0
0
0
0
0
0
0
0
0
0
0
0
0
0
0
0
0
0
0
0
0
0
0
0
0
0
0
0
0
0
0
0
0
0
0
0
0
0
0
0
0
0
0
0
0
0
0
0
0
0
0
0
0
0
0
0
0
0
0
0
0
0
0
0
0
0
0
0
0
0
0
0
0
0
0
0
0
0
0
0
0
0
0
0
0
0
0
0
0
0
0
0
0
0
0
0
0
0
0
0
0
0
0
0
0
0
0
0
0
0
0
0
0
0
0
0
0
0
0
0
0
0
0
0
0
0
0
0
0
0
0
0
0
0
0
0
0
0
0
0
0
0
0
0
0
0
0
0
0
0
0
0
0
0
0
0
0
0
0
0
0
0
0
0
0
0
0
0
0
0
0
0
0
0
0
0
0
0
0
0
0
0
0
0
0
0
0
0
0
0
0
0
0
0
0
0
0
0
0
0
0
0
0
0
0
0
0
0
0
0
0
0
0
0
0
0
0
0
0
0
0
0
0
0
0
0
0
0
0
0
0
0
0
0
0
0
0
0
0
0
0
0
0
0
0
0
0
0
0
0
0
0
0
0
0
0
0
0
0
0
0
0
0
0
0
0
0
0
0
0
0
0
0
0
0
0
0
0
0
0
0
0
0
0
0
0
0
0
0
0
0
0
0
0
0
0
0
0
0
0
0
0
0
0
0
0
0
0
0
0
0
0
0
0
0
0
0
0
0
0
0
0
0
0
0
0
0
0
0
0
0
0
0
0
0
0
0
0
0
0
0
0
0
0
0
0
0
0
0
0
0
0
0
0
0
0
0
0
0
0
0
0
0
0
0
0
0
0
0
0
0
0
0
0
0
0
0
0
0
0
0
0
0
0
0
0
0
0
0
0
0
0
0
0
0
0
0
0
0
0
0
0
0
0
0
0
0
0
0
0
0
0
0
0
0
0
0
0
0
0
0
0
0
0
0
0
0
0
0
0
0
0
0
0
0
0
0
0
0
0
0
0
0
0
0
0
0
0
0
0
0
0
0
0
0
0
0
0
0
0
0
0
0
0
0
0
0
0
0
0
0
0
0
0
0
0
0
0
0
0
0
0
0
0
0
0
0
0
0
0
0
0
0
0
0
0
0
0
0
0
0
0
0
0
0
0
0
0
0
0
0
0
0
0
0
0
0
0
0
0
0
0
0
0
0
0
0
0
0
0
0
0
0
0
0
0
0
0
0
0
0
0
0
0
0
0
0
0
0
0
0
0
0
0
0
0
0
0
0
0
0
0
0
0
0
0
0
0
0
0
0
0
0
0
0
0
0
0
0
0
0
0
0
0
0
0
0
0
0
0
0
0
0
0
0
0
0
0
0
0
0
0
0
0
0
0
0
0
0
0
0
0
0
0
0
0
0
0
0
0
0
0
0
0
0
0
0
0
0
0
0
0
0
0
0
0
0
0
0
0
0
0
0
0
0
0
0
0
0
0
0
0
0
0
0
0
0
0
0
0
0
0
0
0
0
0
0
0
0
0
0
0
0
0
0
0
0
0
0
0
0
0
0
0
0
0
0
0
0
0
0
0
0
0
0
0
0
0
0
0
0
0
0
0
0
0
0
0
0
0
0
0
0
0
0
0
0
0
0
0
0
0
0
0
0
0
0
0
0
0
0
0
0
0
0
0
0
0
0
0
0
0
0
0
0
0
0
0
0
0
0
0
0
0
0
0
0
0
0
0
0
0
0
0
0
0
0
0
0
0
0
0
0
0
0
0
0
0
0
0
0
0
0
0
0
0
0
0
0
0
0
0
0
0
0
0
0
0
0
0
0
0
0
0
0
0
0
0
0
0
0
0
0
0
0
0
0
0
0
0
0
0
0
0
0
0
0
0
0
0
0
0
0
0
0
0
0
0
0
0
0
0
0
0
0
0
0
0
0
0
0
0
0
0
0
0
0
0
0
0
0
0
0
0
0
0
0
0
0
0
0
0
0
0
0
0
0
0
0
0
0
0
0
0
0
0
0
0
0
0
0
0
0
0
0
0
0
0
0
0
0
0
0
0
0
0
0
0
0
0
0
0
0
0
0
0
0
0
0
0
