.23452882965406
.25597750147184
.22257384161154
.21870604654153
.2584388256073
.2774261534214
.24402250349522
.27390998601913
.24437412619591
.22187060614427
.28234880169233
.21835442880789
.1877637108167
.25597750147184
.19233474135399
.1877637108167
.20253164569537
.22925456861655
.19163150588671
.22644163668156
.2004219442606
.25210970640182
.23136427501837
.24507735669613
.20499296983083
.23663854102294
.20604781806469
.21343178550402
.28516174356143
.20815752446651
.24964838723342
.28516174356143
.23030942181746
.23699015378952
.17053446173668
.22749648491542
.26160338521004
.2612517674764
.26687764128049
.26617439587911
.24156117935975
.30872010191282
.25421941280365
.26617439587911
.22362869481246
.26230662067731
.25246132910252
.27566806475321
.20639943579833
.27531645695368
.2376933892568
.25
.20604781806469
.24964838226636
.27250351508458
.18530239164829
.31153305371602
.23312236368656
.19620252648989
.27004220088323
.2651195426782
.22292545934518
.27180027961731
.2264416317145
.23206751048565
.30414909124374
.19303797185421
.21870605150859
.25738396247228
.24367089072863
.19936709105968
.27109704415003
.24156117935975
.27426159381866
.21659634510676
.23804500699043
.20253164569537
.26547117034594
.22257383664449
.2071026712656
.25527426600456
.20780590673288
.23417721688747
.20499296983083
.2830520371596
.20358649889628
.23593530058861
.24226441482703
.2169479628404
.22960618635019
.23101265728474
.22503516574701
.24683544039726
.18284107247988
.22573839624723
.19268635412057
.24331926802794
.23101265728474
.21694795787334
.21518987417221
.2099156131347
.17475386957328
.22679325441519
.22398030757904
.21343178550402
.19268635412057
.23593530058861
.22257383664449
.22222222387791
.22819972038269
.24648382763068
.22116737564405
.23452882965406
.2099156131347
.21237693230311
.24507735669613
.22995780408382
.2584388256073
.2471870581309
.2623066008091
.30485231677691
.29113923509916
.2113220791022
.25668073693911
.24085794389248
.21202531953653
.28973277409871
.21765119830767
.24050632615884
.20780591169993
.26265823841095
.20428973436356
.21097046633561
.20393811662992
.23312236368656
.24120956659317
.22995780408382
.18424753844738
.25210970640182
.29219409823418
.23523206512133
.2746132115523
.22714486718178
.24753868083159
.25984529654185
.2556258837382
.23523206512133
.21343178550402
.2405063311259
.21378340323766
.2113220791022
.24296765526136
.20323488116264
.27777778108915
.24085794389248
.23734177152316
.20499296983083
.21905765930812
.19585091372331
.16631505390008
.22890295584997
.23804500699043
.25421941280365
.21097046633561
.21554149190585
.17018283903599
.21870605150859
.23980309069157
.20077356199423
.23206751048565
.25527426600456
.22292545934518
.24015471339226
.2141350209713
.27285512288411
.28129394849141
.23980309565862
.20147679249446
.32313642899195
.23206751048565
.17334739863873
.25703235467275
.25808719793955
.20850914220015
.25035162270069
.18917018175125
.18284107247988
.20780591169993
.26547116041183
.22116736570994
.2679324845473
.21518987417221
.18917018175125
.21061884860198
.22538678348064
.23241912821929
.27144866188367
.27953585982323
.2113220791022
.19444444278876
.24542897442977
.23804500699043
.28199718395869
.26054852207502
.26582278807958
.25351617733637
.28129394849141
.22327707211177
.28234880169233
.29184248050054
.23452883462111
.2707454264164
.24015471339226
.2334739814202
.31434598565102
.24964838226636
.23241912821929
.23523206512133
.25316455960274
.22679325441519
.20253164569537
.25492264827092
.2362869232893
.22222222387791
.243319272995
.23909985522429
.1933895945549
.25914205114047
.23417721688747
.23417721688747
.27637130022049
.24753867586454
.25738396247228
.23945147295793
.24085794389248
.21061884860198
.2376933892568
.24191280206045
.24367088576158
.23804501195749
.22784810264905
.22503516077995
.26582278807958
.2405063311259
.21272854506969
.2570323497057
.24964838226636
.24120956659317
.2141350209713
.22046413520972
.21976089974244
.2886779208978
.21694795787334
.25808720787366
.24859352906545
.2556258837382
.19268635908763
.23382559915384
.22081575294336
.25175808866819
.25492264827092
.25246132413546
.24367088576158
.26160336534182
.3094233473142
.22890295088291
.27390998601913
.22046413024267
.25140647093455
.25703235467275
.24753867586454
.23241912821929
.25492264827092
.25984528660774
.28410689036051
.28727144996325
.24191279709339
.27285512288411
.22995780408382
.2514064759016
.22890295584997
.20147679249446
.2556258837382
.20464134713014
.22187060614427
.21167369683584
.23874824245771
.21800281604131
.20358649392923
.20850914220015
.22433193027973
.25597750147184
.23945147792498
.19233474135399
.28727144002914
.25386779507001
.24718706309795
.28551337122917
.25668073693911
.22327707211177
.25632910927137
.2401547084252
.2485935340325
.2746132115523
.23452883462111
.22257383664449
.21624472737312
.20745428403219
.20218002796173
.24085794885953
.27039380868276
.22327707211177
.26336146394412
.22327707707882
.19514767825603
.26336146394412
.25316455463568
.24894515176614
.25351617733637
.21835442880789
.1849507689476
.2348804473877
.22784810264905
.25457103053729
.2485935340325
.2679324845473
.22960619131724
.23382559915384
.25808720787366
.25984528660774
.20534458756447
.21518987417221
.25949367880821
.24507735172908
.20956399540106
.22819971541564
.21167369683584
.23980309565862
.20850914716721
.1782700419426
.19338958958785
.18424753844738
.21202531456947
.20253164569537
.21483825643857
.15822785099347
.28234880169233
.23769338428974
.24191280206045
.22292545437813
.21624472240607
.18565400938193
.22222222387791
.22398031254609
.21554148693879
.25175808866819
.22890295088291
.20921237766743
.21202531456947
.2004219442606
.15787622829278
.22890295088291
.20534458756447
.22116736570994
.22749648491542
.23488045235475
.24261603752772
.24542897442977
.25351617733637
.21835443377495
.19620253145695
.28059071302414
.28129394849141
.23945147792498
.25175808866819
.23312236368656
.23804500699043
.19655414422353
.18741209805012
.25738397240639
.1976090023915
.24929676949978
.27426159381866
.22784810264905
.24718706309795
.21343178550402
.30520393451055
.22819972038269
.24648382763068
.25527426600456
.25984528660774
.24789029856523
.24718706309795
.22855133811633
.26019690434138
.2707454264164
.25738396247228
.23663853605588
.26125175754229
.24261603256067
.25140647093455
.28762306769689
.28445850809415
.24331926802794
.27390998601913
.25351617733637
.22960619131724
.26406469941139
.1849507689476
.2376933892568
.26090013980865
.23909986019135
.21202531456947
.26160337527593
.2679324944814
.22925456861655
.29219409823418
.24507735669613
.28727144996325
.26617440581322
.27637130022049
.22011251747608
.25984528660774
.26687764128049
.19620253145695
.27109704415003
.22855133811633
.23874824245771
.23171589275201
.27496483922005
.23699015378952
.24789029856523
.27637130022049
.18846694131692
.24683544536432
.25773558517297
.18459915121396
.24120956162612
.24507735669613
.20077356199423
.25527425607045
.29641350110372
.20745429396629
.25386779507001
.27918424208959
.22890295088291
.25140647093455
.26090013980865
.23699015378952
.21870604654153
.2514064759016
.20147679249446
.23804500699043
.22362869481246
.24191279709339
.22960619131724
.21870604654153
.22151898841063
.2401547084252
.23558368285497
.21976089974244
.20393811662992
.2612517674764
.2556258837382
.22714486718178
.26582278807958
.23136427501837
.22398031254609
.23452882965406
.21167370180289
.25070323546727
.22081575294336
.28305204709371
.25210970143477
.25668073693911
.24718706806501
.21976089477539
.29043600956599
.22855133314927
.2099156131347
.26019691427549
.21729957560698
.23523206512133
.24648382266363
.23101266225179
.17721518874168
.25632911920547
.30203937490781
.23101265728474
.26336146394412
.25105485320091
.18987341721853
.24964838226636
.24331926802794
.22714486718178
.23417721192042
.2802390952905
.23312236368656
.28234880169233
.21518987417221
.25562588870525
.27531644701958
.28938115636508
.28516174356143
.31329114238421
.24402250349522
.26933896541595
.2819971938928
.25070323546728
.22503516077995
.29360056916873
.23945148289204
.22011251747608
.26441631714503
.2746132115523
.24824191133181
.22468354304632
.29535864790281
.18002812564373
.2623066107432
.27461322148641
.2292545735836
.18248945474625
.23558368285497
.24261603256067
.2735583682855
.2612517674764
.26300984621048
.23136427501837
.2651195426782
.24789030353228
.25492264827092
.21413501600424
.24191279709339
.28234880169233
.26300984621048
.24331926802794
.26054852207502
.29219408830007
.23241912821929
.21061884860198
.30414909124374
.22855133811633
.21272855003675
.24015471339226
.26758086681366
.16385372479757
.20358649392923
.23066104451815
.2169479628404
.23206751048565
.23312236368656
.24226441482703
.21097046633561
.20464135209719
.20639943579833
.28375527262688
.2556258837382
.14978903035323
.23874824245771
.25914206107457
.24015471339226
.25914206107457
.26933895548185
.24894514679909
.2141350209713
.2665260185798
.28551336129506
.29887482523918
.26054852207502
.28762306769689
.25703235467275
.29535864790281
.24894514679909
.256680727005
.2735583682855
.26722924908002
.25738396247228
.303797463576
.21237693230311
.28762306769689
.2584388256073
.24261603752772
.21765119830767
.25210970640182
.27004218101501
.26617440581322
.2802390952905
.22960619131724
.2858649790287
.27390997608503
.20639943579833
.20428973436356
.28691983222961
.26054853200912
.22749647994836
.28164557615916
.26371308167775
.29465542236964
.24789029856523
.27390997608503
.23382559915384
.27109704415003
.29184248050054
.25597750147184
.29852320750554
.29922644297282
.26300985614459
.30450069904327
.27461322148641
.26125175754229
.32032348712285
.22714486718178
.28656821449598
.31540083885193
.27883262435595
.2556258837382
.29184247056643
.26969057321548
.32770745952924
.2528129418691
.33157525459925
.28445850809415
.27215189735095
.29606189330419
.27144867181778
.26582278807958
.26652601361275
.25597749650478
.31680730978648
.25703234473864
.28973277409871
.31540083885193
.37693389256795
.21870604654153
.34704640507698
.39556962251663
.27004219094912
.2802390952905
.27953585982323
.27496482928594
.30239100257556
.30274261037509
.28621659676234
.32841069499652
.36146272222201
.31715892752012
.31856539845467
.29852319757144
.32946554819743
.27777778108915
.28340366482735
.34177214900653
.26828411221504
.38431786497434
.3811533053716
.31434598565102
.34704641501109
.33403657873472
.31082980831464
.33509142200152
.3386075993379
.2819971938928
.34669479727745
.2886779208978
.29711673657099
.32489451766014
.34177214900653
.31575245658557
.38642757137616
.28551336129506
.3509142100811
.38607594370842
.39345991611481
.37869198123614
.43389591574669
.38045006990433
.38080168763796
.39943740765254
.37693389256795
.49718704819679
.37623065710068
.46905767917633
.35407875974973
.46729958057404
.33931083480517
.35689170161883
.33438817660014
.3245428999265
.42369902133942
.40893108646075
.41877636313438
.35513361295064
.46448663870494
.4641350209713
.40225034952164
.36673698822657
.36919831236204
.41561181346575
.40365683039029
.43776372075081
.34142053127289
.38677917917569
.40717299779256
.39345991611481
.40682138005892
.47257383664449
.42123768726985
.41526020566622
.4792545735836
.45288326342901
.41385372479757
.53270041942596
.43917018175125
.40822786092758
.48699015378952
.45323488116264
.4518284201622
.52988749742508
.44198312362035
.42651195327441
.48663853605588
.43811533848445
.4170182844003
.62341771523158
.51863572994868
.47503517071406
.50879044334094
.56645570198695
.38502109050751
.4848804473877
.49789029359818
.37869199117025
.51687763134638
.46870605150859
.51441631714503
.50632910927137
.46729958057404
.50879043340683
.53305202722549
.44303796688716
.44022503495216
.57524613539378
.50879041353862
.37623065710068
.45147679249446
.49472572406133
.51652602354685
.54078761736552
.57419127225876
.45042193929354
.56926862398783
.45007033149401
.52215190728505
.60091420014699
.57489450772603
.60618847608566
.59985935688019
.50632909933726
.54465542236964
.58298170566559
.56364276011785
.45956399043401
.56821380058924
.52672290802002
.53973277409871
.49472574392954
.61146273215612
.58509141206741
.45886076490084
.56715893745422
.5650492310524
.46378340323766
.61919830242793
.67580872774124
.60161745548248
.63220814863841
.58333333333333
.57946554819743
.63185656070709
.70780591169993
.63642756144206
.76054853200912
.67158931493759
.68354429801305
.67616031567256
.78727145989736
.70042194922765
.74367088079453
.73909986019135
.73804499705633
.82383966445923
.79957805077235
.8744725783666
.83755272626877
.89486638704936
.8178621729215
1.0608298182487
.87658226490021
1.1230661273003
1.1663150389989
1.2791842222214
1.1638537247976
1.3259493907293
1.2362869183222
1.26336145401
1.5569620132446
1.5741913318634
1.4483122030894
1.7355837027232
1.5956399043401
1.7911392450333
1.9792545239131
1.8178621530533
2.0319971640905
2.324894507726
2.4201827843984
2.4806609948476
2.6635020573934
2.5921238263448
2.8843178749084
2.8220815658569
2.9746835231781
2.9785513877869
3.3224331537882
3.3793952465057
3.4307312965393
3.4711673259735
3.7049930095673
3.7517580191294
3.7011252244314
4.1698312759399
4.2598452568054
4.0903658072154
4.4996484120687
4.678973197937
4.5485232671102
4.8108297983805
4.9349506696065
4.9750350316366
5.247186978658
5.3087201118469
5.3832631111145
5.4701124827067
5.5903657277425
5.7770744959513
5.9229957262675
5.9521800676982
6.0636426607768
6.1093530654907
6.2640646298726
6.3238396644592
6.6290435791016
6.5819268226624
6.6445148785909
6.8734178543091
6.8498592376709
7.168424765269
7.1772152582804
7.2007735570272
7.2682840029399
7.3593530654907
7.4834740956624
7.4486638704936
7.8301687240601
7.8319269816081
7.7594936688741
8.0221517880758
8.2274961471558
7.9047118822734
8.309071858724
8.3248945871989
8.1965545018514
8.5675106048584
8.571026802063
8.7784808476766
8.5882558822632
8.6898733774821
8.9901549021403
9.1409985224406
9.0450070699056
9.1188465754191
9.3298171361287
9.3178621927897
9.1747538248698
9.3217296600342
9.4644864400228
9.6388889948527
9.4760901133219
9.7218707402547
9.5639944076538
9.5678621927897
9.930731455485
9.7102670669556
9.9947255452474
9.9820677439372
9.9219411214193
10.036216417948
10.011954943339
10.040436108907
10.168776512146
10.264416058858
10.196905771891
10.278480847677
10.446202596029
9.9595642089844
10.341420491536
10.322785059611
10.17721525828
10.148733774821
10.342827161153
10.422644297282
10.123417854309
10.231012662252
10.299929618835
10.197960535685
10.241560935974
9.9345992406209
9.8864275614421
9.8881858189901
9.9131504694621
9.9113925298055
9.6385374069214
9.7978200912476
9.4381151199341
9.347749710083
9.5281295776367
9.3291139602661
9.2011251449585
9.0017579396566
8.8389590581258
8.850562731425
8.738045056661
8.376933892568
8.4367089271545
8.168776512146
8.0675106048584
8.0066806475321
7.6058370272319
7.7953584988912
7.3544303576152
7.1874121030172
7.041842619578
6.9943739573161
6.8248945871989
6.4824191729228
6.5298873583476
6.0896623929342
6.0523908933004
5.8526724179586
5.6360759735107
5.7819972038269
5.4212377866109
5.4078763326009
5.27672290802
5.192334651947
5.0724331537882
4.8871307373047
4.9198312759399
4.5636426607768
4.6715893745422
4.4968353907267
4.4757382074992
4.3073137601217
4.1691280206045
4.1592826843262
4.1395920912425
3.707454363505
3.9187763532003
3.9240505695343
3.8565401236216
3.8857243061066
3.5267228285472
3.5654008388519
3.5355134010315
3.4486639499664
3.4919128417969
3.3702531655629
3.3537271022797
3.2067511081696
3.2591420809428
3.1023206710815
3.1248242060343
3.0007032553355
3.034810145696
2.9286216894786
3.0073839028676
2.9476090272268
2.7819972038269
2.7443741162618
2.8526723384857
2.8125878969828
2.7169479529063
2.7584387461344
2.5864979426066
2.5787623723348
2.5355134010315
2.5203938484192
2.5014064311981
2.4430379072825
2.4068214098612
2.390295346578
2.1473277409871
2.1290436585744
2.160337527593
2.1202531258265
1.8997890551885
1.9725737969081
2.0432490110397
1.8713080088298
1.6167370080948
1.7190576394399
1.5886076291402
1.6483825445175
1.6476793289185
1.552742600441
1.3533755143483
1.3484528859456
1.3755274216334
1.1230660875638
1.3104782104492
1.2085091670354
1.0784107049306
1.1518987417221
.93846694628398
.93143457174301
.97784811258316
.89486636718114
.8867791891098
.84458510080973
.71448663870494
.67932490507762
.7348804473877
.61392404635747
.72468354304632
.74191278219223
.6047819852829
.5246132115523
.47257382671038
.54500703016917
.46343178550402
.4697609047095
.35478199521701
.39240506291389
.54324895143509
.43002813061078
.4282700419426
.40119549632072
.40822784105937
.4198312262694
.39803093671799
.40049226085345
.32665260632833
.38185654083888
.38045005997022
.3727144797643
.40436005592346
.30696202317874
.34774965047836
.40963432192802
.29043600956599
.29887481530507
.36603376269341
.35900140802066
.30766525864601
.33122362693151
.28270041942596
.26547116041183
.30836849411329
.32208157579104
.30414908130964
.23066104451815
.30801687637965
.31856539845467
.24964838226636
.29289732376734
.25457103053729
.27777777115504
.29289733370145
.28516174356143
.22011251747608
.27285513281822
.29887481530507
.24367088079453
.33438818653425
.30203938484192
.23136427998543
.33333332339923
.3386075993379
.2971167465051
.30203938484192
.26371308167775
.26898733774821
.27004219094912
.28551336129506
.25175808866819
.30625878771146
.31715892752012
.21343178550402
.27918424208959
.23417721688747
.30028130610784
.25738397240639
.27566806475321
.30379747351011
.29289733370145
.32630098859469
.25210971136888
.31751054525375
.29043599963188
.2774261534214
.27672291795413
.2830520371596
.28902953863144
.2735583682855
.303797463576
.28375527262688
.30028129617373
.23523207008839
.27566806475321
.2886779208978
.25351617733637
.2376933892568
.2746132115523
.31856540838877
.25035162270069
.28410689036051
.27144865194956
.25281294683615
.29324895143509
.2679324944814
.21518987417221
.20534458756447
.23136427501837
.26265822847684
.24648382266363
.20358649392923
.29184247056643
.19971870879332
.26265822847684
.25879043837388
.28094233075778
.26828410228093
.19866385559241
.20886075993379
.29922644297282
.24824192126592
.27918424208959
.27812938888868
.30696203311284
.27250351508458
.2405063311259
.2651195426782
.18741209308306
.27461322148641
.26898733774821
.21202531456947
.24402250349522
.29922644297282
.22151898841063
.28094233075778
.27461322148641
.24894514679909
.27531644701958
.26652602354685
.25105485320091
.32700422406197
.26547116041183
.23452883462111
.27496483922005
.24613220492999
.19620253145695
.2858649790287
.28340365489324
.22327707707882
.25386779507001
.22503516574701
.25632911920547
.25351617733637
.22503516077995
.26547117034594
.28621659676234
.26933895548185
.2707454264164
.27004219094912
.29430379470189
.23136427998543
.27426160375277
.28797467549642
.27496483922005
.27496482928594
.25949367880821
.25703235467275
.21167369683584
.28691983222961
.22890295088291
.23312236368656
.25175808866819
.25703235467275
.2127285550038
.25246132413546
.2612517674764
.23804500699043
.27390997608503
.20780590673288
.22819972038269
.25070324043433
.24683544039726
.23488045235475
.29500703016917
.25175808866819
.25703235467275
.26617439587911
.26863572994868
.20464135209719
.29254571596781
.27566808462143
.25316455960274
.27180027961731
.2401547084252
.24472573896249
.28199718395869
.26828411221504
.22222222387791
.26722924908002
.20288325846195
.22257384161154
.22960619131724
.25632911920547
.23382560412089
.28938115636508
.27531644701958
.25808720787366
.29992967844009
.28481012582779
.24507735172908
.30625878771146
.28656821449598
.24156117935975
.24613220989704
.29078762729963
.2623066107432
.2651195526123
.23663853108883
.24964838226636
.29254571596781
.3009845217069
.30133614937464
.28129395842552
.2679324845473
.25140647093455
.25984529654185
.22925456861655
.23839662472407
.27812938888868
.25773559014002
.21729957560698
.20428973436356
.2707454264164
.25914205114047
.24226441482703
.27180027961731
.22292545437813
.17334739367167
.22362869481246
.26441631714503
.26125175754229
.26582277814547
.22433192531268
.2141350209713
.23241912821929
.23734177152316
.2169479628404
.24472573896249
.29008439183235
.22046413520972
.25140647093455
.27426160375277
.24367088576158
.30801688631376
.27531645695368
.25703234473864
.27777777115504
.25984529654185
.22960619131724
.26195499300957
.26336146394412
.23663854102294
.2306610395511
.23312236368656
.26687763134638
.25175808370113
.24191279709339
.20393812159697
.25914206107457
.23558368285497
.26336147387822
.20745428899924
.24261603256067
.23277074595292
.27215189735095
.27461322148641
.19585091372331
.25808719793955
.26054852207502
.25457103550434
.2679324944814
.27390998601913
.21308017273744
.2169479628404
.29078762729963
.24472573896249
.26019690434138
.25703234473864
.22890295584997
.20112517476082
.26195499300957
.21905766427517
.2141350209713
.26863572001457
.29078762729963
.23839662472407
.28199718395869
.22855133811633
.20780590673288
.22327707707882
.26406469941139
.17123769720395
.23663854102294
.20147679249446
.21694795787334
.21835442880789
.22222221891085
.23347397645315
.20534458259741
.21448663870494
.2169479628404
.20288326839606
.28832630316416
.23523207008839
.23523206512133
.27144865194956
.1782700419426
.25140647093455
.26758086681366
.20182841022809
.22433193027973
.23241912821929
.17827003697554
.25
.25703234473864
.22362869481246
.25527426600456
.28375527262688
.25773558020592
.23382559418678
.24472573399544
.2236286898454
.23241912325223
.23945148289204
.23909986019135
.2264416317145
.21518987417221
.24226441482703
.23382559418678
.21518987417221
.18073136607806
.22819972038269
.23663853605588
.2099156131347
.19233474135399
.2169479628404
.2334739814202
.20218002796173
.29922644297282
.26722925404708
.23980310062567
.26054852207502
.28234880169233
.22609001398087
.21835443377495
.23312236368656
.22433193027973
.2594936688741
.2612517674764
.22503516077995
.2306610395511
.21624472737312
.18424753844738
.25210970640182
.22609000901381
.2774261534214
.21343178550402
.22292545437813
.1712376922369
.23241912821929
.20675105849902
.22503516574701
.24929676949978
.23171589275201
.19690577189128
.22046413024267
.20112517972787
.20428973436356
.22890295088291
.23417721688747
.23804500699043
.2679324845473
.23101265728474
.20288326342901
.26652601361275
.25070323050022
.23171589275201
.23699015875657
.2802390952905
.24367088576158
.27812939882278
.21343178053697
.19901547332605
.25351618230343
.25738397240639
.2556258837382
.2457805921634
.24472573896249
.20042193929354
.28340365489324
.25246132413546
.23030942678452
.25632910927137
.18213783701261
.26758087674777
.22292545437813
.22925456861655
.24156118432681
.22573840121428
.23206751048565
.19092827041944
.2236286898454
.25000000496705
.21800281107426
.18565400938193
.2264416317145
.23417721688747
.16596343119939
.26898733774821
.2264416317145
.22398030757904
.26476793487867
.23874823749065
.20077356199423
.2651195526123
.19549929598967
.18073136111101
.26617439587911
.25457103053729
.27672291795413
.2514064759016
.25070323546728
.26090013980865
.27988748749097
.27250350515048
.27707454562187
.29008439183235
.24683544536432
.21132208406925
.25914205114047
.21202531953653
.2141350209713
.27883262435595
.2556258837382
.20780590176582
.22116737564405
.28902953863144
.24050632615884
.21800281107426
.27144866188367
.22222222387791
.23628691832225
.32383966445923
.27742616335551
.22995780408382
.26687764128049
.2306610395511
.23699015378952
.28340365489324
.17862165470918
.26863572001457
.30977495511373
.22749647994836
.23523206512133
.27320675055186
.22398030757904
.25773559014002
.1933895945549
.21132208406925
.19444444278876
.23734177152316
.20921237766743
.2401547084252
.21448663870494
.23136427501837
.21483825643857
.24226441482703
.26898733774821
.20780590176582
.23136427501837
.22609001398087
.22046413024267
.22398031254609
.20780590673288
.22784810264905
.2376933892568
.22573839624723
.19725737969081
.25386779507001
.22749648491542
.21167370180289
.25527426103751
.24402250349522
.22503516574701
.22257384161154
.2584388256073
.21167369683584
.25632910927137
.25070323546727
.21448663870494
.2334739814202
.27144867181778
.2401547084252
.22292545437813
.27496483922005
.22609000901381
.28832630316416
.23206751048565
.20112517476082
.2830520371596
.22573839624723
.21448663373788
.20393811166286
.28164557615916
.1726441681385
.24894514679909
.20218002796173
.19796062012513
.2236286898454
.23593530058861
.18811532855034
.24261603752772
.2528129418691
.21272855003675
.23136427501837
.26019691427549
.20393811166286
.26617440581322
.2169479628404
.24367089072863
.25175808866819
.22679324944814
.22925456861655
.21765119334062
.1947960605224
.19971870382627
.23030942181746
.26476793487867
.23909985522429
.22960619131724
.23241912821929
.23628691832225
.22011251747608
.21448663870494
.21800281604131
.23452883462111
.21167369683584
.23136427501837
.15611814459165
.22890295584997
.20077355702718
.17053445676963
.23101265728474
.22679324944814
.18248945474625
.25281293690205
.22609001894792
.19866385559241
.21237693230311
.18776371578375
.21554149190585
.22538678348064
.2457805921634
.21097046136856
.2405063311259
.21729957560698
.19901547332605
.2405063311259
.23663853605588
.19022503495216
.21202531953653
.19655414422353
.21589310467243
.24472573896249
.22046413520972
.22538678348064
.28727144996325
.24894514679909
.21378340323766
.23558368285497
.24964838226636
.24226441979408
.24824191629887
.2485935340325
.24824191629887
.24789029359818
.24191279709339
.23452882965406
.23804500699043
.29254571596781
.20886075993379
.26969057321548
.20077356199423
.2236286898454
.2514064759016
.22925456861655
.20710267623266
.22187061111132
.20745428899924
.20745428899924
.20077355702718
.2429676502943
.20991560816765
.21765119830767
.23136427501837
.21272855003675
.17932489514351
.24859352906545
.20850914220015
.18600562214851
.27848100662231
.22116736570994
.20147679249446
.26336146394412
.17580872277419
.22714487214883
.23945147792498
.2099156131347
.19620253145695
.26863572001457
.24402250349522
.21272855003675
.25351617733637
.2373417665561
.19725738465786
.21835442880789
.25035161773364
.20780590176582
.19725738465786
.22011251747608
.18495077888171
.24050632615884
.23909986019135
.19163150091966
.21940928200881
.24156118432681
.20428973436356
.22819972038269
.28059071302414
.24859352906545
.23909986019135
.26652601361275
.20675105849902
.29430379470189
.2623066107432
.24085794389248
.25773559014002
.24261603752772
.24472573896249
.25738397240639
.25738397240639
.19971870879332
.24648382266363
.23839662969112
.23839661975702
.17475386957328
.25351616740227
.19549930095673
.18530239164829
.23417721192042
.23136427501837
.19127988318602
.20464134713014
.21624472240607
.20745428899924
.2071026712656
.22573839624723
.20850914220015
.24367088576158
.20288326342901
.17158930997054
.25738397240639
.19936708609263
.19303797682126
.24120956659317
.27144866188367
.23171588778496
.21448663870494
.23663853605588
.18600562711557
.24367089072863
.18565400938193
.23523206512133
.21729958057404
.21167370180289
.22819972038269
.19690576195717
.1905766526858
.18565400441488
.21518987913926
.20921237766743
.21659634013971
.18213783204556
.24261603256067
.21870604654153
.24367088576158
.22011251250903
.24331926802794
.20393811662992
.20675105353196
.2042897293965
.25632911920547
.28164556622505
.31434599061807
.25527426103751
.26125175754229
.23980309565862
.23558368782202
.2763713101546
.22433193027973
.24824191629887
.26582278807958
.24050632615884
.25316455463568
.24156117935975
.25351618230343
.22081575294336
.25984528660774
.27988748749097
.21378340820471
.23804500699043
.23558368782202
.21061884860198
.24859352906545
.24542897442977
.20956399540106
.20639944076538
.24402250846227
.20464135209719
.22679324944814
.19760899742444
.19971870382627
.26054852207502
.27742615838846
.19796062012513
.23558368782202
.21835442880789
.21343178550402
.2457805921634
.19796061515808
.20428973436356
.2405063311259
.22538678348064
.23136427998543
.28762306769689
.21729958057404
.25351617733637
.21167369683584
.2362869232893
.20745428899924
.2707454264164
.26090013980865
.24824191629887
.25316455960274
.23804500202338
.16807313760122
.29992967844009
.29535864790281
.28094234069188
.26090013980865
.22503516077995
.22890295088291
.22749648491542
.21976089477539
.19971870879332
.25808720787366
.25421941280365
.21800281604131
.2774261534214
.2362869232893
.21026723086834
.2707454264164
.22855133314927
.18565400938193
.23769339422385
.23171589275201
.18987341721853
.19971870382627
.22855133811633
.19268635412057
.21870605150859
.22222222387791
.16807313263416
.18354430298011
.2236286898454
.24964838723342
.21483825643857
.24613220492999
.23452882965406
.21343178550402
.21378340323766
.22362869481246
.22960619131724
.27601968248685
.26969057321548
.19268635908763
.21976089974244
.23277074098587
.25879043340683
.26722924908002
.24683544039726
.26054852207502
.2004219442606
.21554149190585
.1905766526858
.22890295584997
.25492264827092
.23628691832225
.25140647093455
.23804500699043
.22573840121428
.22398031254609
.22151898841063
.26547116041183
.26406469941139
.2405063311259
.23241912821929
.24472574392955
.26898733774821
.20956399540106
.2113220791022
.24085794389248
.18952180445194
.21132208406925
.20042193929354
.18213783204556
.24789029359818
.20675105353196
.20850914220015
.25597749153773
.23945147792498
.22011251747608
.24261603752772
.21448663870494
.2071026712656
.2127285550038
.21589310963949
.19163150588671
.22257384161154
.21308017273744
.2334739814202
.18530239661535
.23628691832225
.20569620033105
.18741209308306
.1976090023915
.20675105353196
.1933895945549
.22257383664449
.21483825147152
.20710267623266
.26547117034594
.24648382763068
.19163150588671
.25070323546727
.19760899742444
.23734177152316
.25070323546727
.20780590673288
.1976090023915
.24472573896249
.22679324944814
.20639943579833
.25140647093455
.21694795787334
.18284107247988
.26054852207502
.25527426600456
.25175808866819
.24191279709339
.26617439587911
.21343178550402
.21589310963949
.2594936688741
.22433192531268
.20815752446651
.21659634013971
.2390998651584
.22679324944814
.21308016777039
.2004219442606
.19479606548945
.2264416317145
.22046413520972
.24191279709339
.21905766427517
.20323488116264
.23628691832225
.2570323497057
.23523206512133
.25351617733637
.24964838226636
.21765119334062
.19725738465786
.20253164569537
.23628691335519
.25210970143477
.23804501195749
.25246132910252
.2004219442606
.27180027961731
.23382559418678
.16666666169961
.25386779507001
.2373417665561
.18600562711557
.1589310814937
.19549929598967
.20147679746151
.19022503495216
.18987342218558
.20604782303174
.22609001398087
.2362869232893
.17686357100805
.23417721688747
.22362869481246
.24507735669613
.24402250349522
.19725737969081
.23699015378952
.22995780408382
.21765119334062
.24824191629887
.23171589275201
.19620253145695
.20323487619559
.22292545934518
.24753868083159
.20639944076538
.23980309565862
.21308016777039
.20112517476082
.16350211203098
.256680727005
.22187060614427
.23452883462111
.2264416317145
.18389592071374
.17158930997054
.20464135209719
.19022503495216
.22819971541564
.21167370180289
.22151898841063
.25175808866819
.22046413520972
.18706048031648
.21132208406925
.18530238668124
.21624472737312
.23101265728474
.24331926802794
.26547117034594
.24789029359818
.19374121228854
.2348804473877
.23030942678452
.22011252244314
.2306610395511
.24542896946271
.21905766427517
.19901547332605
.17967651287715
.2830520371596
.21940928200881
.24191279709339
.22468354304632
.2528129418691
.22749648491542
.22855133314927
.22995780905088
.20358649392923
.24191279709339
.23734177152316
.2405063311259
.25914205114047
.2556258837382
.21624472240607
.22855133811633
.24613220989704
.22292545934518
.2415611743927
.2236286898454
.2306610395511
.25175808866819
.29571026563644
.21097046633561
.29324895143509
.27426159381866
.25351617733637
.32208157579104
.30696203311284
.32137834032377
.26476794481277
.28340365489324
.29043600956599
.29852320750554
.22538678348064
.25386779507001
.29535865783691
.31082981824875
.29289732376734
.35196905334791
.27953585982323
.341420541207
.33473980426788
.37165962656339
.40084387858709
.42510548233986
.41420535246531
.44268635908763
.48699016372363
.41596342126528
.39240506291389
.45639944076538
.50773558020592
.44901546835899
.56364276011785
.60267229874929
.65365682045619
.49859350919724
.33614627520243
0
0
0
0
0
0
0
0
0
0
0
0
0
0
0
0
0
0
0
0
0
0
0
0
0
0
0
0
0
0
0
0
0
0
0
0
0
0
0
0
0
0
0
0
0
0
0
0
0
0
0
0
0
0
0
0
0
0
0
0
0
0
0
0
0
0
0
0
0
0
0
0
0
0
0
0
0
0
0
0
0
0
0
0
0
0
0
0
0
0
0
0
0
0
0
0
0
0
0
0
0
0
0
0
0
0
0
0
0
0
0
0
0
0
0
0
0
0
0
0
0
0
0
0
0
0
0
0
0
0
0
0
0
0
0
0
0
0
0
0
0
0
0
0
0
0
0
0
0
0
0
0
0
0
0
0
0
0
0
0
0
0
0
0
0
0
0
0
0
0
0
0
0
0
0
0
0
0
0
0
0
0
0
0
0
0
0
0
0
0
0
0
0
0
0
0
0
0
0
0
0
0
0
0
0
0
0
0
0
0
0
0
0
0
0
0
0
0
0
0
0
0
0
0
0
0
0
0
0
0
0
0
0
0
0
0
0
0
0
0
0
0
0
0
0
0
0
0
0
0
0
0
0
0
0
0
0
0
0
0
0
0
0
0
0
0
0
0
0
0
0
0
0
0
0
0
0
0
0
0
0
0
0
0
0
0
0
0
0
0
0
0
0
0
0
0
0
0
0
0
0
0
0
0
0
0
0
0
0
0
0
0
0
0
0
0
0
0
0
0
0
0
0
0
0
0
0
0
0
0
0
0
0
0
0
0
0
0
0
0
0
0
0
0
0
0
0
0
0
0
0
0
0
0
0
0
0
0
0
0
0
0
0
0
0
0
0
0
0
0
0
0
0
0
0
0
0
0
0
0
0
0
0
0
0
0
0
0
0
0
0
0
0
0
0
0
0
0
0
0
0
0
0
0
0
0
0
0
0
0
0
0
0
0
0
0
0
0
0
0
0
0
0
0
0
0
0
0
0
0
0
0
0
0
0
0
0
0
0
0
0
0
0
0
0
0
0
0
0
0
0
0
0
0
0
0
0
0
0
0
0
0
0
0
0
0
0
0
0
0
0
0
0
0
0
0
0
0
0
0
0
0
0
0
0
0
0
0
0
0
0
0
0
0
0
0
0
0
0
0
0
0
0
0
0
0
0
0
0
0
0
0
0
0
0
0
0
0
0
0
0
0
0
0
0
0
0
0
0
0
0
0
0
0
0
0
0
0
0
0
0
0
0
0
0
0
0
0
0
0
0
0
0
0
0
0
0
0
0
0
0
0
0
0
0
0
0
0
0
0
0
0
0
0
0
0
0
0
0
0
0
0
0
0
0
0
0
0
0
0
0
0
0
0
0
0
0
0
0
0
0
0
0
0
0
0
0
0
0
0
0
0
0
0
0
0
0
0
0
0
0
0
0
0
0
0
0
0
0
0
0
0
0
0
0
0
0
0
0
0
0
0
0
0
0
0
0
0
0
0
0
0
0
0
0
0
0
0
0
0
0
0
0
0
0
0
0
0
0
0
0
0
0
0
0
0
0
0
0
0
0
0
0
0
0
0
0
0
0
0
0
0
0
0
0
0
0
0
0
0
0
0
0
0
0
0
0
0
0
0
0
0
0
0
0
0
0
0
0
0
0
0
0
0
0
0
0
0
0
0
0
0
0
0
0
0
0
0
0
0
0
0
0
0
0
0
0
0
0
0
0
0
0
0
0
0
0
0
0
0
0
0
0
0
0
0
0
0
0
0
0
0
0
0
0
0
0
0
0
0
0
0
0
0
0
0
0
0
0
0
0
0
0
0
0
0
0
0
0
0
0
0
0
0
0
0
0
0
0
0
0
0
0
0
0
0
0
0
0
0
0
0
0
0
0
0
0
0
0
0
0
0
0
0
0
0
0
0
0
0
0
0
0
0
0
0
0
0
0
0
0
0
0
0
0
0
0
0
0
0
0
0
0
0
0
0
0
0
0
0
0
0
0
0
0
0
0
0
0
0
0
0
0
0
0
0
0
0
0
0
0
0
0
0
0
0
0
0
0
0
0
0
0
0
0
0
0
0
0
0
0
0
0
0
0
0
0
0
0
0
0
0
0
0
0
0
0
0
0
0
0
0
0
0
0
0
0
0
0
0
0
0
0
0
0
0
0
0
0
0
0
0
0
0
0
0
0
0
0
0
0
0
0
0
0
0
0
0
0
0
0
0
0
0
0
0
0
0
0
0
0
0
0
0
0
0
0
0
0
0
0
0
0
0
0
0
0
0
0
0
0
0
0
0
0
0
0
0
0
0
0
0
0
0
0
0
0
0
0
0
0
0
0
0
0
0
0
0
0
0
0
0
0
0
0
0
0
0
0
0
0
0
0
0
0
0
0
0
0
0
0
0
0
0
0
0
0
0
0
0
0
0
0
0
0
0
0
0
0
0
0
0
0
0
0
0
0
0
0
0
0
0
0
0
0
0
0
0
0
0
0
0
0
0
0
0
0
0
0
0
0
0
0
0
0
0
0
0
0
0
0
0
0
0
0
0
0
0
0
0
0
0
0
0
0
0
0
0
0
0
0
0
0
0
0
0
0
0
0
0
0
0
0
0
0
0
0
0
0
0
0
0
0
0
0
0
0
0
0
0
0
0
0
0
0
0
0
0
0
0
0
0
0
0
0
0
0
0
0
0
0
0
0
0
0
0
0
0
0
0
0
0
0
0
0
0
0
0
0
0
0
0
0
0
0
0
0
0
0
0
0
0
0
0
0
0
0
0
0
0
0
0
0
0
0
0
0
0
0
0
0
0
0
0
0
0
0
0
0
0
0
0
0
0
0
0
0
0
0
0
0
0
0
0
0
0
0
0
0
0
0
0
0
0
0
0
0
0
0
0
0
0
0
0
0
0
0
0
0
0
0
0
0
0
0
0
0
0
0
0
0
0
0
0
0
0
0
0
0
0
0
0
0
0
0
0
0
0
0
0
0
0
0
0
0
0
0
0
0
0
0
0
0
0
0
0
0
0
0
0
0
0
0
0
0
0
0
0
0
0
0
0
0
0
0
0
0
0
0
0
0
0
0
0
0
0
0
0
0
0
0
0
0
0
0
0
0
0
0
0
0
0
0
0
0
0
0
0
0
0
0
0
0
0
0
0
0
0
0
0
0
0
0
0
0
0
0
0
0
0
0
0
0
0
0
0
0
0
0
0
0
0
0
0
0
0
0
0
0
0
0
0
0
0
0
0
0
0
0
0
0
0
0
0
0
0
0
0
0
0
0
0
0
0
0
0
0
0
0
0
0
0
0
0
0
0
0
0
0
0
0
0
0
0
0
0
0
0
0
0
0
0
0
0
0
0
0
0
0
0
0
0
0
0
0
0
0
0
0
0
0
0
0
0
0
0
0
0
0
0
0
0
0
0
0
0
0
0
0
0
0
0
0
0
0
0
0
0
0
0
0
0
0
0
0
0
0
0
0
0
0
0
0
0
0
0
0
0
0
0
0
0
0
0
0
0
0
0
0
0
0
0
0
0
0
0
0
0
0
0
0
0
0
0
0
0
0
0
0
0
0
0
0
0
0
0
0
0
0
0
0
0
0
0
0
0
0
0
0
0
0
0
0
0
0
0
0
0
0
0
0
0
0
0
0
0
0
0
0
0
0
0
0
0
0
0
0
0
0
0
0
0
0
0
0
0
0
0
0
0
0
0
0
0
0
0
0
0
0
0
0
0
0
0
0
0
0
0
0
0
0
0
0
0
0
0
0
0
0
0
0
0
0
0
0
0
0
0
0
0
0
0
0
0
0
0
0
0
0
0
0
0
0
0
0
0
0
0
0
0
0
0
0
0
0
0
0
0
0
0
0
0
0
0
0
0
0
0
0
0
0
0
0
0
0
0
0
0
0
0
0
0
0
0
0
0
0
0
0
0
0
0
0
0
0
0
0
0
0
0
0
0
0
0
0
0
0
0
0
0
0
0
0
0
0
0
0
0
0
0
0
0
0
0
0
0
0
0
0
0
0
0
0
0
0
0
0
0
0
0
0
0
0
0
0
0
0
0
0
0
0
0
0
0
0
0
0
0
0
0
0
0
0
0
0
0
0
0
0
0
0
0
0
0
0
0
0
0
0
0
0
0
0
0
0
0
0
0
0
0
0
0
0
0
0
0
0
0
0
0
0
0
0
0
0
0
0
0
0
0
0
0
0
0
0
0
0
0
0
0
0
0
0
0
0
0
0
0
0
0
0
0
0
0
0
0
0
0
0
0
0
0
0
0
0
0
0
0
0
0
0
0
0
0
0
0
0
0
0
0
0
0
0
0
0
0
0
0
0
0
0
0
0
0
0
0
0
0
0
0
0
0
0
0
0
0
0
0
0
0
0
0
0
0
0
0
0
0
0
0
0
0
0
0
0
0
0
0
0
0
0
0
0
0
0
0
0
0
0
0
0
0
0
0
0
0
0
0
0
0
0
0
0
0
0
0
0
0
0
0
0
0
0
0
0
0
0
0
0
0
0
0
0
0
0
0
0
0
0
0
0
0
0
0
0
0
0
0
0
0
0
0
0
0
0
0
0
0
0
0
0
0
0
0
0
0
0
0
0
0
0
0
0
0
0
0
0
0
0
0
0
0
0
0
0
0
