.84552844365438
.80991870164871
.78406504789988
.85008132457733
.81073170900345
.82487803697586
.79121951262156
.83967479070028
.8482926885287
.82504063844681
.86569106578827
.80016261339188
.82065039873123
.84260163704554
.76292681694031
.83951218922933
.81691056489944
.80211381117503
.85658538341522
.8699187040329
.85902438561122
.82682925462723
.92422765493393
.87528455257416
.90243903795878
.80178862810135
.81593495607376
.88065040111542
.8226016163826
.83739837010701
.87414634227753
.89528455336889
.87349593639374
.88682925701141
.88162602980932
.87186992168427
.85105693340302
.84650407234828
.86975610256195
.94536584615707
.83219510316849
.88731706142426
.84195121129354
.88341462612152
.87333333492279
.93447154760361
.92943090200424
.84032521645228
.92682927846909
.89463412761688
.80910569429398
.86113822460175
.84081302086512
.89398374160131
.89300813277562
.88845527172089
.8967479467392
.84406503041585
1.0156097412109
.85430894295375
.92406505346298
.87804877758026
.87333333492279
.87398374080658
.89089431365331
.8905690908432
.90959350268046
.9214633901914
.94032518068949
.94569104909897
.97707317272822
.93707317113876
.94211381673813
.88016259670258
.89869918425878
.9351219534874
.93317073583603
.95040649175644
.93739837408066
.95918697118759
.97382114330928
.89040650924047
.89154469966888
.92536586523056
.90487804015478
.89821135997772
.92699187994003
.94634145498276
.87756097316742
.88455283641815
.94601627190908
.93089431524277
.89268292983373
.9100813070933
.88357722759247
.92747968435287
.87723577022552
.93252032995224
.86780488491058
1.1073170900345
1.0065040588379
.91414634386698
.95186992486318
.97186992565791
.91658538579941
.91300813357035
.90390243132909
.98097560803095
.93967479467392
.93121951818466
.96048778295517
.98569107055664
.97544715801875
.98878049850464
.97186992565791
.92699187994003
.96682926019033
.98650407791138
.90504064162572
.93300813436508
.94926828145981
1.151869893074
.92422765493393
.94764226675034
.9882926940918
.95056909322739
.95073171456655
.9910569190979
.97024389108022
.92178863286972
1.067479689916
.93999999761581
.92552846670151
.97365852197011
1.0557723442713
.96861789623896
.99333333969116
1.0237398147583
1.027642250061
.99821138381958
.9756097594897
1.0484552383423
1.024715423584
1.0268292427063
1.0024390220642
1.006178855896
.96699188152949
.9554471373558
.9821138381958
.96406503518422
.9653658469518
1.0261788368225
.97512195507685
.94504064321518
1.0047154426575
.95528453588486
.99447156985601
.96634145577749
.94113820791245
1.0115447044373
.98699188232422
.92439025640488
.9790244102478
1.0086178779602
.95560975869497
.96617885430654
.97528457641602
.98894309997559
.95056909322739
.98065040508906
.95447154839834
.96439025799433
.9632520476977
.94780486822128
.9972357749939
.9526829123497
.91837398211161
.9752845565478
1.0087804794312
.92081300417582
.94780486822128
.97121951977412
.96699188152949
.92991870641708
.9910569190979
1.0786992311478
.93804877996445
1.0738211870193
1.0130081176758
.98048780361811
.9941463470459
.96243900060654
.94829267263412
.93902438879013
.95479673147202
.94455283880234
.94211383660634
.94487804174423
1.0086178779602
.92016259829203
.98715448379517
.97804880142212
.96422763665517
.96065040429433
.92504066228867
1.0022764205933
.97414634625117
.94878047704697
.92650407552719
.95674794912338
.94341462850571
.97235773007075
1.0538210868835
.91268293062846
1.0469918251038
1.0131707191467
.91512195269267
.91918698946635
.98130081097285
.96861787637075
.99528455734253
.98715448379517
.9508943160375
1.0650406479836
.98975606759389
.89853658278783
1.0336585044861
.96016259988149
1.0139837265015
.9852032661438
.92601627111435
.99398374557495
.96666665871938
.98357723156611
.97918701171875
1.0037398338318
.97333333889643
.95121949911118
.95528453588486
.93837398290634
.9941463470459
.94829269250234
.99560976028442
.98504066467285
1.018373966217
.91951221227646
.97821138302485
.97512197494507
.97983739773432
1.0330080986023
.96292682488759
.96325202782949
.93300813436508
.95414632558823
1.0113821029663
.93560975790024
.9585365653038
.96243902047475
.92861787478129
.98048780361811
1.0073170860608
.97934959332148
.9588617682457
.95089429616928
.94048780202866
.97951221466064
.93691056966782
.97853658596675
.95447154839834
.9190243879954
.98910568157832
.99040651321411
.98292684555054
1.0094308853149
.9811382095019
1.012195110321
.9317073225975
.9824390411377
.96926830212275
.98016262054443
1.0248780250549
.91203252474467
1.033983707428
.9814634124438
.93967479467392
1.0243902206421
.9941463470459
.98813009262085
.99934959411621
.96829267342885
1.0011382102966
1.0245528618495
.96455285946528
.94569104909897
.9554471373558
.9622764190038
.96048780282338
1.0066666603088
.98243902126948
.9526829123497
.92016259829203
.96341462930044
.98975610733032
.92682927846909
.95235770940781
1.036910533905
.9499186873436
1.0227642059326
1.0136585235596
1.0443902015686
.97853656609853
1.0164227485657
1.0050406654676
1.0343089501063
.98780488967896
.91252034902573
.91154474020004
.98585367202759
.98162601391474
.98536586761475
.92390245199203
.96211381753286
.95317073663076
.96813009182612
1.0328454971313
.9317073225975
.95447152853012
1.0001626014709
1.0138211250305
.99788618087769
.95609754323959
.94455283880234
.99154472351074
.88552844524384
.95056909322739
1.015284538269
1.0001626014709
.99577236175537
1.0048780441284
.97463417053223
.95268293221792
.96065038442612
.98081300656001
.99528455734253
1.024552822113
.96650405724843
.96146339178085
.93235772848129
.91544717550278
.94048780202866
.92682927846909
.95219512780507
1.0323576927185
.94894309838613
.98943090438843
1.0006504058838
1.0013008117676
1.0159349441528
.96032520135244
.95642274618149
.97967479626338
1.0305690765381
.9814634124438
1.0125203132629
1.050569097201
1.0172357559204
1.036910533905
.96634145577749
.98439025878906
.96357721090317
.96081300576528
.96455283959707
.97609758377075
.97040651241938
.90829267104467
.94130080938339
.97073169549306
.98308942715327
.98731708526611
.91430894533793
.92487806081772
.92146342992783
1.0362601677577
.98552846908569
1.0164227485657
.93658536672592
.91235772768656
.97430894772212
.98487804333369
.96292682488759
.96959350506465
.93886178731918
.96731706460317
.9203252196312
.96048778295517
.97886178890864
.9941463470459
.93430894613266
.9001625974973
.99235773086548
.98747968673706
.93121951818466
.92715446154277
.97951221466064
.95447152853012
.95626016457876
.90747966368993
1.1604877710342
.99934959411621
.9848780632019
.95756097634633
.98292684555054
.98341464996338
.9793496131897
.97739839553833
.96520324548086
.91918700933456
.88845527172089
.94422763586044
.96308942635854
.94146341085434
.98341464996338
.97382116317749
.91869918505351
.93024390935898
.99642276763916
.9378861784935
.9554471373558
.93593496084213
.93609756231308
.95642274618149
.97544717788696
.93853658437729
.98276424407959
1.0004878044128
.94081300497055
.98178863525391
.98195123672485
.93495935201645
.91008128722509
.92211383581161
.96991870800654
.99008131027222
.93837398290634
.97691057125727
.97365854183833
.95333331823349
.99772357940674
.95788617928823
.98780488967896
.97479675213496
.99626016616821
.99886176983515
.94487804174423
1.0419512192408
.95967479546865
1.0199999809265
.96065040429433
.97512195507685
.95105689764023
.94341462850571
1.0019512176514
.9526829123497
.9557723402977
.98406505584717
.9378861784935
.98471546173096
.92845529317856
.95593496163686
.93918699026108
.94715446233749
.9437398314476
.98878049850464
.97463417053223
1.0128455162048
.94146341085434
1.0182113647461
.96926830212275
.91837398211161
.97121951977412
.9530081152916
.98000001907349
.94439023733139
.9320325255394
.88243901729584
.94211381673813
.92422765493393
.97495935360591
.90926829973857
.95333331823349
.95495935281118
.92520326375961
.99089431762695
.97056911389033
1.0193495750427
.91869920492172
1.0065040588379
.99902439117432
.95886178811391
.93869918584824
.97626016537348
.92292684316635
.92487806081772
.94178861379623
.97170732418696
.96601625283559
.95495933294296
.98146343231201
.97869918743769
.9756097594897
.90878047545751
.99317073822021
.9595121939977
.94634145498276
.97414634625117
.92178863286972
.97918701171875
.98081302642822
.97723577419917
.96764226754506
.95154470205307
.92780488729477
.92796748876572
.9619511961937
.92357724905014
.91902440786362
.98552846908569
.94617885351181
.95577236016591
1.0082926750183
.95837396383286
.9406504034996
.96601625283559
.95138210058212
.9073170820872
.90552844603856
.96617885430654
.94243901968002
.99609756469727
.89073169231415
.91121951738993
.9465040564537
.93463414907455
1.0151219367981
.94032520055771
.96373981237411
.96764228741328
.98276424407959
.94081302483877
.99642276763916
.93804877996445
.93495935201645
.94439023733139
1.0417885780334
.9814634124438
.96601625283559
.97577236096064
.99154472351074
1.0043902397156
.91105691591899
.98747968673706
.97008130947749
.93073171377182
.94845527410507
.96780486901601
.94747966527939
.95138210058212
.87934958934784
1.0032520294189
.8847154378891
.99886178970337
.95430892705917
.95707315206528
.92569106817245
.95040649175644
.94975608587265
.96796747048696
.94764226675034
.93951219320297
.95203250646591
.93300813436508
.95463414986928
.99772357940674
.99349594116211
.93642276525497
.92943090200424
.90032519896825
.96780488888423
1.0022764205933
.90113820632299
.9725203315417
1.0071544647217
.96032518148422
.97170732418696
.93105691671371
1.0260162353516
1.0027642250061
.96032518148422
.9437398314476
.97300813595454
.97170730431875
1.0076422691345
.9406504034996
.98065042495728
.95528455575307
.95138210058212
.94601625204086
.97430894772212
.8730081319809
.98032520214717
.93089431524277
.94894307851791
.9687804778417
.9351219534874
.97691057125727
.93284553289413
.96178861459096
.95154470205307
.95723577340444
.98341463009516
.92178861300151
1.0039024353027
.96390243371328
.96065040429433
.92975610494614
.93739837408066
1.0014634132385
1.0117073059082
.94764226675034
.93398374319077
.95414632558823
1.0108942985535
.94747966527939
.97512195507685
.91723577181498
.95495933294296
.96487804253896
.94325202703476
.96764228741328
.93577235937119
.95902438958486
.86162602901459
.94292682409286
.90211379528046
.98666667938232
.97121951977412
.90585364898046
.95008128881454
.96601625283559
.96406505505244
.98682928085327
.96032520135244
.93154472112656
.9910569190979
.9063414533933
.93723577260971
.99479675292969
.89869918425878
.94162601232529
.94829267263412
.96243902047475
.96048780282338
.92520326375961
.94146341085434
1.0079674720764
.99869918823242
.96747966607412
.96715448300044
.90682927767436
.96813009182612
.94829267263412
.92260164022446
.94975608587265
.9554471373558
.93105691671371
.96504064400991
.97333333889643
1.0056910514832
.93902438879013
.90894309679667
.96601627270381
1.0426015853882
.89788615703583
.9691057006518
.91252032915751
.9468292593956
.97300811608632
.9014634291331
.98016260067622
.89821137984594
.99495935440063
.9653658469518
.93252032995224
.99967479705811
.96520326534907
.96439025799433
.96178861459096
.95219512780507
.96276420354843
.94146341085434
.9437398314476
.9879674911499
.97788618008296
1.0266666412354
.9756097594897
.98878049850464
.97203252712886
.86878049373627
.9440650343895
1.0169105529785
.93333333730698
.9712194999059
.96276422341665
.98439025878906
.95739837487539
.97170732418696
.88910567760468
1.0408130089442
.93495935201645
.89056911071142
1.0069918632507
.92845529317856
.9536585410436
.92878049612045
.97479675213496
.95252031087875
.88260161876678
.92162603139877
.97268293301264
.96943088372548
.96211379766464
.99707317352295
.93008130788803
.92682927846909
.96471544106801
1.0003252029419
.98585367202759
.95739835500717
.98699188232422
.95056909322739
.93105691671371
.96894307931264
.9656910498937
.95804876089096
.93853658437729
.91642276446025
.95008128881454
.94699186086655
.97674794991811
.96650405724843
1.0232520103455
.95495935281118
.99593496322632
.89707316954931
.94487804174423
.95479675134023
1.0239024162292
.94260162115097
.90682925780614
.94569104909897
.91560975710551
.96796747048696
.92861789464951
.93024390935898
.99463415145874
.8905690908432
.95203252633413
.97284555435181
.93154472112656
.98975610733032
.93463414907455
.95691057046254
.9687804778417
.88520324230194
1
.95837398370107
.90406503280004
.93138211965561
.89967479308446
.91121951738993
.98162603378296
.878861784935
.93056911230087
.91121951738993
.97674798965454
.95772357781728
.92097560564677
.97300811608632
.94390243291855
.96715446313222
.9879674911499
.99593496322632
1.036910533905
.91056911150614
.94455283880234
.92650407552719
.88211381435394
.91918700933456
.88910567760468
.90276422103246
.91691056887309
.92065042257309
.91788617769877
.96178861459096
.97707319259644
.93008130788803
.9141463637352
.86243903636932
.9468292593956
.9440650343895
.94845527410507
.90065040191015
.97902439037959
1.0391869544983
.95707317193349
.92601625124613
1.0120325088501
.92650407552719
.94422763586044
.9526829123497
.90552844603856
.92943090200424
.9495934844017
.9100813070933
.9110569357872
.8843902349472
.8973983724912
.96650405724843
.95219510793686
.96617887417475
.9824390411377
.90146340926488
.93983739614487
.91040652990341
.92276422182719
.94731706380844
.93365854024887
.92926830053329
.94260162115097
.92422765493393
.94569104909897
.92016261816025
.96373983224233
.95609754323959
.88617885112762
.92845527331034
.92845529317856
.95170730352402
.96682926019033
.91853660345078
.92943090200424
.88731706142426
.93495935201645
.96178861459096
.95105689764023
.92747968435287
.92861789464951
.88552846511205
1.0478048324585
.93707317113876
.93284553289413
.89317071437836
.9879674911499
.93560975790024
.96780488888423
.94601625204086
.96780486901601
.9783739844958
.90455283721288
.97008128960927
.96211379766464
.8933333158493
.95479673147202
.93154472112656
.93154472112656
.97756099700928
.96959348519643
.92097562551498
.95869918664296
.9289430975914
.94032520055771
.95317071676254
.94861787557602
.93918699026108
.93658536672592
.90146340926488
.9468292593956
.92227643728256
.93674796819687
.89447152614594
.93056911230087
.92666667699814
.94357722997665
1.0424390236537
.95560973882675
.94878047704697
.92406503359477
.99658536911011
.99121952056885
.96601627270381
.89073171218236
.9104065100352
.88829267024994
.92943090200424
.93674796819687
.90569106737773
.97333333889643
.89138209819794
.89918696880341
.9619511961937
.96308940649033
.90032519896825
.91479674975077
.96487804253896
.94666665792465
.87934958934784
.91349591811498
.92666667699814
.86878049373627
.94162601232529
.91414634386698
.91983741521835
.90308944384257
.98178863525391
.95560975869497
.9619511961937
.95203252633413
.89073171218236
.92113822698593
.90975612401962
.97447154919306
.91268291076024
.94048780202866
.8933333158493
.91414634386698
.96048778295517
.9351219534874
.99089431762695
.87365853786469
.90731706221898
.86178861061732
.87821139891942
.85268292824427
.93382114171982
.97544717788696
.96308942635854
.92666665712992
.92504066228867
.98585367202759
.94178861379623
.91398376226425
.91983739535014
.94666667779287
.88390245040258
.95593494176865
.93837398290634
.98048782348633
.86455285549164
.92666667699814
.93609756231308
.94016259908676
.90065040191015
.87642276287079
.91691056887309
.9378861784935
.95772355794907
.90195119380951
.93398374319077
.92682927846909
.88504064083099
.9821138381958
.93268293142319
.90520324309667
.93414634466171
.93821138143539
.93186992406845
.90439023574193
.90975610415141
.96406503518422
.92292684316635
.93853658437729
.94195121526718
.92747968435287
.9162601629893
.96959348519643
.99024391174316
.98195121685664
.86016261577606
.98195123672485
.94048780202866
.9626016219457
.92780488729477
.91626018285751
.92487806081772
.95219510793686
.92227641741435
.9406504034996
.94325202703476
.9131707350413
.92699187994003
.90032517910004
.90682927767436
.91219512621562
.93121951818466
.90097560485204
.87560975551605
.9746341307958
.94699186086655
.93869918584824
.94894307851791
.93284553289413
.89300811290741
.91430896520615
.93105691671371
.89886176586151
.91756099462509
.8847154378891
.93674796819687
.87528455257416
.90471545855204
.94780486822128
.91121951738993
.88113820552826
.9004878004392
.93626016378403
.93219512701035
.90422761440277
.96617885430654
.96796747048696
.92243903875351
.89658534526825
.95056909322739
.91154472033183
.94162601232529
.89284551143646
.87934958934784
.91593497991562
.9715447028478
.93886178731918
.92471545934677
.95495933294296
.9125203092893
.92292684316635
.91528457403183
.92731708288193
.91170732180278
.88130080699921
.95121949911118
.87821137905121
.89219512542089
.89642276366552
.92569106817245
.91414634386698
.91170734167099
.92178863286972
.92162603139877
.93934959173203
.93528455495834
.90308942397436
.95999999841054
.95170730352402
.8551219701767
1.0047154426575
.87056910991669
.94747966527939
.89447152614594
.88227641582489
.90373982985814
.93317073583603
.85154471794764
.85430896282196
.89707314968109
.94487804174423
.92650407552719
.92878049612045
.89934957027435
.97691059112549
.87512195110321
.90422763427099
.93300813436508
.86455285549164
.92520326375961
.88520324230194
.9113821387291
.90959350268046
.97105691830317
.93853658437729
.89658534526825
.91544717550278
.86162602901459
.86325204372406
.94130080938339
.90032519896825
.98048782348633
.98292682568232
.93788619836171
.96861787637075
.93154472112656
.91284553209941
.88682925701141
.88731706142426
.90943090120951
.88113820552826
.94520324468613
.91056913137436
.85252032677333
.85967481136322
.85154473781586
.89577233791351
.91073171297709
.87772357463837
.96780486901601
.88585364818573
.90617885192235
.91138211886088
.93999999761581
.88048779964447
.93626016378403
.92813009023666
.90569104750951
.87560975551605
.94731706380844
.92926830053329
.8843902349472
.91674798727036
.96943088372548
.92211383581161
.89609756072362
.89170730113983
.93056911230087
.91463414827983
.91593497991562
.90487806002299
.8730081319809
.95154472192128
.90796746810277
.92747966448466
.9200000166893
.84130080540975
.94487804174423
.92699187994003
.91934961080551
.869593501091
.92926830053329
.89886178572973
.96373983224233
.90504064162572
.89886178572973
.87560975551605
.85186994075775
.87967479228973
.89934961001078
.87365853786469
.91349591811498
.87430894374847
.89349591732025
.93593496084213
.87658536434174
.96585369110107
.92471545934677
.90097560485204
.8995121717453
.91756095488866
.82731705904007
.93577235937119
.91658538579941
.92081302404404
.86569106578827
.91040649016698
.87983739376068
.92878049612045
.9001625974973
.87756097316742
.85495934883753
.95626014471054
.93382114171982
1.0344715118408
.95333331823349
.91300815343857
.84666665395101
.86520324150721
.92097560564677
.90227643648783
.90650405486425
.91138211886088
.84536584218343
.90341462691625
.88292682170868
.91983741521835
.89398372173309
.90065040191015
.87365853786469
.94325202703476
.85430896282196
.88975608348846
.9094308813413
.91658538579941
.94260162115097
.86471545696259
.8933333158493
.88617885112762
.84943089882533
.88308942317963
.87869918346405
.88227641582489
.89739835262299
.8905690908432
.88097560405731
.89235770702362
.87186992168427
.8452032605807
.93804877996445
.91056911150614
.95398372411728
.98861789703369
.88894307613373
.87739837169647
.86878049373627
.88390243053436
.88650405406952
.93089431524277
.9131707350413
.90373982985814
.96455285946528
.97609756390254
1.0196747779846
1.108780503273
.94845527410507
.95268293221792
.97138210137685
.99138212203979
.95349591970444
.97804880142212
.98861789703369
.99008131027222
1.0068292617798
.98813009262085
.99024391174316
1.0494309266408
.99121952056885
.96439023812612
.94617885351181
.98390245437622
.99658536911011
.98000001907349
.94520324468613
1.0512195030848
.96650405724843
.97040649255117
1.0440649986267
.9598373969396
1.0364227294922
.97886178890864
.98975610733032
1.0160975456238
.99658536911011
1.009105682373
1.0013008117676
.97170732418696
1.0167479515076
.9762601852417
.97056911389033
.99040651321411
.99138212203979
.9557723402977
1.0323576927185
1.0424389839172
1.0518698692322
.95739837487539
1.0045528411865
.95934959252675
1.0076422691345
.96585365136464
1.0481300354004
1.012357711792
.9656910498937
.97577236096064
.98959350585937
1.0256910324097
1.040162563324
1.0186991691589
.99495935440063
.97902439037959
.94666665792465
.95739837487539
1.0141463279724
.98211381832759
.97723579406738
1.0047154426575
1.0055284500122
1.0120325088501
.99577236175537
.96292682488759
1.0050406455994
.90504064162572
1.0112195014954
1.0261788368225
1.0182113647461
.97463415066401
.94894307851791
1.0147967338562
.98650407791138
.98390245437622
.96780486901601
.98715448379517
1.0336585044861
1.0048780441284
.98390245437622
.99186992645264
1.0240650177002
.97853658596675
.95999999841054
1.0089430809021
.9474796851476
1.0063414573669
1.0517073074977
.97121951977412
.97463415066401
.97934959332148
1.0356097221375
1.0139837265015
1.0141463279724
1.0427641868591
.99170732498169
.95756095647812
1.0076422691345
1.0102438926697
1.0653658310572
.97333333889643
.97723579406738
.98536586761475
.98747966686885
1.1297560930252
1.0419511795044
1.0065040588379
.98845529556274
.95186990499496
1.0125203132629
.98471546173096
1.0284552574158
.95886178811391
.97268291314443
.97739837567012
.95186990499496
1.0175609588623
1.0458536148071
.98211381832759
.95512193441391
.99495935440063
1.0234146118164
1.0653658310572
1.0213007926941
1.0001626014709
1.0120325088501
1.0104064941406
.97853660583496
1.0281300544739
1.0258536338806
1.0357723236084
1.0323576927185
.95105689764023
1.018536567688
1.0502438942591
.99479675292969
1.0078048706055
1.0053658485413
.96617887417475
.97170732418696
.99268293380737
1.078048825264
1.0040650367737
.97365854183833
1.0505690574646
1.0040650367737
1.0530080795288
1.0084552764893
1.0398373603821
1.0099186897278
.98308942715327
.99463415145874
.98878047863642
1.0125203132629
1.0147967338562
.93804877996445
1.0141463279724
.99951219558716
1.0273170471191
.9842276374499
1.0445528030396
.98097562789917
1.0261788368225
.98195123672485
1.0022764205933
.99317073822021
1.0243902206421
.99447154998779
1.0021138191223
.98471544186274
1.0447154045105
.96682926019033
1.0076422691345
1.0056910514832
1.0188617706299
.99333333969116
.95430892705917
.96032520135244
.9721951285998
.94878047704697
1.0396747589111
1.0094308853149
.99577236175537
.96813007195791
.99495935440063
1.038211385409
.993821144104
.98341464996338
.99756097793579
1.0343089103699
.97707317272822
.99528455734253
1.0783740282059
.996910572052
1.064227660497
1.0343089103699
.95691055059433
1.0237398147583
1.0491056839625
1.0065040588379
1.0235772132874
1.0180487632751
1.0417885780334
.9557723402977
1.0120325088501
1.0468292236328
1.0013008117676
1.1154471635818
1.0325202941895
.96861789623896
1.0343089103699
1.040162563324
1.0424389839172
1.0372357368469
1.0325202941895
1.1154471635818
.99284553527832
1.0248780250549
1.0682926972707
1.0824390649796
1.1069918870926
1.0743089516958
1.056910554568
1.1354471445084
1.0562601884206
1.0167479515076
1.090243935585
1.1107317209244
1.0583739678065
1.0622764428457
1.0837398370107
1.1084553003311
1.1193495988846
1.1331707239151
1.2068292697271
1.219512184461
1.3408130009969
1.3240650494893
1.4609756072362
1.4769105911255
1.5396747986476
1.6078048547109
1.694634159406
1.7938211758931
1.8837398290634
1.9777235587438
2.0855284531911
2.2603251934052
2.2910568714142
2.4782113234202
2.6465040842692
2.8390244642893
3.0147966543833
3.1736585299174
3.34943095843
3.5266666412354
3.5874796708425
3.6876423358917
3.6900813579559
3.6708943843842
3.7704064846039
3.6120324929555
3.6230893929799
3.5195122559865
3.5570731957754
3.3754471143087
3.211544752121
3.1203251679738
3.0783739884694
2.9834146499634
2.8608130613963
2.7630894184113
2.689756155014
2.5611381530762
2.4795122146606
2.450731754303
2.3297560214996
2.2991869449615
2.1707317829132
2.0747966766357
2.0686178207397
2.0173983573914
1.9904065132141
1.9196747938792
1.8321951230367
1.7772357861201
1.8056910435359
1.688617904981
1.6413007974625
1.6640650431315
1.5573983589808
1.5295935074488
1.5580487648646
1.4632520278295
1.413983742396
1.3643902540207
1.3578861951828
1.2432520389557
1.3178861538569
1.3063414494197
1.1853658358256
1.159512201945
1.1713821093241
1.0931707620621
1.2417886257172
1.0756098031998
1.1110569238663
1.0312194824219
1.1040650606155
1.0551219383876
1.0570731560389
1.0718699296316
1.0211381912231
1.1351219415665
1.0562601089478
1.0474796295166
1.0198373794556
1.0731707811356
1.0580487251282
1.0373983383179
1.024715423584
1.0595121781031
1.0578861633937
1.0385365486145
1.1017886400223
1.0073170661926
1.0167479515076
1.0731707413991
.99414632717768
.96016259988149
1.0439023971558
1.0211381912231
1.0390243530273
1.0294308662415
1.0341463088989
1.0486178398132
.99463415145874
1.0487804810206
.98292684555054
1.0479674339294
1.0128455162048
1.0417886177699
1.0411381721497
1.0414633750916
1.0469918251038
1.0260162353516
1.0196747779846
1.0256910324097
1.0416259765625
.9879674911499
1.0617885986964
.97365854183833
1.0039024353027
1.0299186706543
1.0292682647705
1.0016260147095
1.052357673645
1.0352845191956
1.043089389801
.99317073822021
1.0032520294189
.99918699264526
1.0094308853149
1.0585366090139
1.0435771942139
1.0097560882568
1.0229268074036
.95333331823349
1.0001626014709
.95902438958486
1.0682926575343
1.0162601470947
.98260164260864
1.035121957461
.9526829123497
.96422763665517
.99577236175537
.9499186873436
1.0095934867859
1.0045528411865
1.0204877853394
1.0104064941406
1.0281300544739
.96682926019033
1.0136585235596
1.0110569000244
1.027642250061
1.0056910514832
.99170732498169
1.015284538269
1.0204877853394
.98162603378296
1.0001626014709
.99089431762695
.99642276763916
1.0427642265956
1.0017886161804
1.0718699296316
.97284553448359
1.0362601280212
.96097560723623
1.0146341323853
1.0375609397888
1.0951219797134
.96943088372548
1.0069918632507
.98032520214717
.98601627349854
.99024391174316
1.0170731544495
.98308944702148
1.0099186897278
1.0427641868591
1.0248780250549
.99430894851685
.99853658676147
1.0040650367737
.99902439117432
.99268293380737
.99170732498169
1.0099186897278
1.0019512176514
1.0178861618042
1.024715423584
1.0081300735474
.99300813674927
1.0655284325282
.96699186166128
.95837398370107
.98780488967896
1.0260162353516
1.0390243530273
1.0073170661926
.99186992645264
1.0086178779602
.99788618087769
1.0585365692774
.95528453588486
.9879674911499
1.0138211250305
1.0100812911987
.98422765731812
.99447154998779
1.0219511985779
.99869918823242
.99154472351074
1.0626016060511
1.0178861618042
.99398374557495
.95626014471054
.98308942715327
1.056747953097
1.0790244340897
.94780486822128
.95398374398549
1.0377235412598
1.012195110321
.97983739773432
1.0019512176514
.94894307851791
1.0108942985535
1.0393495559692
1.0318698883057
1.0011382102966
1.0479674736659
1.0149593353271
1.018373966217
.98308944702148
.97105691830317
1.0300812721252
1.0424389839172
.97300813595454
1.0138211250305
1.0195121765137
1.0252032279968
1.0147967338562
1.0258536338806
.98731708526611
.96861787637075
1.0003252029419
1.0052032470703
1.1360975503922
1.0203251838684
1.0136585235596
.99040651321411
1.0074796676636
.99447154998779
1.0996748209
1.052357673645
.96861789623896
.95756097634633
1.024552822113
.98536586761475
1.0274796485901
1.05382112662
1.0047154426575
1.0334959030151
1.024552822113
.99739837646484
1.009105682373
1.0157723426819
1.0130081176758
1.0427641868591
1
1.0203251838684
.98000001907349
.97105689843496
.97528457641602
1.0325202941895
.95626014471054
1.0570731560389
.96016258001328
.98845529556274
1.055447101593
1.0640650590261
.97756099700928
.99707317352295
.99463415145874
1.0086178779602
1.0071544647217
1.0773984193802
1.0827642679214
.96097558736801
.96552844842275
1.08422768116
.98845529556274
1.0439023971558
.98878049850464
.94585365056992
.98195121685664
1.0118699073792
1.0204877853394
.98195123672485
1.0377235412598
.96081300576528
1.0165853500366
1.0201625823975
.98780488967896
.97203252712886
.95772355794907
1.0229268074036
.98780488967896
.9647154211998
1.0009756088257
.95821136236191
.993821144104
1.0063414573669
.98552846908569
1.0299186706543
.99252033233643
.97983741760254
1.0134959220886
1.009105682373
1.0032520294189
1.0679674943288
1.0108942985535
.96357723077138
1.0208129882812
.99317073822021
.9687804778417
1.0313820838928
.95658534765244
1.006178855896
.9656910498937
1.0213007926941
.97918701171875
.9712194999059
1.0066666603088
1.0365853309631
1.0730081399282
.97642276684443
1.0235772132874
1.0756097634633
1.0326828956604
1.0008130073547
.98813009262085
1.021625995636
.9694309035937
.99024391174316
.97804880142212
1.0022764205933
.95837396383286
1.0073170661926
.99544715881348
.94536584615707
1.0095934867859
.99853658676147
1.0040650367737
.9261788725853
1.0178861618042
.97756097714106
1.0284552574158
.97658536831538
1.021625995636
.9347967505455
1.0081300735474
1.0040650367737
.97691057125727
.94910569985708
1.0297560691833
.96552844842275
1.0422763824463
1.0149593353271
.99300813674927
1.0146341323853
.94357722997665
1.0382113456726
1.0045528411865
.9567479689916
1.0173983573914
.99447154998779
1.0079674720764
1.0013008117676
1.0165853500366
1.0162601470947
1.0087804794312
.97300811608632
1.0217885971069
1.0053658485413
1.0580487648646
.96943088372548
1.0016260147095
1.0757723649343
.99544715881348
1.0045528411865
.96357721090317
.9684552748998
.99772357940674
.97024391094844
1.0188617706299
.98813009262085
1.0469918251038
1.0113821029663
1.0112195014954
1.0144715309143
1.0440649986267
1.0639024575551
1.0201625823975
1.0138211250305
.95869918664296
1.0639024178187
1.0448780457179
1.0133333206177
.98878049850464
.94894307851791
.98341464996338
1.0362601280212
.95918697118759
.94455283880234
.97479675213496
1.0039024353027
1.0118699073792
.97024391094844
1.074959397316
.99918699264526
1.0635772148768
.98130083084106
.98796747128169
1.0239024162292
.99739837646484
.97609756390254
.99528455734253
.98146343231201
.98536584774653
.94699186086655
1.01544713974
.99252033233643
1.0003252029419
1.0227642059326
1.0328454971313
1.0512195030848
.98276422421137
1.0281300544739
.96130081017812
.96699186166128
.99479675292969
1.0147967338562
1.0095934867859
.97788618008296
1.0001626014709
1.0211381912231
1.0382113456726
.99886178970337
.95300813515981
.97642278671265
.99121950070063
.93154472112656
.99349594116211
1.0295934677124
1.040162563324
1.0465040206909
.99365854263306
1.0165853500366
1.0055284500122
1.0144715309143
1.0199999809265
1.0173983573914
1.0269918441772
1.0134959220886
1.0149593353271
.97089429696401
.9824390411377
.99349594116211
1.0076422691345
1.0421137809753
.96796749035517
1.0110569000244
1.0271544456482
.98032520214717
1.0159349441528
.99203252792358
.99577236175537
.98682928085327
1.0352845191956
1.0271544456482
.94666665792465
1.006016254425
1.0165853500366
.98081300656001
.99333333969116
1.0608129898707
1.003089427948
.97495937347412
.99333333969116
1.0095934867859
1.027642250061
.98780488967896
1.0508943001429
1.0045528411865
.93577235937119
.97869918743769
1.0108942985535
.97512195507685
.99544715881348
.96991868813833
1.1222764253616
1.0478048721949
1.0346341133118
1.0406503677368
.96341462930044
.95170730352402
1.0017886161804
.97593496243159
.97999999920527
.97365854183833
.98439025878906
.93349593877792
1.0104064941406
1.0086178779602
.99138210217158
1.0206503868103
1.003089427948
1.0052032470703
1.009105682373
1.0144715309143
1.0299186706543
.98406505584717
1.0219511985779
.97674796978633
1.0541463295619
.97788618008296
1.0094308853149
1.0593495766322
1.0048780441284
.95414634545644
.96585365136464
1.0217885971069
1.0138211250305
.95121949911118
.97902439037959
1.0372357368469
.98308944702148
1.0517072677612
1.006178855896
.99951219558716
1.0547967751821
1.0534959236781
1.0499186913172
1.015284538269
.96130081017812
1.0043902397156
.98439025878906
.99268293380737
.97609758377075
1.0250406265259
.99593496322632
.9626016219457
.99040651321411
.93772357702255
.99902439117432
1.0541463295619
.97626016537348
.97024391094844
1.0235772132874
1.0513821045558
1.0260162353516
1.030731678009
1.0426015853882
.99463415145874
1.0021138191223
.98764228820801
.97121951977412
1.0052032470703
.96325202782949
.97788619995117
.93463414907455
.94308942556381
.98747968673706
.99219512939453
1.0256910324097
.99512195587158
.9378861784935
.98943090438843
1.0003252029419
.99886178970337
.99121952056885
.96650405724843
1.0406504074732
1.04634141922
.99349594116211
.99300813674927
.93447154760361
1.0047154426575
1.0115447044373
1.0294308662415
.99869918823242
1.033983707428
.94552844762802
.99495935440063
.95560973882675
1
1.0069918632507
1.0042276382446
1.009268283844
.99235773086548
1.0287804603577
1.0573983192444
.98666667938232
1.0052032470703
1.0468292236328
.97691059112549
.94357722997665
1.0351219177246
1.0195121765137
1.0159349441528
1.0299186706543
1.024715423584
1.0074796676636
.97479675213496
1.0534959236781
1.0297560890516
.97788616021474
1.0580487648646
.99300813674927
.95934957265854
1.0518699089686
.93268293142319
.95333331823349
1.01544713974
1.024715423584
.99918699264526
1.0310568809509
.94829267263412
.98601625363032
.96292682488759
.96780488888423
1.0082926750183
1.0016260147095
1.0232520103455
1.0026016235352
.96764226754506
.95479673147202
.97560977935791
1.0243902206421
.98439025878906
1.021625995636
1.0385365486145
.98585365215937
1.0213007926941
.98292684555054
.93886178731918
1.0450406471888
.96926830212275
.93886178731918
.9852032661438
.98682928085327
1.0104064941406
.99756097793579
.95739835500717
.96308942635854
.98081302642822
1.0295934677124
.99869918823242
1.0065040588379
.96926828225454
.99430894851685
.95918699105581
1.0027642250061
.96796749035517
.99398374557495
.96959350506465
1.021625995636
.95300813515981
1.006016254425
.92861789464951
.96764228741328
.95853658517202
1.0034146308899
1.0206503868103
1.044390241305
.97252031167348
.97821140289307
.98065042495728
.95479673147202
.95008128881454
.91983741521835
1.0300812721252
.99398374557495
.95739835500717
1.0120325088501
.98959350585937
.99024391174316
.99495935440063
.94601625204086
.97495935360591
.97772357861201
1.0034146308899
.9852032661438
.94260162115097
.9842276374499
1.0164227485657
.96308942635854
.9406504034996
.93804877996445
.9962601463
.93609756231308
.98016262054443
.95333331823349
.95235770940781
.97219514846802
1.0050406455994
1.0250406265259
.98065042495728
.98341464996338
1.0008130073547
.93398374319077
.98764228820801
1.0043902397156
1.0170731544495
.94390243291855
.96097560723623
.96243900060654
1.0050406455994
.92747968435287
.91918700933456
.98113822937012
.98552846908569
.96406503518422
1.0621138413747
.91512195269267
.98260164260864
.97073171536128
1.0050406455994
.98943090438843
.90373982985814
.9437398314476
.99300813674927
.94471544027328
.9824390411377
.97073169549306
.95821138223012
1.0125203132629
.90113820632299
.96243902047475
.95203250646591
1.0279674530029
.98227641979853
.96048780282338
.99674797058105
.96601625283559
.97544715801875
1.0260162353516
.93626016378403
.99089431762695
.97869920730591
.95593496163686
.99512195587158
.93772357702255
.90861789385478
.96276420354843
1.0104064941406
.91447156667709
.91609758138657
.99024391174316
.97869918743769
.92634147405624
1.0045528411865
.96390243371328
.97268293301264
.99349594116211
.9712194999059
.9588617682457
.98195123672485
.97723577419917
1.0074796676636
.98975610733032
1.0585365692774
.94113820791245
.9564227660497
.89609756072362
1.0185365875562
.95772357781728
.99837398529053
1.0226016044617
.96926830212275
.9440650343895
.96861789623896
1.0004878044128
.95154470205307
.89999999602636
.97186992565791
.95430892705917
.98991870880127
.94634145498276
.95723579327265
.9499186873436
.99902439117432
.95382114251455
.97642276684443
.99008131027222
.98471544186274
.95479675134023
.9814634124438
.95170730352402
.97300811608632
.97788618008296
.93024390935898
.94585365056992
.96422763665517
.9941463470459
.97967479626338
.94341462850571
.9104065100352
.93723577260971
.9595121939977
.96081300576528
.93626016378403
1.0008130073547
.94422763586044
.94634145498276
.97121951977412
1.0009756088257
.91902440786362
.93414634466171
.98878049850464
.9261788725853
.97382114330928
.95674794912338
.96910568078359
.92471545934677
.94617885351181
.98325204849243
1.0858536958694
1.0213007926941
.9004878004392
.95317071676254
.98357725143433
1.03089427948
.9468292593956
.95918699105581
.96455285946528
.94585365056992
.98861789703369
.99983739852905
.996910572052
.97447152932485
1.0131707191467
.96861789623896
.96422763665517
1.0017886161804
.94731706380844
.92520326375961
.93463414907455
.93772357702255
.97479677200317
.92471545934677
.95268293221792
1.0136585235596
.95186990499496
.92715448141098
.94504064321518
.95902438958486
.89284553130468
.92747968435287
.9616259932518
.91967481374741
1.009268283844
.88406503200531
.93528455495834
.96894309918086
.95414634545644
.97252031167348
1.047479669253
.94113820791245
.97008130947749
.98227643966675
.93593496084213
.90243901809057
.90975610415141
.92260164022446
.95967477560043
.89723577102025
.98308944702148
.95999999841054
.92130082845688
.9289430975914
1.0138211250305
.92975610494614
.93739837408066
.98926830291748
.87967479228973
.94536584615707
.89235772689184
.93560975790024
.91674796740214
.90130080779394
.89707314968109
.87495934963226
.87707316875458
.92731708288193
.9134959379832
.92260164022446
.91365853945414
.90861789385478
.95902438958486
.91544715563456
.89040648937225
.872682929039
.92146342992783
.89186992247899
.97577238082886
.89528453350067
.90471545855204
.89382112026215
.93983739614487
.88178861141205
.8874796628952
.94861787557602
.88666665554047
.85219512383143
.93463414907455
.91121949752172
.95235770940781
.91154472033183
.86601626873016
.90195121367772
.88813006877899
.90585366884867
.92943090200424
.90113820632299
.83317073186239
.88081300258636
.89495935042699
.90146340926488
.88650405406952
.85593495766322
.85821137825648
.85382115840912
.85691058635712
.90601625045141
.90032519896825
.84065039952596
.881951212883
.84682929515839
.86650407314301
.88861787319183
.85073171059291
.89528453350067
.89463412761688
.93642276525497
.81658536195755
.89967479308446
.91609756151835
.89447152614594
.89609756072362
.82682925462723
.89512195189794
.85756099224091
.89203252394994
.90569106737773
.81934958696365
.8284552693367
.82910567522049
.9066666563352
.88455283641815
.91853658358256
.82487803697586
.84536586205165
.83934958775838
.87382113933563
.87609755992889
.8473170598348
.80487805604935
.84926827748617
.86585366725922
.87056910991669
.80390244722366
.85463414589564
.86699187755585
.84308942159017
.87121951580048
.87317073345184
.83300813039144
.8878048658371
.87821137905121
.82975610097249
.89495933055878
.81268292665482
.82162600755692
0
0
0
0
0
0
0
0
0
0
0
0
0
0
0
0
0
0
0
0
0
0
0
0
0
0
0
0
0
0
0
0
0
0
0
0
0
0
0
0
0
0
0
0
0
0
0
0
0
0
0
0
0
0
0
0
0
0
0
0
0
0
0
0
0
0
0
0
0
0
0
0
0
0
0
0
0
0
0
0
0
0
0
0
0
0
0
0
0
0
0
0
0
0
0
0
0
0
0
0
0
0
0
0
0
0
0
0
0
0
0
0
0
0
0
0
0
0
0
0
0
0
0
0
0
0
0
0
0
0
0
0
0
0
0
0
0
0
0
0
0
0
0
0
0
0
0
0
0
0
0
0
0
0
0
0
0
0
0
0
0
0
0
0
0
0
0
0
0
0
0
0
0
0
0
0
0
0
0
0
0
0
0
0
0
0
0
0
0
0
0
0
0
0
0
0
0
0
0
0
0
0
0
0
0
0
0
0
0
0
0
0
0
0
0
0
0
0
0
0
0
0
0
0
0
0
0
0
0
0
0
0
0
0
0
0
0
0
0
0
0
0
0
0
0
0
0
0
0
0
0
0
0
0
0
0
0
0
0
0
0
0
0
0
0
0
0
0
0
0
0
0
0
0
0
0
0
0
0
0
0
0
0
0
0
0
0
0
0
0
0
0
0
0
0
0
0
0
0
0
0
0
0
0
0
0
0
0
0
0
0
0
0
0
0
0
0
0
0
0
0
0
0
0
0
0
0
0
0
0
0
0
0
0
0
0
0
0
0
0
0
0
0
0
0
0
0
0
0
0
0
0
0
0
0
0
0
0
0
0
0
0
0
0
0
0
0
0
0
0
0
0
0
0
0
0
0
0
0
0
0
0
0
0
0
0
0
0
0
0
0
0
0
0
0
0
0
0
0
0
0
0
0
0
0
0
0
0
0
0
0
0
0
0
0
0
0
0
0
0
0
0
0
0
0
0
0
0
0
0
0
0
0
0
0
0
0
0
0
0
0
0
0
0
0
0
0
0
0
0
0
0
0
0
0
0
0
0
0
0
0
0
0
0
0
0
0
0
0
0
0
0
0
0
0
0
0
0
0
0
0
0
0
0
0
0
0
0
0
0
0
0
0
0
0
0
0
0
0
0
0
0
0
0
0
0
0
0
0
0
0
0
0
0
0
0
0
0
0
0
0
0
0
0
0
0
0
0
0
0
0
0
0
0
0
0
0
0
0
0
0
0
0
0
0
0
0
0
0
0
0
0
0
0
0
0
0
0
0
0
0
0
0
0
0
0
0
0
0
0
0
0
0
0
0
0
0
0
0
0
0
0
0
0
0
0
0
0
0
0
0
0
0
0
0
0
0
0
0
0
0
0
0
0
0
0
0
0
0
0
0
0
0
0
0
0
0
0
0
0
0
0
0
0
0
0
0
0
0
0
0
0
0
0
0
0
0
0
0
0
0
0
0
0
0
0
0
0
0
0
0
0
0
0
0
0
0
0
0
0
0
0
0
0
0
0
0
0
0
0
0
0
0
0
0
0
0
0
0
0
0
0
0
0
0
0
0
0
0
0
0
0
0
0
0
0
0
0
0
0
0
0
0
0
0
0
0
0
0
0
0
0
0
0
0
0
0
0
0
0
0
0
0
0
0
0
0
0
0
0
0
0
0
0
0
0
0
0
0
0
0
0
0
0
0
0
0
0
0
0
0
0
0
0
0
0
0
0
0
0
0
0
0
0
0
0
0
0
0
0
0
0
0
0
0
0
0
0
0
0
0
0
0
0
0
0
0
0
0
0
0
0
0
0
0
0
0
0
0
0
0
0
0
0
0
0
0
0
0
0
0
0
0
0
0
0
0
0
0
0
0
0
0
0
0
0
0
0
0
0
0
0
0
0
0
0
0
0
0
0
0
0
0
0
0
0
0
0
0
0
0
0
0
0
0
0
0
0
0
0
0
0
0
0
0
0
0
0
0
0
0
0
0
0
0
0
0
0
0
0
0
0
0
0
0
0
0
0
0
0
0
0
0
0
0
0
0
0
0
0
0
0
0
0
0
0
0
0
0
0
0
0
0
0
0
0
0
0
0
0
0
0
0
0
0
0
0
0
0
0
0
0
0
0
0
0
0
0
0
0
0
0
0
0
0
0
0
0
0
0
0
0
0
0
0
0
0
0
0
0
0
0
0
0
0
0
0
0
0
0
0
0
0
0
0
0
0
0
0
0
0
0
0
0
0
0
0
0
0
0
0
0
0
0
0
0
0
0
0
0
0
0
0
0
0
0
0
0
0
0
0
0
0
0
0
0
0
0
0
0
0
0
0
0
0
0
0
0
0
0
0
0
0
0
0
0
0
0
0
0
0
0
0
0
0
0
0
0
0
0
0
0
0
0
0
0
0
0
0
0
0
0
0
0
0
0
0
0
0
0
0
0
0
0
0
0
0
0
0
0
0
0
0
0
0
0
0
0
0
0
0
0
0
0
0
0
0
0
0
0
0
0
0
0
0
0
0
0
0
0
0
0
0
0
0
0
0
0
0
0
0
0
0
0
0
0
0
0
0
0
0
0
0
0
0
0
0
0
0
0
0
0
0
0
0
0
0
0
0
0
0
0
0
0
0
0
0
0
0
0
0
0
0
0
0
0
0
0
0
0
0
0
0
0
0
0
0
0
0
0
0
0
0
0
0
0
0
0
0
0
0
0
0
0
0
0
0
0
0
0
0
0
0
0
0
0
0
0
0
0
0
0
0
0
0
0
0
0
0
0
0
0
0
0
0
0
0
0
0
0
0
0
0
0
0
0
0
0
0
0
0
0
0
0
0
0
0
0
0
0
0
0
0
0
0
0
0
0
0
0
0
0
0
0
0
0
0
0
0
0
0
0
0
0
0
0
0
0
0
0
0
0
0
0
0
0
0
0
0
0
0
0
0
0
0
0
0
0
0
0
0
0
0
0
0
0
0
0
0
0
0
0
0
0
0
0
0
0
0
0
0
0
0
0
0
0
0
0
0
0
0
0
0
0
0
0
0
0
0
0
0
0
0
0
0
0
0
0
0
0
0
0
0
0
0
0
0
0
0
0
0
0
0
0
0
0
0
0
0
0
0
0
0
0
0
0
0
0
0
0
0
0
0
0
0
0
0
0
0
0
0
0
0
0
0
0
0
0
0
0
0
0
0
0
0
0
0
0
0
0
0
0
0
0
0
0
0
0
0
0
0
0
0
0
0
0
0
0
0
0
0
0
0
0
0
0
0
0
0
0
0
0
0
0
0
0
0
0
0
0
0
0
0
0
0
0
0
0
0
0
0
0
0
0
0
0
0
0
0
0
0
0
0
0
0
0
0
0
0
0
0
0
0
0
0
0
0
0
0
0
0
0
0
0
0
0
0
0
0
0
0
0
0
0
0
0
0
0
0
0
0
0
0
0
0
0
0
0
0
0
0
0
0
0
0
0
0
0
0
0
0
0
0
0
0
0
0
0
0
0
0
0
0
0
0
0
0
0
0
0
0
0
0
0
0
0
0
0
0
0
0
0
0
0
0
0
0
0
0
0
0
0
0
0
0
0
0
0
0
0
0
0
0
0
0
0
0
0
0
0
0
0
0
0
0
0
0
0
0
0
0
0
0
0
0
0
0
0
0
0
0
0
0
0
0
0
0
0
0
0
0
0
0
0
0
0
0
0
0
0
0
0
0
0
0
0
0
0
0
0
0
0
0
0
0
0
0
0
