.80487473805745
.80038126309713
.80623638629913
.80405773719152
.79316449165344
.81794661283493
.80814268191655
.79861112435659
.80065359671911
.81181917587916
.79684094587962
.79643245538076
.81236384312312
.80215140183767
.80800652503967
.80405773719152
.80010892947515
.79820261398951
.80378540356954
.7958877881368
.79166668653488
.81222768624624
.7958877881368
.81821894645691
.80269608894984
.79520696401596
.79806645711263
.82107843955358
.80800654490789
.80541940530141
.81004901727041
.79656863212585
.80596405267715
.802015264829
.80773421128591
.83455884456635
.8031045794487
.80283224582672
.79724945624669
.80501087506612
.81195533275604
.79942812522252
.80691721041997
.81168301900228
.7958877881368
.81222766637802
.80882352590561
.79425380627314
.80092593034109
.80964052677155
.79983659585317
.80569171905518
.81072984139125
.79534312089284
.81181917587916
.8114106853803
.79711329936981
.81045750776927
.81535947322845
.79997275273005
.80514705181122
.80991286039352
.79629629850388
.80514705181122
.82175926367442
.80800654490789
.81672112147013
.81059366464615
.80351305007935
.80228757858276
.80378540356954
.79874728123347
.80242375532786
.80596405267715
.79643245538076
.8029684027036
.80038126309713
.79057733217875
.79466231664022
.80773421128591
.78730936845144
.79929192860921
.79507080713908
.79656861225764
.79384529590607
.80759803454081
.794662296772
.79071350892385
.79983661572138
.7958877881368
.81672112147013
.81195533275604
.80065359671911
.80024508635203
.79847494761149
.80732570091883
.80133442083995
.80473856131236
.81563180685043
.79547929763794
.80392156044642
.81889977057775
.79520696401596
.80977670351664
.81318082412084
.80092593034108
.80800652503967
.81154684225718
.80473856131236
.79874726136525
.81781043608983
.79071350892385
.81195533275604
.80283224582672
.79684094587962
.80405773719152
.81917210419973
.79765794674555
.80065359671911
.81917212406794
.7960239648819
.80569171905518
.81331700086594
.80623638629913
.81181915601095
.81985294818878
.80310455958049
.8208061059316
.81740194559097
.81413398186366
.81576796372732
.81263615687688
.8114106853803
.80242373545965
.81617649396261
.81767427921295
.8135893146197
.83605664968491
.80841503540675
.81154684225718
.81318084398905
.80283224582672
.80664487679799
.80705336729685
.80364924669266
.80923203627268
.81399782498678
.80160673459371
.80746185779572
.80174291133881
.80296842257182
.79438996315002
.81222766637802
.8063725233078
.8135893146197
.80405773719152
.81917212406794
.8031045794487
.79752178986867
.81072986125946
.79983659585317
.80705336729685
.8206699291865
.79997277259827
.80732570091883
.81862745682398
.80977668364843
.80623636643092
.81535947322845
.79942810535431
.80759803454081
.8075980146726
.79180282354355
.80773421128591
.81658496459325
.80759803454081
.8018790880839
.80528322855632
.80119824409485
.80501089493434
.81181917587916
.80106208721797
.80596405267715
.80787036816279
.80705336729685
.80610020955404
.80746187766393
.80446622769038
.80950435002645
.81413400173187
.79561547438304
.80664489666621
.80623638629913
.81222766637802
.80787036816279
.81072984139125
.79765794674555
.80691723028819
.80637256304423
.8032407561938
.80841503540675
.80841503540675
.80596405267715
.80732570091883
.79956428209941
.79016882181168
.79370913902918
.81522331635157
.80746187766393
.80228757858276
.80868736902873
.80010892947515
.81386164824168
.81821894645691
.80882352590561
.80024510622025
.81100219488144
.81072984139125
.81290851036708
.80787034829458
.8112745086352
.81032133102417
.80759803454081
.81917212406794
.80814270178477
.80923203627268
.81985292832057
.80895970265071
.81154682238897
.8054193854332
.79833877086639
.8054193854332
.8112745086352
.80283224582672
.81535949309667
.81154684225718
.79888343811035
.80310455958048
.81508713960648
.80691721041997
.81154684225718
.80841503540675
.80351306994756
.80923203627268
.81740196545919
.81427015860875
.8419117530187
.8137254913648
.80051741997401
.81127448876699
.82053377230962
.80569171905518
.81304466724396
.81331698099772
.80364924669266
.8208061059316
.81250001986821
.81004903713862
.81113833189011
.81658498446147
.82039761543274
.80909585952759
.81767429908117
.80868736902873
.8242102265358
.81590414047241
.79507078727086
.8125
.81454249223073
.81985292832057
.80855119228363
.81290849049886
.81004901727041
.80977668364843
.81045752763748
.82066994905472
.81740196545919
.81726578871409
.82039759556452
.80337691307068
.81004903713862
.82284857829412
.80528324842453
.8114106853803
.81508713960648
.80446622769038
.81345315774282
.82815903425217
.79915577173233
.80909585952759
.80582789580027
.80787038803101
.80582787593206
.81549564997355
.80909585952759
.80868736902873
.81181917587916
.79221133391062
.80473856131236
.81658496459325
.81889977057775
.8135893146197
.81072984139125
.80582789580027
.81113835175832
.82203161716461
.80610020955404
.80759805440903
.81318084398905
.80746187766393
.81318084398905
.82679738601049
.8018790880839
.81413398186366
.8148148059845
.8065087000529
.81154682238897
.82053377230962
.8065087000529
.81290849049886
.80841503540675
.81018517414729
.80487473805745
.80923203627268
.79547931750615
.80024510622025
.79738561312358
.79929192860921
.80964052677155
.80283224582672
.7971132795016
.80596405267715
.81876361370087
.80718954404195
.80964052677155
.81222766637802
.80283222595851
.80255993207296
.81018517414729
.81045750776927
.80582789580027
.80923203627268
.81563180685043
.80215142170588
.81427015860875
.81304466724396
.80010892947515
.81808278958003
.81032135089238
.81753814220428
.80215140183767
.81917212406794
.79929192860921
.81100217501322
.80501089493434
.80269608894984
.80950435002645
.81209150950114
.8054193854332
.80514707167943
.80596405267715
.80160673459371
.81290849049886
.81113833189011
.79956428209941
.80787036816279
.80215142170588
.79956426223119
.80759805440903
.81290851036708
.79983661572138
.80269606908162
.80814270178477
.79697712262472
.81399782498678
.80051743984222
.79956428209941
.80228757858276
.81563180685043
.79384531577428
.7937091588974
.80718954404195
.79438998301824
.80010892947515
.80841503540675
.80732572078705
.80378540356954
.80487471818924
.79643247524897
.81004903713862
.80732572078705
.81032135089238
.80678105354309
.80950436989466
.79534312089284
.79997277259827
.80351308981578
.80078975359599
.79888343811035
.80923203627268
.80065357685089
.7935729821523
.81086601813634
.81685729821523
.79588780800502
.81004901727041
.80773421128591
.79888343811035
.81086601813634
.81181917587916
.79942810535431
.79861110448837
.80460238456726
.79261982440948
.79289215803146
.8029684027036
.79861110448837
.80787036816279
.79942810535431
.80201524496078
.80650871992111
.80337689320246
.81032135089238
.80569173892339
.81794663270315
.80637254317602
.80909585952759
.80650871992111
.79820261398951
.8041938940684
.81059368451436
.79724947611491
.80160673459371
.81032135089239
.78989650805791
.8043300708135
.79724943637848
.80378540356954
.80351306994756
.81358933448792
.80133442083995
.80787038803101
.81113835175832
.83047386010488
.79670478900274
.82352942228317
.80364922682444
.80106208721797
.80637256304423
.8040577173233
.7960239648819
.8112745086352
.8054193854332
.80119824409485
.81386164824168
.8101851940155
.8126361767451
.81726578871409
.79806643724442
.80814270178477
.81168301900228
.81644880771637
.80909585952759
.81427015860875
.81113835175832
.79847494761149
.80923203627268
.81277233362198
.80555554231008
.80977668364843
.80555554231008
.80460238456726
.80841503540675
.81522331635157
.79942810535431
.80868736902873
.83088235060374
.81113835175832
.81862745682398
.82407406965892
.80147059758504
.81168299913406
.80936821301778
.80514705181122
.80936819314957
.81685729821523
.81209148963292
.80705336729685
.81508713960648
.79765794674555
.79575163125992
.81508713960648
.8054193854332
.80678105354309
.81154684225718
.80201524496078
.82135075330734
.81753812233607
.79479849338531
.8148148059845
.81672112147013
.79970043897629
.80787036816279
.81617649396261
.80283224582672
.81726578871409
.80977670351664
.81522331635157
.8148148059845
.81631263097127
.79929192860921
.80895968278249
.82352940241496
.80705336729685
.81181917587916
.81209148963292
.80514705181122
.81154684225718
.81590414047241
.81032135089239
.80174289147059
.80855119228363
.82584422826767
.80106208721797
.79997277259827
.80759803454081
.8043300708135
.80392158031464
.80433005094528
.8075980146726
.80950436989466
.81753812233607
.80691721041997
.80610022942225
.82012528181076
.81113837162654
.80868736902873
.81930828094482
.80950436989466
.8115468621254
.82026143868764
.81576796372732
.81045752763748
.81331698099772
.8018790880839
.81454249223073
.81427015860875
.80718954404195
.81576798359553
.81821894645691
.80650871992111
.80787036816279
.81563182671865
.80773421128591
.81072984139125
.81862745682398
.80841503540675
.80732570091883
.81985294818878
.80678105354309
.81427015860875
.81821896632512
.80895968278249
.81032133102417
.81427013874054
.81467864910762
.81699345509211
.82094226280848
.80650871992111
.83714598417282
.81699347496033
.81467866897583
.81835512320201
.80228757858276
.80841503540675
.81181917587916
.81672114133835
.80392158031464
.8195806145668
.82298475503922
.81604031721751
.82148693005244
.81127452850342
.82502722740173
.80991284052531
.81467864910762
.81440631548564
.80078975359599
.80950436989466
.81004901727041
.79956426223119
.81222766637802
.81304468711217
.80038126309713
.80895968278249
.8137254913648
.80773419141769
.80446622769038
.80010892947515
.79289215803146
.802015264829
.81045750776927
.79275600115458
.80024510622025
.80024510622025
.78744554519653
.79901959498723
.80010892947515
.78976033131282
.78744552532832
.80787036816279
.7877178589503
.79724945624669
.80242373545965
.79193900028865
.78703703482946
.80269606908162
.79112199942271
.79016884167989
.79833879073461
.79098584254583
.78989650805791
.79616012175878
.79302831490835
.78703703482946
.79520696401596
.80160675446192
.80664485692978
.81767429908117
.80269608894984
.81345315774282
.81604031721751
.8114106853803
.79738561312358
.80841503540675
.79752178986867
.79411764939626
.81563180685043
.80433005094528
.80065359671911
.80433005094528
.79452613989512
.79670478900274
.79738561312358
.80759803454081
.81345315774282
.81113835175832
.81794661283493
.81427013874054
.81903594732285
.82489107052485
.80827885866165
.80718954404195
.81685729821523
.81454247236252
.80868734916051
.81590414047241
.80746185779572
.80392156044642
.82039761543274
.81100219488144
.80637256304423
.81794661283493
.80923203627268
.81508713960648
.81726578871409
.80800654490789
.80364922682444
.81304466724396
.79738561312358
.80664487679799
.81181917587916
.80746187766393
.80460238456726
.81917210419973
.80283222595851
.80528322855632
.8477668762207
.8031045794487
.80814270178477
.81767429908117
.80678105354309
.81086601813634
.81522329648336
.81032135089238
.80446624755859
.81835512320201
.81086601813634
.81672112147013
.80827885866165
.80269606908162
.80433005094528
.81236384312312
.81032135089238
.80800654490789
.81998910506566
.80364922682444
.80351306994756
.8135893146197
.79915577173233
.81304466724396
.80610022942225
.80174291133881
.8043300708135
.80555556217829
.81753812233607
.80038126309713
.82094226280848
.82094226280848
.81004901727041
.81454247236252
.82216775417328
.80569171905518
.80746185779572
.81345315774282
.80936819314957
.81495098272959
.82175928354263
.80650871992111
.80732570091883
.81944441795349
.80718954404195
.81740196545919
.81631263097127
.79166668653488
.81086603800456
.80378540356954
.78948801755905
.79847492774328
.80746185779572
.79493463039398
.80010892947515
.85334966580073
.81522331635157
.83551198244095
.80610022942225
.794662296772
.79656865199407
.79466231664022
.8031045794487
.80378540356954
.80310455958049
.82175926367442
.81222766637802
.82053377230962
.80746185779572
.83129086097082
.82393793265025
.81631265083949
.81563180685043
.82448258002599
.82829521099726
.81985294818878
.83183552821477
.81889977057775
.82570805152257
.83646514018377
.81726578871409
.82489107052485
.82666120926539
.81808278958003
.81440631548564
.82679738601049
.81481482585271
.81998910506566
.84327340126038
.83796298503876
.82434642314911
.82870370149612
.8325163324674
.82393791278203
.82706969976425
.82666122913361
.82135077317556
.82856754461924
.83605664968491
.82475491364797
.81971677144368
.83278864622116
.81508713960648
.83741829792658
.82734205325445
.82066994905472
.83619280656179
.83551200230916
.82843136787415
.83564815918605
.83809914191564
.84000545740128
.84449891249339
.85580066839854
.8491285443306
.8657407561938
.86846405267715
.87990196545919
.89202070236206
.90305010477702
.91775600115458
.92197712262472
.95193354288737
.95465685923894
.96772873401642
.98828975359599
.98815359671911
1.0001361568769
1.0250544548035
1.0208333333333
1.0302287340164
1.0475217898687
1.0501089493434
1.0654956499736
1.0789760351181
1.0844226678212
1.107434630394
1.1217320362727
1.1142429510752
1.1409313678741
1.1514161427816
1.1605392297109
1.2148693005244
1.1925381024679
1.1947167714437
1.2101034720739
1.2218137184779
1.226579507192
1.23188996315
1.2532680034637
1.2678376833598
1.27927561601
1.295615474383
1.3274782101313
1.3097766637802
1.3385076125463
1.3611111243566
1.3630174398422
1.3848039309184
1.4072712262472
1.4206154346466
1.4136710564295
1.4268790880839
1.4332788785299
1.439270178477
1.4504356781642
1.4539760351181
1.4689542452494
1.4885621070862
1.4873366355896
1.4995915095011
1.4987745285034
1.5178376833598
1.5305010875066
1.5482025941213
1.5476579666138
1.5588235457738
1.5991285244624
1.5857843160629
1.6059368451436
1.604575196902
1.6199618577957
1.6292211214701
1.6391612291336
1.6281317869822
1.6446078618368
1.6571350892385
1.6590414047241
1.6658496856689
1.6681644916534
1.665985862414
1.678785443306
1.6838235457738
1.6797385613124
1.6800108750661
1.6894062757492
1.6887254714966
1.6830065250397
1.6906318267186
1.6877723534902
1.6842319965363
1.6941721041997
1.6540032625198
1.6680283149083
1.675245086352
1.648965160052
1.6447439988454
1.6403867403666
1.6266340017319
1.6173747380575
1.6151960690816
1.6139705578486
1.5802015463511
1.5863289435705
1.5916394392649
1.5601851940155
1.5551470518112
1.5449346701304
1.5299564599991
1.5260076125463
1.511029402415
1.4953703482946
1.4688180685043
1.4727669159571
1.4513888756434
1.4351851940155
1.4249727725983
1.3943355083466
1.3805827697118
1.3671023845673
1.3428649107615
1.3304738601049
1.3028322458267
1.2800925970078
1.2709695100784
1.2546296517054
1.227260351181
1.2211329142253
1.2054738601049
1.1827342112859
1.1951252619425
1.1767429113388
1.160675406456
1.1486928065618
1.1538670857747
1.1331699291865
1.1248638629913
1.1153322458267
1.1126089493434
1.0925925970078
1.086465160052
1.0821078221003
1.0565087000529
1.0600490172704
1.0378540356954
1.0405773321788
1.028594772021
1.0204248428345
1.0058551430702
1.0088507533073
1.0113017559052
1.0059912602107
.9918300708135
.98420480887095
.98447714249293
.99305554231008
.97426470120748
.96432461341222
.96949891249339
.96364378929138
.9552015264829
.96241829792658
.95683550834656
.93232570091883
.93545750776927
.93913400173187
.93123638629913
.93300654490789
.92824073632558
.91789215803146
.90699889262517
.91503268480301
.90264161427816
.89392703771591
.9030500849088
.8939270178477
.89351850748062
.89202070236206
.88262528181076
.87418301900228
.87894880771637
.87527233362198
.86764705181122
.86505991220474
.85008170207341
.85580064853032
.85634531577428
.83537582556407
.8372821410497
.84708605209986
.83687363068263
.82502724726995
.83918845653534
.8208061059316
.82216775417328
.83592047293981
.81808276971181
.81821896632512
.83115468422572
.82434640328089
.81876363356908
.82516340414683
.8217592438062
.81658496459325
.82584422826767
.80909585952759
.82489107052485
.82543571790059
.81712963183721
.82175926367442
.83101852734884
.81631263097127
.81399780511856
.82856754461924
.82107843955358
.81740196545919
.81971677144369
.81889977057775
.81767429908117
.8312908411026
.80637254317602
.81386166810989
.81644878784815
.82706971963247
.81318082412084
.81971677144368
.82815905412038
.81004901727041
.81522329648336
.82039759556452
.81712961196899
.81072984139125
.82244008779526
.80868736902873
.81004901727041
.81971677144368
.81195533275604
.81549563010534
.81467864910762
.81236384312312
.81658496459325
.80950436989466
.81658496459325
.85280499855677
.82053377230962
.81304466724396
.81781045595805
.82257624467214
.80882352590561
.80950436989466
.82448258002599
.8054193854332
.81794661283493
.81440631548564
.81495098272959
.81209148963292
.82339324553808
.81821894645691
.81712963183721
.83115468422572
.81263615687688
.80637256304423
.81399782498678
.80460238456726
.81617645422618
.81576798359553
.81290851036708
.81318082412084
.82053379217784
.82284859816233
.81985294818878
.82461873690287
.82203157742818
.81644880771637
.83074617385864
.82026143868764
.8112745086352
.81699345509211
.8112745086352
.8137254913648
.81604031721751
.81522331635157
.79833877086639
.80991284052531
.82747821013133
.82843136787415
.85389433304469
.81767427921295
.8137254913648
.83047386010488
.82747819026311
.81181915601095
.81100217501322
.82175926367442
.81277233362198
.81971677144368
.82352940241496
.80882354577382
.81808278958003
.83782680829366
.8101851940155
.81740196545919
.83918845653534
.80800652503967
.81658498446147
.82257624467214
.8043300708135
.80977668364843
.81222766637802
.80569171905518
.81508715947469
.81726580858231
.80215142170588
.81045750776927
.81903594732285
.80596405267715
.81263615687688
.82230393091838
.81236384312312
.81889979044596
.81658496459325
.81100217501322
.81672112147013
.81100219488144
.80582787593206
.81590414047241
.81045752763748
.80923201640447
.8029684027036
.80827885866165
.80147059758504
.81004901727041
.81563178698222
.80378540356954
.81930828094482
.80705336729685
.80827885866165
.81072984139125
.81318082412084
.80514705181122
.80569171905518
.80569171905518
.80678105354309
.81059368451436
.81168299913406
.80991286039352
.79193900028865
.8007897734642
.80923203627268
.80051743984222
.80555556217829
.80827885866165
.82271242141724
.80610020955404
.80909585952759
.81413398186366
.80691721041997
.80364922682444
.80133444070816
.80895968278249
.81917212406794
.80419391393661
.80215140183767
.82407406965892
.80065359671911
.80610020955404
.82598038514455
.80487473805745
.8135893146197
.80909583965937
.80051741997401
.81522331635157
.81617645422618
.79915579160055
.81617647409439
.80827887852987
.80746187766393
.8114106853803
.80460240443548
.79588780800501
.80038126309713
.80269608894984
.79629629850388
.79983659585317
.79997277259827
.78730938831965
.81113833189011
.81849128007889
.81072984139125
.80950436989466
.8125
.79820261398951
.80378540356954
.8114106853803
.79874726136525
.80405773719152
.80187906821569
.79806645711263
.80119826396306
.81753814220428
.79847494761149
.80555556217829
.80882354577382
.79507080713908
.79547929763794
.80800652503967
.81835510333379
.80078975359599
.80827887852987
.80119826396306
.79915575186412
.8103213707606
.80160675446192
.80596405267715
.85117103656133
.81086601813634
.80351306994756
.80228757858276
.80855119228363
.79847494761149
.79752178986867
.80514705181122
.80269608894984
.79670478900274
.81903594732285
.80147057771683
.81427015860875
.80800652503967
.80732570091883
.80582789580027
.81930828094482
.80678103367488
.8040577173233
.81386166810989
.8054193854332
.82053379217784
.81209148963292
.80310455958049
.80855121215185
.81753812233607
.80555556217829
.8137254913648
.81086601813634
.80718952417374
.82557189464569
.81181917587916
.80637254317602
.80133442083995
.81849128007889
.81862745682398
.81127452850342
.81032133102417
.81917210419973
.80269606908162
.81168299913406
.80078975359599
.80119824409485
.8135893146197
.8054193854332
.80487473805745
.83564815918605
.82271242141724
.80596407254537
.81876361370087
.81672112147013
.80215140183767
.80882354577382
.81590416034063
.80705338716507
.80841503540675
.81549564997355
.81154682238897
.82175926367442
.81045752763748
.81141066551208
.81481482585271
.81277233362198
.83564815918605
.80065359671911
.81195533275604
.8135893146197
.80705336729685
.80759803454081
.80678105354309
.80582787593206
.8137254913648
.80555554231008
.82938454548518
.81726580858231
.80514707167943
.80855119228363
.80977668364843
.80405773719152
.8043300708135
.80814270178477
.80787036816279
.81250001986821
.82107841968536
.80378538370132
.79588780800502
.81413398186366
.79684094587962
.80814270178477
.81835514307022
.80610018968582
.80596405267715
.81821894645691
.80473854144414
.8031045794487
.8242102265358
.80964052677155
.81753814220428
.81100217501322
.80446624755859
.80405773719152
.80351306994756
.7949346502622
.80596407254537
.81018517414729
.80024508635203
.79466231664022
.80283224582672
.8031045794487
.805147031943
.82148693005244
.80324073632558
.81345315774282
.80732570091883
.81617645422618
.80010892947515
.80732570091883
.80855119228363
.79670478900274
.80582787593206
.81318082412084
.81672114133835
.81277233362198
.81318084398905
.81685729821523
.81821894645691
.81386166810989
.81672112147013
.80977668364843
.81100219488144
.80351306994756
.81345315774282
.80610020955404
.81086601813634
.82053377230962
.80691721041997
.79656863212585
.80732570091883
.81590414047241
.80160675446192
.81222766637802
.81236384312312
.80855121215185
.80814270178477
.8031045794487
.8029684027036
.80433005094528
.81740194559097
.8054193854332
.80378538370132
.8031045794487
.80174291133881
.80582789580027
.81413398186366
.79697712262472
.79983661572138
.80446622769038
.80065359671911
.80936819314957
.80501091480255
.79520696401596
.79684094587962
.80460238456726
.80051743984222
.80392158031464
.81100219488144
.80718952417374
.80242375532786
.81440631548564
.80555556217829
.79439000288645
.80895970265071
.80024510622025
.80582787593206
.81113835175832
.81209150950114
.79561545451482
.79656863212585
.80405773719152
.79861112435659
.80501089493434
.80882352590561
.80596405267715
.79806645711263
.81004901727041
.80678103367488
.80991284052531
.81032135089238
.80882352590561
.80637254317602
.81889977057775
.80977670351664
.80637256304423
.80773421128591
.80337689320246
.80201524496078
.81413398186366
.80623638629913
.80501087506612
.81821896632512
.79861112435659
.80555556217829
.81917212406794
.80637254317602
.8040577173233
.80773419141769
.80065357685089
.79793028036753
.8031045794487
.79970043897629
.8126361767451
.80596403280894
.80596407254537
.80787038803101
.8209422826767
.80269606908162
.80718954404195
.80705338716507
.80065359671911
.80800652503967
.802015264829
.79534316062927
.79970043897629
.8137254913648
.80460240443548
.79575163125992
.802015264829
.80364924669266
.80133442083995
.80623636643092
.79874728123347
.79983659585317
.80773421128591
.80296842257182
.80215142170588
.80787036816279
.80296842257182
.80637254317602
.8090958793958
.81672114133835
.81835510333379
.80909583965937
.8206699291865
.80773421128591
.8054193854332
.81386164824168
.81318082412084
.81495096286138
.81386166810989
.80746187766393
.8043300708135
.80555556217829
.80065359671911
.81195533275604
.81604029734929
.80773421128591
.8112745086352
.81862743695577
.8040577173233
.81672112147013
.82203157742818
.80895970265071
.8125
.81563180685043
.81236384312312
.81849128007889
.81045750776927
.80855119228363
.80324073632558
.81181915601095
.80269608894984
.81277233362198
.81100217501322
.80637254317602
.80378540356954
.80555556217829
.7971132795016
.80528322855632
.8134531378746
.80691721041997
.80460238456726
.81413398186366
.80787038803101
.8065087000529
.81467866897583
.78853485981623
.81753814220428
.85185186068217
.79820261398951
.79888341824214
.79643247524897
.80065357685089
.80351306994756
.8054193854332
.79752178986867
.79806643724442
.79765796661377
.81059366464615
.80255991220474
.80705336729685
.80746187766393
.84395422538122
.80392158031464
.81209148963292
.79302831490835
.80691721041997
.81467864910762
.80800652503967
.81903594732285
.79888345797857
.80160675446192
.80569169918696
.8126361767451
.80092593034108
.82012526194255
.81998912493388
.81535947322845
.81113835175832
.81399782498678
.80678105354309
.80964052677155
.8137254913648
.80664487679799
.80950436989466
.81781047582626
.8115468621254
.80473856131236
.81658496459325
.80174291133881
.81563182671865
.80991286039352
.8112745086352
.80977668364843
.82135077317556
.80473856131236
.80746185779572
.8209422826767
.80895968278249
.81168301900228
.81631263097127
.81522331635157
.79901961485545
.80201524496078
.80814270178477
.81004901727041
.81998910506566
.80555554231008
.81427013874054
.81508713960648
.79888343811035
.80718954404195
.81849128007889
.79861110448837
.8137254913648
.80923203627268
.80133442083995
.8114106853803
.80977670351664
.81835512320201
.82026143868764
.81113833189011
.82502722740173
.83156319459279
.8197167913119
.81222766637802
.80732570091883
.81399782498678
.82393793265025
.81318082412084
.83319715658824
.81072984139125
.80310455958048
.80501087506612
.81971677144368
.80364922682444
.80610022942225
.81835512320201
.79275598128637
.80868734916051
.81004901727041
.80691721041997
.80678103367488
.81168301900228
.80705336729685
.81290849049886
.80936819314957
.80187906821569
.79847494761149
.80705336729685
.80078975359599
.79833879073461
.80746187766393
.79330064853032
.81100217501322
.80909585952759
.80133442083995
.79384529590607
.79479845364889
.79520696401596
.80746187766393
.80324073632558
.79847494761149
.81113833189011
.80378540356954
.80569169918696
.8031045794487
.81113833189011
.8123638232549
.81168299913406
.81495096286138
.81045752763748
.8029684027036
.80582787593206
.79724945624669
.80228757858276
.81345315774282
.80596405267715
.80106208721797
.80678103367488
.81658496459325
.80514705181122
.81032135089239
.81563180685043
.79915577173233
.80895970265071
.81576798359553
.8043300708135
.80283224582672
.81195533275604
.81059366464615
.81386166810989
.81563180685043
.8018790880839
.79711329936981
.81794663270315
.80664487679799
.81917212406794
.81522331635157
.79956428209941
.83183550834656
.81563178698222
.80787036816279
.82829521099726
.8112745086352
.79670478900274
.79697714249293
.80664487679799
.79534316062927
.80936819314957
.80923201640447
.80392156044642
.80446622769038
.8206699291865
.80269608894984
.80664489666621
.80501089493434
.80283224582672
.80201524496078
.8065087000529
.79915575186412
.79874728123347
.81141066551208
.78948803742727
.80133442083995
.81168301900228
.79520696401596
.80433005094528
.81699345509211
.79983659585317
.80133442083995
.80936817328135
.80092591047287
.80337689320246
.81998912493388
.80569171905518
.80882354577382
.8112745086352
.79479849338531
.79724945624669
.81018517414729
.8135893146197
.80610020955404
.79684096574783
.80460240443548
.80405773719152
.80882352590561
.80582789580027
.80895968278249
.80991286039352
.81086601813634
.79942810535431
.80514705181122
.81794661283493
.79779412349065
.8114106853803
.80255991220474
.81290849049886
.80664487679799
.8137254913648
.79084966580073
.81086601813634
.80487471818924
.80038126309713
.80160673459371
.81413400173187
.79561545451482
.80800654490789
.80964052677155
.80160673459371
.79847492774328
.81304464737574
.81181917587916
.8040577173233
.80950435002645
.81113833189011
.80868736902873
.80759803454081
.79929192860921
.80678103367488
.80773421128591
.80392156044642
.80787036816279
.8135893146197
.80242373545965
.80242373545965
.80895968278249
.80174293120702
.80051743984222
.80623638629913
.79997275273005
.80024510622025
.81113833189011
.79629629850388
.80092593034108
.80610020955404
.79452613989512
.80446622769038
.80133442083995
.82843138774236
.80841503540675
.80160677433014
.8114106853803
.80337691307068
.81072986125946
.81318082412084
.8007897734642
.80255991220474
.81059370438258
.81427013874054
.81413398186366
.81154684225718
.78513071934382
.80024510622025
.80201524496078
.79997275273005
.80977668364843
.81072984139125
.79861110448837
.80705338716507
.81549564997355
.79575165112813
.79929192860921
.80228757858276
.78553920984268
.80160675446192
.80160675446192
.80405773719152
.80378540356954
.80855119228363
.79534314076106
.80664487679799
.80977668364843
.8018790880839
.8018790880839
.7958877881368
.81004901727041
.81345317761103
.80759803454081
.80419391393661
.80324071645737
.81644880771637
.80392158031464
.80501089493434
.81903592745463
.80787036816279
.80174291133881
.80541936556498
.78935186068217
.80405773719152
.79874728123347
.79534312089284
.81277231375376
.80814270178477
.79466231664022
.79752177000046
.80446622769038
.79098584254583
.79684094587962
.80296842257182
.79153050978978
.79738561312358
.8018790880839
.80569171905518
.79697712262472
.79670480887095
.80623636643092
.80010892947515
.7982025941213
.81113833189011
.7949346502622
.80759805440903
.82175926367442
.80010892947515
.80936819314957
.80691721041997
.80691721041997
.80460240443548
.80991286039352
.79547929763794
.80827887852987
.79861110448837
.79275598128637
.80174293120702
.80718954404195
.79452612002691
.79765794674555
.8029684027036
.79493463039398
.79330066839854
.80868734916051
.79561547438304
.7960239648819
.7947984735171
.79656863212585
.8054193854332
.81209148963292
.81399782498678
.84831154346466
.81399780511856
.80242373545965
.83632898330688
.81835512320201
.80296842257182
.79139433304469
.79942810535431
.80147059758504
.80569169918696
.81195533275604
.80936819314957
.81059368451436
.84776689608892
.82325708866119
.81903594732285
.80787038803101
.79588780800502
.80419391393661
.80827885866165
.79929194847743
.80814270178477
.80977668364843
.80392156044642
.79493463039398
.79861112435659
.80977670351664
.80092593034108
.79289217789968
.80950435002645
.8054193854332
.79752178986867
.82461873690287
.80487471818924
.79643245538076
.80923203627268
.78608387708664
.79316449165344
.80283222595851
.79248364766439
.80092593034108
.80596403280894
.79343682527542
.79738561312358
.80936819314957
.79139433304469
.79970043897629
.79207515716553
.80487473805745
.79370913902919
.79425382614136
.79275600115458
.79970041910807
.79656863212585
.7949346502622
.79820261398951
.80024510622025
.79575163125992
.79466231664022
.80106208721797
.79330064853032
.79738561312358
.80473856131236
.79180282354355
.82053377230962
.81290851036708
.79084968566895
.79929192860921
.80119826396306
.80174291133881
.79861110448837
.80351305007935
.80718952417374
.80242375532786
.80392158031464
.79261982440948
.80133444070816
.80078975359599
.79411762952805
.80160673459371
.80201524496078
.7947984735171
.79398149251938
.79765792687734
.79398149251938
.79330066839854
.81154684225718
.81018517414729
.80446622769038
.78948801755905
.79901961485545
.78322440385818
.80174293120702
.82189544041952
.80596407254537
.81113835175832
.81290849049886
.80364922682444
.80773421128591
.81522331635157
.80160677433014
.80351305007935
.81399782498678
.79616014162699
.80732572078705
.79820263385773
.80010894934336
.79779410362244
.81604031721751
.80174293120702
.80664487679799
.81086599826813
.80092593034108
.81004901727041
.80351306994756
.80215142170588
.80950436989466
.80160675446192
.80324073632558
.79861112435659
.80664487679799
.79575163125992
.79207515716553
.80065359671911
.79983659585317
.79806645711263
.79942810535431
.80787034829458
.79221131404241
.80364922682444
.79861112435659
.79411764939626
.80283224582672
.80501091480255
.80228757858276
.80514705181122
.79520696401596
.80487471818924
.80977668364843
.79411764939626
.80160675446192
.8148148059845
.80610020955404
.80038126309713
.80691719055176
.80228755871455
.80133442083995
.79057735204697
.80460240443548
.79234749078751
.80106208721797
.80596405267715
.7924836675326
.7949346502622
.8126361767451
.78635623057683
.80106208721797
.80228759845098
.79901959498723
.80242373545965
.80092593034108
.79983659585317
.79806643724442
.79765794674555
.78867101669312
.78867101669312
.79153048992157
.77913943926493
.78989652792613
.79411764939626
.78676472107569
.78989652792613
.79520698388418
.78404138485591
.77832245826721
.78472222884496
.78145426511765
.77233115832011
.79384531577428
.75966777404149
.76552287737528
.77042482296626
.76007624467214
.7664760351181
.75803377230962
.74836601813634
.76620370149612
.74931917587916
.74387256304423
.74278322855632
.74074073632558
.73257080713908
.73011982440948
.73597494761149
.71432461341222
.71241829792658
.71595859527588
.70738017559052
.69961873690287
.69948258002599
.69594226280848
.68545750776927
.68790851036708
.65468410650889
.65822440385818
.66993463039398
.62799563010534
.63834422826767
.62282135089238
.57080608606338
.65359477202098
0
0
0
0
0
0
0
0
0
0
0
0
0
0
0
0
0
0
0
0
0
0
0
0
0
0
0
0
0
0
0
0
0
0
0
0
0
0
0
0
0
0
0
0
0
0
0
0
0
0
0
0
0
0
0
0
0
0
0
0
0
0
0
0
0
0
0
0
0
0
0
0
0
0
0
0
0
0
0
0
0
0
0
0
0
0
0
0
0
0
0
0
0
0
0
0
0
0
0
0
0
0
0
0
0
0
0
0
0
0
0
0
0
0
0
0
0
0
0
0
0
0
0
0
0
0
0
0
0
0
0
0
0
0
0
0
0
0
0
0
0
0
0
0
0
0
0
0
0
0
0
0
0
0
0
0
0
0
0
0
0
0
0
0
0
0
0
0
0
0
0
0
0
0
0
0
0
0
0
0
0
0
0
0
0
0
0
0
0
0
0
0
0
0
0
0
0
0
0
0
0
0
0
0
0
0
0
0
0
0
0
0
0
0
0
0
0
0
0
0
0
0
0
0
0
0
0
0
0
0
0
0
0
0
0
0
0
0
0
0
0
0
0
0
0
0
0
0
0
0
0
0
0
0
0
0
0
0
0
0
0
0
0
0
0
0
0
0
0
0
0
0
0
0
0
0
0
0
0
0
0
0
0
0
0
0
0
0
0
0
0
0
0
0
0
0
0
0
0
0
0
0
0
0
0
0
0
0
0
0
0
0
0
0
0
0
0
0
0
0
0
0
0
0
0
0
0
0
0
0
0
0
0
0
0
0
0
0
0
0
0
0
0
0
0
0
0
0
0
0
0
0
0
0
0
0
0
0
0
0
0
0
0
0
0
0
0
0
0
0
0
0
0
0
0
0
0
0
0
0
0
0
0
0
0
0
0
0
0
0
0
0
0
0
0
0
0
0
0
0
0
0
0
0
0
0
0
0
0
0
0
0
0
0
0
0
0
0
0
0
0
0
0
0
0
0
0
0
0
0
0
0
0
0
0
0
0
0
0
0
0
0
0
0
0
0
0
0
0
0
0
0
0
0
0
0
0
0
0
0
0
0
0
0
0
0
0
0
0
0
0
0
0
0
0
0
0
0
0
0
0
0
0
0
0
0
0
0
0
0
0
0
0
0
0
0
0
0
0
0
0
0
0
0
0
0
0
0
0
0
0
0
0
0
0
0
0
0
0
0
0
0
0
0
0
0
0
0
0
0
0
0
0
0
0
0
0
0
0
0
0
0
0
0
0
0
0
0
0
0
0
0
0
0
0
0
0
0
0
0
0
0
0
0
0
0
0
0
0
0
0
0
0
0
0
0
0
0
0
0
0
0
0
0
0
0
0
0
0
0
0
0
0
0
0
0
0
0
0
0
0
0
0
0
0
0
0
0
0
0
0
0
0
0
0
0
0
0
0
0
0
0
0
0
0
0
0
0
0
0
0
0
0
0
0
0
0
0
0
0
0
0
0
0
0
0
0
0
0
0
0
0
0
0
0
0
0
0
0
0
0
0
0
0
0
0
0
0
0
0
0
0
0
0
0
0
0
0
0
0
0
0
0
0
0
0
0
0
0
0
0
0
0
0
0
0
0
0
0
0
0
0
0
0
0
0
0
0
0
0
0
0
0
0
0
0
0
0
0
0
0
0
0
0
0
0
0
0
0
0
0
0
0
0
0
0
0
0
0
0
0
0
0
0
0
0
0
0
0
0
0
0
0
0
0
0
0
0
0
0
0
0
0
0
0
0
0
0
0
0
0
0
0
0
0
0
0
0
0
0
0
0
0
0
0
0
0
0
0
0
0
0
0
0
0
0
0
0
0
0
0
0
0
0
0
0
0
0
0
0
0
0
0
0
0
0
0
0
0
0
0
0
0
0
0
0
0
0
0
0
0
0
0
0
0
0
0
0
0
0
0
0
0
0
0
0
0
0
0
0
0
0
0
0
0
0
0
0
0
0
0
0
0
0
0
0
0
0
0
0
0
0
0
0
0
0
0
0
0
0
0
0
0
0
0
0
0
0
0
0
0
0
0
0
0
0
0
0
0
0
0
0
0
0
0
0
0
0
0
0
0
0
0
0
0
0
0
0
0
0
0
0
0
0
0
0
0
0
0
0
0
0
0
0
0
0
0
0
0
0
0
0
0
0
0
0
0
0
0
0
0
0
0
0
0
0
0
0
0
0
0
0
0
0
0
0
0
0
0
0
0
0
0
0
0
0
0
0
0
0
0
0
0
0
0
0
0
0
0
0
0
0
0
0
0
0
0
0
0
0
0
0
0
0
0
0
0
0
0
0
0
0
0
0
0
0
0
0
0
0
0
0
0
0
0
0
0
0
0
0
0
0
0
0
0
0
0
0
0
0
0
0
0
0
0
0
0
0
0
0
0
0
0
0
0
0
0
0
0
0
0
0
0
0
0
0
0
0
0
0
0
0
0
0
0
0
0
0
0
0
0
0
0
0
0
0
0
0
0
0
0
0
0
0
0
0
0
0
0
0
0
0
0
0
0
0
0
0
0
0
0
0
0
0
0
0
0
0
0
0
0
0
0
0
0
0
0
0
0
0
0
0
0
0
0
0
0
0
0
0
0
0
0
0
0
0
0
0
0
0
0
0
0
0
0
0
0
0
0
0
0
0
0
0
0
0
0
0
0
0
0
0
0
0
0
0
0
0
0
0
0
0
0
0
0
0
0
0
0
0
0
0
0
0
0
0
0
0
0
0
0
0
0
0
0
0
0
0
0
0
0
0
0
0
0
0
0
0
0
0
0
0
0
0
0
0
0
0
0
0
0
0
0
0
0
0
0
0
0
0
0
0
0
0
0
0
0
0
0
0
0
0
0
0
0
0
0
0
0
0
0
0
0
0
0
0
0
0
0
0
0
0
0
0
0
0
0
0
0
0
0
0
0
0
0
0
0
0
0
0
0
0
0
0
0
0
0
0
0
0
0
0
0
0
0
0
0
0
0
0
0
0
0
0
0
0
0
0
0
0
0
0
0
0
0
0
0
0
0
0
0
0
0
0
0
0
0
0
0
0
0
0
0
0
0
0
0
0
0
0
0
0
0
0
0
0
0
0
0
0
0
0
0
0
0
0
0
0
0
0
0
0
0
0
0
0
0
0
0
0
0
0
0
0
0
0
0
0
0
0
0
0
0
0
0
0
0
0
0
0
0
0
0
0
0
0
0
0
0
0
0
0
0
0
0
0
0
0
0
0
0
0
0
0
0
0
0
0
0
0
0
0
0
0
0
0
0
0
0
0
0
0
0
0
0
0
0
0
0
0
0
0
0
0
0
0
0
0
0
0
0
0
0
0
0
0
0
0
0
0
0
0
0
0
0
0
0
0
0
0
0
0
0
0
0
0
0
0
0
0
0
0
0
0
0
0
0
0
0
0
0
0
0
0
0
0
0
0
0
0
0
0
0
0
0
0
0
0
0
0
0
0
0
0
0
0
0
0
0
0
0
0
0
0
0
0
0
0
0
0
0
0
0
0
0
0
0
0
0
0
0
0
0
0
0
0
0
0
0
0
0
0
0
0
0
0
0
0
0
0
0
0
0
0
0
0
0
0
0
0
0
0
0
0
0
0
0
0
0
0
0
0
0
0
0
0
0
0
0
0
0
0
0
0
0
0
0
0
0
0
0
0
0
0
0
0
0
0
0
0
0
0
0
0
0
0
0
0
0
0
0
0
0
0
0
0
0
0
0
0
0
0
0
0
0
0
0
0
0
0
0
0
0
0
0
0
0
0
0
0
0
0
0
0
0
0
0
0
0
0
0
0
0
0
0
0
0
0
0
0
0
0
0
0
0
0
0
0
0
0
0
0
0
0
0
0
0
0
0
0
0
0
0
0
0
0
0
0
0
0
0
0
0
0
0
0
0
0
0
0
0
0
0
0
0
0
0
0
0
0
0
0
0
0
0
0
0
0
0
0
0
0
0
0
0
0
0
0
0
0
0
0
0
0
0
0
0
0
0
0
0
0
0
0
0
0
0
0
0
0
0
0
0
0
0
0
0
0
0
0
0
0
0
0
0
0
0
0
0
0
0
0
0
0
0
0
0
0
0
0
0
0
0
0
0
0
0
0
0
0
0
0
0
0
0
0
0
0
0
0
0
0
0
0
0
0
0
0
0
0
0
0
0
0
0
0
0
0
0
0
0
0
0
0
0
0
0
0
0
0
0
0
0
0
0
0
0
0
0
0
0
0
0
0
0
0
0
0
0
0
0
0
0
0
0
0
0
0
0
0
0
0
0
0
0
0
0
0
0
0
0
0
0
0
0
0
0
0
0
0
0
0
0
0
0
0
0
0
0
0
0
0
0
0
0
0
0
0
0
0
0
0
0
0
0
0
0
0
0
0
0
0
0
0
0
0
0
0
0
0
0
0
0
0
0
0
0
0
0
0
0
0
0
0
0
0
0
0
0
0
0
0
0
0
0
0
0
0
0
0
0
0
0
0
0
0
0
0
0
0
0
0
0
0
0
0
0
0
0
0
0
0
0
0
0
0
0
0
0
0
0
0
0
0
0
0
0
0
0
0
0
0
0
0
0
0
0
0
0
0
0
0
0
0
0
0
0
0
0
0
0
0
0
0
0
0
0
0
0
0
0
0
0
0
0
0
