.83560973405838
.81918698549271
.77512194712957
.84439025322596
.79821139574051
.82829266786575
.7957723736763
.83869918187459
.83918698628743
.83333333333333
.84081300099691
.8105691075325
.81252032518387
.84260161717733
.75528454780579
.84796750545502
.81105691194534
.81008130311966
.85235772530238
.87642276287079
.8609756231308
.81886178255081
.90943090120951
.86455285549164
.8785365819931
.8195121884346
.80243903398514
.88894307613373
.8167479634285
.82471543550491
.84813010692596
.86585366725922
.84975612163544
.89235770702362
.87121951580048
.86552846431732
.86162602901459
.85024390618006
.86390244960785
.95317071676254
.83577235539754
.90113820632299
.85089433193207
.8973983724912
.86357724666595
.93024390935898
.91577237844467
.84991870323817
.89723577102025
.90829269091288
.85756097237269
.86845529079437
.83788617451986
.8977235754331
.8847154378891
.89593495925268
.8908942937851
.84650407234828
1.0058536529541
.85186992088954
.91430894533793
.88227641582489
.875772356987
.89398372173309
.89203250408173
.88373982906342
.90195121367772
.90943090120951
.86162602901459
.9554471373558
.97056911389033
.93447154760361
.93658536672592
.88390243053436
.88536584377289
.93918699026108
.93414634466171
.93674796819687
.93739837408066
.96520324548086
.97284553448359
.90796748797099
.87821137905121
.95138212045034
.90032519896825
.90162601073583
.91821140050888
.93626016378403
.87804877758026
.89739835262299
.94699186086655
.94227641820908
.88113820552826
.93186992406845
.872682929039
.92390245199203
.869593501091
.94422763586044
.85886180400848
1.1066666841507
.99869918823242
.91170732180278
.94715446233749
.98357725143433
.91089431444804
.93235772848129
.88910567760468
.97707317272822
.94439023733139
.95040649175644
.96991870800654
.99186992645264
.95252031087875
1.0117073059082
.9437398314476
.92780488729477
.94764226675034
.98471546173096
.90439023574193
.94113820791245
.94715446233749
1.167479634285
.92357724905014
.94211381673813
.98357725143433
.94601625204086
.94390243291855
.99089431762695
.93967479467392
.91658538579941
1.0603251854579
.93902438879013
.90878047545751
.93934959173203
.99626016616821
.9567479689916
.99089431762695
1.0497560898463
1.0315446853638
.99869918823242
.99560974041621
1.0484552383423
1.0105690956116
1.033983707428
.99609756469727
1.0201625823975
.95691055059433
.96552844842275
.98357725143433
.9666666785876
.95317071676254
1.0178861618042
.96650405724843
.94585365056992
.98341464996338
.95528453588486
.95528453588486
.96959348519643
.93495935201645
1.0151219367981
.9694309035937
.93593496084213
.98308944702148
1.0108942985535
.94016259908676
.96991868813833
.96130079030991
.99853658676147
.94455283880234
.97788619995117
.9495934844017
.95414632558823
.9725203315417
.95008128881454
.99544715881348
.95691055059433
.91284555196762
.9653658469518
1.0016260147095
.92422765493393
.94195121526718
.98569107055664
.95024391015371
.92292684316635
.97479673226674
1.0983740091324
.94243901968002
1.0817886590958
1.0040650367737
1.0004878044128
.993821144104
.9721951285998
.94162601232529
.93089431524277
.94325202703476
.96617885430654
.94325202703476
.94715446233749
1.0094308853149
.94585367043813
1.0014634132385
.96747966607412
.94585365056992
.9731707572937
.92552846670151
1.0159349441528
.97105691830317
.96325202782949
.90959350268046
.96341462930044
.92065042257309
.99203250805537
1.0564227501551
.91121951738993
1.0305690765381
1.0279674530029
.91463416814804
.9320325255394
.96048778295517
.96243902047475
.98552846908569
.97951221466064
.94422763586044
.96601623296738
.94764226675034
.8980487982432
1.0243902206421
.97853656609853
1.0136585235596
.98130083084106
.90926829973857
1.0169105529785
.96146341164907
.99252033233643
.9666666785876
1.0056910514832
.96504064400991
.9585365653038
.95024389028549
.94666665792465
.996910572052
.94829267263412
.9848780632019
.99073171615601
1.0042276382446
.9378861784935
.97056909402211
.99252033233643
.97430896759033
1.088943084081
.98813009262085
.96308942635854
.93154472112656
.96243902047475
1.0008130073547
.94975608587265
.94520324468613
.96308942635854
.92081302404404
.98650405804316
.97707317272822
.98292682568232
.95999999841054
.95447152853012
.93333333730698
.993821144104
.93544715642929
.99902439117432
.95609754323959
.91430896520615
.97495937347412
.98666667938232
.97577238082886
1.0032520294189
.96699188152949
1.012357711792
.93593496084213
.98178863525391
.97658536831538
.98178863525391
1.0208129882812
.92325204610825
1.0042276382446
.98634145657221
.93154472112656
1.0019512176514
.97837400436401
.99756097793579
1.0008130073547
.96439023812612
.95252031087875
1.0076422691345
.95967477560043
.94861787557602
.94520324468613
.96162601312002
.95365852117538
.99918699264526
.96569106976191
.94162601232529
.93967479467392
.9734959602356
.98682928085327
.93447154760361
.94130080938339
1.0421137809753
.96406503518422
1.0180487632751
1.0035772323608
1.0549593369166
1.0050406455994
1.0258536338806
.95138210058212
.99544715881348
.97040651241938
.91056911150614
.9169105887413
.99284553527832
.97170732418696
1.0048780441284
.9169105887413
.95626016457876
.94325202703476
.97626016537348
1.0227642059326
.94308944543203
.93967479467392
1.0094308853149
.993821144104
.99626016616821
.93837398290634
.95479673147202
.98113822937012
.92357722918193
.95235770940781
1.0203251838684
.99560976028442
1.0013008117676
.99349594116211
.96764226754506
.9468292593956
.96292682488759
1.0252032677333
1.0013008117676
1.0144715309143
.98715446392695
.97967477639516
.94504066308339
.90943090120951
.95365852117538
.92569106817245
.94617885351181
1.0105690956116
.95252031087875
.9790244102478
.9941463470459
.98861789703369
1.0143089294434
.94260162115097
.96731706460317
.97495935360591
1.0482926368713
.9622764190038
1.0146341323853
1.0445528030396
1.0203251838684
1.033821105957
.95691055059433
.9598373969396
.96634145577749
.95560973882675
.97723577419917
.95772357781728
.97235773007075
.90617885192235
.94178861379623
.96731706460317
.96520324548086
.92780488729477
.90861789385478
.91365853945414
.92455285787582
1.0219511985779
.98747968673706
1.0004878044128
.93382114171982
.89967477321625
.97642274697622
.97479677200317
.97430894772212
.96260160207748
.93723577260971
.95658534765244
.93528455495834
.96617885430654
.99398374557495
.99268293380737
.9495934844017
.8878048658371
1.0100812911987
.96731706460317
.93577235937119
.91983739535014
.98276424407959
.94536584615707
.96439023812612
.8977235754331
1.1821138064067
1.0006504058838
.98439025878906
.95626014471054
.98878049850464
.97479677200317
1.0013008117676
.97609756390254
.96325200796127
.91186992327372
.88861787319183
.93918699026108
.96731708447138
.93691056966782
.98715448379517
.9756097594897
.92569106817245
.93999999761581
.99983739852905
.93837398290634
.9626016219457
.9409756064415
.96097560723623
.96601625283559
.96341462930044
.93284553289413
.99219512939453
.98357725143433
.94162601232529
.9842276374499
.97642278671265
.92943090200424
.9200000166893
.92926830053329
.97398374478022
.97268293301264
.93804877996445
.97447156906128
.98422765731812
.95934957265854
.99365854263306
.95674794912338
.98894309997559
.96894309918086
.98861789703369
.99300813674927
.94390243291855
1.030731678009
.9622764190038
1.0173983573914
.9656910498937
.96682926019033
.95983737707138
.93886178731918
.99544715881348
.93300813436508
.97869920730591
.98747968673706
.94975608587265
.9759349822998
.94243901968002
.96715446313222
.94487804174423
.95577236016591
.99447154998779
.98861789703369
.97609758377075
1.0188617706299
.93951219320297
1.0291056632996
.98130083084106
.93934959173203
.97691057125727
.94422763586044
1.0009756088257
.94991870721181
.94569104909897
.89024388790131
.92829269170761
.9004878004392
.96991870800654
.89609754085541
.95463413000107
.94146341085434
.9437398314476
.96422763665517
.9842276374499
1.0014634132385
.92666667699814
.98894309997559
.99154472351074
.95252031087875
.97983739773432
1.0242276589076
.99349594116211
.92048780123393
.96341464916865
.96731706460317
.97040651241938
.9585365653038
.97853658596675
.96552844842275
.98292684555054
.89235770702362
.9910569190979
.96081300576528
.95479673147202
.96861789623896
.93853658437729
.9759349822998
.98455286026001
.9752845565478
.9647154211998
.94699186086655
.94569104909897
.92243903875351
.96829267342885
.92520326375961
.93138211965561
.9814634124438
.95105689764023
.95642274618149
1.0026016235352
.95121949911118
.95479673147202
.95593494176865
.94878047704697
.91203252474467
.91658536593119
.95252033074697
.93772357702255
1.0022764205933
.89186990261078
.91154472033183
.94894309838613
.92747968435287
1.0256910324097
.94813007116318
.96926830212275
.96894309918086
.99788618087769
.93739837408066
.98634147644043
.93008130788803
.92260164022446
.94585365056992
1.0575609207153
.97642278671265
.96650405724843
.9694309035937
.97707317272822
.98845529556274
.90894309679667
.98926830291748
.97853660583496
.93252032995224
.96650405724843
.96747966607412
.95398372411728
.96048778295517
.88227641582489
.99967479705811
.8943089445432
.99593496322632
.96796747048696
.94487804174423
.93593496084213
.93089431524277
.94780486822128
.97317071755727
.95560973882675
.93658536672592
.99756097793579
.91739839315414
.96764226754506
.99918699264526
1.0050406455994
.93382114171982
.95577236016591
.90048778057098
.96032520135244
.99788618087769
.89804877837499
.96601625283559
.99560976028442
.95999997854233
.96910568078359
.93056911230087
1.0352845191956
.99821138381958
.96634145577749
.93333333730698
.96878049770991
.94422763586044
1.0056910514832
.92552846670151
.98195123672485
.94975608587265
.95138212045034
.9406504034996
.96552844842275
.85642276207606
.99349594116211
.93024390935898
.9557723402977
.95837396383286
.93821138143539
.9814634124438
.93837398290634
.94910569985708
.97691057125727
.93073171377182
.99951219558716
.9172357916832
1.0146341323853
.9647154211998
.95317071676254
.92162601153056
.93284553289413
1.0011382102966
1.0141463279724
.9320325255394
.93642276525497
.93804877996445
1.0087804794312
.94504064321518
.98227643966675
.9159349600474
.96211381753286
.93691056966782
.93382114171982
.95479673147202
.94487804174423
.96471544106801
.87056910991669
.92943090200424
.89886178572973
.97756099700928
.96065040429433
.90910569826762
.94861787557602
.96699186166128
.96796747048696
.99073171615601
.95430892705917
.92113822698593
.97138212124507
.93349593877792
.95495933294296
.98731708526611
.90926829973857
.92162603139877
.94520324468613
.96829269329707
.9598373969396
.91788617769877
.94487804174423
1.0084552764893
.98715448379517
.96569106976191
.96585365136464
.9138211607933
.97235771020253
.94926828145981
.93317073583603
.95219510793686
.97447156906128
.92861789464951
.96048778295517
.96211379766464
1.0149593353271
.94243901968002
.9172357916832
.96048780282338
1.04634141922
.89560973644257
.9848780632019
.91609756151835
.98260162274043
.97268291314443
.8943089445432
.97300813595454
.91268293062846
.98943090438843
.95739835500717
.92715448141098
.99772357940674
.97040649255117
.97365854183833
.96341462930044
.96455283959707
.94585365056992
.94130080938339
.92422765493393
1.0040650367737
.97235774993896
1.0095934867859
.96552844842275
1.0008130073547
.96048780282338
.86796748638153
.94243901968002
1.0255284309387
.91463416814804
.98861789703369
.96308942635854
.9910569190979
.97495933373769
.99999998013178
.91918698946635
.99772357940674
.92243903875351
.86926829814911
.94617887338003
.93723577260971
.91268293062846
.93317073583603
.95999999841054
.95560973882675
.88650405406952
.94390243291855
.97512195507685
.96081298589706
.95804876089096
.98715448379517
.92731708288193
.92569106817245
.95430892705917
.99300813674927
.98959350585937
.96504064400991
.9759349822998
.95934957265854
.91869920492172
.98373985290527
.96926830212275
.95658534765244
.95073169469833
.92650407552719
.96292682488759
.95056909322739
.96764226754506
.96959348519643
1.0066666603088
.95495933294296
.99121952056885
.91056911150614
.92764228582382
.95723575353622
1.0188617706299
.95024389028549
.90439023574193
.95788615942001
.92682927846909
.97073169549306
.92910569906235
.94878047704697
.99284553527832
.89837396144867
.95138210058212
.97479677200317
.9406504034996
1.0001626014709
.91788619756699
.97105689843496
.97577236096064
.90552846590678
.98634147644043
.9440650343895
.91235772768656
.93382114171982
.9004878004392
.9190243879954
.97024389108022
.8943089445432
.91252032915751
.91219512621562
.96552844842275
.96422763665517
.91642278432846
.9904064933459
.95317071676254
.98227643966675
.98747968673706
1.0053658485413
1.0318698883057
.90357724825541
.93528455495834
.93382114171982
.88585364818573
.92926830053329
.88943088054657
.90601627031962
.91609758138657
.93756097555161
.93105691671371
.9598373969396
.96081300576528
.94081300497055
.92016261816025
.86178863048553
.95186990499496
.93642276525497
.94585365056992
.90260161956151
.98422765731812
1.0372357368469
.95609754323959
.9134959379832
1.0086178779602
.92439025640488
.94487804174423
.96097558736801
.90195121367772
.92991870641708
.95317071676254
.90373982985814
.9063414533933
.89983739455541
.90211381514867
.98130083084106
.95479673147202
.97626016537348
.97869918743769
.88943088054657
.9351219534874
.92601627111435
.92292684316635
.95495933294296
.93609756231308
.93869918584824
.93723577260971
.92780488729477
.93447154760361
.91056911150614
.94813007116318
.95918699105581
.88601624965668
.93089431524277
.91512195269267
.96682928005854
.97544715801875
.93691056966782
.93772357702255
.9131707350413
.96032520135244
.96081300576528
.94211381673813
.92471545934677
.92634147405624
.872682929039
1.0439023971558
.9465040564537
.91268293062846
.90504064162572
.98699188232422
.93756097555161
.96487804253896
.9347967505455
.96341462930044
.97333333889643
.8967479467392
.9793496131897
.93886178731918
.89788615703583
.96195121606191
.9351219534874
.94422763586044
.98178861538569
.9656910498937
.93365854024887
.98195123672485
.94829267263412
.93626016378403
.9495934844017
.93739837408066
.93089431524277
.93121951818466
.91284553209941
.95024389028549
.91951219240824
.93040651082993
.89170730113983
.93447154760361
.92373983065287
.9406504034996
1.0032520294189
.96065040429433
.94699186086655
.93447154760361
.98292682568232
.98065042495728
1.0013008117676
.93674796819687
.94130080938339
.87284553050995
.93008130788803
.91073171297709
.91398376226425
.95674794912338
.89772355556488
.90845529238383
.97333333889643
.96878049770991
.91154472033183
.91284555196762
.97983739773432
.93577235937119
.87170732021332
.91284553209941
.94666665792465
.87333333492279
.9468292593956
.91349595785141
.9200000166893
.8843902349472
.9852032661438
.97008128960927
.97626016537348
.94813009103139
.91121951738993
.93463414907455
.91235772768656
.96357723077138
.89349591732025
.92813009023666
.89837396144867
.91235772768656
.96682926019033
.91284553209941
.99528455734253
.86975610256195
.90097560485204
.87691056728363
.87560975551605
.85788617531459
.93219512701035
.96731706460317
.9588617682457
.9258536696434
.93658536672592
.99024391174316
.94536584615707
.9004878004392
.90764228502909
.93186992406845
.90243901809057
.94813007116318
.94829267263412
.99918699264526
.86585366725922
.91056913137436
.93414634466171
.94390243291855
.88796746730804
.88796746730804
.93268293142319
.93674796819687
.96504064400991
.89203250408173
.92536586523056
.91804877916972
.89658534526825
.98292684555054
.93739837408066
.89008128643036
.93382114171982
.94731708367666
.93073171377182
.90113818645477
.93674796819687
.95219512780507
.93252032995224
.94634145498276
.92520326375961
.92325204610825
.9121951063474
.96666665871938
.99658536911011
.98048780361811
.86845529079437
.96894307931264
.94666665792465
.95821138223012
.94439023733139
.90764228502909
.92959350347519
.97642276684443
.92634147405624
.93886178731918
.94439023733139
.91560975710551
.92569106817245
.89121949672699
.91105691591899
.90227641661962
.93284553289413
.90780486663183
.88243901729584
.96910568078359
.94292682409286
.93658536672592
.95333331823349
.91284553209941
.91284553209941
.90178861220678
.93626016378403
.91317075490952
.91495935122172
.8843902349472
.94569104909897
.86260163784027
.9227642416954
.94341462850571
.93040651082993
.88764228423436
.90422763427099
.94699186086655
.93593496084213
.90341462691625
.98065042495728
.96308942635854
.92195123434067
.89398372173309
.96081298589706
.92341462771098
.95609756310781
.89154469966888
.8843902349472
.90682925780614
.94422763586044
.9172357916832
.9258536696434
.94666665792465
.91073171297709
.91886180639267
.92439025640488
.92715448141098
.92081300417582
.87186992168427
.95365852117538
.87447154521942
.90991868575414
.89528453350067
.92048782110214
.9066666563352
.90926829973857
.9100813070933
.92829269170761
.92926830053329
.92796748876572
.90926829973857
.9725203315417
.94715446233749
.86715447902679
.99626016616821
.87691056728363
.93186992406845
.90390245119731
.88065040111542
.90813006957372
.93105691671371
.85154471794764
.85447154442469
.89869916439056
.92764228582382
.91902440786362
.93560975790024
.90455283721288
.9879674911499
.87219512462616
.90276422103246
.94048780202866
.87626016139984
.93154472112656
.88699187835058
.9121951063474
.89886176586151
.94926828145981
.9378861784935
.89707316954931
.90796746810277
.8637398481369
.88048779964447
.94943088293076
.89626014232635
.98048782348633
.94536584615707
.94146341085434
.94796746969223
.9378861784935
.90715448061625
.8908942937851
.87560975551605
.90504066149394
.8967479467392
.96016259988149
.90617887179057
.86276423931122
.86536586284637
.86260163784027
.88601624965668
.9320325255394
.87073171138763
.97235773007075
.88682925701141
.90943090120951
.89886180559794
.93138211965561
.89024390776952
.94032520055771
.90943090120951
.91105691591899
.87999999523163
.9595121939977
.92260164022446
.88178861141205
.92081302404404
.94439023733139
.91837398211161
.91154472033183
.88097560405731
.9351219534874
.92211383581161
.92504066228867
.91463414827983
.86276423931122
.96243900060654
.9045528570811
.92715448141098
.91674798727036
.83869918187459
.94016259908676
.94406505425771
.9069918791453
.86617887020111
.94162601232529
.89008128643036
.96357723077138
.89268290996552
.89756095409393
.8816260099411
.87008130550385
.87642276287079
.90780488650004
.8816260099411
.92097560564677
.87138211727142
.90520326296488
.93040651082993
.88260161876678
.90536586443583
.92926830053329
.9073170820872
.9073170820872
.89268292983373
.83609755833944
.93528455495834
.92243903875351
.92991870641708
.88113820552826
.92048780123393
.88292682170868
.94341462850571
.91300813357035
.86634147167206
.87105691432953
.95186992486318
.93333333730698
1.0317072868347
1.0086178779602
.91024388869603
.8448780576388
.87024390697479
.92975610494614
.89170730113983
.87869918346405
.90780486663183
.84926829735438
.91235774755478
.87918698787689
.91886180639267
.90308944384257
.9001625974973
.89512195189794
.94146341085434
.86585366725922
.89528455336889
.9134959379832
.89544715483983
.93414634466171
.8754471540451
.91284551223119
.88471545775731
.84601626793544
.86113822460175
.8847154378891
.88764228423436
.91918700933456
.86845529079437
.89154469966888
.88634147246679
.87739837169647
.83447152376175
.9564227660497
.91219512621562
.94910567998886
.98000001907349
.90032519896825
.87203252315521
.86796748638153
.87121951580048
.87804877758026
.92048782110214
.92910569906235
.89902438720067
.96731708447138
.96861789623896
1.0265040397644
1.1094309091568
.95691055059433
.93414634466171
.95414634545644
1.0102438926697
.94699186086655
.98130083084106
.98536584774653
.97203252712886
.99804878234863
.98536586761475
.993821144104
1.0655284325282
.97983739773432
.97300813595454
.93089431524277
1.0014634132385
1.0011382102966
.99365854263306
.9437398314476
1.0500812927882
.9595121939977
.96585365136464
1.0382113456726
.9653658469518
1.0258536338806
.97382114330928
.98715446392695
1.021625995636
.99658536911011
1.0146341323853
.99772357940674
.97186994552612
1.0102438926697
.98439023892085
.95284551382065
1.0199999809265
.98390245437622
.96601625283559
1.0213007926941
1.0398373603821
1.0378861427307
.96048780282338
.98422765731812
.9725203315417
1.018373966217
.96829267342885
1.0416259765625
1.0232520103455
.96878049770991
.97886178890864
.98260164260864
1.0079674720764
1.0117073059082
1.0147967338562
.98943090438843
.97756099700928
.95105689764023
.97073171536128
1.0115447044373
.99056911468506
.95479673147202
1.0001626014709
.99073171615601
1.03089427948
.98894309997559
.98178863525391
1.0004878044128
.91788619756699
1.0159349441528
1.0317072868347
1.0203251838684
.99024391174316
.95252035061518
1.0258536338806
.98081300656001
1.006178855896
.9790244102478
.98910570144653
1.0347967147827
1.0151219367981
1.006178855896
.99268293380737
1.012357711792
.98178863525391
.96422763665517
1.0065040588379
.93772357702255
1.0125203132629
1.043089389801
.97723577419917
.9759349822998
.98975610733032
1.0304064750671
1.0110569000244
1.0082926750183
1.0445528030396
.98357725143433
.96959348519643
.98422765731812
1.0242276191711
1.0573983589808
.97821140289307
.96422763665517
.99008131027222
.95772357781728
1.1282926797867
1.0406503677368
1.0170731544495
.99284553527832
.95837396383286
1.0097560882568
1.0014634132385
1.0253658294678
.97105689843496
.99024391174316
.98682928085327
.95203250646591
1.0170731544495
1.0386991500854
.99642276763916
.96520322561264
1.0089430809021
1.047642270724
1.0871544281642
1.0102438926697
1.0086178779602
1.0026016235352
1.0191869735718
.98634147644043
1.015284538269
1.0115447044373
1.033821105957
1.0271544456482
.95186990499496
1.0143089294434
1.0492682854335
.98959350585937
1.0165853500366
1.0042276382446
.97642276684443
.96910568078359
1.0110569000244
1.0697560707728
1.0069918632507
.97203252712886
1.0632520119349
.99560976028442
1.0538210868835
.99788618087769
1.043251991272
1.0226016044617
.98260164260864
.99089431762695
.9941463470459
1.0073170661926
1.0232520103455
.94243901968002
1.0206503868103
.99512193600337
1.0356097221375
.97756099700928
1.0510568618774
.98666667938232
1.0169105529785
.98178863525391
1.0120325088501
.99674797058105
1.033821105957
.99739837646484
1.0045528411865
.97121951977412
1.0484552383423
.9691057006518
1.0133333206177
1.0052032470703
1.030731678009
1.0048780441284
.96926828225454
.96569106976191
.97951219479243
.96048780282338
1.0525203148524
1.009268283844
1.003089427948
.97186992565791
.98227641979853
1.0336585044861
.98845529556274
.98065042495728
.99138212203979
1.0204877853394
.99219510952632
.9941463470459
1.0739837884903
1.0113821029663
1.0695935090383
1.0417885780334
.96894309918086
1.0274796485901
1.0585365692774
.99398374557495
1.009105682373
1.021625995636
1.0395121574402
.96455285946528
1.0065040588379
1.0320324897766
1.0050406455994
1.1076422929764
1.0442276000977
.96634145577749
1.040162563324
1.0422763824463
1.0531706809998
1.0313820838928
1.0351219177246
1.1154471635818
.98634147644043
.996910572052
1.0813008546829
1.0629268487295
1.0959349870682
1.0741463899612
1.052520275116
1.1191869974136
1.0852032105128
.98780488967896
1.0704065561295
1.0855284929276
1.0539836883545
1.033821105957
1.0578861633937
1.0694309075673
1.0988618135452
1.0868293046951
1.1577235460281
1.1515446901321
1.2242276668549
1.1746341387431
1.2900812625885
1.2520325183868
1.2860162655512
1.3050406376521
1.3578861951828
1.4078048467636
1.4900813102722
1.5139837265015
1.5687805016836
1.6647154092789
1.6572357416153
1.7121951580048
1.77317070961
1.8780487775803
1.9586992263794
2.0260162353516
2.1382114092509
2.3037397861481
2.4239025115967
2.6115446885427
2.7933332920074
2.9973983764648
3.3065040111542
3.3521951039632
3.5731706619263
3.6416261196136
3.8456909656525
3.8336584568024
3.822438955307
3.8552845319112
3.9520325660706
3.9172358512878
3.8370730876923
3.8022763729095
3.745365858078
3.5765852928162
3.4863414764404
3.4063414732615
3.214471578598
3.0736584663391
2.8960975805918
2.699187040329
2.6066666444143
2.5071544647217
2.3869918982188
2.2227642536163
2.0887804031372
1.9580487807592
1.94617887338
1.7835772037506
1.7152845859528
1.7011382579803
1.5895935297012
1.5302438735962
1.539999961853
1.4121950864792
1.3613008260727
1.279186964035
1.3092682758967
1.1956097682317
1.2705690860748
1.2656910419464
1.1747967004776
1.1609755754471
1.1881301005681
1.1143089532852
1.2772357463837
1.1065040826797
1.161138176918
1.056747953097
1.1434146165848
1.0946341753006
1.1013008356094
1.1146341562271
1.073658545812
1.170406460762
1.1069918870926
1.0785366296768
1.0526828765869
1.099512219429
1.0834146738052
1.0528454780579
1.0360975265503
1.0705691576004
1.0682927370071
1.0386991500854
1.1019512414932
1.0125203132629
1.0050406455994
1.0816260576248
1.0063414573669
.95837398370107
1.0512194633484
1.0281300544739
1.0458536148071
1.0300812721252
1.0333333015442
1.0508942604065
1.006016254425
1.0385365486145
.97674798965454
1.0375609397888
1.01544713974
1.0206503868103
1.0608129898707
1.0391869544983
1.0570731560389
1.0334959030151
1.0356097221375
1.0204877853394
1.0635772546132
.98991870880127
1.0552845398585
.96991868813833
1.0105690956116
1.0149593353271
1.0352845191956
.99512195587158
1.0642276207606
1.0258536338806
1.0505690574646
.9910569190979
1.0087804794312
1.0032520294189
1.0141463279724
1.0447154442469
1.0543089310328
1.0180487632751
1.0331707000732
.94845527410507
1.0178861618042
.97398374478022
1.073495944341
1.0071544647217
.99089431762695
1.0291056632996
.95983737707138
.98975606759389
1.0195122162501
.9564227660497
1.018536567688
1.0084552764893
1.0141463279724
1.0014634132385
1.033983707428
.97333333889643
1.021463394165
.99577236175537
1.0312194824219
1.0029268264771
1.0131707191467
1.0164227485657
1.0291056632996
.97723577419917
1.0110569000244
.98439025878906
.99951219558716
1.0229268074036
1.0138211250305
1.0596747795741
.99024391174316
1.0243902206421
.97544717788696
1.0186991691589
1.0491056839625
1.0978862047195
.98910570144653
1.009268283844
.97154472271601
.99837398529053
.98682928085327
1.0162601470947
.97138210137685
1.0074796676636
1.0203251838684
1.0079674720764
.99544715881348
1.0074796676636
1.012357711792
1.009105682373
1.0040650367737
.99008131027222
1.0211381912231
.99512195587158
1.030731678009
1.0175609588623
1.0108942985535
.99219512939453
1.0660162766774
.95918699105581
.96325202782949
.9852032661438
1.0349593162537
1.0440649986267
1.0026016235352
.98634147644043
1.0279674530029
.99853658676147
1.0788617531459
.94926828145981
.993821144104
1.0230894088745
1.0105690956116
.9783739844958
.9882926940918
1.01544713974
.99739837646484
1.0004878044128
1.0549592971802
1.006016254425
.99138212203979
.95495933294296
1.0286178986231
1.0791869560877
1.0850406885147
.99463415145874
.94081300497055
1.040162563324
1.0117073059082
.99365854263306
1.0224390029907
.93934959173203
1.0234146118164
1.0232520103455
1.0271544456482
1.0120325088501
1.0484552383423
1.0131707191467
1.0258536338806
.97105691830317
.98130083084106
1.0221138000488
1.0375609397888
.9653658469518
1.012195110321
1.0131707191467
1.0304064750671
1.0069918632507
1.0269918441772
.98162603378296
.97170732418696
.993821144104
1.0084552764893
1.1250406503677
1.021463394165
1.0050406455994
.9910569190979
1.0118699073792
1.0160975456238
1.0915447473526
1.0440649986267
.97626014550527
.94390243291855
1.0221138000488
.99349594116211
1.0284552574158
1.0546341339747
.99447154998779
1.0523577133814
1.0156097412109
.99089431762695
.99707317352295
1.0242276191711
1.0133333206177
1.0429267883301
.97951221466064
1.0213007926941
.96211379766464
.97398376464844
.97252031167348
1.033821105957
.95772355794907
1.0647154649099
.95853658517202
.98861789703369
1.0582113663356
1.0648780266444
.97089431683222
1.0377235412598
.99333333969116
1
.99024391174316
1.0713821252187
1.0746341943741
.96894309918086
.93837398290634
1.0813008546829
.993821144104
1.0465040206909
.99186992645264
.94243901968002
.96520326534907
1.0186991691589
1.0411381721497
.98780488967896
1.0331707000732
.96764228741328
1.0104064941406
1.0328454971313
.98764228820801
.97626016537348
.9564227660497
1.0050406455994
.99056911468506
.96959350506465
1.0016260147095
.95821138223012
.99626016616821
1.0097560882568
.96829267342885
1.0375609397888
.99853658676147
.98878049850464
.99837398529053
1.0175609588623
1.0089430809021
1.0632520119349
.99804878234863
.95317071676254
1.0035772323608
1.0006504058838
.95219510793686
1.0383739471436
.94926828145981
1.0021138191223
.97121951977412
1.0294308662415
.9821138381958
.97138212124507
.99934959411621
1.0321950912476
1.0666666825612
.99024391174316
1.0178861618042
1.0629268487295
1.0315446853638
1.0013008117676
.99821136395137
1.0110569000244
.9691057006518
.98975610733032
.98113822937012
1.0063414573669
.94422763586044
.99642276763916
.99349594116211
.95756095647812
1.0035772323608
.99658536911011
1.0006504058838
.92211383581161
1.0113821029663
.97186992565791
1.0108942985535
.98113822937012
1.0105690956116
.9465040564537
.99658536911011
.99869918823242
.97073171536128
.9406504034996
1.0172357559204
.98536586761475
1.0378861427307
1.0126829147339
.98861789703369
1.021625995636
.9347967505455
1.0349593162537
1.0591869751612
.96292680501938
1.0056910514832
1.0021138191223
.99983739852905
1.0094308853149
1.0089430809021
1.0045528411865
.99512195587158
.9824390411377
.99674797058105
1.0032520294189
1.0495934883753
.96829267342885
.99284553527832
1.0882927179337
.99577236175537
.99056911468506
.94926828145981
.97821138302485
.98325204849243
.97609758377075
1.0156097412109
1.009268283844
1.0544714927673
1.0234146118164
1.0151219367981
1.0102438926697
1.0372357368469
1.0700813531876
1.0146341323853
1.0068292617798
.94943088293076
1.0559349457423
1.018373966217
1.0131707191467
.98991870880127
.95918697118759
.98195121685664
1.0240650177002
.94081300497055
.94146341085434
.96243902047475
.9879674911499
1.0078048706055
.96634145577749
1.0626016060511
.99349594116211
1.0304064750671
.98097562789917
.99398374557495
1.0204877853394
.98861789703369
.98227643966675
.98926830291748
.99040651321411
.98813009262085
.96032520135244
1.003089427948
.99577236175537
.99252033233643
1.0286178588867
1.0160975456238
1.067317088445
.98000001907349
1.0382113456726
.94536584615707
.98178863525391
.98747968673706
1.0204877853394
1.0034146308899
.99528455734253
.9941463470459
1.0019512176514
1.0177235603333
1.0024390220642
.95658534765244
1.0281300942103
.99349594116211
.95691057046254
.9824390411377
1.0312194824219
1.0518698692322
1.0465040604273
.98065042495728
1.0146341323853
.98943090438843
1.0269918441772
1.0037398338318
1.0156097412109
1.0201625823975
1.0138211250305
1.0043902397156
.97024391094844
.97284553448359
.99512195587158
.98390245437622
1.0562601089478
.97967481613159
1.0082926750183
1.0196747779846
.98276422421137
1.006016254425
1.0240650177002
.98715448379517
.99317073822021
1.0411381721497
1.0232520103455
.95170732339223
.98747968673706
1.0052032470703
.97691059112549
.99528455734253
1.0604877869288
.98406503597895
.98065040508906
1.003089427948
1.0014634132385
1.0395121574402
.99788618087769
1.0351219177246
1.0173983573914
.93105691671371
.98715448379517
1.0065040588379
.98780488967896
.99447154998779
.98439025878906
1.0957723855972
1.0159349441528
1.0219511985779
1.0468292236328
.9554471373558
.94308942556381
.99951219558716
.9684552748998
.96439025799433
.96081300576528
.97593496243159
.97626014550527
.99056911468506
.99626016616821
.99317073822021
1.0429268280665
1.0035772323608
1.0143089294434
1.0211381912231
1.0224390029907
1.0336585044861
.99853658676147
1.0206503868103
.98390245437622
1.0622764031092
.98048782348633
.99886178970337
1.0466666221619
1.003089427948
.96422763665517
.96178861459096
1.0105690956116
1.0107316970825
.95837396383286
.97138212124507
1.0409755706787
.98292684555054
1.064227660497
.98601627349854
.9882926940918
1.0169105529785
1.0323576927185
1.0377235412598
1.0219511985779
.95528453588486
.99674797058105
.98536586761475
1.0117073059082
.96504062414169
1.0242276191711
.96813009182612
.97447156906128
.98195123672485
.94341462850571
.99560976028442
1.0465040206909
.98162603378296
.97008128960927
1.0055284500122
1.0543088912964
1.0289430618286
1.033821105957
1.0362601280212
1.0131707191467
.99658536911011
1.0014634132385
.97170732418696
.98666667938232
.95918697118759
.9882926940918
.92764228582382
.94195121526718
.98341463009516
.9821138381958
.99886178970337
1.0011382102966
.94162601232529
1.0019512176514
.99317073822021
.99463415145874
1.0120325485865
.96260160207748
1.0191869735718
1.037073135376
.98390245437622
1.0008130073547
.91528457403183
1.0157723426819
1.0156097412109
1.0164227485657
.97382116317749
1.0508943001429
.95934959252675
1.0045528411865
.93463414907455
.99739837646484
1.0032520294189
1.0009756088257
1.0006504058838
.99983739852905
1.0268292427063
1.0557723045349
.9762601852417
1.0079674720764
1.0234146118164
.9848780632019
.94390243291855
1.033983707428
1.006016254425
1.0157723426819
1.0344715118408
1.0226016044617
1.009268283844
.95886178811391
.99121952056885
.97934959332148
.94926828145981
1.0559349457423
1.0003252029419
.95821136236191
1.0398373603821
.93853658437729
.95333331823349
1.0253658294678
1.0078048706055
1.0037398338318
1.0157723426819
.95869916677475
.97869920730591
.98292684555054
.96731708447138
1.0217885971069
.99821138381958
1.0252032279968
.98764228820801
.95723575353622
.94471544027328
.95837398370107
1.0191869735718
.97674798965454
1.0110569000244
1.0465040206909
.97300813595454
1.0357723236084
.97739837567012
.95528453588486
1.0346341133118
.97268295288086
.92666667699814
.97723579406738
.98032520214717
1.0253658294678
.98780488967896
.97138212124507
.94715446233749
.9790244102478
1.018373966217
.98975610733032
1.0013008117676
.96146339178085
1.0082926750183
.97186992565791
.98390245437622
.9793496131897
.99333333969116
.99040651321411
1.0071544647217
.94894307851791
.9972357749939
.93154472112656
.96146339178085
.96130081017812
.99593496322632
1.0016260147095
1.0385365486145
.96975610653559
.97804880142212
.96650405724843
.95105689764023
.9684552748998
.92016261816025
1.0281300544739
.98959350585937
.97121951977412
1.0063414573669
1.009105682373
.97739837567012
.99447154998779
.94146341085434
.98764228820801
.9626016219457
1.0013008117676
.97577238082886
.93853658437729
.98130083084106
1.0126829147339
.95512193441391
.94552844762802
.9248780409495
1.0147967338562
.93154472112656
.98065042495728
.94861787557602
.95821138223012
.96813007195791
1.018536567688
1.01544713974
.98162603378296
.98439025878906
1.012195110321
.93707317113876
.99056911468506
.99756097793579
1.0131707191467
.94292682409286
.97365854183833
.96780486901601
1.0144715309143
.91772359609604
.94130080938339
.99430894851685
.9821138381958
.95691055059433
1.0645528237025
.90569106737773
.9882926940918
.96097558736801
1.0117073059082
.98715448379517
.91544715563456
.93967479467392
.99170732498169
.94162601232529
.99349594116211
1.0091057022413
.9746341307958
1.0039024353027
.9172357916832
.95317071676254
.96276422341665
1.0198373794556
.99073171615601
.96243900060654
1.0118699073792
.96081300576528
.97089431683222
1.01544713974
.95252031087875
.98536586761475
.97967481613159
.95414634545644
1.0047154426575
.93723577260971
.91203252474467
.95626014471054
1.0206503868103
.91642278432846
.92552846670151
.9852032661438
1.0016260147095
.91707317034403
.9848780632019
.95691055059433
.97837400436401
1.009105682373
.9793496131897
.95284553368886
.97105691830317
.96780488888423
1.0107316970825
.97512197494507
1.0573983589808
.93495935201645
.96065038442612
.88357722759247
.96292682488759
.93658536672592
1.0029268264771
1.0201625823975
.9762601852417
.95138210058212
.9848780632019
.98975610733032
.9687804778417
.89886178572973
.97934959332148
.96178859472275
1
.94341462850571
.96390241384506
.93723577260971
.99902439117432
.94260162115097
.97414636611938
.99544715881348
.98016260067622
.95398372411728
.97609756390254
.93626016378403
.97821136315664
.97463415066401
.94520324468613
.93918699026108
.97821140289307
.99284553527832
.98178863525391
.93040651082993
.92081302404404
.93024390935898
.95040649175644
.94146341085434
.94617885351181
.99560976028442
.94715446233749
.93837398290634
.96357723077138
.98552846908569
.93967479467392
.93138211965561
1.0019512176514
.91967481374741
.97577238082886
.94422763586044
.98471546173096
.91268295049667
.95333331823349
.96650405724843
1.0814634561539
1.0040650367737
.90227641661962
.94243901968002
.98829267422358
1.033821105957
.93902438879013
.96243900060654
.9725203315417
.95105689764023
1
.99886178970337
1.0097560882568
.96406503518422
1.0204877853394
.95626014471054
.94764226675034
.99642276763916
.94764226675034
.91414634386698
.94243901968002
.92455285787582
.98308944702148
.91138211886088
.94227641820908
.95089429616928
.95317071676254
.92211383581161
.95414632558823
.94634145498276
.90585364898046
.92373985052109
.97024391094844
.91707319021225
.99951219558716
.88325202465057
.94260162115097
.94081300497055
.94601625204086
.95414632558823
1.0326828956604
.94471544027328
.96081300576528
.97479675213496
.94569104909897
.89186990261078
.91333335638046
.9203252196312
.96195121606191
.89609756072362
.97447156906128
.94422763586044
.92341464757919
.92243903875351
1.0237398147583
.91869920492172
.9468292593956
.98390243450801
.87902438640594
.94780486822128
.91105691591899
.92292684316635
.91577235857646
.88357722759247
.90764228502909
.86894309520721
.88585364818573
.92406505346298
.90682925780614
.91252032915751
.90845529238383
.89804877837499
.96178861459096
.90666667620341
.90715448061625
.85951220989227
.93398374319077
.87495934963226
.96715448300044
.88292682170868
.91821138064067
.87691056728363
.93804877996445
.87284553050995
.88910567760468
.9619511961937
.88390243053436
.84650407234828
.93186992406845
.90260161956151
.95756097634633
.90406503280004
.85235774517059
.87837398052216
.88390243053436
.89138209819794
.9317073225975
.88861787319183
.82813006639481
.87479674816132
.90113818645477
.91804877916972
.881951212883
.85560977458954
.86813008785248
.83560975392659
.85105689366659
.88796746730804
.91495935122172
.83886178334554
.89317071437836
.84357722600301
.86276423931122
.8908942937851
.87203252315521
.8908942937851
.89658536513646
.9110569357872
.81203252077103
.8973983724912
.92455285787582
.88504064083099
.89430892467499
.81658536195755
.89170732100805
.84552844365438
.89821135997772
.90308942397436
.83024390538534
.82113820314407
.84569106499354
.90357724825541
.89658536513646
.91577237844467
.83398373921712
.84357724587123
.83365851640701
.85886180400848
.88536584377289
.82195121049881
.82178860902786
.83463414510091
.86715447902679
.85869920253754
.80081301927567
.84032519658407
.88276422023773
.83560973405838
.86796748638153
.85869918266932
.83008130391439
.89349591732025
.85463416576385
.83414636055628
.89902436733246
.80845528841019
.8253658413887
0
0
0
0
0
0
0
0
0
0
0
0
0
0
0
0
0
0
0
0
0
0
0
0
0
0
0
0
0
0
0
0
0
0
0
0
0
0
0
0
0
0
0
0
0
0
0
0
0
0
0
0
0
0
0
0
0
0
0
0
0
0
0
0
0
0
0
0
0
0
0
0
0
0
0
0
0
0
0
0
0
0
0
0
0
0
0
0
0
0
0
0
0
0
0
0
0
0
0
0
0
0
0
0
0
0
0
0
0
0
0
0
0
0
0
0
0
0
0
0
0
0
0
0
0
0
0
0
0
0
0
0
0
0
0
0
0
0
0
0
0
0
0
0
0
0
0
0
0
0
0
0
0
0
0
0
0
0
0
0
0
0
0
0
0
0
0
0
0
0
0
0
0
0
0
0
0
0
0
0
0
0
0
0
0
0
0
0
0
0
0
0
0
0
0
0
0
0
0
0
0
0
0
0
0
0
0
0
0
0
0
0
0
0
0
0
0
0
0
0
0
0
0
0
0
0
0
0
0
0
0
0
0
0
0
0
0
0
0
0
0
0
0
0
0
0
0
0
0
0
0
0
0
0
0
0
0
0
0
0
0
0
0
0
0
0
0
0
0
0
0
0
0
0
0
0
0
0
0
0
0
0
0
0
0
0
0
0
0
0
0
0
0
0
0
0
0
0
0
0
0
0
0
0
0
0
0
0
0
0
0
0
0
0
0
0
0
0
0
0
0
0
0
0
0
0
0
0
0
0
0
0
0
0
0
0
0
0
0
0
0
0
0
0
0
0
0
0
0
0
0
0
0
0
0
0
0
0
0
0
0
0
0
0
0
0
0
0
0
0
0
0
0
0
0
0
0
0
0
0
0
0
0
0
0
0
0
0
0
0
0
0
0
0
0
0
0
0
0
0
0
0
0
0
0
0
0
0
0
0
0
0
0
0
0
0
0
0
0
0
0
0
0
0
0
0
0
0
0
0
0
0
0
0
0
0
0
0
0
0
0
0
0
0
0
0
0
0
0
0
0
0
0
0
0
0
0
0
0
0
0
0
0
0
0
0
0
0
0
0
0
0
0
0
0
0
0
0
0
0
0
0
0
0
0
0
0
0
0
0
0
0
0
0
0
0
0
0
0
0
0
0
0
0
0
0
0
0
0
0
0
0
0
0
0
0
0
0
0
0
0
0
0
0
0
0
0
0
0
0
0
0
0
0
0
0
0
0
0
0
0
0
0
0
0
0
0
0
0
0
0
0
0
0
0
0
0
0
0
0
0
0
0
0
0
0
0
0
0
0
0
0
0
0
0
0
0
0
0
0
0
0
0
0
0
0
0
0
0
0
0
0
0
0
0
0
0
0
0
0
0
0
0
0
0
0
0
0
0
0
0
0
0
0
0
0
0
0
0
0
0
0
0
0
0
0
0
0
0
0
0
0
0
0
0
0
0
0
0
0
0
0
0
0
0
0
0
0
0
0
0
0
0
0
0
0
0
0
0
0
0
0
0
0
0
0
0
0
0
0
0
0
0
0
0
0
0
0
0
0
0
0
0
0
0
0
0
0
0
0
0
0
0
0
0
0
0
0
0
0
0
0
0
0
0
0
0
0
0
0
0
0
0
0
0
0
0
0
0
0
0
0
0
0
0
0
0
0
0
0
0
0
0
0
0
0
0
0
0
0
0
0
0
0
0
0
0
0
0
0
0
0
0
0
0
0
0
0
0
0
0
0
0
0
0
0
0
0
0
0
0
0
0
0
0
0
0
0
0
0
0
0
0
0
0
0
0
0
0
0
0
0
0
0
0
0
0
0
0
0
0
0
0
0
0
0
0
0
0
0
0
0
0
0
0
0
0
0
0
0
0
0
0
0
0
0
0
0
0
0
0
0
0
0
0
0
0
0
0
0
0
0
0
0
0
0
0
0
0
0
0
0
0
0
0
0
0
0
0
0
0
0
0
0
0
0
0
0
0
0
0
0
0
0
0
0
0
0
0
0
0
0
0
0
0
0
0
0
0
0
0
0
0
0
0
0
0
0
0
0
0
0
0
0
0
0
0
0
0
0
0
0
0
0
0
0
0
0
0
0
0
0
0
0
0
0
0
0
0
0
0
0
0
0
0
0
0
0
0
0
0
0
0
0
0
0
0
0
0
0
0
0
0
0
0
0
0
0
0
0
0
0
0
0
0
0
0
0
0
0
0
0
0
0
0
0
0
0
0
0
0
0
0
0
0
0
0
0
0
0
0
0
0
0
0
0
0
0
0
0
0
0
0
0
0
0
0
0
0
0
0
0
0
0
0
0
0
0
0
0
0
0
0
0
0
0
0
0
0
0
0
0
0
0
0
0
0
0
0
0
0
0
0
0
0
0
0
0
0
0
0
0
0
0
0
0
0
0
0
0
0
0
0
0
0
0
0
0
0
0
0
0
0
0
0
0
0
0
0
0
0
0
0
0
0
0
0
0
0
0
0
0
0
0
0
0
0
0
0
0
0
0
0
0
0
0
0
0
0
0
0
0
0
0
0
0
0
0
0
0
0
0
0
0
0
0
0
0
0
0
0
0
0
0
0
0
0
0
0
0
0
0
0
0
0
0
0
0
0
0
0
0
0
0
0
0
0
0
0
0
0
0
0
0
0
0
0
0
0
0
0
0
0
0
0
0
0
0
0
0
0
0
0
0
0
0
0
0
0
0
0
0
0
0
0
0
0
0
0
0
0
0
0
0
0
0
0
0
0
0
0
0
0
0
0
0
0
0
0
0
0
0
0
0
0
0
0
0
0
0
0
0
0
0
0
0
0
0
0
0
0
0
0
0
0
0
0
0
0
0
0
0
0
0
0
0
0
0
0
0
0
0
0
0
0
0
0
0
0
0
0
0
0
0
0
0
0
0
0
0
0
0
0
0
0
0
0
0
0
0
0
0
0
0
0
0
0
0
0
0
0
0
0
0
0
0
0
0
0
0
0
0
0
0
0
0
0
0
0
0
0
0
0
0
0
0
0
0
0
0
0
0
0
0
0
0
0
0
0
0
0
0
0
0
0
0
0
0
0
0
0
0
0
0
0
0
0
0
0
0
0
0
0
0
0
0
0
0
0
0
0
0
0
0
0
0
0
0
0
0
0
0
0
0
0
0
0
0
0
0
0
0
0
0
0
0
0
0
0
0
0
0
0
0
0
0
0
0
0
0
0
0
0
0
0
0
0
0
0
0
0
0
0
0
0
0
0
0
0
0
0
0
0
0
0
0
0
0
0
0
0
0
0
0
0
0
0
0
0
0
0
0
0
0
0
0
0
0
0
0
0
0
0
0
0
0
0
0
0
0
0
0
0
0
0
0
0
0
0
0
0
0
0
0
0
0
0
0
0
0
0
0
0
0
0
0
0
0
0
0
0
0
0
0
0
0
0
0
0
0
0
0
0
0
0
0
0
0
0
0
0
0
0
0
0
0
0
0
0
0
0
0
0
0
0
0
0
0
0
0
0
0
0
0
0
0
0
0
0
0
0
0
0
0
0
0
0
0
0
0
0
0
0
0
0
0
0
0
0
0
0
0
0
0
0
0
0
0
0
0
0
0
0
0
0
0
0
0
0
0
0
0
0
0
0
0
0
0
0
0
0
0
0
0
0
0
0
0
0
0
0
0
0
0
0
0
0
0
0
0
0
0
0
0
0
0
0
0
0
0
0
0
0
0
0
0
0
0
0
0
0
0
0
0
0
0
0
0
