.60435777902603
.83218653996785
.65022935469945
1.0160550673803
.65596332152685
.81880734364192
.70451070864995
.81766055027644
.45298165082932
.76414372523626
.67507646481196
.73738531271617
.54281346003215
.73470948139826
.53975534439087
.70833333333333
.59824158747991
.79090213775635
.65558105707169
.76490823427836
.50076453884443
.84174311161041
.65558101733526
.91857796907425
.56651377677917
.68539754549662
.49464832743009
.75114679336548
.58065748214722
.77370031674703
.75
.83218655983607
.51605502764384
.77331803242366
.55198776721954
.67240061362584
.50802752375603
.69533638159434
.4384556611379
.79090213775635
.52140673001607
.68730886777242
.4889143606027
.7591743071874
.48088685671488
.6720183690389
.47362386186918
.68310397863388
.56001530090968
.61620793739955
.56766055027644
.68539754549662
.36735473076502
.63264526923498
.41781345009804
.63532110055288
.46559632817904
.6020642320315
.49044341842333
.59747705856959
.3979357779026
.56536696354548
.48929662505786
.73356268803279
.40558103720347
.51987768212954
.44877675175667
.57339449723562
.46139144897461
.69036696354548
.56116209427516
.73203365008036
.42201834917068
.58218653996785
.50496942798297
.58600918451945
.46368500590324
.5386085609595
.43922019004822
.55007644494375
.35626911123594
.63646789391836
.42584098378817
.61659022172292
.35168195764224
.65825686852137
.37347095211347
.58792050679525
.41896024346352
.57912842432658
.4273700217406
.50879204273224
.47362385193507
.62652905782064
.39373088876406
.56116207440694
.46062691013018
.48814985156059
.31230886777242
.43310396869977
.38149846593539
.48356267809868
.35091743866603
.53096329172452
.39296636978785
.52446482578913
.42889907956123
.61276757717133
.32454129060109
.50382263461749
.42201834917068
.58753822247187
.28287462393443
.51605503757795
.42698777715365
.39449541767438
.29396024346352
.48967890938123
.35091742873192
.54931193590164
.30925076206525
.45986239115397
.31307338674863
.45145260294278
.30007645487785
.47018349170685
.21597858766715
.49006117383639
.30772171417872
.49464831749598
.30772171417872
.4063455760479
.34977064530055
.49426605304082
.28593271970749
.39411314328512
.24464831749598
.32951069871585
.25458715856075
.43004587292671
.25267584125201
.30619265635808
.27599388360977
.45451069871585
.34250765045484
.28325687845548
.23929663499196
.40519877274831
.26949540774028
.42201833923658
.20756880939007
.39181957642237
.35435779889425
.31039755543073
.29090213775635
.46177370349566
.1980122278134
.42507645487785
.31001529097557
.38035168250402
.26529051860174
.42163608471553
.27255352338155
.49006116390228
.2775229314963
.41016820073128
.21215595801671
.41055045525233
.29013761878014
.4109327296416
.27981651822726
.49655961990356
.25879204769929
.44686544934909
.34174312154452
.42851682504018
.22018348673979
.37461773554484
.24694189925989
.38417431712151
.26758409539858
.41513761878014
.31422018011411
.5110856294632
.31995412707329
.39449541767438
.28096330165863
.49732415874799
.31842507918676
.38302752375603
.2886085609595
.42240061362584
.21788990497589
.48050458232562
.31918959816297
.46330275138219
.26949540774028
.38340978821119
.31613150238991
.42660551269849
.35053516427676
.47668195764224
.31918960809708
.16551987330119
.33065749208132
.4724770685037
.36314985156059
.45336392521858
.31077981988589
.45336390535037
.2637614607811
.45833333333333
.33371559778849
.38455658157667
.28287462393443
.38264525930087
.26261467734973
.35168195764224
.29548930128415
.52025993665059
.28287462393443
.42775228619575
.29587155580521
.44839449723562
.26070336004098
.37614678343137
.3795871535937
.38799694180489
.29204893112183
.41093271970749
.17698776721954
.45336391528447
.26452599962552
.41169724861781
.38646788398425
.38952599962552
.37194188435872
.46177370349566
.25955657164256
.32454129060109
.2729357779026
.41857798894246
.29625382026037
.42545871933301
.33830275138219
.4090214073658
.3134556611379
.40672783056895
.28975534439087
.35626912117004
.35512231787046
.34594801068306
.27981651822726
.4724770685037
.26414372523626
.33256880442301
.32454128066699
.49311925967534
.35779816905657
.42125382026037
.29663608471553
.43463302652041
.30045871933301
.47744648655256
.40022936463356
.40634556611379
.27790519595146
.43348624308904
.31230886777242
.4476299683253
.36238532265027
.39258408546448
.21368501583735
.27064220110575
.31383791565895
.43501528104146
.36238532265027
.37920488913854
.31613150238991
.32568807403247
.25496942301591
.46827216943105
.30581039190292
.38226300477982
.186162079374
.41857797900836
.31230886777242
.39602446556091
.25879205266635
.37844037016233
.27217125892639
.33333333333333
.28746177752813
.46062691013018
.33524464567502
.43730886777242
.25649847090244
.45374617973963
.25038226445516
.41207951307297
.25764526426792
.45795107881228
.23662079373995
.36964830756187
.29013761878014
.36085626482964
.28019877274831
.48853210608164
.27140673001607
.37729357679685
.27866972486178
.37996941804886
.19189602136612
.44380734364192
.22094801068306
.43616207440694
.24655962983767
.44495412707329
.3814984758695
.43119265635808
.26681956648827
.38914373517036
.35970948139826
.38685014843941
.24732415378094
.37576452891032
.2840214073658
.41590213775635
.28822630643845
.36467889944712
.23394495248795
.36582568287849
.28516820073128
.28707951307297
.3658256928126
.41743118564288
.20412844419479
.21788991491
.31766055027644
.4778287311395
.24197247624397
.34594801068306
.3023700316747
.41322629650434
.26987767219543
.32759939630826
.27064220110575
.35626911123594
.25458716352781
.3612385392189
.20642201602459
.47859326998393
.3207186460495
.29587155580521
.29625383019447
.40290519595146
.27522935469945
.39067277312279
.33524464567502
.35321101546288
.28516820073128
.36926605304082
.23509174088637
.56077980995178
.28287461400032
.51529051860174
.23662079870701
.375
.25382262965043
.3501528998216
.3050458629926
.38761468728383
.24732416371504
.3795871535937
.18807339171569
.40252294143041
.27331804235776
.44113150238991
.28937308986982
.44457186261813
.29548929135005
.43616207440694
.35626911123594
.37385321656863
.25726300477982
.3612385392189
.26529051860174
.34212538599968
.36506116390228
.49732415874799
.25038226942221
.35970948139826
.34900610645612
.53555044531822
.28975535432498
.29587155580521
.27905198931694
.3685015241305
.29434250791868
.51567280292511
.21827216943105
.47209479411443
.25152905285358
.4587156077226
.17775229116281
.47094802061717
.21330275138219
.41055046518644
.26108563443025
.42163608471553
.22859326998393
.39143730203311
.25344036519527
.43233944972356
.27714066704114
.48279814918836
.31001530090968
.32339449723562
.26032111048698
.30886849761009
.27714067697525
.43119266629219
.31957186261813
.38035167256991
.29510702689489
.53019877274831
.31842507918676
.34136084715525
.27828746040662
.37576451897621
.27255352338155
.43922017018
.26223242282867
.4973241686821
.33868500590324
.49961772561073
.27561161418756
.39984709024429
.26911315321922
.39602446556091
.28249234954516
.37003057201703
.36506116390228
.43845565120379
.29166666666667
.44342506925265
.22209479908148
.25229357679685
.25267584125201
.39678899447123
.2431192646424
.36085626482964
.21253822743893
.43157493074735
.25
.42545870939891
.31039755543073
.49961773554484
.28478593627612
.40787461400032
.40328745047251
.46100916465123
.2859327296416
.43081040183703
.29892966151237
.37958716352781
.31574923793475
.37805810570717
.27331803242366
.36620795726776
.34747705856959
.42813456058502
.34480122725169
.29243119557699
.34212537606557
.43539755543073
.32798164089521
.36085626482964
.2591743071874
.45030580957731
.29243119557699
.34556575616201
.26605504751205
.30542813738187
.21980122228463
.32148317495982
.26796634991964
.33868501583735
.28287461400032
.41666665673256
.3547400534153
.31918960809708
.25802752375603
.33448012669881
.31574923793475
.38990826408068
.28058103720347
.40175841252009
.30733944972356
.46788990497589
.32033640146255
.3887614707152
.26108562449614
.35206421216329
.25955658157667
.35818043351173
.11964831749598
.38302752375603
.30428134401639
.35894495248795
.33027522762616
.41781346003215
.22133028010527
.33715595801671
.24732415874799
.35703364014626
.26529051860174
.42507644494375
.21483180423578
.47668195764224
.3088685075442
.44686544934909
.34403669834137
.41284403204918
.30275229612986
.28822629650434
.28363914291064
.42660550276438
.33753823240598
.36964831749598
.21750764548779
.42851682504018
.19839449723562
.35321100552877
.26720183094343
.4751528998216
.28822629650434
.42966360847155
.32301222284635
.47477064530055
.26567277312279
.36697247624397
.26337920626005
.40863915284475
.27178899447123
.33371558785439
.23700306316217
.43501529097557
.27140673001607
.47094801068306
.34671252965927
.27484709024429
.2931957244873
.39678899447123
.27599388360977
.42392966151237
.39602447549502
.39640673001607
.33027523756027
.33142202099164
.4181957145532
.27943424383799
.29931192596753
.54663608471553
.32339449723562
.46865443388621
.26758410533269
.38646788398425
.28937309980392
.38952599962552
.24923547605673
.50267584125201
.22515290478865
.42775229612986
.32071866591771
.42163608471553
.22553517421087
.35321100552877
.30275228619575
.28593271970749
.27217125892639
.38570336500804
.28325687845548
.41016820073128
.25305810074011
.34594802061717
.3161314924558
.34594801068306
.33486238121986
.38532111048698
.2775229314963
.46292048692703
.23356269299984
.49655962983767
.31498471895854
.30198776721954
.22438837587833
.39831804235776
.32454128066699
.47438838084539
.2316513756911
.52331804235776
.34136085708936
.53172783056895
.2477064182361
.33753822247187
.29663609464963
.45527522762616
.14678898950418
.32989296317101
.27408256133397
.40061161915461
.24999999503295
.44418959816297
.46827216943105
.41055045525233
.2477064182361
.4659785926342
.29434249798457
.422782878081
.19304280976454
.40099388360977
.2637614707152
.38111620148023
.2866972386837
.50152903795242
.43310397863388
.34136084715525
.25191131730874
.35741590460141
.265672792991
.47668195764224
.30428134401639
.43577981988589
.32798165082932
.3455657462279
.26911314328512
.29969419042269
.3363914390405
.51490825414658
.27866972486178
.42966360847155
.37538226445516
.35741590460141
.30848624308904
.37041283647219
.19839449723562
.29434250791868
.22285932302475
.44839448730151
.21980122228463
.47247705856959
.36506115396818
.44533639152845
.38685014843941
.39487767219543
.2840214073658
.41246176759402
.30772171417872
.46368501583735
.31345565120379
.33562691013018
.27064220110575
.4273700217406
.25114678343137
.60091743866603
.30084097385406
.34824158747991
.30045870939891
.31766054034233
.30581039190292
.46980121731758
.32951070864995
.35397553443909
.3069571852684
.49770643313726
.35550458232562
.62844038009644
.45565749208132
.53555045525233
.20336391528447
.38837920626005
.32683485746384
.49273700515429
.26414373020331
.47171253959338
.20871559778849
.39678898453712
.22515290975571
.38952599962552
.20527523259322
.40787462393443
.33333333333333
.40405198931694
.25917431215445
.42966360847155
.29166666666667
.41284404198329
.2637614707152
.36314984162649
.29587155580521
.49273700515429
.2886085609595
.36659021178881
.24579511086146
.36009174585342
.33333333333333
.4686544239521
.24655962983767
.47171253959338
.3612385292848
.37614678343137
.33333333333333
.3979357779026
.3795871535937
.38417431712151
.27561161915461
.4273700316747
.30581040183703
.3344801167647
.28249234954516
.4292813539505
.25802752375603
.40405198931694
.30733944972356
.40366972486178
.26146789391836
.59480122725169
.28784404198329
.39449540774028
.26337920626005
.39143731196721
.31842507918676
.3795871535937
.4136085609595
.4522171318531
.24694189925989
.36926605304082
.30160550276438
.39717124899228
.31651375691096
.422782878081
.27408257126808
.36506116390228
.4090214073658
.41093271970749
.3050458629926
.39105504751205
.26108563443025
.3887614707152
.20107033848763
.45756881435712
.37576452891032
.33983180920283
.30466360847155
.38646789391836
.29051987330119
.46559633811315
.29931191603343
.32224771380424
.32836391528447
.47859327991803
.38952598969142
.38990825414658
.32186544934909
.45527522762616
.32492354512215
.3318042854468
.23203364014626
.45259938637416
.29051987330119
.31842507918676
.44189602136612
.39908256133397
.27981650829315
.34327216943105
.25764525930087
.40481651822726
.27714066704114
.42354739705722
.28134556611379
.42698775728544
.32683485746384
.35321100552877
.2637614607811
.35168195764224
.3226299683253
.38570336500804
.33906728029251
.46712537606557
.26605503757795
.46100916465123
.21406728029251
.50267584125201
.28058104713758
.48738531271617
.33333333333333
.37461773554484
.33677370349566
.40749235947927
.37003058195114
.41743119557699
.31613150238991
.33944954474767
.22591743369897
.39411315321922
.24426605304082
.43119266629219
.25458715856075
.45259938637416
.41628440221151
.3952599465847
.32798166076342
.30275229612986
.4025229314963
.46980121731758
.3887614607811
.43539754549662
.31269113222758
.26873088379701
.33562691013018
.49273700515429
.29892966151237
.33486238121986
.31727828582128
.39678899447123
.23432721694311
.3363914390405
.32645260294278
.3409785926342
.24197247624397
.43195717533429
.30007645487785
.4476299782594
.30925076206525
.36429662505786
.31880733370781
.50305810570717
.29357798894246
.45107033848763
.28058103720347
.46636084715525
.22821100552877
.32683486739794
.26796635985374
.3704128464063
.24350152909756
.37079511086146
.28784404198329
.55657492081324
.25152905285358
.39678899447123
.2931957244873
.28325688838959
.26261468231678
.39678899447123
.18807339171569
.47477064530055
.30925076206525
.38799694180489
.19495413204034
.36659021178881
.28707951307297
.34518348177274
.38799694180489
.39411314328512
.26643731196721
.52599388360977
.23814985156059
.4457186460495
.24350153406461
.40558104713758
.23585626979669
.30657492081324
.26949541767438
.45259938637416
.33715596795082
.48662078380585
.33486239115397
.32683486739794
.28172783056895
.32759938637416
.23585627476374
.46865443388621
.2385321110487
.30810396869977
.32339449723562
.45603975653648
.25840977827708
.4136085609595
.37882262468338
.44724770387014
.28211008509
.30275229612986
.29854739705722
.42928134401639
.31804280479749
.56842505931854
.28172783056895
.36926605304082
.24235473573208
.42354739705722
.36811926960945
.46215595801671
.35894495248795
.33295107881228
.22362385690212
.28746176759402
.29740060369174
.41016820073128
.2794342537721
.39258409539858
.20986238618692
.35397553443909
.34480121731758
.45795106887817
.24120794733365
.33524464567502
.32759938637416
.40558104713758
.23050458729267
.36697247624397
.28019878268242
.45336392521858
.29587155580521
.41743119557699
.30275229612986
.35894495248795
.28707951307297
.37385321656863
.35129969318708
.43310397863388
.25191131234169
.42010703682899
.32071865598361
.40558103720347
.23585626979669
.33524464567502
.36391438047091
.43692661325137
.29090213775635
.49808869759242
.26146789391836
.37003057201703
.25764526426792
.45183486739794
.32377675175667
.32798165082932
.29931192596753
.23432721694311
.28516819079717
.3704128464063
.24120794733365
.46215595801671
.21674312154452
.36238531271617
.30122323830922
.39143731196721
.32607034842173
.35856269796689
.33409786224365
.51567278305689
.23662079870701
.41513760884603
.23470948139826
.47438838084539
.24388378858566
.34480122725169
.33142201105754
.24120795230071
.26452599962552
.49923547108968
.24159021675587
.42622323830922
.27752294143041
.31957187255224
.27675841252009
.57874615987142
.28440366188685
.45374617973963
.29396024346352
.41207951307297
.32607033848763
.3501528998216
.33256881435712
.41207950313886
.2477064182361
.4300458629926
.2090978572766
.39029052853584
.26070337494214
.47668195764224
.3520642220974
.30848623315493
.31880734364192
.46941895286242
.28784404198329
.38302752375603
.40099387367566
.37385321656863
.34136085708936
.32224771380424
.28784404198329
.48126911123594
.297782878081
.40634556611379
.31536697347959
.36009174585342
.27446483572324
.44418959816297
.33600917458534
.28975535432498
.10244648406903
.34633027513822
.34365443388621
.50420488913854
.37041285634041
.33906728029251
.39678899447123
.29166666666667
.26032110551993
.47400611639023
.23547400534153
.40137614806493
.31307339668274
.38493883609772
.37232415874799
.41704893112183
.25802752872308
.47209479411443
.26223241289457
.33218653996785
.26529051860174
.47668194770813
.2564984758695
.39334863424301
.31574923793475
.44801223278046
.26873088876406
.44189602136612
.39373088876406
.40519878268242
.29510703682899
.24082568287849
.28975535432498
.34480121731758
.35321100552877
.40099389354388
.34136086702347
.47133027513822
.24579510589441
.52178899447123
.42431193590164
.42584098378817
.32071865598361
.45298165082932
.22094801565011
.43425076206525
.23738532265027
.38570336500804
.28631498416265
.43081039190292
.42125382026037
.38608561952909
.30581040183703
.32110092043877
.21712538599968
.49006115396818
.24732416371504
.38914372523626
.40366972486178
.35550459225972
.23012232780457
.33524465560913
.31192661325137
.52140673001607
.31842506925265
.40290520588557
.23814984659354
.33409787217776
.33944954474767
.39717124899228
.39755351344744
.38264525930087
.32377676169078
.39105504751205
.29892966151237
.43425077199936
.30504587292671
.29166666666667
.29243118564288
.44915902614594
.41055045525233
.40405198931694
.20756880442301
.36047401030858
.27561162908872
.44992354512215
.39411314328512
.38646789391836
.37308868765831
.39870030681292
.33868500590324
.38073393702507
.31651376684507
.50458716352781
.41590213775635
.29434250791868
.27675841252009
.4246942003568
.28555045525233
.43960245450338
.37194189429283
.37729357679685
.27675841252009
.43730886777242
.26261467734973
.41246177752813
.29243119557699
.41169724861781
.24579511086146
.40672783056895
.26567278305689
.35894495248795
.23165137072404
.31957187255224
.39296635985374
.46024464567502
.34212537606557
.42660549283028
.26720183094343
.46674312154452
.42240060369174
.44954128066699
.28860857089361
.49120794733365
.27599388360977
.39105504751205
.2389143705368
.33792047699292
.30122323830922
.34441895286242
.32951070864995
.49273700515429
.28631498416265
.27981650829315
.27522936463356
.37461773554484
.41169724861781
.45336391528447
.2886085609595
.49541283647219
.20680428047975
.47591742873192
.32492354512215
.42889907956123
.34862386186918
.39105504751205
.22056575119495
.34403669834137
.31230886777242
.42813455065091
.31727829575539
.48585627476374
.33906728029251
.40175841252009
.31727828582128
.35474006334941
.32071866591771
.46330275138219
.24197248121103
.4594801167647
.39717124899228
.50879204273224
.36047401030858
.48088685671488
.24961774051189
.44266056021055
.28172783056895
.37614679336548
.25611621141434
.41131498416265
.32951069871585
.36888379851977
.31536697347959
.5798929532369
.36773700515429
.48279816905657
.3318042854468
.49235473076502
.25152905285358
.32224771380424
.2905198832353
.42125382026037
.34900612632434
.34327216943105
.23012232283751
.42507644494375
.29357798894246
.36506116390228
.40443424383799
.41055046518644
.33677370349566
.46827216943105
.29548929135005
.40596330165863
.31345565120379
.48203364014626
.3253057996432
.33103975653648
.33753822247187
.51529050866763
.3115443388621
.39373088876406
.39373089869817
.48432722687721
.4568042854468
.41246176759402
.41284403204918
.50573396682739
.27370030681292
.45871558785439
.34671252965927
.25114678839842
.27408257126808
.32874617973963
.16513761381308
.28593270977338
.34977063536644
.25802752375603
.24464831749598
.36276758710543
.31918959816297
.40405198931694
.27866972486178
.31077981988589
.11659021178881
.3318042755127
.35168195764224
.16513761381308
.24235473573208
.34709480404854
.24617737531662
.28440366188685
.24847094714642
.21177370349566
.27331804235776
.25993883609772
.24273700018724
.33371559778849
.22935779392719
.25993883609772
.24426605304082
.26911314825217
.28440367182096
.27064220110575
.29472477237384
.33524464567502
.2385321110487
.24808868269126
.23050458729267
.37691131234169
.29396024346352
.2545871535937
.25802752872308
.28287461400032
.28669724861781
.27599389354388
.25458715856075
.22629969318708
.26032111048698
.22438838084539
.20795106887817
.31039755543073
.23547401030858
.29051987330119
.24388378858566
.29854739705722
.22438837587833
.3180428147316
.1704892963171
.18386850257715
.21215595801671
.29892966151237
.26490824421247
.15328746040662
.30581039190292
.26605504751205
.30389907956123
.186162079374
.2385321110487
.297782878081
.34365443388621
.22821100552877
.30581039190292
.33792048692703
.29625382026037
.24847095211347
.34785932302475
.24350152909756
.24273700018724
.31651376684507
.2549694130818
.27981651822726
.1819571852684
.23279816408952
.34824159741402
.22018348177274
.20756880442301
.24044342339039
.18463302652041
.33371558785439
.27866972486178
.34097858270009
.22591742873192
.2045107036829
.2274464815855
.33295106887817
.31842508912086
.23738532265027
.19877676169078
.25420489410559
.17775229612986
.23509174088637
.22629969318708
.28440366188685
.23279816905657
.25496942301591
.23126911123594
.23547400534153
.24655963480473
.26070336500804
.31766056021055
.30504587292671
.21177369852861
.21215596298377
.28325687845548
.32798165082932
.23318042357763
.24617737034957
.23088684678078
.23662079870701
.21750764548779
.27866972486178
.27828746040662
.26720183094343
.2362385292848
.25726300477982
.21100917458534
.31154434879621
.19610091547171
.30428134401639
.16972477237384
.29013761878014
.21674311657747
.27140673001607
.21368501583735
.3069571852684
.27064220110575
.27102446556091
.19610092043877
.27714066704114
.19915902117888
.29090213775635
.21827216943105
.27828746040662
.17354740202427
.20412843922774
.26643731196721
.28440367182096
.17928134401639
.37079510092735
.20221712688605
.28746177752813
.22247706353664
.25344036519527
.27675841252009
.30428134401639
.20145259797573
.27408257126808
.25802752375603
.30007645487785
.23585626979669
.33715596795082
.18348623812199
.20374617973963
.25000000496705
.25802752375603
.16093271970749
.30160551269849
.20603975653648
.24808868269126
.15022935966651
.19801223278046
.33142202099164
.2905198832353
.22668195764224
.19189602633317
.23126911123594
.16475534935792
.26758410533269
.23814984659354
.21100917458534
.22935779889425
.22362385690212
.23853210608164
.2549694130818
.34862385193507
.24617737531662
.327217121919
.23203364014626
.2473241686821
.22744648655256
.24311926960945
.22324159244696
.18463302652041
.17851682007313
.22324159244696
.16513761381308
.32186544934909
.20986238618692
.25573394695918
.21636085708936
.28937309980392
.18769113222758
.20489296813806
.1544342537721
.2840214073658
.20527523259322
.30275230606397
.28784403204918
.22477064530055
.24006116390228
.26376146574815
.21941896279653
.2159785926342
.23853210608164
.21712538103263
.17392966647943
.233944957455
.27331804235776
.25840978324413
.1681957145532
.25611620644728
.21024464567502
.24235474069913
.26758410533269
.24541284143925
.23662079870701
.21521406869094
.22859327495098
.20795107384523
.21177369852861
.27828746040662
.23929663995902
.29472477237384
.18463302652041
.2912843922774
.22706421713034
.27866972486178
.25726299484571
.20642202099164
.21330275138219
.31574923793475
.2905198832353
.29166666666667
.25267583628496
.29128440221151
.25191131234169
.22897553443909
.23394495248795
.172782878081
.26261467734973
.24808868269126
.20718654493491
.30542813738187
.24426605800788
.28363914291064
.23547400534153
.35129970312119
.17201834917068
.15596330165863
.19992354512215
.23356269299984
.21788990994294
.21980122228463
.25
.23241589963436
.19074923793475
.30122323830922
.13914373020331
.20909786224365
.19648317992687
.27637614806493
.24273700018724
.18042813738187
.24541284143925
.20795107384523
.21674312651157
.2637614707152
.17087156077226
.24847095211347
.28096330165863
.2637614607811
.1636085609595
.27217124899228
.186162079374
.21177369852861
.15366972486178
.4476299683253
.25879204769929
.25420488417149
.27025993665059
.19495413204034
.21444953978062
.27217125892639
.18616207440694
.29969419042269
.18233944972356
.23432721694311
.16551987826824
.20068807403247
.25649847090244
.30045871933301
.30848624308904
.28707951307297
.22056575119495
.26070336500804
.20259938637416
.20489296813806
.18692660331726
.22782874604066
.23241590460141
.28478593627612
.19801223278046
.33524465560913
.23050458232562
.29281346003215
.24503057698409
.25993883609772
.27370031674703
.30886849761009
.25382262468338
.38455658157667
.22477064530055
.24159020682176
.24847095211347
.24655963480473
.3363914390405
.22018349170685
.20680428047975
.28746176759402
.22974005838235
.26758409539859
.23318042854468
.33868501583735
.26681956648827
.29892966151237
.24732415874799
.32148317495982
.22668195764224
.25611621141434
.29128441214561
.35053516427676
.27370030681292
.23814985156059
.30504587292671
.41055045525233
.21712538599968
.31613150238991
.28019878268242
.28593271970749
.41551987330119
.44839449723562
.30428134401639
.36926606297493
.25649847090244
.36467889944712
.43081041177114
.31383792559306
.32607033848763
.2886085609595
.22018348673979
.29166666666667
.23547400534153
.28631498416265
.31116207440694
.32110092043877
.38646788398425
.40366972486178
.29816514253616
.37729357679685
.27981650829315
.38188072045644
.34633027513822
.3979357779026
.39181956648827
.38302752375603
.29548929135005
.37117737531662
.3318042755127
.40634555617968
.3841743071874
.37844036022822
.34365443388621
.3226299683253
.39143731196721
.31116207440694
.35053516427676
.32301223278046
.4449541370074
.48050459225972
.31880733370781
.28975535432498
.38264524936676
.42507645487785
.43425076206525
.46100917458534
.31918959816297
.44992354512215
.36200305819511
.34709479411443
.32377676169078
.48967889944712
.33027522762616
.34021406372388
.29548929135005
.53784402211507
.4181957145532
.53669724861781
.34403669834137
.49885321656863
.39258410533269
.3841743071874
.26949540774028
.51873087882996
.41743119557699
.43233944972356
.30428134401639
.40672783056895
.39181956648827
.38455657164256
.35818042357763
.51605505744616
.45565748214722
.6865443388621
.69992355505625
.57568806409836
.52866972486178
.49923547108968
.52484709024429
.35741589466731
.47477063536644
.47668196757634
.57148317495982
.5523700316747
.3952599465847
.62079511086146
.5366972386837
.63493883609772
.70107034842173
.70068808396657
.63646789391836
.61544342835744
.51873087882996
.6865443388621
.5680428147316
.97859328985214
.65366971492767
.75267585118612
.73662080367406
.80733944972356
.79892965157827
.75076454877853
.77255350351334
1.0707186857859
.97935777902603
1.0722477038701
.94227828582128
.89067278305689
1.0825688242912
1.1551987727483
1.2427370150884
1.5359326998393
1.3004586895307
1.4698012669881
1.5076452891032
1.7610856691996
1.7182721296946
1.8799693981806
2.0684250593185
2.0676605304082
2.2159786224365
1.9908256928126
2.3635321060816
2.3696482976278
2.1811926364899
1.4453364014626
2.5336391925812
2.5168195962906
2.8027523358663
3.2182721296946
3.0229357878367
3.4873854319255
3.1548165480296
3.6964832146962
3.4965596199036
3.8574159145355
4.2522936662038
4.2503822644552
4.3746177355448
4.3146023750305
4.7450305620829
4.3100153605143
4.6525230407715
5.1850153605143
5.3157493273417
5.4961773554484
5.5160551071167
5.9961773554484
5.8715596199036
6.3115442593892
6.1697247823079
6.6448775927226
6.6460245450338
6.9954128265381
7.0756880442301
7.1720183690389
7.6701070467631
7.9105504353841
7.7488532066345
7.8146023750305
7.9189602533976
8.3302752176921
8.4491588274638
9.0290517807007
9.1586389541626
8.9648316701253
9.4461008707682
9.7198012669881
9.618501663208
9.7113914489746
9.8008406956991
10.411314964294
10.134556770325
10.222859382629
10.638761202494
11.014143625895
11.184633255005
11.298165003459
11.72706413269
11.952599525452
12.326452891032
12.327981630961
12.957568804423
12.978975613912
13.188455581665
13.256115913391
14.02178923289
14.127293586731
14.17431195577
14.3012231191
14.780580838521
15.451452255249
14.880351702372
15.339831670125
15.960627237956
15.99885336558
16.21980158488
16.330275217692
16.386467615763
16.467124938965
16.391436894735
16.991590499878
16.839067459106
16.887997309367
16.874235788981
17.300076166789
16.77293586731
16.841743469238
17.055428187052
16.80504544576
16.630733807882
16.233562787374
16.152140299479
15.717889785767
15.584479649862
15.64984703064
15.393348375956
15.307721455892
14.680810292562
14.641437212626
13.931192715963
13.617737134298
13.545106887817
12.912844022115
12.62232430776
11.291284561157
12.033256848653
11.505351384481
11.094419161479
10.725535392761
10.259556770325
10.147171020508
9.3360093434652
9.2412077585856
8.7251529693604
8.3883792559306
7.8688836097717
7.6188839276632
7.4208715756734
6.6242354710897
6.4571866989136
5.829510529836
5.6376145680745
5.3864679336548
4.9483944574992
4.9594801266988
4.6613149642944
3.3390672206879
3.8692659536997
3.6146789391836
3.2182722091675
3.0581039587657
2.858562707901
2.6379969914754
2.533256928126
2.2794342835744
1.9579511086146
1.9965596199036
1.8555046319962
1.3860856691996
1.6081804037094
1.6100917657216
1.2182721694311
1.3620030879974
1.0214067300161
1.1628440419833
.99770643313726
.87385322650274
.91857798894246
.78096330165863
.92469418048859
.75
.58562692006429
.64220184087753
.65863915284475
.31077981988589
.41934250791868
.44648317495982
.53899082541466
.41093271970749
.39717125892639
.3723241686821
.44457186261813
.48776759703954
.50152904788653
.49311926960945
.45259938637416
.3979357779026
.35856269796689
.47171252965927
.3023700316747
.4273700316747
.30122323830922
.32836391528447
.38532110055288
.37155962983767
.33562691013018
.39220183094343
.25496942301591
.51911314328512
.42163609464963
.39258410533269
.28249234954516
.33753822247187
.34938837091128
.36276757717133
.26567278305689
.38379205266635
.31230886777242
.34441895286242
.25573394695918
.32110091050466
.36200305819511
.25649847090244
.26873088876406
.32110092043877
.23967889944712
.36047401030858
.27905198931694
.30084097385406
.34480122725169
.14373088876406
.36926605304082
.39449541767438
.32492355505625
.29472476243973
.28249235947927
.2886085609595
.28478592634201
.2610856294632
.26261468231678
.34824158747991
.32377676169078
.26605504751205
.27446483572324
.25076453387737
.28134555617968
.29472477237384
.46368500590324
.33753822247187
.21941896279653
.29854740699132
.17240061362584
.19839449723562
.24732416371504
.27905198931694
.29396025339762
.3318042755127
.27255351344744
.27675841252009
.38646789391836
.31460244456927
.24159021178881
.32874617973963
.18730886777242
.25802752375603
.25420488913854
.34556575616201
.32951070864995
.31536697347959
.2702599465847
.29204893112183
.2886085609595
.24770642320315
.28784404198329
.28440367182096
.27599388360977
.24197247127692
.25955657164256
.23509174088637
.30084098378817
.25573394199212
.37385320663452
.24159021675587
.26376148064931
.27752294143041
.20680428047975
.14373088876406
.20259938637416
.20259938637416
.38379205266635
.18042813241482
.35435779889425
.26873088876406
.30619266629219
.25344036519527
.31498470902443
.24044342339039
.28822629650434
.33562692006429
.24541284143925
.17125382522742
.22247706353664
.23509174088637
.33218653996785
.24503058195114
.3226299683253
.31842506925265
.28975534439087
.2549694130818
.2136850108703
.24273700515429
.33562691013018
.2385321110487
.24923547605673
.31383791565895
.17240061362584
.26758409539858
.29357797900836
.25573394695918
.23662079373995
.24273700515429
.22133027513822
.26567278305689
.2610856294632
.27217124899228
.27408258120219
.20948012173176
.15978593627612
.18769113222758
.31383791565895
.22400611639023
.21444953978062
.22515290478865
.22629969318708
.25496941804886
.34212538599968
.22247706353664
.21865443388621
.26414373517036
.28363914291064
.18922018011411
.23929663499196
.24808868765831
.26987767219543
.16093271970749
.24961774051189
.22438838084539
.20795107384523
.28249234954516
.20565749704838
.24885321656863
.26643731196721
.27140673001607
.32224770387014
.29434250791868
.24617737034957
.26337921619415
.22935779889425
.35741590460141
.26490825414658
.23241590460141
.31307339668274
.22477064530055
.23585626979669
.2549694130818
.25152904788653
.21521406869094
.24847095211347
.19954128563404
.24885321656863
.27981650829315
.30160550276438
.2205657462279
.30848623315493
.24617737531662
.23585626979669
.2545871535937
.21827216943105
.17813455561797
.28211009502411
.25879204273224
.23012232283751
.2251528998216
.19877675672372
.26337920626005
.22668195764224
.24311926960945
.22897553940614
.16551987826824
.2683486243089
.24235474069913
.28172783056895
.34709480404854
.24273700515429
.26070336500804
.21024464567502
.15749235451221
.30198776721954
.28478592634201
.24235474069913
.30542813738187
.23165138065815
.24235474069913
.27178898453712
.30045871933301
.27828745047251
.24579511086146
.33256880442301
.28746177752813
.27981651822726
.26070336500804
.25076452394327
.2886085609595
.27714066704114
.25649847090244
.26070336500804
.28019878268242
.26299694180489
.2564984758695
.22362385193507
.22782874604066
.26643732190132
.27331803242366
.28707951307297
.23662079870701
.2866972386837
.19074923793475
.35550459225972
.3161314924558
.31651375691096
.30351682504018
.28287462393443
.18042813241482
.31651375691096
.21865443388621
.29013761878014
.25420488913854
.28096330165863
.21330275138219
.30084098378817
.29663608471553
.27675841252009
.28860857089361
.2431192646424
.28172783056895
.29166666666667
.28019877274831
.26299694180489
.25152905285358
.26452598969142
.21368501583735
.23662079870701
.25726299981276
.25152905782064
.31383791565895
.21559632817904
.2859327296416
.29357797900836
.29434251785278
.28937308986982
.33371559778849
.24923547108968
.2205657462279
.22821101049582
.31383792559306
.22897553443909
.26414373517036
.29434250791868
.25802752375603
.32224770387014
.28440367182096
.16857798397541
.24426606297493
.35053516427676
.29510703682899
.24694189925989
.25611621638139
.30581040183703
.24923547108968
.34671253959338
.2385321110487
.32874618967374
.20489296813806
.21521406869094
.24732416371504
.25764525433381
.28287461400032
.40825687845548
.34174311161041
.36659021178881
.27446483572324
.27140673001607
.30389907956123
.24044342339039
.38111621141434
.29051987330119
.28631499409676
.30389907956123
.27370030681292
.34327216943105
.2931957145532
.27408256133397
.39487767219543
.31498469909032
.31269113222758
.22897553940614
.2110091795524
.25000000496705
.26070336500804
.31116208434105
.3547400534153
.33753822247187
.35244648655256
.22591742873192
.25573393702507
.48279816905657
.30007646481196
.23012232780457
.27905198931694
.22362385690212
.34594802061717
.31995412707329
.18081039686998
.33409785230954
.25879205266635
.36238532265027
.31307338674863
.33027522762616
.22821101049582
.2320336351792
.32798165082932
.28669724861781
.24120794733365
.32951070864995
.33103975653648
.33524464567502
.28363914291064
.26070336500804
.34212538599968
.35282875100772
.31307339668274
.30810397863388
.34824159741402
.3639143705368
.37461773554484
.39449541767438
.265672792991
.31766055027644
.31039755543073
.35321100552877
.30695719520251
.21559632817904
.34977064530055
.3088685075442
.31077980995178
.30733944972356
.33983180920283
.35818042357763
.359327207009
.28402139743169
.27599388360977
.3520642220974
.30695719520251
.46788990497589
.2931957244873
.32339449723562
.32989296317101
.3520642220974
.28899082541466
.34212538599968
.30351682504018
.2362385292848
.29931193590164
.33218654990196
.327217121919
.37232414881388
.32148317495982
.37423547108968
.33600918451945
.23088685174783
.43425077199936
.33562691013018
.30045870939891
.33792048692703
.37385321656863
.41131499409676
.38685014843941
.3814984758695
.35397553443909
.34288990497589
.28746177752813
.3887614707152
.3639143705368
.35550458232562
.37270642320315
.42087155580521
.33524465560913
.43654434879621
.36276758710543
.34709480404854
.35894495248795
.297782878081
.3448012371858
.40825688838959
.33792049686114
.28707951307297
.37003058195114
.26911315321922
.46292048692703
.40634556611379
.32759938637416
.34747705856959
.32454128066699
.3474770685037
.43730887770653
.3318042854468
.40366972486178
.32224770387014
.36697246630987
.41513761878014
.32148317495982
.35856268803279
.26758409539859
.30925077199936
.31077981988589
.34747705856959
.38837919632594
.37996940811475
.33103975653648
.34365444382032
.38685015837351
.25496942301591
.37920489907265
.39793578783671
.42316514253616
.4181957145532
.32912844419479
.41666665673256
.36773700515429
.3153669834137
.30351681510607
.40711008509
.34594800074895
.31001529097557
.39449541767438
.49120794733365
.39296635985374
.41055045525233
.42316514253616
.44418960809708
.28478593627612
.47629969318708
.46750765045484
.52905199925105
.43310396869977
.40672782063484
.45068807403247
.3769113222758
.44992354512215
.43883792559306
.48432721694311
.48088685671488
.50038226445516
.48356268803279
.47974006334941
.42354740699132
.4273700316747
.52714067697525
.39870030681292
.49006115396818
.43310396869977
.50076451897621
.55351682504018
.35932721694311
.48967888951302
.3887614707152
.45565749208132
.52484711011251
.51299694180489
.45259938637416
.50458716352781
.33715596795082
.43310397863388
.46827216943105
.38532109061877
.4751528998216
.53784404198329
.59709481398265
.50229358673096
.41016820073128
.39602446556091
.37614679336548
.51070336500804
.48432722687721
.59785932302475
.55198776721954
.59633026520411
.45642202099164
.55007644494375
.47821099559466
.55925077199936
.53784402211507
.43845565120379
.44610092043877
.47324158747991
.59824158747991
.55657492081324
.48662079373995
.6020642320315
.60168196757634
.46559632817904
.51834863424301
.50305811564128
.55084099372228
.55313456058502
.61697246630987
.766437292099
.53402139743169
.5183486243089
.67316514253616
.48470948139826
.5680428147316
.56536696354548
.53516821066538
.57110091050466
.59097858270009
.59136084715525
.45871559778849
.63264526923498
.62729358673096
.58524465560913
.62155963977178
.5523700316747
.51758410533269
.57568806409836
.56307339668274
.60665136575699
.55657492081324
.53096332152685
.54128442207972
.47744647661845
.71712537606557
.66437309980392
.64143731196721
.65749235947927
.52866971492767
.53325688838959
.63799693187078
.53211007515589
.68577980995178
.56804279486338
.54128442207972
.51643732190132
.58983180920283
.59862383206685
.62155961990356
.57454127073288
.54472478230794
.62576452891032
.63340979814529
.60129968325297
.60779815912247
.66972476243973
.53478592634201
.54931191603343
.63914372523626
.65672783056895
.59174311161041
.58677369356155
.53019877274831
.61620795726776
.65825686852137
.59250764052073
.69992355505625
.65405199925105
.69992355505625
.66246179739634
.50802751382192
.55275229612986
.66284404198329
.58944954474767
.69266055027644
.55428133408229
.63761466741562
0
0
0
0
0
0
0
0
0
0
0
0
0
0
0
0
0
0
0
0
0
0
0
0
0
0
0
0
0
0
0
0
0
0
0
0
0
0
0
0
0
0
0
0
0
0
0
0
0
0
0
0
0
0
0
0
0
0
0
0
0
0
0
0
0
0
0
0
0
0
0
0
0
0
0
0
0
0
0
0
0
0
0
0
0
0
0
0
0
0
0
0
0
0
0
0
0
0
0
0
0
0
0
0
0
0
0
0
0
0
0
0
0
0
0
0
0
0
0
0
0
0
0
0
0
0
0
0
0
0
0
0
0
0
0
0
0
0
0
0
0
0
0
0
0
0
0
0
0
0
0
0
0
0
0
0
0
0
0
0
0
0
0
0
0
0
0
0
0
0
0
0
0
0
0
0
0
0
0
0
0
0
0
0
0
0
0
0
0
0
0
0
0
0
0
0
0
0
0
0
0
0
0
0
0
0
0
0
0
0
0
0
0
0
0
0
0
0
0
0
0
0
0
0
0
0
0
0
0
0
0
0
0
0
0
0
0
0
0
0
0
0
0
0
0
0
0
0
0
0
0
0
0
0
0
0
0
0
0
0
0
0
0
0
0
0
0
0
0
0
0
0
0
0
0
0
0
0
0
0
0
0
0
0
0
0
0
0
0
0
0
0
0
0
0
0
0
0
0
0
0
0
0
0
0
0
0
0
0
0
0
0
0
0
0
0
0
0
0
0
0
0
0
0
0
0
0
0
0
0
0
0
0
0
0
0
0
0
0
0
0
0
0
0
0
0
0
0
0
0
0
0
0
0
0
0
0
0
0
0
0
0
0
0
0
0
0
0
0
0
0
0
0
0
0
0
0
0
0
0
0
0
0
0
0
0
0
0
0
0
0
0
0
0
0
0
0
0
0
0
0
0
0
0
0
0
0
0
0
0
0
0
0
0
0
0
0
0
0
0
0
0
0
0
0
0
0
0
0
0
0
0
0
0
0
0
0
0
0
0
0
0
0
0
0
0
0
0
0
0
0
0
0
0
0
0
0
0
0
0
0
0
0
0
0
0
0
0
0
0
0
0
0
0
0
0
0
0
0
0
0
0
0
0
0
0
0
0
0
0
0
0
0
0
0
0
0
0
0
0
0
0
0
0
0
0
0
0
0
0
0
0
0
0
0
0
0
0
0
0
0
0
0
0
0
0
0
0
0
0
0
0
0
0
0
0
0
0
0
0
0
0
0
0
0
0
0
0
0
0
0
0
0
0
0
0
0
0
0
0
0
0
0
0
0
0
0
0
0
0
0
0
0
0
0
0
0
0
0
0
0
0
0
0
0
0
0
0
0
0
0
0
0
0
0
0
0
0
0
0
0
0
0
0
0
0
0
0
0
0
0
0
0
0
0
0
0
0
0
0
0
0
0
0
0
0
0
0
0
0
0
0
0
0
0
0
0
0
0
0
0
0
0
0
0
0
0
0
0
0
0
0
0
0
0
0
0
0
0
0
0
0
0
0
0
0
0
0
0
0
0
0
0
0
0
0
0
0
0
0
0
0
0
0
0
0
0
0
0
0
0
0
0
0
0
0
0
0
0
0
0
0
0
0
0
0
0
0
0
0
0
0
0
0
0
0
0
0
0
0
0
0
0
0
0
0
0
0
0
0
0
0
0
0
0
0
0
0
0
0
0
0
0
0
0
0
0
0
0
0
0
0
0
0
0
0
0
0
0
0
0
0
0
0
0
0
0
0
0
0
0
0
0
0
0
0
0
0
0
0
0
0
0
0
0
0
0
0
0
0
0
0
0
0
0
0
0
0
0
0
0
0
0
0
0
0
0
0
0
0
0
0
0
0
0
0
0
0
0
0
0
0
0
0
0
0
0
0
0
0
0
0
0
0
0
0
0
0
0
0
0
0
0
0
0
0
0
0
0
0
0
0
0
0
0
0
0
0
0
0
0
0
0
0
0
0
0
0
0
0
0
0
0
0
0
0
0
0
0
0
0
0
0
0
0
0
0
0
0
0
0
0
0
0
0
0
0
0
0
0
0
0
0
0
0
0
0
0
0
0
0
0
0
0
0
0
0
0
0
0
0
0
0
0
0
0
0
0
0
0
0
0
0
0
0
0
0
0
0
0
0
0
0
0
0
0
0
0
0
0
0
0
0
0
0
0
0
0
0
0
0
0
0
0
0
0
0
0
0
0
0
0
0
0
0
0
0
0
0
0
0
0
0
0
0
0
0
0
0
0
0
0
0
0
0
0
0
0
0
0
0
0
0
0
0
0
0
0
0
0
0
0
0
0
0
0
0
0
0
0
0
0
0
0
0
0
0
0
0
0
0
0
0
0
0
0
0
0
0
0
0
0
0
0
0
0
0
0
0
0
0
0
0
0
0
0
0
0
0
0
0
0
0
0
0
0
0
0
0
0
0
0
0
0
0
0
0
0
0
0
0
0
0
0
0
0
0
0
0
0
0
0
0
0
0
0
0
0
0
0
0
0
0
0
0
0
0
0
0
0
0
0
0
0
0
0
0
0
0
0
0
0
0
0
0
0
0
0
0
0
0
0
0
0
0
0
0
0
0
0
0
0
0
0
0
0
0
0
0
0
0
0
0
0
0
0
0
0
0
0
0
0
0
0
0
0
0
0
0
0
0
0
0
0
0
0
0
0
0
0
0
0
0
0
0
0
0
0
0
0
0
0
0
0
0
0
0
0
0
0
0
0
0
0
0
0
0
0
0
0
0
0
0
0
0
0
0
0
0
0
0
0
0
0
0
0
0
0
0
0
0
0
0
0
0
0
0
0
0
0
0
0
0
0
0
0
0
0
0
0
0
0
0
0
0
0
0
0
0
0
0
0
0
0
0
0
0
0
0
0
0
0
0
0
0
0
0
0
0
0
0
0
0
0
0
0
0
0
0
0
0
0
0
0
0
0
0
0
0
0
0
0
0
0
0
0
0
0
0
0
0
0
0
0
0
0
0
0
0
0
0
0
0
0
0
0
0
0
0
0
0
0
0
0
0
0
0
0
0
0
0
0
0
0
0
0
0
0
0
0
0
0
0
0
0
0
0
0
0
0
0
0
0
0
0
0
0
0
0
0
0
0
0
0
0
0
0
0
0
0
0
0
0
0
0
0
0
0
0
0
0
0
0
0
0
0
0
0
0
0
0
0
0
0
0
0
0
0
0
0
0
0
0
0
0
0
0
0
0
0
0
0
0
0
0
0
0
0
0
0
0
0
0
0
0
0
0
0
0
0
0
0
0
0
0
0
0
0
0
0
0
0
0
0
0
0
0
0
0
0
0
0
0
0
0
0
0
0
0
0
0
0
0
0
0
0
0
0
0
0
0
0
0
0
0
0
0
0
0
0
0
0
0
0
0
0
0
0
0
0
0
0
0
0
0
0
0
0
0
0
0
0
0
0
0
0
0
0
0
0
0
0
0
0
0
0
0
0
0
0
0
0
0
0
0
0
0
0
0
0
0
0
0
0
0
0
0
0
0
0
0
0
0
0
0
0
0
0
0
0
0
0
0
0
0
0
0
0
0
0
0
0
0
0
0
0
0
0
0
0
0
0
0
0
0
0
0
0
0
0
0
0
0
0
0
0
0
0
0
0
0
0
0
0
0
0
0
0
0
0
0
0
0
0
0
0
0
0
0
0
0
0
0
0
0
0
0
0
0
0
0
0
0
0
0
0
0
0
0
0
0
0
0
0
0
0
0
0
