.61811925967534
.81689602136612
.66934251785278
.97171252965927
.68577982982
.80772169431051
.73241591453552
.78822630643845
.48126911123594
.77408256133397
.67048929135005
.71559633811315
.54357797900836
.74426605304082
.55810397863388
.72056575616201
.61964831749598
.797782878081
.64220184087753
.72324156761169
.51987767219543
.80313456058502
.67240061362584
.88035170237223
.56536696354548
.66360857089361
.5183486243089
.74388378858566
.61467889944712
.7473241686821
.76376148064931
.81880734364192
.53593271970749
.76605504751205
.54281346003215
.67775229612986
.51452598969142
.67851682504018
.45756880442301
.77828745047251
.5550458629926
.68042814731598
.49770641326904
.73891439040502
.47859326998393
.68692660331726
.49197247624397
.67048931121826
.58906728029251
.59365443388621
.59441896279653
.672782878081
.40481651822726
.62958717346191
.43577981988589
.63493883609772
.47285932302475
.59288990497589
.52255351344744
.58524465560913
.41628440221151
.55925077199936
.4927370150884
.70336391528447
.40366972486178
.51758409539858
.46559633811315
.577217121919
.47247705856959
.66590213775635
.54778285821279
.68310397863388
.43922019004822
.57759938637416
.51911316315333
.56460245450338
.48203364014626
.53172781070073
.47859326998393
.53669724861781
.37844037016233
.61697246630987
.44418960809708
.59174311161041
.37155962983767
.65328747034073
.38493884603182
.59136084715525
.44074924786886
.56307339668274
.45145259300868
.49885320663452
.48662078380585
.60244649648666
.38799694180489
.53516819079717
.48776758710543
.4862385392189
.31880733370781
.43616208434105
.38073394695918
.47821101546288
.37423547108968
.53784404198329
.39525993665059
.52370029687881
.45986239115397
.58944954474767
.33142201105754
.5038226445516
.43348624308904
.56689602136612
.29166666666667
.49006115396818
.43769114216169
.39029052853584
.28975535432498
.47706421216329
.36047401030858
.53363913297653
.32224770387014
.45451069871585
.33142202099164
.46674312154452
.30122324824333
.47324158747991
.22400611639023
.47821101546288
.33562691013018
.47744648655256
.29548930128415
.39564220110575
.3520642220974
.4797400534153
.30084098378817
.38799694180489
.25267584621906
.32033640146255
.26758409043153
.42545871933301
.25726299484571
.29740061362584
.2996942003568
.42010703682899
.34671253959338
.26949540774028
.25114678839842
.39373088876406
.27178899447123
.41322630643845
.22056575119495
.3887614707152
.36888379851977
.30275228619575
.30275229612986
.42469418048859
.19151376187801
.41743118564288
.31460244456927
.37652904788653
.2905198832353
.42698776721954
.28822630643845
.46941895286242
.29396024346352
.42010702689489
.22974006334941
.39984709024429
.30504588286082
.38646789391836
.2840214073658
.50305809577306
.26987768212954
.44839449723562
.34365443388621
.41857797900836
.21903669834137
.36429663499196
.24694189429283
.37079511086146
.26911315321922
.40825688838959
.32262995839119
.48929663499196
.32912844419479
.38914372523626
.29396024346352
.46559632817904
.31574923793475
.36659021178881
.30963303645452
.40481650829315
.23776758213838
.47171253959338
.33486238121986
.43769113222758
.25840979317824
.3887614707152
.33027522762616
.42010703682899
.36047401030858
.44877676169078
.34441895286242
.17010703186194
.34288991491
.46024464567502
.3566513856252
.44686543941498
.32033639152845
.4384556611379
.28975535432498
.43616208434105
.31727828582128
.36238532265027
.28249234954516
.38532110055288
.27522935469945
.32415902614594
.30122324824333
.52561161915461
.29166666666667
.41666666666667
.32033639152845
.43730886777242
.26452598472436
.36353210608164
.38264525930087
.39793578783671
.31039755543073
.40099388360977
.19457186261813
.452217121919
.26337920626005
.41207951307297
.40519877274831
.39067278305689
.37194189429283
.43425076206525
.26720184087753
.32568807403247
.27025993665059
.40596330165863
.29931192596753
.41284404198329
.34671252965927
.40328746040662
.32033639152845
.41055045525233
.30084098378817
.33142202099164
.34556575616201
.33792049686114
.28325687845548
.45795107881228
.27408257126808
.31842507918676
.32759938637416
.49311925967534
.35741590460142
.41169724861781
.29816513260206
.41169724861781
.29892967144648
.45030580957731
.42354739705722
.3933486243089
.28899082541466
.42316514253616
.32301223278046
.43386849761009
.36544341842333
.39067278305689
.21292048692703
.26681957145532
.32071865598361
.41896024346352
.37538225452105
.37996941804886
.31613150238991
.30963303645452
.24732416371504
.44380734364192
.3069571852684
.36697247624397
.17928134401639
.41207951307297
.33868501583735
.3979357779026
.25535168747107
.37614678343137
.27828746040662
.34480122725169
.30428134401639
.45145260294278
.34174311161041
.41551987330119
.25840978821119
.45718654990196
.25267584125201
.39296636978785
.25726299981276
.45909786224365
.23700305819511
.3814984758695
.29854739705722
.33753822247187
.28631498416265
.47629970312119
.28746177752813
.36314985156059
.30122323830922
.37576452891032
.20603975653648
.43119265635808
.21406728029251
.43348624308904
.26567278305689
.43883792559306
.40175841252009
.42392967144648
.26911314328512
.39449541767438
.37385321656863
.39029051860174
.25535168250402
.35703364014626
.30122323830922
.39717124899228
.29663609464963
.36429663499196
.31039755543073
.38035168250402
.27905198931694
.28478593627612
.36659021178881
.40863914291064
.21980122228463
.20833333333333
.32033640146255
.46750764052073
.25726299484571
.34174313147863
.31689602136612
.38723241289457
.2748471001784
.32645259300868
.28784403204918
.3639143705368
.27217124899228
.34785933295886
.22209479908148
.48050458232562
.33409785230954
.29892966151237
.3161314924558
.37614678343137
.29013762871424
.3795871535937
.34327216943105
.35512232780457
.31574923793475
.35550459225972
.25267584621906
.56766055027644
.27522936463356
.49961774547895
.25535168747107
.36314985156059
.2702599465847
.35129968325297
.32530581951141
.38302752375603
.25191131234169
.35512232780457
.19189602633317
.40711009502411
.2587920576334
.42584098378817
.28593271970749
.43616208434105
.30504587292671
.42851682504018
.35856268803279
.36773700515429
.26108562449614
.35856268803279
.26376146574815
.32377675175667
.36353210608164
.50764526923498
.26299694180489
.35818043351173
.35588684678078
.50420488913854
.30925077199936
.29396024346352
.28746177752813
.35397553443909
.29969419042269
.50573394695918
.22935779889425
.47974006334941
.2633792112271
.44648317495982
.18692660828431
.44113150238991
.22133027513822
.4181957244873
.26873087882996
.42622323830922
.24617737034957
.38188073039055
.27637613813082
.39181956648827
.28287461400032
.4109327296416
.31422018011411
.32033638159434
.28058104713758
.30428134401639
.29090213775635
.42354739705722
.31116207440694
.37079511086146
.30619266629219
.49961774547895
.32683486739794
.34021406372388
.28822629650434
.37691131234169
.2794342537721
.42584098378817
.27828746040662
.49847095211347
.36811926960945
.47400611639023
.28058104217052
.39870030681292
.26261468728383
.38608561952909
.28172783056895
.36200306812922
.37652904788653
.43425077199936
.31077981988589
.43539755543073
.23432721694311
.25038225948811
.26720184087753
.36926605304082
.26452598969142
.3455657462279
.21712538103263
.42010702689489
.25879205266635
.40825688838959
.31192660331726
.48585627476374
.28975535432498
.39984709024429
.41857797900836
.45642202099164
.26681957642237
.44418959816297
.31077981988589
.3612385392189
.31766055027644
.24808868269126
.28134556611379
.36620794733365
.34938838084539
.4136085609595
.35282875100772
.28822629650434
.33486238121986
.43081040183703
.34594801068306
.34288990497589
.2637614707152
.44610091050466
.28975535432498
.34633027513822
.27675841252009
.29090213775635
.2274464815855
.33677369356155
.28593271970749
.31383791565895
.28287461400032
.40366973479589
.36200306812922
.30925077199936
.25535168747107
.3318042854468
.32912844419479
.38837921619415
.30275228619575
.3979357779026
.31039755543073
.46788990497589
.31689603130023
.37347095211347
.28325687845548
.35129969318708
.27331804235776
.34174312154452
.12117737283309
.37844036022822
.3153669834137
.35779815912247
.3383027613163
.4476299683253
.23241589963436
.31880733370781
.26987768212954
.3566513856252
.2729357679685
.41131497422854
.21368501583735
.47324158747991
.31116207440694
.45603975653648
.3547400534153
.40558104713758
.31039754549662
.28631498416265
.29243119557699
.42316513260206
.35359326998393
.37461773554484
.22438837587833
.42584097385406
.19954128066699
.3501528998216
.27255351344744
.47209480404854
.29625382026037
.42966360847155
.33868500590324
.46941896279653
.27446482578913
.37194190422694
.25649846593539
.41016819079717
.26873088379701
.31727828582128
.24197247624397
.44380734364192
.25535168747107
.45871558785439
.35474006334941
.26949541767438
.30695719520251
.39908258120219
.2905198832353
.40672783056895
.28784403204918
.39487768212954
.34938838084539
.33256880442301
.44992355505625
.29090214769046
.31880734364192
.53746177752813
.32645259300868
.46521406372388
.28287461400032
.39831804235776
.29204892118772
.39220184087753
.26720184087753
.50344036022822
.25917432208856
.43272171417872
.33983180920283
.40634556611379
.23012232283751
.34403668840726
.31957186261813
.27408257126808
.2931957244873
.38111621141434
.27484709024429
.42087155580521
.25344036022822
.34288990497589
.33868502577146
.34136085708936
.34785932302475
.39067278305689
.29166666666667
.4476299683253
.2450305869182
.48394495248795
.33103975653648
.31116207440694
.2316513756911
.3730886777242
.33562691013018
.47094801068306
.22935779889425
.52637612819672
.35091742873192
.51987766226133
.25993884106477
.33906728029251
.31307339668274
.43807339668274
.15022935469945
.34709480404854
.30313455065091
.4025229314963
.25191131234169
.46368501583735
.47094801068306
.40940366188685
.2564984758695
.4613914390405
.31154434879621
.43081039190292
.21521406372388
.38302752375603
.27828747034073
.37232415874799
.29243119557699
.48470948139826
.44724770387014
.34288990497589
.25611620644728
.3501528998216
.28746177752813
.46521407365799
.31689603130023
.42584097385406
.35015290975571
.33944953481356
.28516819079717
.29931192596753
.34288990497589
.51911314328512
.2840214073658
.4384556611379
.39602446556091
.36582568287849
.32683485746384
.35091742873192
.20527523259322
.30848624308904
.23279816905657
.43233944972356
.22859327495098
.45259938637416
.38226300477982
.4430428147316
.39984709024429
.3952599465847
.30733944972356
.41131499409676
.3115443388621
.44380734364192
.33295107881228
.32415901621183
.27561161915461
.43004587292671
.25764525930087
.5680428147316
.29625382026037
.34250764052073
.30619266629219
.29931193590164
.31689603130023
.46521407365799
.34021406372388
.35091742873192
.30542813738187
.48700306812922
.37232415874799
.60779815912247
.47553517421087
.51567277312279
.20259938637416
.38455658157667
.32989297310511
.5110856294632
.27637613813082
.45259938637416
.21750765045484
.37767585118612
.23853210608164
.37691131234169
.20565749208132
.40863915284475
.33524464567502
.4017584224542
.26146788398425
.40405198931694
.3069571852684
.40711009502411
.27637614806493
.34518349170685
.30619266629219
.47094801068306
.29128441214561
.35894495248795
.25535168747107
.35282875100772
.32912844419479
.45107033848763
.25726300477982
.48050459225972
.37385321656863
.36162079373995
.33983180920283
.38646789391836
.38570336500804
.3887614607811
.28899082541466
.41590214769046
.3134556611379
.32454128066699
.29243118564288
.41399082541466
.26299694180489
.40137614806493
.32071865598361
.4181957145532
.28211009005706
.58333331346512
.29128441214561
.39487767219543
.26529051363468
.36620794733365
.32377676169078
.36926605304082
.41207950313886
.43501529097557
.25573394695918
.37308868765831
.31842506925265
.37041283647219
.32033639152845
.41934250791868
.28019877274831
.35970947146416
.40863914291064
.38952598969142
.30810396869977
.39067278305689
.25764525930087
.37652905782064
.19801223774751
.422782878081
.40061161915461
.32607033848763
.32492353518804
.39984709024429
.29892966151237
.46827216943105
.31269113222758
.30581039190292
.33295106887817
.47018349170685
.37423548102379
.36391438047091
.3318042854468
.42737004160881
.33371559778849
.3344801167647
.24197247127692
.44839449723562
.28516820073128
.32224770387014
.45374617973963
.38685014843941
.28287462393443
.327217121919
.26261467238267
.40940368175507
.29892967144648
.40634556611379
.27943424383799
.41781345009804
.32454129060109
.3501528998216
.27790519595146
.32759938637416
.32454128066699
.38952599962552
.34785932302475
.43807339668274
.27408257126808
.44915901621183
.20986238618692
.40558103720347
.26490825414658
.46827216943105
.34938838084539
.35741590460141
.33562692006429
.38570336500804
.3658256928126
.40825687845548
.30428134401639
.32454128066699
.23241589963436
.37155962983767
.24082568784555
.40940366188685
.25114678839842
.45489296317101
.42163608471553
.39143731196721
.32377676169078
.29357798894246
.39946483572324
.45986238121986
.37805809577306
.41437308986982
.32148318489393
.26758410533269
.3383027613163
.4770642220974
.31192660331726
.33448012669881
.3390672703584
.37117736538251
.24464831749598
.32912844419479
.3318042854468
.33677369356155
.24273701012135
.42087156573931
.3115443388621
.42928133408229
.31842507918676
.37308868765831
.29396023352941
.41972477237384
.27828747034073
.44610092043877
.28134556611379
.44839449723562
.23623853425185
.33256880442301
.2886085609595
.36659021178881
.24617737531662
.35550458232562
.28478593627612
.53860857089361
.25993884603182
.38226299484571
.28937307993571
.28287461400032
.27752294143041
.39564220110575
.21177369852861
.45412843426069
.30313455065091
.38340978821119
.19074923296769
.34671253959338
.28975534439087
.33409785230954
.38952599962552
.39449540774028
.2775229314963
.53440368175507
.24311926960945
.43654434879621
.24617737034957
.38914373517036
.2522935817639
.29854739705722
.2729357779026
.4568042854468
.33944953481356
.45412843426069
.33753823240598
.32836391528447
.31230886777242
.32568808396657
.24655963977178
.45909786224365
.21292049189409
.30848624308904
.34288990497589
.4430428147316
.26987768212954
.38570336500804
.39029051860174
.44839449723562
.29854739705722
.29128441214561
.31651375691096
.43501528104146
.31842507918676
.54434249798457
.29701834917068
.34709479411443
.2480886777242
.40558104713758
.3795871535937
.43272171417872
.35626911123594
.33409786224365
.2316513756911
.28784403204918
.29663608471553
.39946482578913
.28937308986982
.40366972486178
.1976299683253
.36276758710543
.36009173591932
.43922019004822
.26949541767438
.33295107881228
.32798165082932
.39831804235776
.2408256928126
.35703364014626
.27599388360977
.42507645487785
.30504587292671
.40252294143041
.31269114216169
.3520642220974
.29472477237384
.35359326998393
.35397553443909
.42316514253616
.26720183591048
.40825687845548
.32454129060109
.41093271970749
.23394495248795
.3226299782594
.37347095211347
.42775229612986
.29090212782224
.47591742873192
.27217125892639
.36582568287849
.26337920129299
.42813455065091
.31880734364192
.31880733370781
.29854740699132
.23126911123594
.28746177752813
.37423548102379
.23929663499196
.44418960809708
.22859326998393
.34747705856959
.31727827588717
.37652904788653
.32186544934909
.34250765045484
.33333333333333
.53784404198329
.23814984659354
.42240061362584
.24617736538251
.44074923793475
.24808868269126
.34556575616201
.35741590460141
.25458715856075
.26949540774028
.49541283647219
.23967889448007
.40252294143041
.28402139743169
.32415901621183
.27905198931694
.55389908949534
.28211009502411
.45412844419479
.31269113222758
.40978593627612
.33486238121986
.33142201105754
.34862385193507
.38952599962552
.24006116390228
.42201834917068
.20718654493491
.36009174585342
.25955657164256
.46330275138219
.35741590460141
.30084098378817
.31383791565895
.45298166076342
.3023700217406
.37347094217936
.42354740699132
.36047400037448
.35626911123594
.31460243463516
.30695717533429
.45298166076342
.29701834917068
.40558103720347
.327217121919
.34288989504178
.28287461400032
.41169724861781
.36085626482964
.28134556611379
.10015290478865
.33677369356155
.35435779889425
.50305810570717
.37729356686274
.34518348177274
.41207951307297
.27714066704114
.27064220110575
.46368500590324
.23318042854468
.40214067697525
.31116208434105
.37844037016233
.38837920626005
.39067278305689
.27790520588557
.45642201105754
.25305810074011
.31880733370781
.27408256133397
.46177369356155
.2477064281702
.38723241289457
.3318042755127
.42813456058502
.28172783056895
.43348624308904
.41246177752813
.39487767219543
.30275229612986
.25420488913854
.30657492081324
.34480122725169
.36964831749598
.38226300477982
.34288990497589
.44266055027644
.25191131234169
.50076452891032
.43922018011411
.42431192596753
.31651376684507
.44113150238991
.22324159244696
.42163609464963
.24847095211347
.37920488913854
.27561162908872
.40940367182096
.42469419042269
.39525993665059
.32110093037287
.31230886777242
.23509174585342
.4751528998216
.25076452891032
.39029051860174
.41437307993571
.35779815912247
.25611620644728
.32836391528447
.30045870939891
.53440366188685
.33562691013018
.39564219117165
.24503058195114
.31422018011411
.35091742873192
.40252294143041
.42240061362584
.38073393702507
.32607033848763
.38990826408068
.3069571852684
.42048930128415
.31766055027644
.29892967144648
.30886849761009
.44686543941498
.42813455065091
.39143731196721
.22553516427676
.35397553443909
.27981651822726
.44571865598361
.37691131234169
.39143731196721
.38035168250402
.3998471001784
.33256880442301
.37155963977178
.31766055027644
.48470947146416
.42431192596753
.27752294143041
.28555045525233
.4116972386837
.297782878081
.45068807403247
.37996941804886
.3860856294632
.29128440221151
.43616207440694
.26911315321922
.40099388360977
.28402139743169
.42469419042269
.26108563443025
.39525993665059
.26146788398425
.34671253959338
.24579511086146
.31345565120379
.3795871535937
.45909785230954
.35091743866603
.40940367182096
.28440367182096
.44992354512215
.41169724861781
.45871559778849
.29357797900836
.49694189429283
.26873087882996
.37461774547895
.25535168250402
.33600917458534
.30886849761009
.32110092043877
.32033639152845
.49388378858566
.29281346003215
.27522935469945
.28134556611379
.36620794733365
.43310397863388
.45718653996785
.2840214073658
.49961774547895
.21253822743893
.44227827588717
.32912843426069
.41704893112183
.35321100552877
.36276758710543
.22935779889425
.33868501583735
.32377675175667
.41590213775635
.31574924786886
.48050459225972
.35779816905657
.38952598969142
.32224770387014
.35474007328351
.32683485746384
.45718653996785
.25955658157667
.4411314924558
.41704893112183
.49655962983767
.37576452891032
.45871559778849
.27255351344744
.41093271970749
.29013760884603
.38073394695918
.26720184087753
.39984709024429
.35818042357763
.37385320663452
.33065749208132
.57645261287689
.38570336500804
.48318042357763
.34403668840726
.4770642220974
.26758410036564
.3134556611379
.28860857089361
.39525993665059
.34900611639023
.34518348177274
.22744648655256
.42431192596753
.30963302652041
.35512232780457
.39870030681292
.39640673001607
.36353210608164
.47209479411443
.30084098378817
.39105505744616
.29931193590164
.46674311161041
.3161314924558
.32951069871585
.34862385193507
.49541283647219
.3226299683253
.37614679336548
.39373088876406
.46100917458534
.46980122725169
.39946482578913
.39602447549502
.48203364014626
.28440367182096
.45145259300868
.35129969318708
.23738532265027
.29243119557699
.32377675175667
.16475535432498
.27522935469945
.34212538599968
.26452599465847
.24044342339039
.36391438047091
.31689603130023
.40558104713758
.27790519595146
.29892966151237
.11391437302033
.31536697347959
.35091742873192
.16322630147139
.22821100552877
.34327216943105
.2477064182361
.28669724861781
.25955657660961
.20795106887817
.27522935469945
.27561161915461
.24388379355272
.32836391528447
.23891437550386
.25229357679685
.24426605304082
.26796635985374
.27981651822726
.26261467734973
.28058103720347
.32301223278046
.23967889944712
.24579510589441
.24273700018724
.37920488913854
.30007645487785
.26223242282867
.2702599465847
.27790519595146
.28555045525233
.27905198931694
.24617737034957
.22438838084539
.2610856294632
.21903669337432
.20795106887817
.29281346003215
.23050458232562
.28478592634201
.233944957455
.297782878081
.21941895782948
.30886849761009
.16934250791868
.1727828681469
.21215596298377
.29166666666667
.27943424383799
.15481651326021
.29434250791868
.26261468728383
.30963302652041
.18463303148746
.23585627476374
.30657493074735
.33295106887817
.22782874604066
.29396025339762
.33103975653648
.30007645487785
.23585627476374
.33715595801671
.25267584125201
.25458715856075
.31536697347959
.24923548102379
.26529051860174
.17966360847155
.23241590460141
.3363914390405
.20527523259322
.20948012173176
.25076452891032
.19724770387014
.33524464567502
.2702599465847
.33409785230954
.22591743369897
.20642202099164
.22629969318708
.31957186261813
.31307338674863
.22897553443909
.19954128066699
.24923547605673
.17775229116281
.22782874604066
.21827216943105
.26873088876406
.23700305819511
.24311925967534
.22706421713034
.23967889944712
.24235473573208
.25688074032466
.30122324824333
.30351682504018
.21406728029251
.22324159244696
.27637614806493
.31880733370781
.24044342835744
.24006116390228
.21903669834137
.23929663499196
.22362385193507
.26643731196721
.28516820073128
.2545871535937
.22859327495098
.25038226445516
.1976299683253
.32377676169078
.1999235500892
.30963302652041
.17469419042269
.28019877274831
.21750765045484
.26299694180489
.20986238618692
.31307339668274
.27866972486178
.27370030681292
.19189602136612
.2729357779026
.22056575119495
.28211008509
.19686544438203
.27943424383799
.18539755543073
.20986238618692
.26108563443025
.27599388360977
.16819571952025
.37576452891032
.22056575119495
.27408257126808
.21024464567502
.24426605304082
.26681957642237
.30504587292671
.19227828582128
.28899082541466
.2435015241305
.28555045525233
.23891437550386
.31651375691096
.18310397366683
.1934250742197
.25496942301591
.2564984758695
.1567278256019
.27255352338155
.21483180423578
.24655963480473
.14640673001607
.18501529097557
.26758409539859
.2633792112271
.22515290478865
.18922018508116
.233944957455
.16284403701623
.27140673001607
.23432722191016
.18960244456927
.23012232780457
.18233944475651
.20030580957731
.19686544438203
.32033639152845
.2045107036829
.26529051860174
.21100917458534
.22821101546288
.21406727532546
.24732415378094
.19992354512215
.18922019004822
.18348623812199
.20871559282144
.16284403701623
.30848623315493
.20603976150354
.24923547108968
.19686544438203
.27217125892639
.18310397863388
.18692660331726
.14220183094343
.27408256133397
.20068807403247
.29090213775635
.2775229314963
.20221712688605
.2228593279918
.23738532265027
.20030581454436
.20565749208132
.233944957455
.2045107036829
.15825687845548
.22974006334941
.25420489907265
.26949540774028
.16284403701623
.23700305819511
.21253822743893
.22324158747991
.26414374510447
.2270642220974
.2136850108703
.19380733867486
.20527522762616
.20489296813806
.21368501583735
.26529051860174
.22974005838235
.26529052853584
.18119266132514
.27102445562681
.21597859760125
.24847095211347
.23585626979669
.18883791565895
.19151376187801
.28440367182096
.27599387367566
.28172783056895
.22247706353664
.26643730700016
.22515290975571
.21330275138219
.21177370349566
.1636085609595
.23318042854468
.22591743369897
.19801223278046
.28172783056895
.22094801565011
.26796635985374
.20565749208132
.31880734364192
.14411315321922
.13990825911363
.18310397366683
.19915901621183
.19227828582128
.19610091547171
.23509174088637
.22668195764224
.18310397366683
.27331804235776
.12270642320315
.18348623812199
.17813456058502
.24388379851977
.23279816408952
.16513761381308
.21139144400756
.17660550276438
.19992354512215
.23623853425185
.16322630147139
.23050458729267
.23814985156059
.22668195764224
.14067278802395
.24732415874799
.16704892615477
.19724770883719
.1433486243089
.39373088876406
.22553516427676
.22553516924381
.24426605800788
.1704892963171
.18272170921167
.233944957455
.17010703186194
.25
.15596330165863
.21292049189409
.13608562449614
.17698776225249
.21903669834137
.25496941804886
.28172783056895
.24617736538251
.19227828582128
.21827216943105
.17431192596753
.17813455561797
.172782878081
.18501529097557
.19189602136612
.23814985156059
.17469418545564
.27522935469945
.18348624308904
.2316513756911
.21903669337432
.20909786224365
.23470947643121
.26299695173899
.20336391528447
.30848623315493
.19533639152845
.18922018508116
.20565749208132
.20795107384523
.27561161915461
.18501529097557
.16743119557699
.23814984659354
.17278287311395
.21636085708936
.17354740202427
.2775229314963
.20642202099164
.24694189925989
.19686544934909
.23929663002491
.17775229612986
.19992354512215
.20565749208132
.26337920626005
.19266055027644
.17813455561797
.21712538103263
.3161314924558
.15137614309788
.26070335507393
.21444954474767
.21062691013018
.31727829575539
.34250765045484
.24159021178881
.27790520588557
.19915902117888
.28172783056895
.20795107384523
.20145260294278
.24273700018724
.20336391031742
.16934250791868
.20756880939007
.16551987826824
.20603975653648
.22056575119495
.21980122228463
.28211008509
.27522935469945
.2045107036829
.27981650829315
.17163608471553
.25229357679685
.24273700018724
.28440367182096
.26070336500804
.25649846593539
.19915902614594
.24808869262536
.22171253959338
.28363914291064
.25611621141434
.24273700018724
.22974005838235
.18577981491884
.24923548102379
.20527523259322
.2228593279918
.21636085708936
.29740061362584
.31536697347959
.19495413204034
.17087155580521
.2454128464063
.26987767219543
.27561161915461
.30313456058502
.19839449723562
.28631497422854
.1934250742197
.20068807403247
.21941895782948
.31269113222758
.1999235500892
.20565749208132
.17048930128415
.33218653996785
.23891437550386
.29510702689489
.18348623315493
.30007645487785
.25688073039055
.23126911123594
.15863914787769
.28555045525233
.22782874604066
.24808868269126
.15252293646336
.26452599465847
.19915902614594
.233944957455
.17928134401639
.26911315321922
.29281346003215
.3776758313179
.41360857089361
.34633027513822
.28134556611379
.29281345009804
.28019878268242
.17392966151237
.27714066704114
.25
.32071866591771
.30733944972356
.17087156077226
.33715596795082
.26261467734973
.34212538599968
.38723241289457
.36964831749598
.27331804235776
.36506116390228
.26911315818628
.34059632817904
.29740061362584
.51261466741562
.33256881435712
.31651376684507
.3409785926342
.41093271970749
.35053517421087
.28822629650434
.33142201105754
.44992355505625
.38379205266635
.38761467734973
.32836391528447
.35359326998393
.36850153406461
.45603976647059
.41055046518644
.59174311161041
.38264525930087
.50382263461749
.54357799887657
.70183485746384
.60856268803279
.60894497235616
.72056573629379
.67928133408229
.77064220110575
.6020642320315
.65863913297653
.6792813539505
.50076452891032
.18730886777242
.65940366188685
.62461773554484
.65634554624557
.93730884790421
.77828745047251
.96712537606557
.70030581951141
.9808868765831
.77981650829315
.98088685671488
1.2064220110575
1.0959480206172
1.2171253760656
1.0538990894953
1.2874617576599
.90328747034073
1.1223241885503
1.3914373318354
1.5149082740148
1.4120794932048
1.4736238718033
1.8027523358663
1.6311161915461
1.8650612036387
1.7041284243266
2.1123853524526
2.0745412508647
2.207568804423
2.2534403800964
2.3275993665059
2.6185015042623
2.8130733966827
2.6590214570363
2.6620795726776
2.6888379255931
3.1154434680939
3.089831829071
3.6043578783671
3.676987806956
3.4743883609772
3.8952599366506
4.1379969914754
3.9709479808807
4.2278287410736
4.1429664293925
4.8425076802572
4.4858562151591
4.7094801266988
5.1085627873739
5.5179664293925
5.7519113222758
5.8669724464417
6.3532109260559
6.5925076802572
7.1318807601929
7.2186544736226
7.8604741096497
7.9304281870524
8.2201835314433
8.4705656369527
9.1433486938477
9.2725534439087
9.5366973876953
9.7469422022502
10.311161994934
11.14870039622
10.641055107117
11.134938875834
11.993501663208
12.082951227824
12.442278544108
12.718272209167
12.772171020508
13.024464607239
13.255351702372
14.039755503337
13.995794932048
14.267201741536
14.502676010132
15.344036738078
15.009556452433
15.354357719421
15.948012034098
15.994266192118
15.988149960836
16.133027712504
16.375764211019
16.321865399679
16.684250513713
17.203746159871
17.282875061035
17.668195088704
17.392966588338
17.816513697306
17.464067459106
17.508791605632
17.996941884359
17.634938557943
17.820718129476
16.514525731405
17.816895802816
17.801605224609
17.647553443909
17.595948219299
17.230887095133
17.597859382629
17.068807601929
17.163226127625
16.728593190511
16.715596199036
16.115443547567
16.111620585124
16.101682027181
15.172018369039
14.975917498271
14.440749168396
14.202599525452
14.037843704224
13.42545859019
13.351682027181
12.987003008525
11.107033570608
11.914373079936
11.520642280579
10.668195883433
10.32607014974
9.9709480603536
9.3956422805786
9.2358563741048
8.5806573232015
7.9590977032979
7.9694191614787
7.4105504353841
6.5030581156413
6.5921255747477
6.3952600161235
5.528669834137
5.5470184485118
4.7580274740855
4.714449485143
4.2782874902089
3.7079510291417
3.6563454866409
3.3146024545034
3.2580276330312
2.8027522961299
2.3119266231855
2.3612385193507
2.0592507521311
1.4174311459064
1.4732415874799
1.3857034047445
1.3673547506332
1.160168170929
.95336390535037
.91322629650434
.95603976647059
.93081039190292
.87155961990356
.81651377677917
.76987767219543
.62920488913854
.53325686852137
.69839449723562
.44571865598361
.5569571852684
.40519878268242
.43425076206525
.46674312154452
.46597860256831
.40328746040662
.45030580957731
.30198776721954
.59556573629379
.48470948139826
.45107033848763
.29357797900836
.36850153406461
.39449540774028
.39831804235776
.29204894105593
.40519877274831
.34136085708936
.38914372523626
.27790519595146
.34327216943105
.3822629849116
.27255352338155
.28669724861781
.31880734364192
.23776758710543
.3612385392189
.29090214769046
.32224770387014
.35397553443909
.15405198434989
.38188074032466
.40061161915461
.33715595801671
.30542813738187
.27981651822726
.28287462393443
.28937308986982
.2775229314963
.25993883609772
.34900612632434
.32645259300868
.26567278305689
.29090213775635
.24923547108968
.28478594621023
.28440367182096
.42431192596753
.33218653996785
.21941896279653
.29396024346352
.17201834420363
.20259938637416
.24694189429283
.27293578783671
.29204893112183
.32301224271456
.2610856294632
.26949541767438
.37576452891032
.30045870939891
.23814984659354
.3199541370074
.19495413204034
.26911315321922
.24503058195114
.30848624308904
.31422018011411
.29701834917068
.25764526426792
.27866972486178
.27178899447123
.24273700515429
.27178898453712
.27408257126808
.26987767219543
.23662079373995
.25879205266635
.21865443885326
.2840214073658
.25382262468338
.3658256928126
.23356268803279
.26873088876406
.26873088876406
.20412843922774
.13761468231678
.18998470902443
.1934250742197
.37155963977178
.18348623812199
.35474006334941
.28058103720347
.29587155580521
.24655962983767
.30351681510607
.23967889944712
.28593271970749
.32568807403247
.25229357679685
.1704892963171
.2155963331461
.24197247624397
.31116207440694
.24426605800788
.31383791565895
.33027522762616
.28440367182096
.2435015241305
.21100917458534
.23929663995902
.3180428147316
.24579511086146
.24579511086146
.30122322837512
.17851682007313
.26873088876406
.28478593627612
.25726300477982
.24579511086146
.23929663499196
.20718654493491
.26376147568226
.26146789391836
.27828746040662
.26223242282867
.20718654493491
.16016819576422
.19227829078833
.31689602136612
.2316513756911
.20756880939007
.21674311657747
.22935779889425
.24044342835744
.3337156077226
.21750764548779
.21750764548779
.25917431712151
.27446483572324
.19915902614594
.233944957455
.24350153903166
.25955657660961
.16781345506509
.24885321656863
.22171253959338
.2110091795524
.27484709024429
.20336391528447
.24503058195114
.25611621141434
.27217124899228
.30963303645452
.28593270977338
.25382263461749
.26643731196721
.23126911123594
.34480121731758
.25649846593539
.23356269299984
.30275229612986
.22400611639023
.23356268803279
.2431192646424
.23738532265027
.19877675672372
.24235474566619
.18539755046368
.23929663995902
.27637614806493
.29128441214561
.21788990994294
.2931957145532
.23776758213838
.22935779889425
.24044342339039
.22247706353664
.17431192596753
.26605503757795
.2591743071874
.2182721743981
.22859327495098
.1930428147316
.26873087882996
.21253822743893
.23470947643121
.21406727532546
.16016819576422
.26567278305689
.24159021178881
.28211009502411
.34288991491
.24541284143925
.26146789391836
.21636085708936
.15825688342253
.2951070467631
.27866972486178
.23585626979669
.29740061362584
.23012232283751
.23738531768322
.25955657660961
.28440367182096
.26185014843941
.24694189925989
.30733944972356
.27446483572324
.26796635985374
.25573394695918
.26032110055288
.297782878081
.26223241289457
.24655962983767
.2683486243089
.28172783056895
.25000000496705
.24273700515429
.21253822743893
.23088685174783
.24847095211347
.27331804235776
.26681957642237
.22897553443909
.28516819079717
.17889908452829
.34480122725169
.29663609464963
.31383791565895
.29472477237384
.25993884603182
.17813455561797
.31039754549662
.21941896279653
.27102446556091
.25879205266635
.27446482578913
.20221712688605
.29204893112183
.28631498416265
.28287461400032
.28899083534877
.22668196260929
.28363914291064
.28555045525233
.28363914291064
.25649846593539
.24655963480473
.26070336500804
.20642202099164
.22974005838235
.24770642320315
.25152905285358
.3023700316747
.2090978572766
.2729357779026
.27752294143041
.27828747034073
.2931957145532
.33830275138219
.23356268803279
.21788990497589
.23088685174783
.31842507918676
.22438838084539
.26146789391836
.28287461400032
.26223241289457
.30198775728544
.30733943978945
.17125382026037
.23088684678078
.33103974660238
.28707951307297
.24044342339039
.24961773057779
.28746176759402
.23814985156059
.34938838084539
.2316513756911
.30733944972356
.20412843922774
.22133027513822
.25726299981276
.2454128464063
.28516819079717
.39143730203311
.33142202099164
.35359327991803
.26185015837351
.26987767219543
.29931192596753
.23318042854468
.39258409539858
.27866972486178
.28822629650434
.30007645487785
.26337919632594
.33486238121986
.29625382026037
.26070336500804
.40825687845548
.31536697347959
.30886849761009
.2270642220974
.20412844419479
.24617737531662
.27446483572324
.2996942003568
.35321101546288
.32759938637416
.34403669834137
.21750764548779
.2610856294632
.47285933295886
.29892967144648
.22859327495098
.27790519595146
.22171253959338
.35779816905657
.32415902614594
.18539755543073
.31880734364192
.26261468728383
.35818042357763
.30733944972356
.3180428147316
.22133027513822
.21330275138219
.3344801167647
.26414373517036
.25
.33065748214722
.33906728029251
.33868501583735
.26796635985374
.26490825414658
.31842507918676
.36200305819511
.30007646481196
.31383792559306
.34747705856959
.3520642220974
.35779816905657
.39373088876406
.26643731196721
.30198776721954
.31001529097557
.31842506925265
.31116208434105
.23050458729267
.34977064530055
.30045870939891
.30695719520251
.29625383019447
.35397553443909
.35779815912247
.35741590460141
.28631498416265
.28287462393443
.35053517421087
.30733944972356
.44648317495982
.27790520588557
.31230886777242
.33027522762616
.3436544239521
.28784403204918
.32607032855352
.3023700316747
.23967889448007
.29396024346352
.3318042755127
.32110091050466
.37079510092735
.31116208434105
.37461773554484
.33142202099164
.22515290478865
.42584098378817
.32224770387014
.29892966151237
.33524464567502
.37461773554484
.42622323830922
.37117737531662
.36506115396818
.35244647661845
.33486239115397
.28172783056895
.40519877274831
.36697247624397
.35626911123594
.37882263461749
.42851682504018
.32989297310511
.4319571852684
.36506116390228
.33409785230954
.3363914390405
.29243118564288
.35626911123594
.40405198931694
.34288990497589
.2859327296416
.35397553443909
.27599387367566
.4633027613163
.390672792991
.34021406372388
.34633027513822
.31804282466571
.33027522762616
.43577981988589
.32989296317101
.39831804235776
.32492354512215
.3658256928126
.39717124899228
.32110092043877
.3455657462279
.26873088876406
.31957187255224
.31498469909032
.32836391528447
.37576451897621
.37347094217936
.32836390535037
.35015290975571
.3704128464063
.26529051860174
.3814984758695
.39946483572324
.41093271970749
.40749235947927
.33218653996785
.42163608471553
.3704128464063
.30504587292671
.30313456058502
.41399082541466
.33677370349566
.30810396869977
.3933486243089
.47324159741402
.40175841252009
.39640673001607
.42928133408229
.43463302652041
.27866972486178
.47897554437319
.4816513756911
.51949540774027
.42851681510607
.42392966151237
.44839448730151
.36811926960945
.46253822247187
.4411314924558
.47209480404854
.4889143705368
.51643731196721
.47782874107361
.47629968325297
.42584097385406
.41857797900836
.52752294143041
.42240060369174
.46827216943105
.45336391528447
.49579511086146
.57836391528447
.35703364014626
.48050459225972
.36276757717133
.48356269796689
.52522935469945
.49350153406461
.45603975653648
.50038225452105
.33753823240598
.43960244456927
.46941896279653
.37270642320315
.47400612632434
.55351682504018
.59212537606557
.50688074032466
.40558103720347
.40863913297653
.37920488913854
.49503058195114
.47400611639023
.57721714178721
.54892967144648
.60703363021215
.44074923793475
.56536696354548
.46062691013018
.55007644494375
.53478592634201
.47171253959338
.45298165082932
.48012231787046
.58753822247187
.56536696354548
.50152905782064
.59518349170685
.58409784237544
.45986238121986
.50649845600128
.49311926960945
.53478594621023
.52522933483124
.59556575616201
.60970948139826
.53478594621023
.54396023352941
.64946482578913
.4889143705368
.56995411713918
.59136084715525
.53096332152685
.57186543941498
.57530581951141
.59365443388621
.46292048692703
.65558103720347
.60970948139826
.60359326998393
.60474008321762
.56574922800064
.51261468728383
.58753822247187
.59365445375443
.61506116390228
.55810395876567
.5229357679685
.51070336500804
.4935015241305
.70527523756027
.68272171417872
.62996941804886
.67851682504018
.53096330165863
.54128440221151
.64258410533269
.53325686852137
.67240063349406
.54969418048859
.52370031674703
.52331803242366
.58486239115397
.59556573629379
.63417432705561
.56383792559306
.55733944972356
.65061161915461
.64793578783671
.60741589466731
.58639144897461
.6865443388621
.54396023352941
.52025993665059
.64640673001607
.66475534439087
.58486239115397
.58486239115397
.5405198931694
.60932723681132
.6681957244873
.58639144897461
.70259938637416
.67698778708776
.69801223278046
.67775229612986
.49273700515429
.55925077199936
.66704893112183
.60168194770813
.66972478230794
.57759938637416
.60818040370941
0
0
0
0
0
0
0
0
0
0
0
0
0
0
0
0
0
0
0
0
0
0
0
0
0
0
0
0
0
0
0
0
0
0
0
0
0
0
0
0
0
0
0
0
0
0
0
0
0
0
0
0
0
0
0
0
0
0
0
0
0
0
0
0
0
0
0
0
0
0
0
0
0
0
0
0
0
0
0
0
0
0
0
0
0
0
0
0
0
0
0
0
0
0
0
0
0
0
0
0
0
0
0
0
0
0
0
0
0
0
0
0
0
0
0
0
0
0
0
0
0
0
0
0
0
0
0
0
0
0
0
0
0
0
0
0
0
0
0
0
0
0
0
0
0
0
0
0
0
0
0
0
0
0
0
0
0
0
0
0
0
0
0
0
0
0
0
0
0
0
0
0
0
0
0
0
0
0
0
0
0
0
0
0
0
0
0
0
0
0
0
0
0
0
0
0
0
0
0
0
0
0
0
0
0
0
0
0
0
0
0
0
0
0
0
0
0
0
0
0
0
0
0
0
0
0
0
0
0
0
0
0
0
0
0
0
0
0
0
0
0
0
0
0
0
0
0
0
0
0
0
0
0
0
0
0
0
0
0
0
0
0
0
0
0
0
0
0
0
0
0
0
0
0
0
0
0
0
0
0
0
0
0
0
0
0
0
0
0
0
0
0
0
0
0
0
0
0
0
0
0
0
0
0
0
0
0
0
0
0
0
0
0
0
0
0
0
0
0
0
0
0
0
0
0
0
0
0
0
0
0
0
0
0
0
0
0
0
0
0
0
0
0
0
0
0
0
0
0
0
0
0
0
0
0
0
0
0
0
0
0
0
0
0
0
0
0
0
0
0
0
0
0
0
0
0
0
0
0
0
0
0
0
0
0
0
0
0
0
0
0
0
0
0
0
0
0
0
0
0
0
0
0
0
0
0
0
0
0
0
0
0
0
0
0
0
0
0
0
0
0
0
0
0
0
0
0
0
0
0
0
0
0
0
0
0
0
0
0
0
0
0
0
0
0
0
0
0
0
0
0
0
0
0
0
0
0
0
0
0
0
0
0
0
0
0
0
0
0
0
0
0
0
0
0
0
0
0
0
0
0
0
0
0
0
0
0
0
0
0
0
0
0
0
0
0
0
0
0
0
0
0
0
0
0
0
0
0
0
0
0
0
0
0
0
0
0
0
0
0
0
0
0
0
0
0
0
0
0
0
0
0
0
0
0
0
0
0
0
0
0
0
0
0
0
0
0
0
0
0
0
0
0
0
0
0
0
0
0
0
0
0
0
0
0
0
0
0
0
0
0
0
0
0
0
0
0
0
0
0
0
0
0
0
0
0
0
0
0
0
0
0
0
0
0
0
0
0
0
0
0
0
0
0
0
0
0
0
0
0
0
0
0
0
0
0
0
0
0
0
0
0
0
0
0
0
0
0
0
0
0
0
0
0
0
0
0
0
0
0
0
0
0
0
0
0
0
0
0
0
0
0
0
0
0
0
0
0
0
0
0
0
0
0
0
0
0
0
0
0
0
0
0
0
0
0
0
0
0
0
0
0
0
0
0
0
0
0
0
0
0
0
0
0
0
0
0
0
0
0
0
0
0
0
0
0
0
0
0
0
0
0
0
0
0
0
0
0
0
0
0
0
0
0
0
0
0
0
0
0
0
0
0
0
0
0
0
0
0
0
0
0
0
0
0
0
0
0
0
0
0
0
0
0
0
0
0
0
0
0
0
0
0
0
0
0
0
0
0
0
0
0
0
0
0
0
0
0
0
0
0
0
0
0
0
0
0
0
0
0
0
0
0
0
0
0
0
0
0
0
0
0
0
0
0
0
0
0
0
0
0
0
0
0
0
0
0
0
0
0
0
0
0
0
0
0
0
0
0
0
0
0
0
0
0
0
0
0
0
0
0
0
0
0
0
0
0
0
0
0
0
0
0
0
0
0
0
0
0
0
0
0
0
0
0
0
0
0
0
0
0
0
0
0
0
0
0
0
0
0
0
0
0
0
0
0
0
0
0
0
0
0
0
0
0
0
0
0
0
0
0
0
0
0
0
0
0
0
0
0
0
0
0
0
0
0
0
0
0
0
0
0
0
0
0
0
0
0
0
0
0
0
0
0
0
0
0
0
0
0
0
0
0
0
0
0
0
0
0
0
0
0
0
0
0
0
0
0
0
0
0
0
0
0
0
0
0
0
0
0
0
0
0
0
0
0
0
0
0
0
0
0
0
0
0
0
0
0
0
0
0
0
0
0
0
0
0
0
0
0
0
0
0
0
0
0
0
0
0
0
0
0
0
0
0
0
0
0
0
0
0
0
0
0
0
0
0
0
0
0
0
0
0
0
0
0
0
0
0
0
0
0
0
0
0
0
0
0
0
0
0
0
0
0
0
0
0
0
0
0
0
0
0
0
0
0
0
0
0
0
0
0
0
0
0
0
0
0
0
0
0
0
0
0
0
0
0
0
0
0
0
0
0
0
0
0
0
0
0
0
0
0
0
0
0
0
0
0
0
0
0
0
0
0
0
0
0
0
0
0
0
0
0
0
0
0
0
0
0
0
0
0
0
0
0
0
0
0
0
0
0
0
0
0
0
0
0
0
0
0
0
0
0
0
0
0
0
0
0
0
0
0
0
0
0
0
0
0
0
0
0
0
0
0
0
0
0
0
0
0
0
0
0
0
0
0
0
0
0
0
0
0
0
0
0
0
0
0
0
0
0
0
0
0
0
0
0
0
0
0
0
0
0
0
0
0
0
0
0
0
0
0
0
0
0
0
0
0
0
0
0
0
0
0
0
0
0
0
0
0
0
0
0
0
0
0
0
0
0
0
0
0
0
0
0
0
0
0
0
0
0
0
0
0
0
0
0
0
0
0
0
0
0
0
0
0
0
0
0
0
0
0
0
0
0
0
0
0
0
0
0
0
0
0
0
0
0
0
0
0
0
0
0
0
0
0
0
0
0
0
0
0
0
0
0
0
0
0
0
0
0
0
0
0
0
0
0
0
0
0
0
0
0
0
0
0
0
0
0
0
0
0
0
0
0
0
0
0
0
0
0
0
0
0
0
0
0
0
0
0
0
0
0
0
0
0
0
0
0
0
0
0
0
0
0
0
0
0
0
0
0
0
0
0
0
0
0
0
0
0
0
0
0
0
0
0
0
0
0
0
0
0
0
0
0
0
0
0
0
0
0
0
0
0
0
0
0
0
0
0
0
0
0
0
0
0
0
0
0
0
0
0
0
0
0
0
0
0
0
0
0
0
0
0
0
0
0
0
0
0
0
0
0
0
0
0
0
0
0
0
0
0
0
0
0
0
0
0
0
0
0
0
0
0
0
0
0
0
0
0
0
0
0
0
0
0
0
0
0
0
0
0
0
0
0
0
0
0
0
0
0
0
0
0
0
0
0
0
0
0
0
0
0
0
0
0
0
0
0
0
0
0
0
0
0
0
0
0
0
0
0
0
0
0
0
0
0
0
0
0
0
0
0
0
0
0
0
0
0
0
0
0
0
0
0
0
0
0
0
0
0
0
0
0
0
0
0
0
0
0
0
0
0
0
0
0
0
0
0
0
0
0
0
0
0
0
0
0
0
0
0
0
0
0
0
0
0
0
0
0
0
0
0
0
0
0
0
0
0
0
0
0
0
0
0
0
0
0
0
0
0
0
0
0
0
0
0
0
0
0
0
0
0
0
0
0
0
0
0
0
0
0
0
0
0
0
0
0
