.60588685671488
.84633026520411
.63532108068466
1.0500764449437
.64793578783671
.82148317495982
.67851682504018
.82224772373835
.45489296317101
.78899083534877
.64640673001607
.74273699522018
.51490825414658
.75152903795242
.51261466741562
.72782874107361
.59174311161041
.83027521769206
.62270641326904
.75573392709096
.50573394695918
.86926605304082
.64640673001607
.9430428147316
.54892967144648
.70527521769206
.48279816905657
.77522935469945
.57492353518804
.78860857089361
.73929663499196
.87347094217936
.5
.82377674182256
.52752292156219
.70909784237544
.48470948139826
.70336389541626
.4246942003568
.80542812744776
.53211009502411
.71980122725169
.47209480404854
.77981652816137
.46100916465123
.71483178933462
.47668195764224
.69648317495982
.56651375691096
.62461773554484
.56842507918676
.6976299683253
.37347095211347
.65596330165863
.41131498416265
.67354740699132
.43539755543073
.61276757717133
.48547401030858
.62117735544841
.38761467734973
.59021405378977
.47629969318708
.76490825414658
.39105504751205
.54090213775635
.45451070864995
.61926605304082
.43807339668274
.69992353518804
.53402139743169
.70833333333333
.42354739705722
.59097858270009
.48585627476374
.61200304826101
.45909786224365
.5588685075442
.44036697347959
.5688073237737
.36620795726776
.64220184087753
.42660551269849
.62270641326904
.36659021178881
.68157492081324
.38761467734973
.6185015241305
.41246176759402
.58906728029251
.42201834917068
.50458714365959
.4594801167647
.62652905782064
.38264525930087
.56727828582128
.47821101546288
.516437292099
.31766055027644
.47935779889425
.36811926960945
.49770641326904
.35321101546288
.5661314924558
.39640673001607
.55848622322083
.42316513260206
.62805809577306
.32989296317101
.52637614806493
.42010703682899
.6066513856252
.26758410533269
.515672792991
.4044342537721
.41972477237384
.29510703682899
.50229359666506
.33868501583735
.55466359853745
.29548930128415
.47515290975571
.3180428147316
.4862385392189
.29281346003215
.49197247624397
.21062691013018
.49120795726776
.30313455065091
.52331805229187
.28746177752813
.41781346003215
.33944954474767
.51299693187078
.29090213775635
.40137614806493
.24808868269126
.33562692006429
.2526758313179
.44380734364192
.24044342835744
.3344801167647
.28593271970749
.4476299683253
.33792048692703
.29663608471553
.23279816408952
.42163608471553
.24311926960945
.43616207440694
.2045107036829
.39602446556091
.3547400534153
.33677370349566
.28631497422854
.46788990497589
.18310397366683
.42469419042269
.29740061362584
.39602446556091
.26720183094343
.42584098378817
.27675840258598
.4770642220974
.28096330165863
.44457187255224
.22018348673979
.44342507918676
.27446483572324
.41666666666667
.28287462393443
.51987769206365
.26261467238267
.4724770685037
.33027522762616
.4365443388621
.20068807403247
.39143731196721
.23662079870701
.40863915284475
.25993884603182
.43883791565895
.29357798894246
.49617738525073
.31498471895854
.42087156573931
.27561161418756
.49923547108968
.29510703682899
.3860856393973
.29625382026037
.42851682504018
.22056575119495
.50496941804886
.31039755543073
.46903669834137
.25038225948811
.40290520588557
.30007645487785
.45298166076342
.35626911123594
.47629969318708
.32377676169078
.17163608471553
.31689602136612
.49388379851977
.33906728029251
.47859326998393
.30542813738187
.45871559778849
.27025993665059
.46827217936516
.31842506925265
.37805810570717
.25764526426792
.39029051860174
.25726299484571
.35474006334941
.28058104713758
.53172783056895
.26070336500804
.42622323830922
.30313456058502
.45107033848763
.25076452394327
.39411315321922
.37232414881388
.39640672008197
.30389908949534
.42316514253616
.18272171417872
.46215595801671
.26032110055288
.42431192596753
.37461773554484
.39067278305689
.36429663499196
.47285933295886
.25
.34633028507233
.2519113222758
.44113150238991
.29013761878014
.4365443388621
.33142202099164
.43310397863388
.30045871933301
.46062691013018
.28019878268242
.36582568287849
.33983179926872
.36009174585342
.2637614707152
.48967889944712
.26223242282867
.33371558785439
.30122323830922
.50267584125201
.34250764052073
.43616207440694
.28363914291064
.43501529097557
.28975535432498
.46483179926872
.39296635985374
.41322629650434
.28172783056895
.45451069871585
.30122323830922
.46062692006429
.3474770685037
.42622323830922
.21024465064208
.28593271970749
.3023700316747
.44074923793475
.34633027513822
.39946483572324
.31307339668274
.33868502577146
.23394495248795
.48126911123594
.28287462393443
.38493883609772
.15137614806493
.43310397863388
.33142202099164
.41857797900836
.23967889944712
.3933486143748
.27370030184587
.34862385193507
.28172783056895
.46827216943105
.32492354512215
.44495412707329
.25726299484571
.49694190422694
.24006115893523
.40940366188685
.24617737034957
.47553517421087
.22935779889425
.40519877274831
.28746177752813
.37041283647219
.27866972486178
.50000000993411
.25688073039055
.39143730203311
.28440367182096
.39640673001607
.18501529097557
.45871559778849
.21253822743893
.44954129060109
.25038226942221
.4568042854468
.39411315321922
.44036697347959
.25000000496705
.40099388360977
.34480122725169
.40022936463356
.24923548102379
.37729356686274
.29013761878014
.42010702689489
.2729357779026
.3795871535937
.23432721694311
.35856269796689
.26987768212954
.30581039190292
.34136085708936
.43616207440694
.20412844419479
.2205657462279
.29931192596753
.48279816905657
.23967889944712
.37500000993411
.28975535432498
.41437308986982
.2794342537721
.35818042357763
.26223241289457
.38149846593539
.24808868765831
.3704128464063
.20833333830039
.50573394695918
.3272171318531
.2977828681469
.3088685075442
.42010702689489
.28058104713758
.38837920626005
.33448012669881
.37232415874799
.2931957145532
.38799694180489
.24961773554484
.58906730016073
.26949541767438
.52943424383799
.23050458729267
.39793578783671
.25573394695918
.36238532265027
.30389907956123
.41513760884603
.24847094217936
.37614678343137
.1819571852684
.41628440221151
.25802752872308
.45833334326744
.30198776721954
.46253823240598
.30275229612986
.46483180920283
.34556575616201
.38111621141434
.25764526923498
.39258410533269
.26146788398425
.35703364014626
.34480122725169
.53249235947927
.24541284143925
.37347094217936
.35741590460142
.54701834917068
.29166666666667
.30466360847155
.28975534439087
.37767585118612
.29854739705722
.547782878081
.22400611142317
.51185016830762
.25535167753696
.4862385392189
.18272171417872
.47897553443909
.22133028010527
.4025229314963
.2591743071874
.4457186460495
.2389143705368
.40711009502411
.26529052853584
.43348624308904
.26605504751205
.42851681510607
.29587156573931
.34250764052073
.25955658157667
.31651375691096
.28058103720347
.44571865598361
.31001529097557
.3906727830569
.30007645487785
.52943424383799
.31651376684507
.34977065523465
.27064220110575
.40366971492767
.27905198931694
.45259938637416
.26261467734973
.5099388162295
.33524464567502
.51796636978785
.27102447549502
.43769112229347
.26758409539859
.41972477237384
.27064220110575
.39143730203311
.34327217936516
.45833333333333
.2977828681469
.46712537606557
.21253822743893
.24885320663452
.25152905285358
.40711009502411
.24503057698409
.36314985156059
.20948012173176
.44571865598361
.24885321160158
.44342508912086
.30084098378817
.50152906775475
.27790520588557
.42087155580521
.41169724861781
.49426604310671
.27522936463356
.45718653996785
.30542813738187
.39105505744616
.31116208434105
.27140673001607
.27025993665059
.38990825414658
.33600918451945
.45909786224365
.33792048692703
.31230886777242
.34021406372388
.45603974660238
.32989297310511
.38073393702507
.27064221103986
.47209479411443
.29931192596753
.3860856294632
.26414372523626
.30007645487785
.22324159244696
.35856269796689
.26681957642237
.34212537606557
.28134556611379
.40940367182096
.35282874107361
.34059633811315
.2454128464063
.35053516427676
.32377677162488
.39678898453712
.28784403204918
.42010703682899
.29510703682899
.48547400037448
.3115443388621
.39602447549502
.27828746040662
.37003058195114
.25688073039055
.3566513756911
.11429663499196
.38493883609772
.29357798894246
.37652905782064
.32033638159434
.48050458232562
.22859327495098
.34441896279653
.25649847090244
.37805810570717
.25993883609772
.4411314924558
.2113914390405
.50038226445516
.30810397863388
.4724770685037
.33792048692703
.4319571852684
.28440367182096
.31574923793475
.27025993665059
.4411314924558
.34900611639023
.38761467734973
.22629969318708
.46750764052073
.19954128563404
.36544341842333
.25420488913854
.49235473076502
.29243119557699
.45374617973963
.31192659338315
.47477063536644
.2775229314963
.37805809577306
.25573394695918
.42545871933301
.25152905285358
.33103975653648
.22668195764224
.45183485746384
.25993884106477
.50152905782064
.33906728029251
.2840214073658
.29969419042269
.39984709024429
.2729357779026
.43081039190292
.26490825414658
.39143731196721
.33103974660238
.35626910130183
.41016820073128
.28937308986982
.30198776721954
.55504588286082
.3115443388621
.49464832743009
.27714066704114
.40978593627612
.27714066704114
.40749234954516
.24847094714642
.51529051860174
.23318043351173
.45412844419479
.31422018011411
.42392966151237
.2205657462279
.36697247624397
.28860857089361
.28746177752813
.26529051860174
.40061161915461
.26261468728383
.43501529097557
.24082568784555
.36314985156059
.31689602136612
.36659021178881
.3207186460495
.39220183094343
.27102446556091
.46941896279653
.23662079870701
.50496941804886
.31269113222758
.30275229612986
.21597859760125
.39029051860174
.30848624308904
.5045871535937
.21368501583735
.54625382026037
.33486239115397
.53899081548055
.24694189925989
.3318042854468
.2840214073658
.44342507918676
.14258409539858
.34403669834137
.27064219117165
.40366971492767
.24732415378094
.45603975653648
.42087156573931
.41972477237384
.24159021178881
.47324159741402
.29472477237384
.43501530090968
.19418959816297
.40328746040662
.26070336500804
.37576451897621
.26911315321922
.49426604310671
.41437308986982
.35474006334941
.23738532265027
.36047401030858
.27217125892639
.47400611639023
.2931957145532
.4181957145532
.31651376684507
.34824159741402
.25114679336548
.30007644494375
.32798165082932
.51758410533269
.26987768212954
.43272171417872
.3658256928126
.36697248617808
.29204893112183
.35359326998393
.18960244456927
.30581040183703
.21865442891916
.4476299782594
.21559632817904
.46483179926872
.3409785926342
.45336391528447
.36620794733365
.40175840258598
.28899082541466
.41131498416265
.2931957145532
.45030580957731
.29587155580521
.3363914390405
.25611621141434
.42584098378817
.24235474069913
.57836389541626
.27866972486178
.36047400037448
.29128440221151
.31574923793475
.29396024346352
.47094801068306
.32377676169078
.35779816905657
.29587155580521
.50152904788653
.42507645487785
.61926605304082
.4292813539505
.55084097385406
.19457186758518
.39105504751205
.29816513260206
.50764524936676
.25955657164256
.46903669834137
.19189602633317
.39564220110575
.21368501583735
.40405198931694
.19266055027644
.42354739705722
.32415901621183
.40672783056895
.25267584621906
.40634555617968
.27828745047251
.42507645487785
.26299693187078
.3685015241305
.29166666666667
.48241590460142
.27981651822726
.38532110055288
.24273699522018
.35321100552877
.30772171417872
.46788991491
.23967889944712
.4797400534153
.35741589466731
.38952599962552
.31460244456927
.39373087882996
.36238531271617
.37308868765831
.27446482578913
.42584097385406
.30581040183703
.34021406372388
.27637614806493
.41972478230794
.25573394695918
.41857797900836
.3042813539505
.41246176759402
.24082568784555
.60970948139826
.27866972486178
.39487767219543
.25879204273224
.39525993665059
.29892966151237
.36888378858566
.38914372523626
.44266055027644
.24579511086146
.37729357679685
.29357798894246
.37652904788653
.29740061362584
.42889907956123
.26643731196721
.36697247624397
.38302752375603
.41284403204918
.2931957244873
.39296635985374
.24426605800788
.39870030681292
.18922018508116
.44495412707329
.37729357679685
.3363914390405
.30581040183703
.40672783056895
.27828746040662
.48814985156059
.28363915284475
.31154434879621
.29434250791868
.47400612632434
.37117737531662
.39373088876406
.31498470902443
.45030580957731
.3161314924558
.33409785230954
.23050458232562
.45909786224365
.27714066704114
.33830275138219
.42316513260206
.40672783056895
.27675841252009
.3566513756911
.24273700515429
.4273700316747
.26070336500804
.42851681510607
.26490825414658
.43998471895854
.32148318489393
.37308868765831
.26567278305689
.35321100552877
.29816514253616
.40825687845548
.32874617973963
.47668195764224
.24273700515429
.46062691013018
.19801223278046
.42354739705722
.25802752375603
.5019113222758
.31154434879621
.37614678343137
.33333333333333
.4090214073658
.3566513756911
.43310397863388
.30045871933301
.34824159741402
.23012231787046
.38990825414658
.24273701012135
.43616208434105
.24273700515429
.46444954474767
.39831804235776
.42660550276438
.3023700316747
.30772171417872
.38646789391836
.47782874107361
.37117736538251
.43119266629219
.30542812744776
.28937308986982
.31957186261813
.48470947146416
.28937307993571
.34671253959338
.31727828582128
.38570336500804
.23050459225972
.33944953481356
.32454128066699
.35321100552877
.23700305819511
.44648317495982
.29548929135005
.42545871933301
.31077981988589
.37385320663452
.28555045525233
.42622324824333
.27981650829315
.46292048692703
.2610856294632
.47209480404854
.22209480404854
.35435779889425
.2748471001784
.37155963977178
.22515290478865
.3730886777242
.26070336500804
.57224770387014
.25152905782064
.40137613813082
.28172783056895
.29243118564288
.25879205266635
.42010702689489
.19266055027644
.4751528998216
.28937308986982
.40099389354388
.18310396869977
.37079510092735
.27866972486178
.34327216943105
.3769113222758
.38914373517036
.26261468231678
.55007644494375
.23967889944712
.43272171417872
.23241589963436
.41896024346352
.23432721694311
.31460244456927
.27599388360977
.48279816905657
.33027522762616
.47324158747991
.32759938637416
.34212537606557
.2931957244873
.33677370349566
.24120795230071
.48088684678078
.19189602136612
.32148317495982
.32683485746384
.45565749208132
.25496941804886
.39870030681292
.37385321656863
.45489296317101
.28631499409676
.29013760884603
.31001529097557
.44266055027644
.31116208434105
.57110091050466
.27484709024429
.36544342835744
.24235474566619
.41896024346352
.35091743866603
.44533639152845
.35435779889425
.3455657462279
.22018348673979
.30657492081324
.28172783056895
.40634556611379
.28058103720347
.4090214073658
.19266055524349
.36276758710543
.34480122725169
.46406729022662
.24694189429283
.33753822247187
.30581040183703
.42507645487785
.22897553443909
.3730886777242
.26720184087753
.4430428147316
.29510703682899
.42545871933301
.29396024346352
.37117737531662
.27790519595146
.40328746040662
.33295106887817
.46444953481356
.2522935718298
.41934250791868
.3023700316747
.42354739705722
.22324158747991
.33868501583735
.35397552450498
.44533639152845
.28134556611379
.51337919632594
.26032110055288
.38340978821119
.26643730700016
.45107032855352
.31498470902443
.33600917458534
.29281346003215
.23891437550386
.2683486243089
.37385320663452
.23241589963436
.46100917458534
.21521406869094
.37232415874799
.297782878081
.39067278305689
.32415902614594
.3639143705368
.31613150238991
.54281344016393
.23356269299984
.42698775728544
.23279816905657
.46483179926872
.23241590460141
.36926606297493
.327217121919
.27064220110575
.25917431712151
.49579511086146
.23356268803279
.43960244456927
.26758409539859
.34594801068306
.2702599465847
.58448012669881
.27561162908872
.47859326998393
.29892966151237
.42507645487785
.32951070864995
.36009174585342
.33409786224365
.42125382026037
.24885321160158
.45527523756027
.19724770387014
.39717124899228
.25458715856075
.47477064530055
.34288991491
.31727828582128
.31116207440694
.48509174585342
.28631498416265
.38914373517036
.40787461400032
.37155963977178
.33600918451945
.32301223278046
.2905198832353
.47209479411443
.27217125892639
.4109327296416
.30657492081324
.37385321656863
.26873088876406
.45107033848763
.33868501583735
.30542813738187
.10588685174783
.35015290975571
.34556575616201
.52446482578913
.36009173591932
.35244648655256
.39220183094343
.297782878081
.25649848083655
.46444954474767
.23929663499196
.4090214073658
.30772171417872
.41399082541466
.38073394695918
.42240061362584
.25496941804886
.47477064530055
.25267584125201
.34709480404854
.26567278305689
.50344037016233
.25382262468338
.39678899447123
.30504587292671
.45527522762616
.26490825414658
.45412843426069
.38761467734973
.41551987330119
.28593271970749
.26529052853584
.29396024346352
.36238532265027
.37155962983767
.4136085609595
.3318042755127
.47362385193507
.25344036022822
.52790520588557
.40749234954516
.44724770387014
.3088685075442
.44724770387014
.22018348673979
.44610091050466
.2477064182361
.39487767219543
.26911315321922
.41666666666667
.40940366188685
.4044342537721
.31039756536484
.3318042854468
.21330275138219
.48585627476374
.2385321110487
.40749234954516
.40366971492767
.37958716352781
.24159021675587
.3455657462279
.29090213775635
.55504588286082
.32492355505625
.43119265635808
.23509174585342
.33027523756027
.35015290975571
.42163608471553
.39602446556091
.41857797900836
.31766055027644
.40061161915461
.3023700316747
.43730886777242
.30772171417872
.31077981988589
.28516820073128
.46024464567502
.38417431712151
.40940366188685
.20833333333333
.37194189429283
.26490825414658
.47247705856959
.35779816905657
.39258410533269
.36506116390228
.42851681510607
.34403669834137
.39411314328512
.29969419042269
.50802751382192
.40978593627612
.31957186261813
.27064220110575
.43310397863388
.28822629650434
.46177369356155
.36811925967534
.37920488913854
.27102446556091
.46253823240598
.25688074032466
.41972477237384
.27866972486178
.45068806409836
.24464832246304
.41972477237384
.24082568784555
.34709480404854
.23700306316217
.32989296317101
.36659021178881
.48738532265027
.33944954474767
.422782878081
.27102447549502
.48814985156059
.38952599962552
.46559632817904
.29434250791868
.51643730203311
.26337919632594
.39449540774028
.24044342339039
.35168195764224
.30007644494375
.33753822247187
.32071865598361
.50764524936676
.28478593627612
.28822630643845
.27522935469945
.37729357679685
.40749234954516
.45718653996785
.27446482578913
.51987765232722
.20871559778849
.46024464567502
.3161314924558
.44189603130023
.33142202099164
.37691131234169
.22247706353664
.36238531271617
.30275228619575
.44724770387014
.31651376684507
.49503058195114
.33639142910639
.40787462393443
.31918959816297
.35244648655256
.31039754549662
.46483179926872
.24617736538251
.47362385193507
.38799695173899
.52446480592092
.3566513856252
.47782874107361
.25114678839842
.43348623315493
.27561161915461
.37194190422694
.25152905285358
.41016819079717
.32607033848763
.37729357679685
.32377676169078
.59097858270009
.38188074032466
.49311926960945
.3199541370074
.49159021178881
.25573394695918
.32683485746384
.27981651822726
.42851681510607
.3474770685037
.36620795726776
.22477064530055
.44724770387014
.28555046518644
.35741590460141
.38685015837351
.4025229314963
.33715595801671
.48165136575699
.28860855102539
.3979357779026
.2905198832353
.48891438047091
.30084097385406
.33944953481356
.3363914390405
.53172783056895
.30313455065091
.38646789391836
.37652904788653
.49159022172292
.43998470902443
.4300458629926
.38761467734973
.51261466741562
.26070336500804
.46559633811315
.33409786224365
.25458715856075
.28440366188685
.32951070864995
.15137614309788
.28058102726936
.34441896279653
.25764526923498
.23012232283751
.36238532265027
.31880733370781
.38837920626005
.26987768212954
.3042813539505
.11200305819511
.32912843426069
.34136084715525
.16972477237384
.23470948139826
.34136085708936
.24732415874799
.28440367182096
.24923547605673
.20986238121986
.27446483572324
.26720184087753
.2435015241305
.33218653996785
.23929663499196
.25611620644728
.24350153406461
.26758409539859
.28172783056895
.26490825414658
.27790518601735
.33065749208132
.23279816905657
.25611621141434
.2270642220974
.37882262468338
.31307339668274
.2591743071874
.25114678839842
.28707951307297
.27752294143041
.29204893112183
.24732415874799
.22553516924381
.25420489410559
.22094801565011
.20795106887817
.30122323830922
.22133027513822
.28249235947927
.23394495248795
.28249235947927
.21521406869094
.30504587292671
.1636085609595
.16896024346352
.21559632817904
.29166666666667
.26529052853584
.15252293646336
.29434250791868
.26146789391836
.29281346003215
.18386850257715
.23318042854468
.29128440221151
.32874617973963
.22744648655256
.30695719520251
.33295106887817
.29204892118772
.22553516924381
.33295106887817
.2522935718298
.2431192646424
.31574923793475
.26414373517036
.26681956648827
.17163608968258
.22324159244696
.33677370349566
.21406728029251
.19610092043877
.23585626979669
.18807339668274
.33256880442301
.26605504751205
.33868501583735
.21636086205641
.21177369852861
.22668195764224
.33256881435712
.31422018011411
.23929663995902
.20259938637416
.24579510589441
.17737002670765
.22629969318708
.21980122228463
.27331805229187
.22324159244696
.25152904788653
.22094801068306
.23432721694311
.23547400534153
.25573394199212
.31498470902443
.31460245450338
.20833333333333
.22056575119495
.27370030681292
.31383792559306
.24120795230071
.24847095211347
.22171253959338
.24159021675587
.22133028010527
.3069571852684
.30810396869977
.25573394199212
.2270642220974
.25344037016233
.19954128563404
.31422018011411
.18922018508116
.31536697347959
.16704893112183
.27637614806493
.22591743369897
.25802752375603
.20489296813806
.30925076206525
.27905198931694
.25802751878897
.19610092043877
.26070337494214
.20221712688605
.27752294143041
.20107033848763
.28440367182096
.17584097882112
.20527522762616
.2564984758695
.26490824917952
.16399082541466
.36850153406461
.20489296813806
.27561161915461
.21292049189409
.25000000496705
.26567278305689
.30428134401639
.20412843922774
.28211009502411
.24885320663452
.29166667660077
.23585626482964
.32836390535037
.17851682007313
.1934250742197
.24923548102379
.25993883609772
.15711009005706
.27255351344744
.20298165082932
.24694189429283
.14640673001607
.19915902117888
.26185015837351
.26758409539858
.21444953978062
.18425076206525
.2228593279918
.16513761878014
.2748471001784
.22974006334941
.18960244456927
.20795106887817
.17545871436596
.19113149742285
.18998470902443
.32645260294278
.20298165082932
.25114678839842
.21406728029251
.23126911620299
.20680428047975
.2431192646424
.19915902117888
.19227828582128
.17278287311395
.20565748711427
.15252293646336
.31001529097557
.20107033848763
.24464831749598
.20374617973963
.27408257126808
.16972477237384
.20107033848763
.14602446556091
.27561161915461
.19915902614594
.28860857089361
.27064220110575
.20756880442301
.2155963331461
.24006116390228
.20680428047975
.20221712688605
.23088684678078
.20642202099164
.16743118564288
.2090978572766
.24388378858566
.25764526923498
.16819571952025
.23126911123594
.2045107036829
.2182721743981
.25573394695918
.21980122725169
.21292048692703
.19533639152845
.20795107384523
.20298164586226
.20336391528447
.24961773057779
.21980122228463
.26643730203311
.16704893112183
.26529051860174
.22209480404854
.24235474069913
.22706422706445
.19648317992687
.19266055027644
.28631498416265
.27752294143041
.27866972486178
.23203364014626
.26605504751205
.2274464815855
.21368501583735
.21444954474767
.15902141233285
.23012231787046
.23356269299984
.1884556611379
.27981650829315
.21406728029251
.25802752872308
.2090978572766
.32645259300868
.14143731196721
.13035167753696
.17545871933301
.18845565617085
.18119266132514
.19533639152845
.22362385193507
.22209480404854
.17966360847155
.26911315321922
.12614678839842
.18310397863388
.17584097882112
.23547400534153
.21521406372388
.15787461400032
.21253822743893
.17698776721954
.20412843922774
.22553516924381
.15749234954516
.22591743369897
.2454128464063
.22897553940614
.13914373268684
.24655963480473
.1681957145532
.1773700316747
.13723241786162
.39487767219543
.23088684678078
.22324158747991
.23432721694311
.16819571952025
.18654434382915
.22668195764224
.16666666666667
.26681957145532
.15749235451221
.21368501583735
.13302751878897
.16628440221151
.21368501583735
.24961774051189
.26873087882996
.24617737531662
.18119266132514
.21444953978062
.17392966151237
.17737002670765
.15825687845548
.19380733867486
.18692660828431
.23967889944712
.15711009502411
.2637614707152
.19151376187801
.23738531768322
.21406728029251
.21712538103263
.22553516924381
.24961773057779
.21062690516313
.30351681510607
.19610091547171
.18654434382915
.19954128563404
.20603975653648
.26070336500804
.17660550276438
.15978593130906
.22438838084539
.17087156077226
.20718654493491
.16628440717856
.26796635985374
.20603975653648
.25267584125201
.186162079374
.23470947643121
.17201834917068
.19113149742285
.2068042755127
.25076452394327
.18960244456927
.17354740202427
.20871559778849
.29625383019447
.15711009005706
.25917431712151
.1980122278134
.20718654493491
.30925077199936
.31880734364192
.22171253462632
.27370030681292
.186162079374
.26261467734973
.21100917458534
.19457186758518
.22362385193507
.21253822743893
.1590214073658
.1976299683253
.14831804235776
.18577981491884
.19954128563404
.20565748711427
.26720184087753
.25420489410559
.18654434382915
.26796635985374
.16819571952025
.22974006334941
.21788990497589
.26987767219543
.26720184087753
.25993884106477
.18233944972356
.23356269299984
.21903669834137
.26032110055288
.23050458729267
.22171253462633
.20833333830039
.18654434382915
.23929663995902
.18807339668274
.21368501583735
.19571865598361
.27370029687881
.30045871933301
.18577981491884
.15481651326021
.23585626979669
.25955657164256
.25764525930087
.2775229314963
.16743119060993
.25955657164256
.17316513756911
.18425076703231
.18883792559306
.28363914291064
.16437308490276
.18004587292671
.15061161915461
.2859327296416
.21521406869094
.28746176759402
.16781345009804
.27178899447123
.2385321110487
.18463302652041
.14181957145532
.23967889944712
.19380733867486
.21024465064208
.13226299981276
.22133028010527
.17048930128415
.19495413204034
.15711009502411
.22859326998393
.24503058195114
.33333334326744
.36238532265027
.30925077199936
.23662079373995
.22782875100772
.24082568784555
.13761467734973
.21444953978062
.20298165579637
.24808868269126
.24732415874799
.13493884106477
.28325687845548
.21100917458534
.2610856294632
.30963302652041
.29931192596753
.21215596298377
.27714067697525
.19571865101655
.24273700515429
.19495412707329
.36506115396818
.24694189429283
.21559632817904
.25
.29701834917068
.24694188932578
.20107033352057
.21483180423578
.31689602136612
.24464831749598
.25879204273224
.19992354512215
.20795106887817
.22477064033349
.24885321656863
.24655962983767
.34518349170685
.22591742873192
.30504588286082
.28860857089361
.36697248617808
.29740061362584
.31498471895854
.36544341842333
.30542813738187
.33983180920283
.23700305819511
.30619265635808
.30504587292671
.19457186758518
.07530580957731
.24464832246304
.20986238618692
.24082568784555
.34747705856959
.26758409539858
.3226299683253
.18845565617085
.30160550276438
.22247706353664
.29548929135005
.3318042854468
.31689602136612
.26720184087753
.28631498416265
.35053516427676
.20603975653648
.22171253959338
.28516820073128
.35359327991803
.28134556611379
.32110091050466
.38570336500804
.29281345009804
.38608561952909
.26299694180489
.38264525930087
.35703364014626
.3795871535937
.35550459225972
.36353210608164
.47821100552877
.46636085708936
.40634556611379
.38111620148023
.37882262468338
.53593271970749
.45871559778849
.61123851935069
.50573394695918
.48432721694311
.62423545122147
.64449540774027
.50038225452105
.58639142910639
.44801223278046
.72362387180328
.48126911123594
.53784405191739
.60741591453552
.71597858270009
.68692660331726
.65519879261653
.73853210608164
.77331805229187
.85397553443909
.85626910130183
.99885320663452
.8814984758695
.8822629849116
.92125382026037
1.0409021377563
.92048929135005
.9403669834137
.906345585982
.99770639340083
1.2301223278046
.91896023352941
.95412842432658
1.3218654791514
1.2645260095596
1.290137608846
1.2725535233816
1.1074158747991
1.0451070070267
1.1257645289103
1.4415137370427
1.2989296515783
1.364296634992
1.3589449723562
1.7117737134298
1.4189602533976
1.5076452493668
1.7947247823079
1.7438838084539
1.4365443785985
1.4808868169785
1.4938838084539
1.5179663896561
1.6058868567149
1.7381498416265
1.8203363815943
2.0642201503118
1.8100153207779
2.0569571654002
1.6689602533976
1.6823394298553
2.0538990894953
1.8780581156413
2.0959480603536
1.0118501782417
2.0573395093282
2.0649846792221
2.1422019004822
2.029434243838
1.976299683253
2.3998470306396
2.2224771181742
2.5986238320669
2.2094801266988
2.6024464766184
2.2729357878367
2.6353210608164
2.872706413269
2.3383027712504
2.6750764052073
2.3375382423401
2.459862391154
2.7534403800964
2.5409021377563
2.8990825812022
2.9946483771006
1.6108562548955
2.7392965952555
2.8902904987335
2.7125383218129
2.6494648456573
2.8207186063131
2.6314984957377
2.9571866194407
2.766819636027
2.5714831352234
3.0428133805593
2.8757645289103
2.6158256530762
3.224006096522
3.349006096522
2.8157492478689
3.549694220225
2.8004587491353
3.3168959617615
3.339831829071
3.0026758511861
3.2079510688782
3.3081039587657
3.7710244655609
3.4957950909932
3.0332568486532
3.474006096522
3.4590978622437
2.6051223278046
3.1280581156413
3.3650611241659
3.6085626284281
3.3952599366506
3.1020642121633
3.5470183690389
3.8100152810415
3.740443388621
3.8727064927419
3.9522171020508
4.0237002372742
3.7878440221151
3.6880733172099
4.1544342041016
3.3998471101125
3.9357798894246
3.6284404595693
3.77561155955
3.9755352338155
3.6253822644552
3.5844801266988
4.1032109260559
3.6961008707682
4.5068807601929
4.0837155977885
4.1601683298747
3.7649083137512
4.2725535233816
4.0711008707682
4.3260703086853
3.8012232780457
4.4610090255737
3.9002294540405
4.1624617576599
3.9827980995178
4.1001528898875
4.1272936662038
3.915519952774
3.941131512324
4.1823395093282
3.8780581156413
4.1701070467631
3.9220183690389
4.1093270778656
4.3268349965413
3.1999235153198
4.4560395876567
4.4568044344584
4.4292813936869
4.1475535233816
3.9239296913147
4.0798930327098
4.183868487676
3.8956421216329
4.1574923197428
4.339067141215
4.2786696751912
4.2561161518097
3.780580997467
4.0523699919383
4.5393730799357
4.0359326998393
4.8233944574992
4.247706413269
3.785168170929
4.26873087883
3.5294342835744
3.6456422805786
4.0745413303375
3.8230122725169
4.1165902614594
4.0902140140533
4.1399083137512
3.8669724464417
4.5519876480103
4.0370795726776
3.6429663499196
4.2775230407715
3.4369265238444
3.8558868567149
3.6643730799357
4.0902140935262
4.0137614409129
3.9724769592285
3.7679664293925
4.0175841649373
3.7962539196014
3.5764525731405
3.7224771181742
3.8310396671295
3.6376146475474
3.4124618371328
3.5386085510254
3.3383027712504
3.5118501186371
3.1276758511861
3.7423547903697
3.4101682504018
3.176987806956
3.1873087882996
3.0852446556091
2.5149082342784
2.8360091050466
2.9197247823079
3.6032110055288
2.5592507521311
3.285168170929
3.0248471101125
3.1544342041016
2.8260703086853
3.1525228818258
2.7362385590871
2.8535932699839
3.0286697546641
2.5237003962199
2.2247706254323
2.50688068072
2.4782110850016
2.6647553443909
2.407874584198
2.5890672206879
2.5026758511861
2.3207186857859
2.1326452891032
2.0049694379171
2.0133792559306
2.2855503559113
1.9789755741755
1.9147553443909
2.0389908154806
1.4648317893346
1.8509174187978
1.8058104117711
1.739296634992
1.650993903478
1.5508409738541
1.4380733966827
1.7641437451045
1.4392201900482
1.5428134600321
1.3547400633494
1.2366207838058
.9338685075442
1.218654414018
1.3822629849116
.97477060556412
.96253822247187
.81766055027644
.90214069684347
.89602446556091
1.1158256928126
.69992352525393
.72094802061717
.70489297310511
.76987767219543
.5118501385053
.55122323830922
.65825686852137
.56077981988589
.43998470902443
.53096331159274
.40290520588557
.41666666666667
.45107033848763
.34403669834137
.47629970312119
.47400611639023
.44839449723562
.53746175765991
.45718653996785
.40099388360977
.40099388360977
.3704128464063
.54816514253616
.35970948139826
.3226299683253
.45259939630826
.34671253959338
.35397553443909
.40214067697525
.35474006334941
.31727829575539
.35091742873192
.31001529097557
.3639143705368
.42010703682899
.45068807403247
.33983180920283
.43998470902443
.37920489907265
.38035168250402
.38035168250402
.31345565120379
.28631497422854
.40749235947927
.3704128464063
.35168195764224
.32951069871585
.29625382026037
.41399083534876
.36047400037448
.38340978821119
.32836391528447
.25573394695918
.40099388360977
.37308868765831
.41972477237384
.52675841252009
.39717124899228
.40137614806493
.34327216943105
.25993884106477
.4705657462279
.40290520588557
.33753822247187
.43577981988589
.35741590460142
.34480121731758
.39411314328512
.41093271970749
.43348624308904
.38379205266635
.48700305819511
.41781346003215
.4044342537721
.38685015837351
.40061161915461
.43769113222758
.47897554437319
.35474006334941
.4181957244873
.41016820073128
.36353211601575
.36353210608164
.34709480404854
.34097860256831
.37691131234169
.39411315321922
.38570336500804
.33027522762616
.42048930128415
.28363914291064
.49044340848923
.40634556611379
.44418960809708
.39831803242366
.37996941804886
.25382263461749
.44457186261813
.28784403204918
.38226299484571
.34136086702347
.38493883609772
.27675841252009
.39373088876406
.3730886777242
.36926606297493
.36697247624397
.32377676169078
.34785933295886
.38685015837351
.3612385292848
.3272171318531
.30542813738187
.32377676169078
.25840978324413
.29013761878014
.31574923793475
.297782878081
.37232415874799
.26337920626005
.32951069871585
.3455657462279
.33448012669881
.34441896279653
.37805809577306
.28593271970749
.25458715856075
.26796635985374
.35053516427676
.27866972486178
.29969419042269
.34480121731758
.30275229612986
.35626911123594
.32951069871585
.19380734364192
.25229357679685
.37996941804886
.31957187255224
.28249234954516
.28019877274831
.33142202099164
.26490825414658
.38761467734973
.26185015837351
.33944954474767
.21788990994294
.24350153406461
.25802752375603
.28478593627612
.29510703682899
.44227828582128
.34594801068306
.40328746040662
.27331804235776
.30084097385406
.32454129060109
.24541284143925
.42889907956123
.31077981988589
.30772171417872
.3253057996432
.28593271970749
.36162079373995
.30963302652041
.2840214073658
.41322629650434
.3318042755127
.33256880442301
.23814985156059
.21215596298377
.25764525930087
.29931192596753
.31192660331726
.35779815912247
.34480121731758
.35703363021215
.2385321110487
.27752294143041
.51720184087753
.33027522762616
.25649846593539
.26949540774028
.23509174088637
.37461773554484
.34250764052073
.18730886777242
.34059632817904
.25917431712151
.3612385392189
.32148318489393
.35397553443909
.23088685174783
.23776758710543
.35168194770813
.2905198832353
.25764526923498
.34518348177274
.34059632817904
.35168196757634
.29357797900836
.2775229314963
.34059632817904
.38417431712151
.32759938637416
.31842506925265
.34327216943105
.37844037016233
.37538226445516
.40634555617968
.26108561952909
.30925077199936
.30925076206525
.35397553443909
.31077981988589
.22209479908148
.35474006334941
.30963302652041
.30657492081324
.30657493074735
.35321101546288
.36850153406461
.36162079373995
.29625382026037
.27178899447123
.36659021178881
.30733943978945
.48279815912247
.29663608471553
.32148317495982
.32989296317101
.3520642220974
.28975535432498
.33409786224365
.3023700316747
.24579511086146
.29816513260206
.3409785926342
.32454128066699
.38264525930087
.31689603130023
.38188074032466
.34136086702347
.23050458729267
.42469419042269
.3363914390405
.297782878081
.34174312154452
.38302752375603
.43922019004822
.37461774547895
.37652904788653
.34480121731758
.34709479411443
.27446482578913
.40711008509
.35894495248795
.35970948139826
.37882263461749
.42010703682899
.33830275138219
.43310397863388
.3658256928126
.3390672703584
.34862385193507
.28975535432498
.35741589466731
.41972477237384
.34824158747991
.29587155580521
.35168195764224
.2775229314963
.4659785926342
.39678898453712
.32224771380424
.35282874107361
.31269113222758
.35474006334941
.43922019004822
.33103975653648
.3979357779026
.3226299683253
.36888378858566
.43577981988589
.32110092043877
.3520642220974
.27255351344744
.3207186460495
.31498470902443
.34174312154452
.38188074032466
.38837920626005
.32836391528447
.34365443388621
.37920489907265
.26146789391836
.39373088876406
.3979357779026
.41704893112183
.4090214073658
.32607033848763
.4300458629926
.36467889944712
.31880734364192
.30772171417872
.4155198832353
.33448012669881
.30657492081324
.39640673001607
.4724770685037
.37729357679685
.40978593627612
.4319571852684
.43463302652041
.28249234954516
.47400611639023
.48470948139826
.52905197938283
.4411314924558
.41590214769046
.45068807403247
.36888379851977
.47133027513822
.43233943978945
.48394495248795
.50496941804886
.51337920626005
.50038225452105
.47629969318708
.42851682504018
.42584097385406
.51911316315333
.4090214073658
.5019113222758
.42775229612986
.50344036022822
.57645259300868
.34977064530055
.4770642220974
.39143731196721
.44801222284635
.54663608471553
.49617737531662
.46750765045484
.51337921619415
.33256881435712
.42889907956123
.46215595801671
.37079511086146
.49388378858566
.53172783056895
.58906728029251
.49311925967534
.40711009502411
.3979357779026
.3860856294632
.51032111048698
.49006115396818
.57454127073288
.55848624308904
.58906728029251
.44954128066699
.53669724861781
.48126911123594
.54204893112183
.54663608471553
.452217121919
.45833333333333
.46674311161041
.58218653996785
.5615443388621
.50917432705561
.59900611639023
.60129970312119
.47247705856959
.51720184087753
.50535168250402
.56077980995178
.5064984758695
.59556575616201
.59824156761169
.53707953294118
.53019877274831
.6838685075442
.47974006334941
.57951068878174
.56727828582128
.54969418048859
.57492355505625
.56574922800064
.57645261287689
.47171253959338
.63226300477982
.61353210608164
.58562690019608
.62385322650274
.56192660331726
.52255353331566
.58256882429123
.58792048692703
.60741591453552
.57759938637416
.52561161915461
.52790520588557
.48509173591932
.71444952487946
.67660550276438
.62729356686274
.65863915284475
.52637612819672
.53707951307297
.65175841252009
.51337918639183
.68922017018
.55581039190292
.54281346003215
.51490825414658
.57492353518804
.59785932302475
.62385318676631
.58409786224365
.56651375691096
.62347094217936
.63723242282867
.60397553443909
.60321100552877
.67507644494375
.53899083534876
.55084097385406
.63226300477982
.65137614806493
.59556575616201
.59709479411443
.55007646481196
.58715595801671
.66399081548055
.59097858270009
.72171254952749
.67392967144648
.71444954474767
.67507644494375
.50879206260045
.5431957244873
.67966361840566
.58600918451945
.69189602136612
.58065748214722
.60818040370941
0
0
0
0
0
0
0
0
0
0
0
0
0
0
0
0
0
0
0
0
0
0
0
0
0
0
0
0
0
0
0
0
0
0
0
0
0
0
0
0
0
0
0
0
0
0
0
0
0
0
0
0
0
0
0
0
0
0
0
0
0
0
0
0
0
0
0
0
0
0
0
0
0
0
0
0
0
0
0
0
0
0
0
0
0
0
0
0
0
0
0
0
0
0
0
0
0
0
0
0
0
0
0
0
0
0
0
0
0
0
0
0
0
0
0
0
0
0
0
0
0
0
0
0
0
0
0
0
0
0
0
0
0
0
0
0
0
0
0
0
0
0
0
0
0
0
0
0
0
0
0
0
0
0
0
0
0
0
0
0
0
0
0
0
0
0
0
0
0
0
0
0
0
0
0
0
0
0
0
0
0
0
0
0
0
0
0
0
0
0
0
0
0
0
0
0
0
0
0
0
0
0
0
0
0
0
0
0
0
0
0
0
0
0
0
0
0
0
0
0
0
0
0
0
0
0
0
0
0
0
0
0
0
0
0
0
0
0
0
0
0
0
0
0
0
0
0
0
0
0
0
0
0
0
0
0
0
0
0
0
0
0
0
0
0
0
0
0
0
0
0
0
0
0
0
0
0
0
0
0
0
0
0
0
0
0
0
0
0
0
0
0
0
0
0
0
0
0
0
0
0
0
0
0
0
0
0
0
0
0
0
0
0
0
0
0
0
0
0
0
0
0
0
0
0
0
0
0
0
0
0
0
0
0
0
0
0
0
0
0
0
0
0
0
0
0
0
0
0
0
0
0
0
0
0
0
0
0
0
0
0
0
0
0
0
0
0
0
0
0
0
0
0
0
0
0
0
0
0
0
0
0
0
0
0
0
0
0
0
0
0
0
0
0
0
0
0
0
0
0
0
0
0
0
0
0
0
0
0
0
0
0
0
0
0
0
0
0
0
0
0
0
0
0
0
0
0
0
0
0
0
0
0
0
0
0
0
0
0
0
0
0
0
0
0
0
0
0
0
0
0
0
0
0
0
0
0
0
0
0
0
0
0
0
0
0
0
0
0
0
0
0
0
0
0
0
0
0
0
0
0
0
0
0
0
0
0
0
0
0
0
0
0
0
0
0
0
0
0
0
0
0
0
0
0
0
0
0
0
0
0
0
0
0
0
0
0
0
0
0
0
0
0
0
0
0
0
0
0
0
0
0
0
0
0
0
0
0
0
0
0
0
0
0
0
0
0
0
0
0
0
0
0
0
0
0
0
0
0
0
0
0
0
0
0
0
0
0
0
0
0
0
0
0
0
0
0
0
0
0
0
0
0
0
0
0
0
0
0
0
0
0
0
0
0
0
0
0
0
0
0
0
0
0
0
0
0
0
0
0
0
0
0
0
0
0
0
0
0
0
0
0
0
0
0
0
0
0
0
0
0
0
0
0
0
0
0
0
0
0
0
0
0
0
0
0
0
0
0
0
0
0
0
0
0
0
0
0
0
0
0
0
0
0
0
0
0
0
0
0
0
0
0
0
0
0
0
0
0
0
0
0
0
0
0
0
0
0
0
0
0
0
0
0
0
0
0
0
0
0
0
0
0
0
0
0
0
0
0
0
0
0
0
0
0
0
0
0
0
0
0
0
0
0
0
0
0
0
0
0
0
0
0
0
0
0
0
0
0
0
0
0
0
0
0
0
0
0
0
0
0
0
0
0
0
0
0
0
0
0
0
0
0
0
0
0
0
0
0
0
0
0
0
0
0
0
0
0
0
0
0
0
0
0
0
0
0
0
0
0
0
0
0
0
0
0
0
0
0
0
0
0
0
0
0
0
0
0
0
0
0
0
0
0
0
0
0
0
0
0
0
0
0
0
0
0
0
0
0
0
0
0
0
0
0
0
0
0
0
0
0
0
0
0
0
0
0
0
0
0
0
0
0
0
0
0
0
0
0
0
0
0
0
0
0
0
0
0
0
0
0
0
0
0
0
0
0
0
0
0
0
0
0
0
0
0
0
0
0
0
0
0
0
0
0
0
0
0
0
0
0
0
0
0
0
0
0
0
0
0
0
0
0
0
0
0
0
0
0
0
0
0
0
0
0
0
0
0
0
0
0
0
0
0
0
0
0
0
0
0
0
0
0
0
0
0
0
0
0
0
0
0
0
0
0
0
0
0
0
0
0
0
0
0
0
0
0
0
0
0
0
0
0
0
0
0
0
0
0
0
0
0
0
0
0
0
0
0
0
0
0
0
0
0
0
0
0
0
0
0
0
0
0
0
0
0
0
0
0
0
0
0
0
0
0
0
0
0
0
0
0
0
0
0
0
0
0
0
0
0
0
0
0
0
0
0
0
0
0
0
0
0
0
0
0
0
0
0
0
0
0
0
0
0
0
0
0
0
0
0
0
0
0
0
0
0
0
0
0
0
0
0
0
0
0
0
0
0
0
0
0
0
0
0
0
0
0
0
0
0
0
0
0
0
0
0
0
0
0
0
0
0
0
0
0
0
0
0
0
0
0
0
0
0
0
0
0
0
0
0
0
0
0
0
0
0
0
0
0
0
0
0
0
0
0
0
0
0
0
0
0
0
0
0
0
0
0
0
0
0
0
0
0
0
0
0
0
0
0
0
0
0
0
0
0
0
0
0
0
0
0
0
0
0
0
0
0
0
0
0
0
0
0
0
0
0
0
0
0
0
0
0
0
0
0
0
0
0
0
0
0
0
0
0
0
0
0
0
0
0
0
0
0
0
0
0
0
0
0
0
0
0
0
0
0
0
0
0
0
0
0
0
0
0
0
0
0
0
0
0
0
0
0
0
0
0
0
0
0
0
0
0
0
0
0
0
0
0
0
0
0
0
0
0
0
0
0
0
0
0
0
0
0
0
0
0
0
0
0
0
0
0
0
0
0
0
0
0
0
0
0
0
0
0
0
0
0
0
0
0
0
0
0
0
0
0
0
0
0
0
0
0
0
0
0
0
0
0
0
0
0
0
0
0
0
0
0
0
0
0
0
0
0
0
0
0
0
0
0
0
0
0
0
0
0
0
0
0
0
0
0
0
0
0
0
0
0
0
0
0
0
0
0
0
0
0
0
0
0
0
0
0
0
0
0
0
0
0
0
0
0
0
0
0
0
0
0
0
0
0
0
0
0
0
0
0
0
0
0
0
0
0
0
0
0
0
0
0
0
0
0
0
0
0
0
0
0
0
0
0
0
0
0
0
0
0
0
0
0
0
0
0
0
0
0
0
0
0
0
0
0
0
0
0
0
0
0
0
0
0
0
0
0
0
0
0
0
0
0
0
0
0
0
0
0
0
0
0
0
0
0
0
0
0
0
0
0
0
0
0
0
0
0
0
0
0
0
0
0
0
0
0
0
0
0
0
0
0
0
0
0
0
0
0
0
0
0
0
0
0
0
0
0
0
0
0
0
0
0
0
0
0
0
0
0
0
0
0
0
0
0
0
0
0
0
0
0
0
0
0
0
0
0
0
0
0
0
0
0
0
0
0
0
0
0
0
0
0
0
0
0
0
0
0
0
0
0
0
0
0
0
0
0
0
0
0
0
0
0
0
0
0
0
0
0
0
0
0
0
0
0
0
0
0
0
0
0
0
0
0
0
0
0
0
0
0
0
0
0
0
0
0
0
0
0
0
0
0
0
0
0
0
0
0
0
0
0
0
0
0
0
0
0
0
0
0
0
0
0
0
0
0
0
0
0
0
0
0
