.83593495686849
.80422765016556
.78943089644114
.85154471794764
.80682927370071
.82471543550491
.7957723736763
.83365853627523
.85382115840912
.81219512224197
.8294308980306
.80878049135208
.81138211488724
.83609755833944
.77333333094915
.84813006718953
.82504063844681
.81479674577713
.85918700695038
.86894309520721
.86845529079437
.83414634068807
.92666667699814
.86552846431732
.8973983724912
.80796748399734
.81252032518387
.87235772609711
.81658536195755
.82097560167313
.86569106578827
.85821137825648
.85560975472132
.88601624965668
.87089431285858
.84959348042806
.86341464519501
.86032521724701
.87040650844574
.9409756064415
.84292682011922
.88975608348846
.8448780576388
.88113820552826
.86910569667816
.92520326375961
.91772359609604
.85967481136322
.9004878004392
.89869918425878
.81626015901566
.86520326137543
.84357724587123
.96569106976191
.90390245119731
.90764226516088
.90243901809057
.8510569135348
1.0492682854335
.86113822460175
.92813009023666
.872682929039
.88666665554047
.89560973644257
.89040650924047
.89008128643036
.91593497991562
.94829267263412
.87219512462616
.9440650343895
.97772359848022
.92764228582382
.92601627111435
.87203252315521
.88796746730804
.92975610494614
.93577235937119
.94130080938339
.9289430975914
.94032520055771
.96682926019033
.9011382261912
.87902438640594
.93333333730698
.90195121367772
.9134959379832
.92373985052109
.94016259908676
.87967479228973
.87593495845795
.95837396383286
.93853658437729
.89642276366552
.9317073225975
.87138211727142
.93138211965561
.88780488570531
.9406504034996
.8668292760849
1.0947967767715
.99821138381958
.89902438720067
.96471544106801
.97138212124507
.91544715563456
.91658538579941
.89934959014257
.96796749035517
.94520324468613
.94211381673813
.97333331902822
.9814634124438
.97382114330928
.98910570144653
1.0065040787061
.96520324548086
.96130081017812
.99560976028442
.90845527251562
.93999999761581
.95886178811391
1.1598373651505
.93430894613266
.93284553289413
.98357723156611
.93430894613266
.95447152853012
.98032522201538
.9622764190038
.92715448141098
1.0739837884903
.94731706380844
.90406503280004
.96487804253896
.99398374557495
.96016259988149
1.009268283844
1.0339837471644
1.0235772132874
.98813009262085
.98308944702148
1.0396747589111
1.0330080986023
1.0273170471191
1.0086178779602
1.0160975456238
.9598373969396
.96682926019033
.97691057125727
.9663414756457
.98048782348633
1.021463394165
.96601625283559
.93577235937119
.98325204849243
.94569106896718
.95821138223012
.96861789623896
.94276422262192
1.0071544647217
.96894307931264
.92276422182719
.99967479705811
1.0055284500122
.94666667779287
.96829267342885
.97056911389033
.98959350585937
.95756097634633
.98325204849243
.93528455495834
.95886178811391
.95837398370107
.94113820791245
.996910572052
.97138210137685
.91479672988256
.9694309035937
.98048782348633
.92097562551498
.94747966527939
.96406503518422
.96162601312002
.93073171377182
.97902439037959
1.0786992311478
.93869918584824
1.0930081605911
1.021625995636
.97495937347412
.98764228820801
.96308942635854
.97495933373769
1.0003252029419
.97089429696401
.95252031087875
.94585365056992
.94227641820908
.99577236175537
.91804879903793
.97902439037959
.98569107055664
.95089429616928
.96373983224233
.93658536672592
1.0173983573914
.9852032661438
.95398372411728
.91951219240824
.96130081017812
.93268293142319
.98211381832759
1.0543089310328
.91073171297709
1.0499186913172
1.0102438926697
.9230894446373
.92048782110214
.97414634625117
.97284555435181
.99821138381958
.9910569190979
.94764226675034
.97886178890864
1.0840650598208
.90601625045141
1.040162563324
.96861787637075
1.0182113647461
.97463415066401
.91609758138657
1.0013008117676
.96764226754506
.99138212203979
.99447154998779
.99219512939453
.96699188152949
.95349591970444
.94357724984487
.9437398314476
1.0029268264771
.94016259908676
.98715446392695
.9848780632019
1.0134959220886
.93317073583603
.97024391094844
.98162601391474
.98943090438843
1.0310568809509
.96650405724843
.96829267342885
.9289430975914
.96617885430654
1.0131707191467
.95528455575307
.95902436971664
.97544717788696
.92178861300151
.9821138381958
.98081300656001
.97918701171875
.96422763665517
.9468292593956
.97967477639516
.98910568157832
.94016259908676
1.0047154227893
.95121949911118
.90195119380951
.99268293380737
.98666667938232
.98276422421137
.99268293380737
.97008128960927
.99967479705811
.94081300497055
.97869918743769
.97544715801875
.9824390411377
1.0326828956604
.91495935122172
1.009268283844
.97967479626338
.92666667699814
1.018536567688
.98829267422358
.98373983303706
1.0099186897278
.96390245358149
.95479673147202
.99967479705811
.97235771020253
.95983737707138
.97821138302485
.97463415066401
.95999999841054
1.0084552764893
.97447154919306
.93739837408066
.92552846670151
.95886178811391
.98910570144653
.92536586523056
.93869918584824
1.0469918251038
.96471544106801
1.0188617706299
1.0151219367981
1.0326828956604
.98227641979853
1.0175609588623
.96130081017812
.9972357749939
.98048782348633
.91821138064067
.92406505346298
.99284553527832
.97479675213496
.98471544186274
.92455285787582
.94780486822128
.93853658437729
.96991868813833
1.0352845191956
.92487806081772
.96016259988149
1.0151219367981
1.0045528411865
1.0056910514832
.95219510793686
.93756097555161
.99804878234863
.88617885112762
.95723577340444
1.012195110321
.996910572052
.99154472351074
1.0050406455994
.98032522201538
.93430894613266
.95560973882675
.98178863525391
.96926830212275
1.0180487632751
.9687804778417
.95658534765244
.93333333730698
.91821138064067
.94260164101919
.91609756151835
.93382114171982
1.0175609588623
.9653658469518
.99365854263306
1.0087804794312
.98991870880127
1.0134959220886
.96357723077138
.96308942635854
.98081302642822
1.0300812721252
.98552846908569
1.0235772132874
1.0478048721949
1.0040650367737
1.0593495766322
.95365852117538
.9626016219457
.97154472271601
.95788617928823
.96747966607412
.96146341164907
.96634145577749
.91853660345078
.95317071676254
.96439025799433
.97203252712886
.94162601232529
.89138209819794
.92341462771098
.92926830053329
1.0261788368225
.98032522201538
1.0040650367737
.93674796819687
.90682925780614
.9848780632019
.9814634124438
.9595121939977
.96520324548086
.9409756064415
.96373981237411
.91772359609604
.97024391094844
.99252031246821
.99577236175537
.93951219320297
.89138211806615
1.0001626014709
.98390245437622
.93398374319077
.92487806081772
.9821138381958
.96520324548086
.97317073742549
.90894307692846
1.1868292490641
1.0056910514832
.99821138381958
.95382114251455
.98504066467285
.97333333889643
.98195121685664
.97398374478022
.96796749035517
.92341462771098
.91105689605077
.94926830132802
.94975608587265
.93528455495834
.97804880142212
.97788618008296
.92439025640488
.94130080938339
1.0076422691345
.9406504034996
.95837398370107
.94130080938339
.94048780202866
.9557723402977
.97918701171875
.92113822698593
.98682928085327
.99674797058105
.93999999761581
1.0248780647914
.97609756390254
.94471544027328
.92455285787582
.91463414827983
.98000001907349
.97121951977412
.93463414907455
.97983739773432
.97902439037959
.9468292593956
.99495935440063
.95479673147202
1.0222764015198
1.0102439125379
.97934959332148
1.0008130073547
.95333331823349
1.0573983589808
.96406503518422
1.0164227485657
.96699188152949
.95365852117538
.9557723402977
.93853658437729
.99658536911011
.94390245278676
.96032518148422
.98195121685664
.94601625204086
.98016260067622
.93186992406845
.97593496243159
.94243901968002
.96357723077138
.94634147485097
.99658536911011
.97495935360591
1.021625995636
.93317073583603
1.0156097412109
.96065040429433
.92764228582382
.96504064400991
.96243900060654
.98569107055664
.95447152853012
.94341462850571
.881951212883
.94032520055771
.91951221227646
.96406503518422
.90878049532572
.93414634466171
.94341462850571
.93983739614487
.97398374478022
.97902439037959
1.0167479515076
.90829269091288
.98894309997559
.98666667938232
.95821138223012
.95398374398549
.97300811608632
.93024390935898
.91430894533793
.96666665871938
.97056911389033
.96764228741328
.95918699105581
.96813007195791
.97089431683222
.97479675213496
.90796748797099
1.0052032470703
.95447152853012
.95073169469833
.97495937347412
.9110569357872
.98373983303706
.98439023892085
.97934959332148
.96211381753286
.93691056966782
.92682927846909
.94699186086655
.9622764190038
.92959350347519
.93398374319077
.97560977935791
.94276422262192
.96764228741328
1.0159349441528
.94601627190908
.9347967505455
.95918699105581
.93723577260971
.91658538579941
.90764226516088
.95105689764023
.9378861784935
1.0039024353027
.90682927767436
.92243903875351
.93886178731918
.93430894613266
1.0341463088989
.95886178811391
.96065038442612
.97365854183833
.97365854183833
.94829269250234
1.006178855896
.94666665792465
.92650407552719
.93804877996445
1.0362601280212
.98390245437622
.95723575353622
.99642274777095
.99707317352295
1.0027642250061
.89788619677226
.99024391174316
.96780486901601
.93121951818466
.9468292593956
.97398374478022
.95756097634633
.95186990499496
.87138211727142
1.0001626014709
.87934958934784
1.0118699073792
.95691055059433
.95593494176865
.91593497991562
.9261788725853
.94390243291855
.97121951977412
.93756097555161
.95040651162465
.95674794912338
.97170730431875
.96585365136464
1.0021138191223
1.0347967545191
.94747966527939
.92715448141098
.90065038204193
.94845527410507
1.0047154426575
.90601627031962
.97219510873159
.99073171615601
.96146341164907
.95691055059433
.91674798727036
1.0167479515076
1.0173983573914
.95642274618149
.9406504034996
.96065040429433
.94504064321518
1.0117073059082
.93089429537455
.97723579406738
.95463413000107
.94569104909897
.94390243291855
.96585365136464
.86552846431732
1.0026016235352
.93723577260971
.95398372411728
.96764226754506
.94146341085434
.96699188152949
.93300813436508
.95967477560043
.94617885351181
.94813007116318
.98861789703369
.91837398211161
1.0039024353027
.96016258001328
.95105689764023
.92065042257309
.93560975790024
1.0125203132629
.99772357940674
.95463413000107
.91609756151835
.95821138223012
.98878049850464
.93967479467392
.98585367202759
.9131707350413
.95089429616928
.96308940649033
.93089431524277
.97463415066401
.95040649175644
.95382114251455
.86536586284637
.93951219320297
.8874796628952
.97853658596675
.97479675213496
.90910569826762
.95609756310781
.95674794912338
.96195121606191
.97577236096064
.94422763586044
.9347967505455
.98065042495728
.93073171377182
.94260162115097
1.012357711792
.9104065100352
.92601627111435
.95934957265854
.95349591970444
.95528453588486
.91967479387919
.93398374319077
1.0104064941406
.97609756390254
.96097560723623
.97886178890864
.91869920492172
.96731706460317
.95642274618149
.92211383581161
.94162601232529
.96764226754506
.93430894613266
.96390243371328
.9619511961937
1.0035772323608
.93658536672592
.92682927846909
.95089429616928
1.0248780250549
.89886178572973
.9756097594897
.93756097555161
.95495933294296
.96975608666738
.88894307613373
.96764226754506
.90195121367772
.98878049850464
.9715447028478
.92097562551498
.99512195587158
.96390243371328
.97918699185053
.95967479546865
.9533333381017
.95463414986928
.93121951818466
.9351219534874
.99073171615601
.97626016537348
1.0159349441528
.96991870800654
.98211381832759
.97317073742549
.88048779964447
.93609756231308
1.0169105529785
.92065042257309
.98471546173096
.96113818883896
.97203252712886
.95268293221792
.97024391094844
.90130082766215
1.0027642250061
.91479676961899
.872682929039
.95105689764023
.93138211965561
.9134959379832
.9159349600474
.96504064400991
.95382114251455
.89317071437836
.93073171377182
.98341464996338
.95528453588486
.95837396383286
.98276424407959
.92243903875351
.9378861784935
.95934957265854
.9790244102478
.97056909402211
.96439025799433
.99479675292969
.94780486822128
.92243903875351
.97495935360591
.9712194999059
.96178861459096
.94780486822128
.92341462771098
.96650405724843
.94032520055771
.9793496131897
.96552846829096
1.0193495750427
.93886178731918
1
.90325204531352
.93642276525497
.9495934844017
1.0248780250549
.94178861379623
.90747966368993
.94617885351181
.93333333730698
.95186990499496
.93089431524277
.93495935201645
1.0014634132385
.89609754085541
.95528455575307
.96487804253896
.93853658437729
.96991870800654
.92178863286972
.95154472192128
.99056911468506
.88406503200531
.99837398529053
.92520326375961
.91284553209941
.92634147405624
.90650407473246
.91869920492172
.97967479626338
.87674796581268
.91398372252782
.91658538579941
.96455283959707
.94552844762802
.91219514608383
.96243902047475
.95170730352402
.97658536831538
.9783739844958
.98308944702148
1.0473170677821
.91105691591899
.9588617682457
.94471544027328
.87593495845795
.93089431524277
.89495935042699
.90292682250341
.91804879903793
.92650407552719
.92715448141098
.94081300497055
.95658534765244
.93626016378403
.91528455416362
1.0186991691589
1.0125203331312
.99138212203979
.94829269250234
.90081300338109
.98032520214717
1.0323576927185
.92991868654887
.91105691591899
.99869918823242
.91414634386698
.9536585410436
.94796746969223
.93837400277456
.92764228582382
.94504066308339
.92146342992783
.89577235778173
.88146340847015
.89544713497162
.97772357861201
.94634145498276
.97121951977412
.97544715801875
.88861787319183
.93056911230087
.9134959379832
.92634147405624
.94471544027328
.94504064321518
.92016261816025
.94910567998886
.92211383581161
.92569106817245
.90910569826762
.96178861459096
.95869916677475
.89674796660741
.92878047625224
.93934959173203
.95430892705917
.98113822937012
.93560975790024
.93886178731918
.88276422023773
.93577235937119
.95756097634633
.97544715801875
.99577236175537
.95333331823349
.87918698787689
1.0426015853882
.92699187994003
.9190243879954
.90959350268046
.99300813674927
.91365853945414
.96926828225454
.94471544027328
.95837398370107
.96926828225454
.90243901809057
.96308942635854
.96325202782949
.88390243053436
.96276420354843
.93772357702255
.95447152853012
.9811382095019
.97934959332148
.93235772848129
.96390245358149
.94048780202866
.94666665792465
.95089429616928
.94910567998886
.94162601232529
.93121951818466
.89707314968109
.94943088293076
.92325202624003
.94276422262192
.88552844524384
.9341463247935
.9134959379832
.94585365056992
.98943090438843
.9656910498937
.93918699026108
.91983741521835
.993821144104
1.0027642250061
.95723575353622
.89447154601415
.90520324309667
.87934958934784
.93853658437729
.9227642416954
.91674798727036
.97138210137685
.89040648937225
.91414634386698
1.0074796875318
1.0026016235352
.90975610415141
.91918700933456
.97252031167348
.94926828145981
.88308942317963
.91365853945414
.95170732339223
.87479674816132
.94747966527939
.91398374239604
.91788619756699
.89642276366552
.98000001907349
.96699188152949
.97918701171875
.94878047704697
.91154472033183
.93121951818466
.91333335638046
.97040651241938
.88357722759247
.93691056966782
.90276424090068
.92227643728256
.95999997854233
.90991870562236
.98780488967896
.87430894374847
.89447152614594
.87463414669037
.86048781871796
.85121951500575
.92910569906235
.96975610653559
.95707317193349
.93284553289413
.9351219534874
.97284553448359
.96081300576528
.92341464757919
.89414632320404
.93186992406845
.87902438640594
.94878047704697
.95121951897939
.99772357940674
.86146342754364
.90796748797099
.92146341005961
.93918699026108
.87739837169647
.8943089445432
.92178861300151
.93821138143539
.96211381753286
.90910569826762
.92845527331034
.93268293142319
.88097560405731
.97414634625117
.94243901968002
.9004878004392
.92439025640488
.93934959173203
.92065042257309
.89707316954931
.91463414827983
.96016258001328
.93138211965561
.94455283880234
.93105691671371
.92406505346298
.90178861220678
.9691057006518
.99219512939453
.97300813595454
.8640650510788
.98308944702148
.92747968435287
.95788615942001
.92796748876572
.91268295049667
.91186992327372
.9526829123497
.92260164022446
.93967479467392
.9409756064415
.90195121367772
.92845529317856
.8946341474851
.90292684237162
.91479676961899
.9378861784935
.90926829973857
.88276422023773
.95203252633413
.94471544027328
.93918699026108
.95073169469833
.93414634466171
.90081300338109
.89999999602636
.9409756064415
.94699188073476
.93739837408066
.88552844524384
.93577235937119
.88276422023773
.92959350347519
.95593494176865
.92552846670151
.88520324230194
.89788617690404
.93463414907455
.93382114171982
.90227641661962
.97674796978633
.96081298589706
.92861789464951
.89837398131688
.96325202782949
.91365853945414
.92878049612045
.90455283721288
.89252030849457
.90829267104467
.92926830053329
.93235772848129
.92162603139877
.95349593957265
.9091056783994
.90861787398656
.90747966368993
.92373985052109
.91089433431625
.86666667461395
.95105691750844
.87105691432953
.89398372173309
.89268292983373
.91235770781835
.90211381514867
.90130080779394
.91121949752172
.92048780123393
.92764228582382
.92422765493393
.90243901809057
.97365854183833
.95479673147202
.86000001430511
.99170732498169
.85788617531459
.92991870641708
.8905690908432
.90504064162572
.90894307692846
.93642276525497
.89593497912089
.85333333412806
.90569106737773
.93463414907455
.93186992406845
.91528455416362
.89447152614594
.97853658596675
.86715447902679
.8912195165952
.92747968435287
.87674796581268
.92227643728256
.88699185848236
.89008130629857
.88796746730804
.94747966527939
.94894307851791
.87430894374847
.92243903875351
.86813008785248
.87203252315521
.94439023733139
.90666665633519
.97414634625117
.95837398370107
.94585365056992
.96341460943222
.92926830053329
.91609756151835
.90178863207499
.89447154601415
.90520324309667
.88455283641815
.95479673147202
.90292682250341
.88682927687963
.87040650844574
.8578861951828
.88975608348846
.90666667620341
.87593495845795
.96325202782949
.87284553050995
.90829269091288
.90943090120951
.93382114171982
.88292682170868
.9598373969396
.95821136236191
.91398374239604
.87837398052216
.95804876089096
.93138211965561
.87821137905121
.91544715563456
.94829267263412
.92276422182719
.90260161956151
.88634145259857
.91333333651225
.9121951063474
.92325204610825
.91252034902573
.86650407314301
.95073169469833
.9069918791453
.93560975790024
.91154472033183
.83333331346512
.93804877996445
.92959350347519
.89869916439056
.8520325422287
.92764228582382
.90455283721288
.96422765652339
.8933333158493
.88325202465057
.8847154378891
.85707318782806
.88504064083099
.9063414533933
.8699187040329
.90601627031962
.88178861141205
.9035772283872
.91951221227646
.88113820552826
.91886178652445
.93284553289413
.90016257762909
.89674796660741
.89544713497162
.81284552812576
.93983739614487
.92747968435287
.93040651082993
.872682929039
.91756097475688
.88032519817352
.93739837408066
.90390245119731
.88048779964447
.85918700695038
.95577236016591
.9378861784935
1.0382113456726
.9554471373558
.90390243132909
.84357722600301
.85089431206385
.91121951738993
.8964227437973
.86943089962006
.90292682250341
.81008130311966
.9138211607933
.87479674816132
.91853660345078
.8915447195371
.90227643648783
.87788617610931
.95105689764023
.85203252236048
.90439023574193
.89317073424657
.90878047545751
.94552844762802
.86585366725922
.90715446074804
.87463414669037
.83609755833944
.86130082607269
.88243901729584
.89382114013036
.89837396144867
.88048779964447
.88617885112762
.87772357463837
.89008130629857
.84764228264491
.94292682409286
.89756097396215
.94699186086655
.99073171615601
.89544715483983
.875772356987
.8551219701767
.87447154521942
.87902438640594
.91170730193456
.92471545934677
.8964227437973
.96162603298823
.97105691830317
1.0065040588379
1.0908943414688
.94260162115097
.91447152694066
.93772357702255
.98260164260864
.93691056966782
.96764228741328
.98097560803095
.97626016537348
1.0032520294189
.96373981237411
.98130083084106
1.0217885971069
.986991862456
.95593494176865
.93821138143539
.97317073742549
.98894308010737
.97951221466064
.94764226675034
1.0482926368713
.96764228741328
.95902436971664
1.0460162162781
.95593494176865
1.0235772132874
.96504064400991
.98926830291748
1.0191869735718
.99056911468506
1.0042276382446
.9852032661438
.95349591970444
1.0040650367737
.96975610653559
.95495935281118
.98910570144653
.98861789703369
.93723577260971
1.015284538269
1.0320324897766
1.0411381721497
.95382112264633
.97707317272822
.95804876089096
1.0196747779846
.95495935281118
1.0347967147827
1.0024390220642
.97300811608632
.95951217412949
.98487804333369
1.0151219367981
1.0268292427063
1.041463414828
.98601627349854
.96422763665517
.94569104909897
.95154470205307
1.0157723426819
.98243900140127
.98276424407959
.99821138381958
.98682928085327
1.0069918632507
.98813009262085
.9554471373558
1.0304064750671
.90991872549057
1.0055284500122
1.0206503868103
1.0009756088257
.97658536831538
.94178861379623
1.0112195014954
.99235773086548
.98357725143433
.97886178890864
.98325204849243
1.0330080986023
.9972357749939
.99040651321411
.9656910498937
1.0263414382935
.96178861459096
.96829267342885
1.0071544647217
.93593496084213
1.0086178779602
1.0352845191956
.96552846829096
.96813009182612
.98764228820801
1.0344715118408
1.0253658692042
1.0182113647461
1.0255284309387
.99008131027222
.96796747048696
1.0198373794556
1.0079674720764
1.0502438545227
.95203250646591
.98097560803095
.98081302642822
.97463415066401
1.1300812959671
1.0263414382935
1.006016254425
.97642276684443
.95447152853012
1.0050406455994
.97756095727285
1.0292682647705
.95186990499496
.97073171536128
.98373983303706
.95056909322739
1.009105682373
1.0390243530273
.97869920730591
.9752845565478
.99886178970337
1.0139837265015
1.0502438545227
1.0395121971766
1.0019512176514
1.0001626014709
1.0255284309387
.96813009182612
1.0178861618042
1.0160975456238
1.0136585235596
1.0186991691589
.94601625204086
1.0222764015198
1.0458536545436
.97918699185053
1.003089427948
.99756097793579
.9783739844958
.9653658469518
.99138212203979
1.0510568618774
1.0045528411865
.96699186166128
1.0434145927429
1.0019512176514
1.0411381721497
1.0006504058838
1.0299186706543
1.0089430809021
.97951219479243
.98585367202759
.99967479705811
1.0141463279724
1.0151219367981
.94455283880234
1.0104064941406
.99219512939453
1.0221138000488
.98959350585937
1.0495934486389
.98227641979853
1.0269918441772
.98081302642822
1.0055284500122
1.0138211250305
1.0352845191956
1.0026016235352
1.012357711792
1.0069918632507
1.0634146134059
.99268291393916
1.0222764015198
1.0269918441772
1.0481300354004
1.0330080986023
.99528453747431
.99674797058105
1.0255284706752
.98845527569453
1.086016257604
1.0380487442017
1.0268292427063
1.024715423584
1.0248780250549
1.079674800237
1.0325202941895
1.0281300544739
1.0453658501307
1.0941463311513
1.04634141922
1.0621138413747
1.133495926857
1.0900813341141
1.1473170518875
1.1172357797623
1.0382113456726
1.1222764253616
1.15804874897
1.1074796915054
1.102764248848
1.1391869783401
1.1648780107498
1.0850406885147
1.1408129930496
1.1586991548538
1.1359349489212
1.2469918727875
1.184227625529
1.1222764253616
1.1993496020635
1.2063414653142
1.2139837741852
1.2004878123601
1.2118699550629
1.3034146229426
1.1847154696782
1.2099187374115
1.2801625728607
1.2887804508209
1.3134959141413
1.3048780361811
1.2733333110809
1.345040678978
1.2770731449127
1.2242276668549
1.2993495861689
1.3310569127401
1.2902438640594
1.2941463390986
1.3164227803548
1.3266666332881
1.3344715833664
1.3456910848618
1.3962601423264
1.397398352623
1.4499187469482
1.4208130041758
1.5039024353027
1.4515447616577
1.4442276557287
1.4429268439611
1.4626016616821
1.4917073249817
1.5235772132874
1.5239024162292
1.5221138000488
1.5897561311722
1.5177235603333
1.5533332824707
1.5357723236084
1.5626016457876
1.5575609604518
1.5614633957545
1.5848780870438
1.6164227724075
1.6110569238663
1.6435772180557
1.6125203371048
1.6160975694656
1.7466666698456
1.6471544504166
1.7414634227753
1.7390244007111
1.8619512319565
1.8024390141169
1.7826015949249
1.8165853420893
1.9048780202866
1.9383739630381
1.9476422866186
1.9827642440796
2.0256910324097
2.0177235603333
2.046178817749
2.1281300385793
2.1121950149536
2.1495935916901
2.1234146753947
2.1167480150859
2.2229268550873
2.2365853786469
2.279349565506
2.263739824295
2.2430894374847
2.239187002182
2.3091056346893
2.2289431095123
2.2421138286591
2.2725203037262
2.1995122432709
2.1965854167938
2.2224390506744
2.1331707636515
2.058536529541
2.0011382102966
1.9990243911743
1.8705691099167
1.9282926718394
1.9089430967967
1.7886178890864
1.766829252243
1.7478048801422
1.6619512240092
1.8048780361811
1.6291056871414
1.6466666857402
1.5287804603577
1.5764227708181
1.5291056632996
1.4996747970581
1.4933333396912
1.4354471365611
1.521463394165
1.4591869910558
1.427642305692
1.3544715642929
1.4027642011642
1.3899186849594
1.3530081510544
1.3175609906514
1.3650406599045
1.3414634466171
1.3178861538569
1.3520325422287
1.2570731639862
1.2406504154205
1.3385365406672
1.2624390522639
1.2104064623515
1.2473170757294
1.2226016521454
1.2347967624664
1.2230894565582
1.2097561359406
1.2255284786224
1.1596747636795
1.2065040667852
1.1336585283279
1.188617904981
1.1504064798355
1.1515446901321
1.1786991755168
1.1596747636795
1.1604877710342
1.145853638649
1.1138211488724
1.1164227724075
1.1463414430618
1.0795121987661
1.1217886209488
1.0517073074977
1.0863415002823
1.0986992120743
1.102764248848
1.0637398560842
1.1351219415665
1.102764248848
1.1097561120987
1.0497560898463
1.0482926766078
1.0536584854126
1.0702439149221
1.105691075325
1.1009756326675
1.0552845795949
1.0619512001673
.99463415145874
1.0469918648402
1.0193495750427
1.0921951532364
1.0679674943288
1.0186991691589
1.0669918855031
.99024391174316
.99463415145874
1.0323576927185
.98406503597895
1.0300812721252
1.0414633750916
1.0414633750916
1.0391869544983
1.0533333222071
1.0255284309387
1.0546340942383
1.0351219177246
1.0658536354701
1.0834146340688
1.033983707428
1.0403251647949
1.0586991707484
1.0138211250305
1.0178861618042
1.0147967338562
1.0224390029907
1.0596747795741
1.018373966217
1.096422791481
1.0074796676636
1.0437397956848
.99658536911011
1.0391869544983
1.0525203148524
1.1078048944473
.99560976028442
1.040162563324
.98991870880127
1.0198373794556
1.0076422691345
1.0388617515564
.996910572052
1.0226016044617
1.0531707207362
1.0239024162292
.99674797058105
1.0131707191467
1.0125203132629
1.0164227485657
1.0107316970825
1.0144715309143
1.0149593353271
1.0201625823975
1.0196747779846
1.0321950912476
1.012357711792
.99626016616821
1.0754472017288
.99089429775874
.96715448300044
.99642274777095
1.0380487442017
1.050569097201
.99349594116211
.97772357861201
1.0130081176758
.99154472351074
1.0585365692774
.95089429616928
.9752845565478
1.0105690956116
1.0104064941406
1.0255284706752
.98357725143433
1.0160975456238
1
1.0001626014709
1.0434145927429
1.021625995636
.99317073822021
.95886178811391
.97056909402211
1.0575609604518
1.0686179002126
.95382114251455
.95560973882675
1.036910533905
.99869918823242
1.0024390220642
1.0234146118164
.9440650343895
1.0019512176514
1.0201625823975
1.0315446853638
1.0037398338318
1.0359349250793
1.0156097412109
1.0115447044373
.97902439037959
.97609756390254
1.0177235603333
1.012357711792
.96585365136464
1.0053658485413
1.0266666412354
1.0408130089442
1.0230894088745
1.0219511985779
.97365854183833
.97105689843496
1.0021138191223
.99024391174316
1.1167479753494
1.0169105529785
1.0016260147095
.98081300656001
.996910572052
.98373983303706
1.1021138429642
1.027642250061
.96682926019033
.93463414907455
1.0133333206177
.97609756390254
1.01544713974
1.0461788574855
.98260164260864
1.0484552780787
1.0095934867859
.99707317352295
.99577236175537
1.0222764015198
1.0013008117676
1.0256910324097
.99186990658442
1.0126829147339
.95723577340444
.96715446313222
.96780488888423
1.0328454971313
.95756095647812
1.0569105148315
.9567479689916
.97333333889643
1.0531707604726
1.0715447266897
.96227643887202
.99756097793579
1.0217886169751
.9790244102478
1.0006504058838
1.0639024575551
1.0694308678309
.96487804253896
.95349593957265
1.0660163164139
.98065040508906
1.0373983383179
.98634145657221
.95040651162465
.96682928005854
.99642276763916
1.021625995636
.98032522201538
1.0427642265956
.94504064321518
1.0045528411865
1.0326828956604
.98341464996338
.96813007195791
.97154472271601
1.0151219367981
1.0009756088257
.95317073663076
1.0053658485413
.94601625204086
.98097562789917
1.0104064941406
.98439023892085
1.0097560882568
.98081300656001
.9691057006518
1.0239024162292
1.0110569000244
.99235773086548
1.0495934883753
1.0479674736659
.94943088293076
1.0076422691345
.99674797058105
.95739837487539
1.033821105957
.9635772506396
1.0003252029419
.9691057006518
1.0188617706299
.97967479626338
.95739837487539
.99853658676147
1.009105682373
1.0663414796193
.96975608666738
1.0297560691833
1.0595121781031
1.033821105957
1.003089427948
.98260162274043
1.009105682373
.97804880142212
.99008131027222
.98130081097285
.99073171615601
.9437398314476
.99739837646484
.99170732498169
.93918699026108
.99430894851685
.98032522201538
1.0026016235352
.93008130788803
1.0224390029907
.98065040508906
1.0269918441772
.96813007195791
1.0029268264771
.93414634466171
.98878049850464
.99495935440063
.96536586682002
.92926830053329
1.0110569000244
.97203252712886
1.0390243530273
.99479675292969
.9848780632019
1.0069918632507
.93528455495834
1.0126829147339
.99853658676147
.97138210137685
1.0065040588379
.99739837646484
1.0066666603088
.99170732498169
1.0219511985779
.98308944702148
.99495935440063
.97349594036738
.98764228820801
1.0029268264771
1.043089389801
.95121949911118
.99642276763916
1.0801626046499
.98569105068843
.99804878234863
.97284551461538
.9536585410436
.98471546173096
.96617885430654
1.0069918632507
.99235773086548
1.0560975472132
1.0113821029663
1.0055284500122
.99284553527832
1.0487804810206
1.0601626237233
.99658536911011
1.0141463279724
.94926830132802
1.0373983383179
1.0209755897522
1.0133333206177
.98699188232422
.94796746969223
.97138212124507
1.0156097412109
.96162601312002
.92634147405624
.96146339178085
.98097560803095
1.006016254425
.96813007195791
1.0512194633484
.97333333889643
1.0403251647949
.97886180877686
.99365854263306
1.0208129882812
.99284553527832
.9824390411377
.99186992645264
.99430894851685
.97967479626338
.94113820791245
.99609756469727
.96894307931264
.98878049850464
1.0159349441528
1.0188617706299
1.0603251854579
.98195123672485
1.0269918441772
.96585367123286
.95837398370107
.98325204849243
1.0063414573669
1.0134959220886
.97626016537348
.99772357940674
.99560976028442
1.0315446853638
.99073171615601
.95967479546865
.97983741760254
1.0043902397156
.93317073583603
.97869918743769
1.0403251647949
1.036910533905
1.0460162162781
.98813009262085
1.0039024353027
.9848780632019
1.0040650367737
1.0102438926697
1.0115447044373
1.0255284309387
1.0017886161804
1.0164227485657
.96439023812612
.97626016537348
1.0339837471644
.99300813674927
1.0393495559692
1.0089430809021
1.0203251838684
1.0346341133118
.96422763665517
.99967479705811
.99821138381958
.99544715881348
.98292684555054
1.0315446853638
1.0149593353271
.94845529397329
.97869918743769
1.009105682373
.97268293301264
.98585367202759
1.0669918457667
.99300813674927
.9598373969396
.99918699264526
.99707317352295
1.0338211456935
.99528455734253
1.0422764221827
1.0234146118164
.9351219534874
.96130081017812
1.0052032470703
.96943088372548
.99495935440063
.95967477560043
1.1032520532608
1.0040650367737
1.0273170471191
1.0388617515564
.96211383740107
.93902438879013
1.0021138191223
.96520326534907
.96471544106801
.96146339178085
.97349594036738
.93463414907455
1.0172357559204
.99577236175537
.9814634124438
1.0066666603088
.99495935440063
1.0053658485413
.99544715881348
1.0126829147339
1.0302438735962
.99317073822021
1.0242276191711
.97658536831538
1.0577235619227
.97577236096064
1.0195121765137
1.0887804826101
.99495935440063
.95479673147202
.95479675134023
1.0134959220886
1.0003252029419
.95463414986928
.97593496243159
1.0328454971313
.97934959332148
1.0590243736903
.9821138381958
.95040651162465
1.0341463088989
1.0120325088501
1.0512195030848
1.0439024368922
.96146339178085
.99902439117432
.96552844842275
1.0073170661926
.9666666785876
1.0065040588379
.97024391094844
.9598373969396
.98081300656001
.93691056966782
.9910569190979
1.0453658501307
.9759349822998
.9783739844958
1.0117073059082
1.0378861427307
1.0295934677124
1.0211381912231
1.0318698883057
.99479675292969
.99560976028442
.99479675292969
.97544715801875
.9725203315417
.94471544027328
1.0211382309596
.94682927926381
.94552844762802
.98796747128169
.98048780361811
1.0162601470947
.98764228820801
.94569104909897
.99593496322632
.98601627349854
.98975610733032
1.006016254425
.95756095647812
1.0102438926697
1.0359349250793
.98715446392695
.97772359848022
.91463414827983
1.0063414573669
1.0082926750183
1.0255284309387
.98666667938232
1.0304064750671
.94796746969223
.98943090438843
.93121949831645
.98292684555054
1.0017886161804
1.0022764205933
1.0078048706055
.99707317352295
1.024715423584
1.0343089103699
.97967479626338
1.0016260147095
1.0388617515564
.98455286026001
.95788617928823
1.0269918441772
1.0095934867859
1.0039024353027
1.0115447044373
1.0047154426575
1.0149593353271
.97121951977412
.99528455734253
.97691059112549
.96341464916865
1.0601625839869
1.0017886161804
.95008128881454
1.0372357368469
.93008128801982
.94910567998886
1.0364227294922
1.024715423584
.9783739844958
1.0400000015895
.94455285867055
.96390243371328
.96162601312002
.96926828225454
1.009105682373
.99577236175537
1.0159349441528
.9904064933459
.9468292593956
.95105689764023
.9656910498937
1.0204877853394
.9721951285998
1.0198373794556
1.0551219383876
.96308944622676
1.0302438735962
.97707317272822
.94634145498276
1.0482926368713
.96406503518422
.92926828066508
.97772357861201
.98634145657221
1.0282926956813
.98666665951411
.96357723077138
.96130081017812
.98682928085327
1.0169105529785
.9852032661438
1.009105682373
.96243902047475
.9848780632019
1.0118699073792
1.0058536529541
.96764228741328
.97447154919306
.97577238082886
1.0003252029419
.96634145577749
.98959348599116
.91804877916972
.95447154839834
.94813007116318
1.0016260147095
1.0165853500366
1.0406503677368
.96146341164907
.9666666785876
.96487802267075
.94585365056992
.95609754323959
.92292684316635
1.0162601470947
1.0079674720764
.9495934844017
1.0460162560145
.98926830291748
.9790244102478
.9821138381958
.94682927926381
.98081302642822
.97365854183833
.98601627349854
.97983739773432
.93430894613266
.98195123672485
1.0003252029419
.94813009103139
.93772357702255
.93544715642929
.9941463470459
.93138211965561
.96520324548086
.9622764190038
.94504064321518
.96341462930044
1.0159349441528
1.0343089103699
.97284551461538
.97983741760254
1.0032520294189
.93821138143539
.98910570144653
.99788618087769
1.0056910514832
.9289430975914
.96991868813833
.96617887417475
1.006016254425
.9474796851476
.93008130788803
.97837400436401
.9715447028478
.96097562710444
1.0559349457423
.89349593718847
.96926830212275
.96617885430654
.98943090438843
.98292682568232
.91138211886088
.92617885271708
.98341464996338
.94910567998886
.98861789703369
.96406505505244
.94878049691518
1.0042276382446
.9063414533933
.95609756310781
.93235772848129
1.0160975456238
.97138210137685
.95788617928823
.99902439117432
.97414632638295
.95560973882675
1.0226016044617
.93691056966782
.98634145657221
.97154472271601
.95886178811391
.98536586761475
.93626016378403
.88211381435394
.96699186166128
1.0097560882568
.92048782110214
.91967479387919
.98048782348633
.97772357861201
.91918698946635
.98243902126948
.96504066387812
.96829267342885
1.0073170661926
.9725203315417
.95691057046254
.96617887417475
.95528453588486
1.0003252029419
.98162603378296
1.0468292236328
.94113820791245
.95593496163686
.87349593639374
.95626014471054
.94016259908676
.98861789703369
1.0151219367981
.95853658517202
.93560975790024
.96975608666738
.97447154919306
.95609756310781
.89951219161352
.97203252712886
.94845527410507
.99138212203979
.94634147485097
.94650407632192
.9495934844017
.97918701171875
.93707317113876
.9721951285998
.99219512939453
.96747966607412
.95056909322739
.9780487815539
.95495933294296
.98097560803095
.95837398370107
.92634147405624
.93560975790024
.94585365056992
.99349594116211
.97235773007075
.93837398290634
.90747968355815
.92422765493393
.93951219320297
.95235772927602
.95040649175644
1.0011382102966
.94569106896718
.94439023733139
.95398372411728
.99349592129389
.91918698946635
.92845529317856
.97869920730591
.92195123434067
.96276424328486
.95284553368886
.97609756390254
.92552846670151
.93902438879013
.96065040429433
1.0816260576248
.99739837646484
.90081300338109
.93869918584824
.97723579406738
1.033983707428
.93154472112656
.94357722997665
.96715448300044
.93056911230087
.9852032661438
1.0029268264771
.99756097793579
.96065040429433
1.0013008117676
.97105691830317
.95268293221792
1.0011382102966
.93593496084213
.9169105887413
.93837398290634
.93544715642929
.97414632638295
.89934961001078
.9258536696434
.94504064321518
.94227641820908
.9468292593956
.93349593877792
.94113820791245
.8936585187912
.93577235937119
.94487804174423
.92601627111435
.99203252792358
.88715447982152
.92178863286972
.94634145498276
.94390245278676
.95609756310781
1.0265040397644
.94016259908676
.9595121939977
.97235771020253
.93089431524277
.89382114013036
.90764226516088
.91203252474467
.9585365653038
.90536584456762
.97414636611938
.94048780202866
.90845527251561
.91544717550278
1.0043902397156
.91560975710551
.9320325255394
.97105691830317
.87430894374847
.94634145498276
.89414632320404
.9320325255394
.9131707350413
.87951219081879
.88113820552826
.89609756072362
.87430894374847
.91382114092509
.90829269091288
.91089431444804
.90504064162572
.89739835262299
.96146341164907
.90422763427099
.88943088054657
.8754471540451
.92455285787582
.875772356987
.95626016457876
.87626016139984
.91365851958593
.87447154521942
.93430894613266
.88601624965668
.87934958934784
.9564227660497
.878861784935
.8538211385409
.9203252196312
.90894309679667
.95056909322739
.89723577102025
.84991870323817
.89967481295268
.89105689525604
.89593493938446
.91951219240824
.88764228423437
.82016259431839
.87707316875458
.8946341474851
.90747968355815
.88764228423436
.85073173046112
.8538211385409
.81886178255081
.84585364659627
.90292682250341
.89382112026215
.84308944145838
.88260161876678
.86764228343964
.86000001430511
.88845527172089
.86650407314301
.88861787319183
.88422763347626
.91365851958593
.80796748399734
.89300813277562
.90211381514867
.88943088054657
.88699185848236
.8108943104744
.88910567760468
.85967481136322
.90065040191015
.90569106737773
.80861788988113
.81528455018997
.82130080461502
.90130080779394
.88585364818573
.90292682250341
.82829266786575
.84422765175502
.82861787080765
.86308944225311
.86422765254974
.82308942079544
.81203252077103
.83138211568197
.85967479149501
.85268292824427
.80569106340408
.83788617451986
.86552846431732
.83333331346512
.86650407314301
.85804877678553
.8108943104744
.89609756072362
.85300813118617
.82373982667923
.89479674895604
.80715445677439
.80520325899124
0
0
0
0
0
0
0
0
0
0
0
0
0
0
0
0
0
0
0
0
0
0
0
0
0
0
0
0
0
0
0
0
0
0
0
0
0
0
0
0
0
0
0
0
0
0
0
0
0
0
0
0
0
0
0
0
0
0
0
0
0
0
0
0
0
0
0
0
0
0
0
0
0
0
0
0
0
0
0
0
0
0
0
0
0
0
0
0
0
0
0
0
0
0
0
0
0
0
0
0
0
0
0
0
0
0
0
0
0
0
0
0
0
0
0
0
0
0
0
0
0
0
0
0
0
0
0
0
0
0
0
0
0
0
0
0
0
0
0
0
0
0
0
0
0
0
0
0
0
0
0
0
0
0
0
0
0
0
0
0
0
0
0
0
0
0
0
0
0
0
0
0
0
0
0
0
0
0
0
0
0
0
0
0
0
0
0
0
0
0
0
0
0
0
0
0
0
0
0
0
0
0
0
0
0
0
0
0
0
0
0
0
0
0
0
0
0
0
0
0
0
0
0
0
0
0
0
0
0
0
0
0
0
0
0
0
0
0
0
0
0
0
0
0
0
0
0
0
0
0
0
0
0
0
0
0
0
0
0
0
0
0
0
0
0
0
0
0
0
0
0
0
0
0
0
0
0
0
0
0
0
0
0
0
0
0
0
0
0
0
0
0
0
0
0
0
0
0
0
0
0
0
0
0
0
0
0
0
0
0
0
0
0
0
0
0
0
0
0
0
0
0
0
0
0
0
0
0
0
0
0
0
0
0
0
0
0
0
0
0
0
0
0
0
0
0
0
0
0
0
0
0
0
0
0
0
0
0
0
0
0
0
0
0
0
0
0
0
0
0
0
0
0
0
0
0
0
0
0
0
0
0
0
0
0
0
0
0
0
0
0
0
0
0
0
0
0
0
0
0
0
0
0
0
0
0
0
0
0
0
0
0
0
0
0
0
0
0
0
0
0
0
0
0
0
0
0
0
0
0
0
0
0
0
0
0
0
0
0
0
0
0
0
0
0
0
0
0
0
0
0
0
0
0
0
0
0
0
0
0
0
0
0
0
0
0
0
0
0
0
0
0
0
0
0
0
0
0
0
0
0
0
0
0
0
0
0
0
0
0
0
0
0
0
0
0
0
0
0
0
0
0
0
0
0
0
0
0
0
0
0
0
0
0
0
0
0
0
0
0
0
0
0
0
0
0
0
0
0
0
0
0
0
0
0
0
0
0
0
0
0
0
0
0
0
0
0
0
0
0
0
0
0
0
0
0
0
0
0
0
0
0
0
0
0
0
0
0
0
0
0
0
0
0
0
0
0
0
0
0
0
0
0
0
0
0
0
0
0
0
0
0
0
0
0
0
0
0
0
0
0
0
0
0
0
0
0
0
0
0
0
0
0
0
0
0
0
0
0
0
0
0
0
0
0
0
0
0
0
0
0
0
0
0
0
0
0
0
0
0
0
0
0
0
0
0
0
0
0
0
0
0
0
0
0
0
0
0
0
0
0
0
0
0
0
0
0
0
0
0
0
0
0
0
0
0
0
0
0
0
0
0
0
0
0
0
0
0
0
0
0
0
0
0
0
0
0
0
0
0
0
0
0
0
0
0
0
0
0
0
0
0
0
0
0
0
0
0
0
0
0
0
0
0
0
0
0
0
0
0
0
0
0
0
0
0
0
0
0
0
0
0
0
0
0
0
0
0
0
0
0
0
0
0
0
0
0
0
0
0
0
0
0
0
0
0
0
0
0
0
0
0
0
0
0
0
0
0
0
0
0
0
0
0
0
0
0
0
0
0
0
0
0
0
0
0
0
0
0
0
0
0
0
0
0
0
0
0
0
0
0
0
0
0
0
0
0
0
0
0
0
0
0
0
0
0
0
0
0
0
0
0
0
0
0
0
0
0
0
0
0
0
0
0
0
0
0
0
0
0
0
0
0
0
0
0
0
0
0
0
0
0
0
0
0
0
0
0
0
0
0
0
0
0
0
0
0
0
0
0
0
0
0
0
0
0
0
0
0
0
0
0
0
0
0
0
0
0
0
0
0
0
0
0
0
0
0
0
0
0
0
0
0
0
0
0
0
0
0
0
0
0
0
0
0
0
0
0
0
0
0
0
0
0
0
0
0
0
0
0
0
0
0
0
0
0
0
0
0
0
0
0
0
0
0
0
0
0
0
0
0
0
0
0
0
0
0
0
0
0
0
0
0
0
0
0
0
0
0
0
0
0
0
0
0
0
0
0
0
0
0
0
0
0
0
0
0
0
0
0
0
0
0
0
0
0
0
0
0
0
0
0
0
0
0
0
0
0
0
0
0
0
0
0
0
0
0
0
0
0
0
0
0
0
0
0
0
0
0
0
0
0
0
0
0
0
0
0
0
0
0
0
0
0
0
0
0
0
0
0
0
0
0
0
0
0
0
0
0
0
0
0
0
0
0
0
0
0
0
0
0
0
0
0
0
0
0
0
0
0
0
0
0
0
0
0
0
0
0
0
0
0
0
0
0
0
0
0
0
0
0
0
0
0
0
0
0
0
0
0
0
0
0
0
0
0
0
0
0
0
0
0
0
0
0
0
0
0
0
0
0
0
0
0
0
0
0
0
0
0
0
0
0
0
0
0
0
0
0
0
0
0
0
0
0
0
0
0
0
0
0
0
0
0
0
0
0
0
0
0
0
0
0
0
0
0
0
0
0
0
0
0
0
0
0
0
0
0
0
0
0
0
0
0
0
0
0
0
0
0
0
0
0
0
0
0
0
0
0
0
0
0
0
0
0
0
0
0
0
0
0
0
0
0
0
0
0
0
0
0
0
0
0
0
0
0
0
0
0
0
0
0
0
0
0
0
0
0
0
0
0
0
0
0
0
0
0
0
0
0
0
0
0
0
0
0
0
0
0
0
0
0
0
0
0
0
0
0
0
0
0
0
0
0
0
0
0
0
0
0
0
0
0
0
0
0
0
0
0
0
0
0
0
0
0
0
0
0
0
0
0
0
0
0
0
0
0
0
0
0
0
0
0
0
0
0
0
0
0
0
0
0
0
0
0
0
0
0
0
0
0
0
0
0
0
0
0
0
0
0
0
0
0
0
0
0
0
0
0
0
0
0
0
0
0
0
0
0
0
0
0
0
0
0
0
0
0
0
0
0
0
0
0
0
0
0
0
0
0
0
0
0
0
0
0
0
0
0
0
0
0
0
0
0
0
0
0
0
0
0
0
0
0
0
0
0
0
0
0
0
0
0
0
0
0
0
0
0
0
0
0
0
0
0
0
0
0
0
0
0
0
0
0
0
0
0
0
0
0
0
0
0
0
0
0
0
0
0
0
0
0
0
0
0
0
0
0
0
0
0
0
0
0
0
0
0
0
0
0
0
0
0
0
0
0
0
0
0
0
0
0
0
0
0
0
0
0
0
0
0
0
0
0
0
0
0
0
0
0
0
0
0
0
0
0
0
0
0
0
0
0
0
0
0
0
0
0
0
0
0
0
0
0
0
0
0
0
0
0
0
0
0
0
0
0
0
0
0
0
0
0
0
0
0
0
0
0
0
0
0
0
0
0
0
0
0
0
0
0
0
0
0
0
0
0
0
0
0
0
0
0
0
0
0
0
0
0
0
0
0
0
0
0
0
0
0
0
0
0
0
0
0
0
0
0
0
0
0
0
0
0
0
0
0
0
0
0
0
0
0
0
0
0
0
0
0
0
0
0
0
0
0
0
0
0
0
0
0
