.84455285469691
.80048781633377
.79008130232493
.83544713258743
.81105691194534
.80764228105545
.80959349870682
.8167479634285
.86195123195648
.80276423692703
.84682929515839
.80422765016556
.83008128404617
.8226016163826
.76959347724915
.83983739217122
.82731705904007
.79365855455399
.88113822539647
.86845529079437
.87105693419774
.81300812959671
.92764228582382
.84341462453206
.90764226516088
.80065041780472
.82650405168533
.8668292760849
.8256910443306
.81902438402176
.86764228343964
.85284554958344
.87382113933563
.875772356987
.88146340847015
.8479674855868
.87691056728363
.85186994075775
.8816260099411
.93999999761581
.8393496076266
.86325204372406
.87089431285858
.87804877758026
.87073171138763
.91430896520615
.92747968435287
.84308942159017
.91268293062846
.88178861141205
.82894307374954
.84146338701248
.90260163942973
.88975608348846
.89138209819794
.88617885112762
.90406505266825
.83707318703334
1.0164227485657
.83008130391439
.94780486822128
.85837397972743
.88943088054657
.87365853786469
.91447154680888
.88032519817352
.92666667699814
.89463412761688
.89040648937225
.93593496084213
.99008131027222
.9258536696434
.94910567998886
.86048781871796
.89983739455541
.91983741521835
.9406504034996
.93495935201645
.93804877996445
.94878047704697
.98308944702148
.88292682170868
.88894307613373
.91837400197983
.90341462691625
.88699185848236
.93902438879013
.92243903875351
.88991868495941
.88211381435394
.96520322561264
.91691056887309
.91268295049667
.91479674975077
.90243901809057
.92552846670151
.9069918791453
.92666667699814
.88861787319183
1.0808130502701
1.0169105529785
.88048779964447
.96666665871938
.95658534765244
.91853660345078
.89999997615814
.90764228502909
.9554471373558
.9440650343895
.92422765493393
.98422765731812
.97902439037959
.98065040508906
.97918699185053
.95967477560043
.92081300417582
.96585367123286
.99154472351074
.92845529317856
.91479674975077
.9622764190038
1.1390243768692
.94357722997665
.92130082845688
1.0016260147095
.92699187994003
.97756099700928
.97609754403432
.97691057125727
.91235774755478
1.0720325311025
.91073171297709
.92016261816025
.92227643728256
1.0147967338562
.9406504034996
1.0032520294189
1.0050406455994
1.0336585044861
.96439023812612
.99658536911011
1.0375609397888
1.0373983383179
1.0143089294434
1.0126829147339
.99463415145874
.98601625363032
1.0019512375196
.98926830291748
.96764228741328
.98341464996338
1.0063414573669
.97658538818359
.93284553289413
.99902439117432
.93333333730698
.96016258001328
.9557723402977
.95252031087875
.99821138381958
.98601627349854
.92601627111435
.99707317352295
1.0008130073547
.95317071676254
.95756097634633
.97967479626338
.96439023812612
.95902436971664
.9793496131897
.97577234109243
.97983737786611
.98845527569453
.9743089278539
1.0095934867859
.95869916677475
.93821138143539
.95479673147202
.99008131027222
.90276422103246
.96764228741328
.98097558816274
.97723577419917
.91121951738993
1.006178855896
1.0665040810903
.95154470205307
1.0736585855484
1.0188617706299
.9684552748998
1.0040650367737
.95967479546865
.94731706380844
.93691056966782
.96227639913559
.93642276525497
.96585367123286
.93918699026108
1.0071544647217
.90991870562236
1
.94520324468613
.9663414756457
.96146339178085
.94926828145981
.99918699264526
.9972357749939
.96097560723623
.92471545934677
.95089429616928
.9465040564537
.97447154919306
1.0660162766774
.90211381514867
1.0321950912476
1.0058536529541
.92422765493393
.91642276446025
.97723577419917
.95593494176865
1.0182113647461
.95333331823349
.95333331823349
.96601625283559
.97577236096064
.88227641582489
1.050731698672
.95040649175644
1.0292682647705
.95999999841054
.93252032995224
.99544715881348
.97772359848022
.98406505584717
1.0056910514832
.97951221466064
.97398374478022
.94813007116318
.97544717788696
.92227643728256
1.0177235603333
.93447154760361
.99317073822021
.96373983224233
1.0125203132629
.93154472112656
.97739837567012
.96764228741328
.993821144104
.99430894851685
.97723577419917
.96975612640381
.9505691130956
.96227639913559
1.0334959030151
.93869918584824
.98439025878906
.97414634625117
.94780486822128
.97463415066401
.99056911468506
.96065040429433
.98081300656001
.93869918584824
.94780486822128
.9622764190038
.95414632558823
.98032520214717
.9564227660497
.88991868495941
.98991870880127
.97837400436401
.98341464996338
.98780488967896
.99918699264526
.98731708526611
.95593496163686
.99300813674927
.99756097793579
.98341464996338
1.0478048324585
.94439023733139
1.0201625823975
.95804876089096
.94325202703476
1.0172357559204
.98390245437622
.96650405724843
1.0048780441284
.94617887338003
.96796749035517
1.0240650574366
.98569107055664
1.0156097610792
.99739837646484
.95512193441391
.98146343231201
.98699188232422
.99073171615601
.9310568968455
.93674796819687
.94146341085434
.99902439117432
.90845527251562
.96276420354843
1.0346341133118
.98195123672485
1.0074796676636
1.0274796485901
1.0239024162292
.9882926940918
1.0013008117676
.96894307931264
.98130081097285
.99089431762695
.90487804015478
.92731708288193
.98634147644043
.99235773086548
.98975610733032
.94211381673813
.94211381673813
.9526829123497
.94894307851791
1.041463414828
.92065042257309
.96325200796127
.97723579406738
1.0234146118164
.99463415145874
.97105691830317
.9227642416954
1.0068292617798
.87772357463837
.96617885430654
.97837400436401
1.0113821029663
.99512195587158
1.0081300735474
.97674796978633
.95463413000107
.96227639913559
.98634147644043
.9653658469518
1.0341463088989
.95138210058212
.95983737707138
.90975608428319
.92227643728256
.92764228582382
.9530081152916
.92991870641708
1.0326828956604
.94471544027328
1.0006504058838
.99268293380737
.99967479705811
1.0026016235352
.96666665871938
.95073169469833
.98731708526611
1.0190243721008
.99544715881348
1.0053658485413
1.0482926766078
1.0022764205933
1.0601625839869
.93560975790024
.97170730431875
.95317071676254
.96959350506465
.9468292593956
.97333331902822
.96910568078359
.92715448141098
.93691056966782
.99203252792358
.9626016219457
.95203250646591
.8878048658371
.93398374319077
.92975610494614
1.0556097825368
.97756099700928
1.0617885986964
.9990243713061
.93349593877792
.96390243371328
.99772357940674
.95999999841054
.97544717788696
.92471545934677
.97691057125727
.90569106737773
.97447154919306
.97853658596675
1.0043902397156
.92373985052109
.9035772283872
1.0022764205933
.98894309997559
.92195123434067
.93040651082993
.97024391094844
.97609758377075
.96813007195791
.91756097475688
1.1616259813309
1.0213007926941
.98943090438843
.98926830291748
.97300813595454
.99869918823242
.96813007195791
.99024391174316
.95398372411728
.92910569906235
.8730081319809
.95902436971664
.94178861379623
.95219510793686
.96195121606191
.98097562789917
.9100813070933
.95382114251455
.99837398529053
.9684552748998
.94276422262192
.94195121526718
.93495935201645
.96975610653559
.95837396383286
.94016259908676
.97788616021474
1.0139837265015
.93105691671371
.9910569190979
.96520324548086
.94260162115097
.90813008944194
.93869918584824
.96796749035517
.97837400436401
.92682927846909
.99804878234863
.96601625283559
.96601625283559
.97512195507685
.96195121606191
.9842276374499
.99886178970337
.98861789703369
.99544715881348
.93577235937119
1.0482926368713
.93691056966782
1.0255284309387
.96130081017812
.96796747048696
.94048780202866
.9499186873436
1.0004878044128
.94829267263412
.94926830132802
1.0039024353027
.98048780361811
.98292682568232
.92813007036845
.98943090438843
.93447154760361
.95772355794907
.93365854024887
1.0029268264771
.96178861459096
1.0234146118164
.91918700933456
1.0206503868103
.96601623296738
.94666665792465
.94292682409286
.93983739614487
.98195123672485
.96065040429433
.9351219534874
.8964227437973
.92211383581161
.93398374319077
.96520324548086
.9104065100352
.94585365056992
.96032520135244
.92552846670151
.98894309997559
.95837396383286
1.0286178588867
.90097558498383
1.0095934867859
.98162601391474
.96959350506465
.95593494176865
.99756097793579
.91154474020004
.93284553289413
.9526829123497
.98292684555054
.95528453588486
.97528457641602
.97235773007075
.98764228820801
.96341462930044
.92780488729477
.97821140289307
.98016262054443
.95089429616928
.9910569190979
.90504066149394
.9852032661438
.98357723156611
.98699188232422
.94048780202866
.95073169469833
.91723577181498
.95886178811391
.95723577340444
.94617885351181
.91756099462509
.98975610733032
.93626016378403
.96422763665517
.99560976028442
.9694309035937
.93349593877792
.96455281972885
.94308942556381
.92439025640488
.90081298351288
.96097560723623
.91804877916972
1.0032520294189
.88796746730804
.9230894446373
.95219510793686
.94552844762802
1.0058536529541
.94308942556381
.96260164181391
.98243902126948
.97024391094844
.94032520055771
.98764228820801
.94975608587265
.92325204610825
.93902438879013
1.0372357368469
.98813007275263
.94617885351181
.98666667938232
.96943088372548
.99902439117432
.88845527172089
.99300813674927
.95495933294296
.94178861379623
.92243903875351
.98878049850464
.93560975790024
.95999997854233
.87317073345184
1.0099186897278
.87869918346405
1.0169105529785
.96032518148422
.96081300576528
.91447156667709
.94325202703476
.93430894613266
.97447154919306
.9468292593956
.96081298589706
.93658536672592
.94455283880234
.94439023733139
1.0034146308899
.98178863525391
.96130083004634
.92926830053329
.91918700933456
.93674796819687
1.0180487632751
.89398372173309
.97934959332148
.98081302642822
.96552844842275
.9656910498937
.93804877996445
1.009268283844
1.0107316970825
.95463413000107
.9530081152916
.94731706380844
.94292682409286
.98634147644043
.93528455495834
.97121951977412
.94617885351181
.95609756310781
.95382112264633
.95040649175644
.88487803936005
.97121951977412
.93544715642929
.94048780202866
.96634145577749
.9440650343895
.996910572052
.92634147405624
.96097558736801
.95138210058212
.94455285867055
.98081302642822
.9200000166893
.99609756469727
.97008128960927
.95105689764023
.93235772848129
.93983739614487
1.0084552764893
.99284553527832
.95886178811391
.92211383581161
.96048780282338
.98601627349854
.95203250646591
.96959350506465
.92780488729477
.94552844762802
.9530081152916
.92195123434067
.96829267342885
.92845529317856
.96130079030991
.87219512462616
.93430894613266
.89008128643036
.98699188232422
.95983737707138
.91577237844467
.94617885351181
.98552846908569
.96178863445918
.98845529556274
.94227641820908
.94552844762802
.97203252712886
.93105691671371
.93577235937119
1.0069918632507
.8936585187912
.94390243291855
.93983739614487
.9656910498937
.95414632558823
.94536584615707
.92569106817245
1.0164227485657
.97869918743769
.95772355794907
.94634145498276
.91804879903793
1.0165853897731
.96926828225454
.91138211886088
.95463413000107
.96504064400991
.94146341085434
.96016258001328
.97073171536128
1.0011382102966
.94569104909897
.91219514608383
.97300813595454
1.0284552574158
.90243901809057
.96471544106801
.93674796819687
.94666665792465
.9756097594897
.87284553050995
.97577236096064
.90211381514867
.99138212203979
.95219510793686
.93008130788803
.99186992645264
.96731708447138
.96390245358149
.9653658469518
.96178861459096
.94780486822128
.93268293142319
.94260162115097
.98308944702148
.97739837567012
1.0047154426575
.98227643966675
.98195123672485
.98943090438843
.8699187040329
.95056909322739
1.0125203132629
.92650407552719
.98195123672485
.97739839553833
.97967481613159
.95430892705917
.94747966527939
.89756097396215
.99642276763916
.93691056966782
.86016261577606
.99252031246821
.92162603139877
.91414634386698
.91333333651225
.98666667938232
.94813009103139
.90195123354594
.91788619756699
.99593496322632
.9530081152916
.96829269329707
.97479673226674
.92926830053329
.91821140050888
.97512193520864
.98991870880127
1.0047154426575
.94861787557602
.99447154998779
.95772355794907
.94715446233749
.97658538818359
.9725203315417
.95658534765244
.94829267263412
.90276422103246
.95804878075918
.93691056966782
.97756097714106
.96195121606191
1.0068292617798
.93853658437729
.9941463470459
.9104065100352
.94715446233749
.95252031087875
1.0279674530029
.94390245278676
.91121951738993
.96048780282338
.94536584615707
.95918697118759
.93414634466171
.9203252196312
1.0009756088257
.87951219081879
.96162601312002
.97040651241938
.94195121526718
.96390243371328
.93268293142319
.94796746969223
.98130083084106
.88552844524384
.99837398529053
.91853660345078
.91512197256088
.92357724905014
.92130082845688
.9104065100352
.99317073822021
.87463414669037
.93707317113876
.89821135997772
.98113822937012
.95186990499496
.91463414827983
.96894309918086
1.0013008316358
.97333335876465
.98065040508906
.97024391094844
1.0508942604065
.90211381514867
.96747966607412
.92048780123393
.88666665554047
.91837400197983
.90569106737773
.8908942937851
.93252032995224
.93967479467392
.92016261816025
.94146341085434
.96504064400991
.9320325255394
.91544715563456
.84308944145838
.97495937347412
.91869920492172
.94504064321518
.89203250408173
.99203252792358
1.0242276191711
.95186990499496
.8977235754331
1.0104064941406
.91414634386698
.9554471373558
.94764228661855
.90276422103246
.91333333651225
.95154470205307
.91073171297709
.91235772768656
.89691056807836
.91056911150614
.95788615942001
.94910567998886
.95788615942001
.98682928085327
.89105689525604
.93252032995224
.90471545855204
.93349593877792
.94634145498276
.95642274618149
.90422763427099
.9437398314476
.90390243132909
.93853658437729
.92178863286972
.97739839553833
.95186990499496
.88910567760468
.91934961080551
.94796746969223
.94016259908676
.98813009262085
.92569106817245
.94195121526718
.87869918346405
.94943088293076
.94455283880234
.95105689764023
.93121951818466
.93674796819687
.8609756231308
1.0357723236084
.91772359609604
.94455283880234
.8933333158493
1.0087804794312
.9073170820872
.96731706460317
.9261788725853
.97918701171875
.97609758377075
.90780488650004
.96845529476802
.97495937347412
.87024390697479
.97138214111328
.93284553289413
.95804876089096
.97463415066401
.9793496131897
.9162601629893
.9595121939977
.93186992406845
.95772357781728
.94747966527939
.96894309918086
.94422763586044
.93804877996445
.89837398131688
.96650407711665
.8977235754331
.9351219534874
.87333333492279
.93414634466171
.91837398211161
.93658536672592
.98910570144653
.95837398370107
.94601627190908
.94455283880234
.99333333969116
1.0065040588379
.95804878075918
.89560975631078
.9004878004392
.89121949672699
.93138211965561
.93398374319077
.90032519896825
.96829269329707
.88634145259857
.92357724905014
.95252031087875
.97252031167348
.88764226436615
.92780488729477
.96861789623896
.96325200796127
.87528455257416
.92520326375961
.92195123434067
.89658536513646
.94032520055771
.9378861784935
.89918696880341
.90243901809057
.97300813595454
.97024389108022
.96097558736801
.95804878075918
.88975608348846
.9261788725853
.90780488650004
.97138212124507
.91967479387919
.98585367202759
.92747968435287
.93268293142319
.94634145498276
.92569106817245
.98585367202759
.89593493938446
.90211381514867
.875772356987
.85317075252533
.87398374080658
.9200000166893
.97821138302485
.94764226675034
.92926830053329
.9221138159434
.97821136315664
.95495933294296
.93869918584824
.90634147326152
.94764226675034
.87349593639374
.97186992565791
.93300813436508
1.0073170661926
.8606504201889
.92699187994003
.89951219161352
.92536586523056
.87430894374847
.89674796660741
.91398374239604
.9378861784935
.95186990499496
.90747968355815
.91983741521835
.98032518227895
.878861784935
.97008130947749
.92048782110214
.90585366884867
.90422763427099
.94243901968002
.92260164022446
.8946341474851
.89739835262299
.96699186166128
.92178863286972
.96308942635854
.91739839315414
.92081302404404
.89674796660741
.97479677200317
1.0024390220642
.98373985290527
.8609756231308
.97430894772212
.93463414907455
.9687804778417
.9172357916832
.92162603139877
.91056913137436
.94130080938339
.91821140050888
.96715448300044
.93804877996445
.91349595785141
.92227643728256
.90959350268046
.90162601073583
.91593497991562
.92650407552719
.92813009023666
.86471545696259
.97349594036738
.9351219534874
.95056909322739
.94292682409286
.9351219534874
.9014634291331
.91349595785141
.93577235937119
.94585365056992
.94455285867055
.90861789385478
.92276422182719
.89479674895604
.91788619756699
.9694309035937
.92341464757919
.88585364818573
.91560975710551
.95869918664296
.93934959173203
.92260164022446
.97512195507685
.96227639913559
.92536586523056
.89560973644257
.96991870800654
.93154472112656
.93008130788803
.90504066149394
.88292682170868
.92682927846909
.94292682409286
.94227641820908
.92162603139877
.9643902182579
.90439023574193
.93008130788803
.90650405486425
.93024390935898
.92195123434067
.88829267024994
.94715446233749
.88292682170868
.88910567760468
.8973983724912
.90455283721288
.90243899822235
.89593495925268
.92536586523056
.90504066149394
.93804877996445
.92146342992783
.9203252196312
.95869918664296
.95951217412949
.85739839076996
1.0097560882568
.85333335399628
.94975608587265
.88634145259857
.89577233791351
.89268290996552
.94520324468613
.84894309441249
.85674798488617
.89447152614594
.9437398314476
.92260164022446
.92422765493393
.90617885192235
.99495935440063
.85365855693817
.90650407473246
.93560975790024
.8847154378891
.90357720851898
.89756095409393
.88455283641815
.89723575115204
.93804877996445
.95447152853012
.87756097316742
.93495935201645
.85886180400848
.87528453270594
.91658538579941
.89886178572973
.95821136236191
.96715446313222
.92146342992783
.98178863525391
.93252032995224
.91934961080551
.8843902349472
.89382112026215
.8977235754331
.8936585187912
.94341462850571
.9172357916832
.85739839076996
.87056910991669
.85398375988007
.90195121367772
.91528457403183
.87869918346405
.96471544106801
.90162601073583
.90552846590678
.91544715563456
.92227643728256
.88926829894384
.9317073225975
.92211383581161
.89983739455541
.88292682170868
.94829267263412
.94325202703476
.86975610256195
.92699187994003
.94796746969223
.92634147405624
.88617885112762
.89235770702362
.91577237844467
.92569106817245
.9159349600474
.91869920492172
.86455285549164
.9684552748998
.90195121367772
.9505691130956
.91512197256088
.83609753847122
.92048782110214
.91430896520615
.89853656291962
.87609755992889
.91089429457982
.90813008944194
.96764226754506
.91756097475688
.87772357463837
.89008130629857
.88016259670258
.92455283800761
.90016257762909
.88260161876678
.91073169310888
.87999999523163
.88357722759247
.93121951818466
.86650407314301
.92520326375961
.91983739535014
.90178861220678
.89219510555267
.89252032836278
.82764226198196
.93186992406845
.91447154680888
.93382114171982
.8578861951828
.93934959173203
.87658536434174
.93999999761581
.89821135997772
.878861784935
.85300815105438
.96634145577749
.92943090200424
1.0411381721497
.94520324468613
.91040649016698
.84065039952596
.86861789226532
.90780486663183
.89983739455541
.87040650844574
.91170734167099
.83951218922933
.92341464757919
.8785365819931
.93138211965561
.88357722759247
.90390243132909
.88520324230194
.95447152853012
.84617886940638
.90878051519394
.89154469966888
.91739837328593
.92910569906235
.878861784935
.95349589983622
.88699185848236
.82699185609818
.87918698787689
.8816260099411
.89495933055878
.90634147326152
.88926829894384
.87674796581268
.88715445995331
.86325204372406
.85268292824427
.94569104909897
.89918698867162
.94829267263412
1.0086178779602
.88357722759247
.88617885112762
.83869918187459
.87089431285858
.8730081319809
.92081302404404
.91398374239604
.90308944384257
.97593496243159
.96796747048696
1.0386991500854
1.0928455591202
.95365852117538
.92520326375961
.95756097634633
.99317073822021
.96601625283559
.96780486901601
.99853658676147
.98276424407959
1.012195110321
.97772359848022
.99186992645264
1.0458536148071
1.006016254425
.95512193441391
.95544715722402
.99772357940674
1.0084552764893
.99430894851685
.96699186166128
1.0398374001185
.96455281972885
.96520324548086
1.0682927370071
.96861787637075
1.0317072868347
.96764226754506
.99479675292969
1.033983707428
1.0001626014709
.9972357749939
1.0126829147339
.95414632558823
1.0188617706299
.97056911389033
.96699188152949
.9852032661438
.99121952056885
.95121949911118
1.0323576927185
1.0292682647705
1.043089389801
.93821138143539
1.003089427948
.99658536911011
1.0226016044617
.95463413000107
1.046178817749
1.0014634132385
.97365856170654
.96325200796127
.98975610733032
1.0082926750183
1.0541462898254
1.0042276382446
1.0034146308899
.96780486901601
.98000001907349
.94292682409286
1.0297560691833
1.0330081184705
.99756097793579
1.0047154426575
1.0130081176758
1.0160975456238
1.0009756088257
.95918699105581
1.0221138000488
.89723575115204
1.0388617515564
1.0134959220886
1.0182113647461
.97414636611938
.96113818883896
1.0151219367981
.9941463470459
.98715448379517
1.0014634132385
.97512193520864
1.0455284118652
.99268293380737
.996910572052
.98341464996338
1.0321950912476
.96065040429433
.98650407791138
.9972357749939
.96211379766464
1.0082926750183
1.0619512001673
.98536586761475
.97772357861201
.98731708526611
1.0413007736206
1.0001626014709
1.0570731560389
1.0226016044617
.993821144104
.95560975869497
1.0265040397644
1.0095934867859
1.0705690781275
.94975608587265
.99024391174316
.98975610733032
.99121952056885
1.1313821077347
1.0487804412842
.99902439117432
1.0034146308899
.95934959252675
1.0196747779846
.98520324627558
1.0328454971313
.9557723402977
.9848780632019
.97463415066401
.95235770940781
1.0079674720764
1.0650406678518
.98048782348633
.97691059112549
.99333333969116
1.024715423584
1.0572357575099
1.0334959030151
.99219512939453
1.0169105529785
1.0113821029663
.98813009262085
1.0159349441528
1.0286178588867
1.0165853500366
1.0521950721741
.93723577260971
1.027804851532
1.0481300354004
.98308944702148
.99821138381958
1.01544713974
.95821136236191
.97626016537348
.99089431762695
1.0832520723343
.99707317352295
.98390243450801
1.0471544265747
1.032195130984
1.0635772148768
1.0118699073792
1.0388617515564
1.0347967147827
.97170730431875
1.0120325088501
1.009105682373
1.0169105529785
1.0029268264771
.95918699105581
1.0026016235352
1.0099186897278
1.0201625823975
1.0115447044373
1.0243902206421
.98764228820801
1.0144715309143
.98845529556274
1.0081300735474
1.0086178779602
1.0295934677124
1.012357711792
1.0058536529541
.99024391174316
1.0569105148315
.99024391174316
.99772357940674
1.0204877853394
1.0126829147339
1.0048780441284
.9626016219457
.97528457641602
.98731708526611
.97967481613159
1.0486178398132
1.0382113456726
1.0024390220642
1.0073170661926
.99772357940674
1.0500812927882
.98780488967896
1.0097560882568
1.0147967338562
1.0746341546377
1.0193495750427
1.0495934486389
1.096585392952
1.0453658103943
1.0947967767715
1.0960975885391
.99495935440063
1.0939837694168
1.118048787117
1.084065079689
1.06130083402
1.1084553003311
1.1073170900345
1.0582113663356
1.1112195253372
1.1476422548294
1.0957723855972
1.2406504154205
1.1434146165848
1.0973984003067
1.1468292474747
1.1856910387675
1.1962602138519
1.2073171138763
1.1786991755168
1.3040650288264
1.1726829210917
1.2134959697723
1.2754471302032
1.2879674434662
1.3050406376521
1.3056910435359
1.2599999904633
1.3723577260971
1.2892682552338
1.2534959316254
1.3115447362264
1.3600000143051
1.3100812832514
1.3211382230123
1.3422764142354
1.3476423025131
1.3648780584335
1.3624390363693
1.4048780202866
1.4279674688975
1.466016292572
1.4383739630381
1.5047154426575
1.4892683029175
1.4640650749207
1.4900813102722
1.4947967529297
1.5395121574402
1.5606504281362
1.596422791481
1.5889431238174
1.694796760877
1.6226016283035
1.6814634005229
1.6694308916728
1.7430894374847
1.7302439212799
1.7569105625153
1.7705690860748
1.8230894406637
1.7999999523163
1.835772395134
1.7993495861689
1.8452032804489
1.9517073631287
1.8954471349716
1.9647154808044
1.9679675102234
2.1157723267873
2.0707316398621
2.0385365486145
2.1146341164907
2.208292722702
2.2866666316986
2.2902438640594
2.3736584981283
2.4434146881104
2.4684553146362
2.5188617706299
2.6505691210429
2.6406504313151
2.7336585521698
2.7108943462372
2.7196748256683
2.7995121479034
2.8203251361847
2.7808129787445
2.7260162830353
2.5772357781728
2.4899187088013
2.444878021876
2.2723577817281
2.1468292077382
2.1224389870962
1.9687804778417
1.9281300703684
1.929593483607
1.8069918553034
1.7173983653386
1.6985365947088
1.6775609652201
1.5843902428945
1.6380487680435
1.6351219415665
1.5008130073547
1.5078048706055
1.493983745575
1.4334959189097
1.5671544472377
1.4003251791
1.4175609350204
1.3359349568685
1.3873170614243
1.3528455495834
1.3273171186447
1.3549593687057
1.2736585140228
1.3863414525986
1.312845547994
1.2931706905365
1.2183740139008
1.2804877758026
1.2375609874725
1.2258536815643
1.1817886034648
1.2349593639374
1.2043902873993
1.2029268741608
1.2209756374359
1.1640650033951
1.1227642297745
1.194634159406
1.1131707429886
1.0744715531667
1.1608130137126
1.1482926607132
1.1295934915543
1.1315447092056
1.1136585474014
1.1450406312943
1.0655284722646
1.124227643013
1.053658525149
1.1216260194778
1.080975651741
1.1035772562027
1.1043902635574
1.1169105768204
1.1125203371048
1.0930081605911
1.0504064559937
1.0969105958939
1.1091057062149
1.0647154649099
1.124227643013
1.0504064957301
1.0637398163478
1.0876423120499
1.0691057046254
1.0712195237478
1.105691075325
1.0930081605911
1.0881301164627
1.0482926368713
1.0479674339294
1.0676422913869
1.049268245697
1.1084553003311
1.0853658914566
1.0730081796646
1.0508942604065
1.0055284500122
1.0427641868591
1.0261788368225
1.0978862047195
1.0679674943288
1.0079674720764
1.070569117864
.9824390411377
.99560976028442
1.0170731544495
.9879674911499
1.0221138000488
1.0439023971558
1.03089427948
1.050569097201
1.0502438545227
1.0076422691345
1.0190243721008
1.0255284309387
1.0382113456726
1.0299186706543
1.0182113647461
1.0419511795044
1.0274796485901
.99398374557495
.99821138381958
1.0291056632996
.99788618087769
1.0520325104396
1.0104064941406
1.0998374223709
.98455286026001
1.052520275116
.97138210137685
1.0265040397644
1.03089427948
1.1143089532852
.99040651321411
1.0203251838684
.9790244102478
1.0180487632751
.99577236175537
1.0608129898707
.97268295288086
1.0341463088989
1.0424389839172
1.0250406265259
1.0042276382446
1.015284538269
.99951219558716
1.0271544456482
.98682928085327
1.0136585235596
1.0026016235352
1.0289430618286
1.0164227485657
1.0390243530273
1.0079674720764
1.0026016235352
1.0626016060511
.97886180877686
.96308940649033
1.0065040588379
1.0398373603821
1.0681300957998
.99577236175537
.99902439117432
1.0095934867859
1.006016254425
1.0578861633937
.96861787637075
.96764226754506
1.0260162353516
.9941463470459
1.0026016235352
.98032520214717
1.033821105957
.98569107055664
1.0076422691345
1.0383739471436
1.0227642059326
.97430894772212
.97317071755727
.96829267342885
1.0756098031998
1.074796795845
.9687804778417
.95170732339223
1.0512195030848
1.0056910514832
1.0089430809021
1.0019512176514
.9598373969396
1
1.0375609397888
1.0255284309387
1.015284538269
1.0274796485901
1.0279674530029
1.0024390220642
.9879674911499
.96276420354843
1.049268245697
1.0253658294678
.98341463009516
.99772357940674
1.0279674530029
1.0052032470703
1.0279674530029
1.0175609588623
.99837398529053
.96243900060654
1.006178855896
.98991870880127
1.1502438783646
1.0143089294434
1.0222764015198
.97902439037959
1.0104064941406
.98780486981074
1.1113821268082
1.0325202941895
.99252033233643
.9347967505455
1.0391869544983
.97284555435181
1.0253658294678
1.0447154045105
1.0164227485657
1.0414633750916
1.0323576927185
.99398374557495
1.0167479515076
1.0021138191223
1.0248780250549
1.027642250061
1.0110569000244
1.0136585235596
.97138212124507
.96113818883896
.99008131027222
1.0302438735962
.97869920730591
1.0491056442261
.98601627349854
.97333333889643
1.0746341943741
1.0687805016836
.98260164260864
1
.99626016616821
.98764228820801
1.0521951119105
1.0580487251282
1.0806504487991
.96536586682002
.97170732418696
1.0588617324829
1.0056910514832
1.0378861427307
1.0029268264771
.94032520055771
.98878049850464
1.0164227485657
1.040162563324
.96780486901601
1.058699131012
.9526829123497
1.0268292427063
1.0232520103455
1.0008130073547
.97203252712886
.9656910498937
1.0159349441528
1.0191869735718
.95967477560043
1.0097560882568
.94569104909897
.98943090438843
1.0021138191223
.98536586761475
1.024715423584
.99674797058105
.97105691830317
1.0143089294434
1.009105682373
1.0203251838684
1.0552845001221
1.0209755897522
.94211381673813
1.0253658294678
.99219512939453
.96406505505244
1.0318698883057
.98650407791138
.99268293380737
.99089431762695
1.0105690956116
.99235773086548
.96747966607412
1.0286178588867
1.0024390220642
1.0783740282059
.96796749035517
1.0382113456726
1.0660162766774
1.0505690574646
1.0066666603088
.99512195587158
1.0230894088745
.98471546173096
.98032520214717
.99951219558716
.99040651321411
.95902438958486
.98894309997559
1.0134959220886
.93999999761581
1.0100812911987
.99365854263306
1.0252032279968
.97756095727285
1.0354471206665
.97170732418696
1.0388617515564
.96617885430654
1.0321950912476
.9317073225975
1.0048780441284
.99918699264526
.98325204849243
.94878047704697
1.0351219177246
.96650403738022
1.0557723442713
.99447154998779
1.0019512176514
1.0087804794312
.95463413000107
1.0173983573914
1.0134959220886
.95983737707138
1.0237398147583
.98536586761475
1.0146341323853
.98943090438843
1.0203251838684
1.0021138191223
1.0087804794312
.96227639913559
1.0110569000244
1.0017886161804
1.0614634354909
.95674794912338
1.0105690956116
1.0695934693019
1.0099186897278
.99365854263306
.97560977935791
.95024389028549
1.0087804794312
.97691057125727
1.0227642059326
.98081302642822
1.0691057046254
1.0112195014954
1.0252032279968
.99495935440063
1.0546340942383
1.0539837280909
1.0195121765137
.99902439117432
.96585365136464
1.0456910133362
1.0344715118408
1.0021138191223
1
.94715446233749
1.0021138191223
.99804878234863
.97577236096064
.92552846670151
.98032522201538
1.0011382102966
1.0260162353516
.95560973882675
1.074959397316
.9694309035937
1.0495934486389
.96666665871938
1.0013008117676
1.0065040588379
1.0115447044373
.98000001907349
1.0165853500366
.97804880142212
.99869918823242
.93593496084213
1.024552822113
.9756097594897
1.0082926750183
1.0173983573914
1.0237398147583
1.0491056442261
.99089431762695
1.0144715309143
1.0079674720764
.96959350506465
1.0115447044373
1.0131707191467
1.0232520103455
1.0213008324305
1.0199999809265
1.0008130073547
1.039999961853
.9879674911499
.96959350506465
.98065042495728
1.0234146118164
.93300813436508
.99463415145874
1.033983707428
1.0577235619227
1.0421137809753
1.0003252029419
1.0045528411865
1.0034146308899
1.0097560882568
1.0232520103455
1.0170731544495
1.0403251647949
1.0484552780787
1.0354471206665
.96341464916865
.99512195587158
.99853658676147
1.0172357559204
1.0357723236084
1.0055284500122
1.0047154426575
1.0378861427307
.96048780282338
1.0213007926941
.99430894851685
1.0108942985535
.98731708526611
1.0452032089233
1.0250406265259
.98813007275263
.97804880142212
1.0265040397644
.97138212124507
1.0021138191223
1.0515446662903
1.0081300735474
.97317073742549
1.0078048706055
.99626016616821
1.049430847168
.99154472351074
1.0590243736903
1.0069918632507
.95024389028549
.97138212124507
1.0252032279968
.97430894772212
1.0165853500366
.97626016537348
1.1237398386002
1.0008130073547
1.0502438942591
1.0362601280212
.96991870800654
.94243901968002
1.0100812911987
.96292682488759
.98699188232422
.95430892705917
.99073171615601
.92471545934677
1.0208129882812
.99593496322632
1.0053658485413
1.0048780441284
1.0113821029663
1.0014634132385
1.0126829147339
1.0217885971069
1.0489430427551
.98504066467285
1.0395121574402
.96211379766464
1.0720325311025
.97609758377075
1.0180487632751
1.0443902015686
1.0159349441528
.94520324468613
.9759349822998
1.0115447044373
1.0229268074036
.95317071676254
.98260164260864
1.0352845191956
.99430894851685
1.0391869544983
1.0050406455994
.9687804778417
1.0447154045105
1.0117073059082
1.0495934883753
1.0117073059082
.99430894851685
.99626016616821
.99349594116211
1.0040650367737
.98130083084106
1.0112195014954
.99040651321411
.94585365056992
.99756097793579
.94211381673813
1.0156097412109
1.0456910133362
.99495935440063
.99869918823242
1.0738211472829
1.0377235412598
1.0489430427551
1.0354471206665
1.0630894502004
.97772357861201
1.0224390029907
.99252033233643
.98390245437622
.97804880142212
.96910568078359
.98081302642822
.9409756064415
.9526829123497
1.0022764205933
.97788618008296
1.0554471413294
1.0448780457179
.96081300576528
.98682928085327
1.0099186897278
.98959350585937
1.0147967338562
.96894309918086
1.0295934677124
1.0408129692078
.99951219558716
.9842276374499
.91219514608383
.99788618087769
1.0271544456482
1.0128455162048
.98926830291748
1.0224390029907
.94308942556381
.98747968673706
.95414632558823
.98357725143433
1.0160975456238
.99203252792358
1.0159349441528
.99593496322632
1.0351219177246
1.0383739471436
.98341464996338
.98991870880127
1.0491056442261
.97560977935791
.96552844842275
1.0261788368225
1.0211381912231
1.0021138191223
1.0538210868835
1.0139837265015
1.0198373794556
.94894307851791
1.0120325088501
.96113820870717
.96829267342885
1.0424389839172
1.01544713974
.94861787557602
1.0507316589355
.9465040564537
.98162599404653
1.0203251838684
1.0320324897766
.97170732418696
1.0352845191956
.95284551382065
1.0004878044128
.95317071676254
.99170732498169
1.0081300735474
1.0105690956116
1.0086178779602
1.0050406455994
.93495935201645
.97756097714106
.9595121939977
1.03089427948
.96585363149643
1.0378861427307
1.0352845191956
.99869918823242
1.0190243721008
.98845529556274
.93999999761581
1.0562601486842
.95186990499496
.9406504034996
.9821138381958
1.0019512176514
1.0076422691345
1.0136585235596
.95739835500717
.96715448300044
.97577238082886
1.0351219177246
.97853660583496
1.0222764015198
.96715446313222
1.0014634132385
.94731706380844
1.0144715309143
.96390241384506
1.0066666603088
.97154472271601
1.0260162353516
.96097558736801
1.0087804794312
.90894309679667
.9821138381958
.94227641820908
1.0261788368225
.99772357940674
1.066016236941
.95918699105581
.98926830291748
.97333333889643
.97463415066401
.94617885351181
.94731706380844
1.0222764015198
1.0172357559204
.93951219320297
1.0136585235596
.99479675292969
.99268293380737
.9759349822998
.96699186166128
.98325204849243
.98260164260864
.98959350585937
.99284553527832
.93544715642929
1.006178855896
1.006178855896
.9663414756457
.92959350347519
.9440650343895
.97788619995117
.94292682409286
.97609756390254
.97138212124507
.95089429616928
.99040651321411
1.0102438926697
1.0393495559692
.96861787637075
1.0009756088257
.99512195587158
.96308942635854
.96341462930044
1.0120325088501
1.0113821029663
.95105689764023
.95951217412949
1.0133333206177
1.0248780250549
.95105691750844
.94113820791245
1.0126829147339
.97739837567012
.9687804778417
1.0458536148071
.91463416814804
.97365854183833
.986991862456
.99544715881348
1.0047154426575
.90113820632299
.94926830132802
.97788618008296
.96487804253896
.98975610733032
.98845529556274
.95219512780507
1.0221138000488
.89609754085541
.96341460943222
.94308942556381
1.0408129692078
.97414634625117
.96227639913559
.99658536911011
.9824390411377
.9619511961937
1.0476422309875
.9351219534874
.99886178970337
.97349594036738
.96959348519643
.97886180877686
.95170730352402
.8905690908432
.98292682568232
1.0024390220642
.91869920492172
.91577235857646
.99853658676147
.9780487815539
.93252032995224
.9910569190979
.97723579406738
.96682926019033
1.0078048706055
.98308944702148
.96211379766464
.95772355794907
.98975610733032
1
.99252033233643
1.0351219177246
.98178859551748
.96113820870717
.89934959014257
.9508943160375
.94845527410507
.97983741760254
1.0331707000732
.96390243371328
.95658536752065
.95398372411728
.99772357940674
.95528453588486
.90813006957372
.98130083084106
.9790244102478
.98439025878906
.95707315206528
.94390243291855
.96276424328486
.98097562789917
.95203250646591
.95821136236191
1.0069918632507
.96357723077138
.97105691830317
.98162603378296
.97593496243159
.9653658469518
.99869918823242
.92048782110214
.96325202782949
.94617885351181
1.0078048706055
.96747966607412
.95902436971664
.90650405486425
.93707317113876
.93138211965561
.96959350506465
.93869918584824
1.0146341323853
.93999999761581
.94975608587265
.95560973882675
1.012357711792
.9172357916832
.94926828145981
.98097562789917
.94552844762802
.9530081152916
.96813009182612
.97918701171875
.94536584615707
.93414634466171
.99040651321411
1.0650406678518
1.0160975456238
.8816260099411
1.0104065140088
.96959348519643
1.0539837280909
.94113820791245
.98243902126948
.97707317272822
.95008128881454
.9848780632019
1.0043902397156
.98195121685664
.98130083084106
1.0097560882568
.98926830291748
.9530081152916
1.009105682373
.92878049612045
.92520326375961
.93430894613266
.94341462850571
.96731706460317
.92439025640488
.93658536672592
.97723579406738
.93495935201645
.93951219320297
.93365854024887
.96341460943222
.88894307613373
.94536584615707
.94227641820908
.93609756231308
.97382114330928
.90764228502909
.92569106817245
.97804880142212
.93495935201645
.96991870800654
1.0139837265015
.96487804253896
.95333331823349
1.0006504058838
.9261788725853
.90487804015478
.90292682250341
.9440650343895
.95626016457876
.92162603139877
.9694309035937
.96292682488759
.90211381514867
.93853658437729
1.0063414573669
.94308942556381
.92747968435287
1.003089427948
.87252032756805
.95219510793686
.89804875850677
.96146341164907
.91430896520615
.90195121367772
.88731706142426
.88585364818573
.86081302165985
.94341462850571
.89577233791351
.94341462850571
.90227641661962
.91674796740214
.95382112264633
.90504066149394
.89170730113983
.88666665554047
.91414634386698
.89560975631078
.95772355794907
.89626014232635
.90715446074804
.90243901809057
.92747968435287
.90292682250341
.87609755992889
.98276422421137
.86422765254974
.87219512462616
.91170732180278
.9032520254453
.95138210058212
.92845529317856
.83983741203944
.91739839315414
.89902438720067
.91365853945414
.91609756151835
.90861789385478
.83056908845901
.8973983724912
.88520324230194
.96552844842275
.89512195189794
.87203252315521
.85430896282196
.84845528999964
.84650405248006
.92113822698593
.8933333158493
.85869920253754
.87804877758026
.86764228343964
.85642278194427
.91430896520615
.85886180400848
.90487804015478
.89284553130468
.92878049612045
.80357724428177
.91268293062846
.90162601073583
.9035772283872
.87983739376068
.83658534288406
.88178861141205
.86731708049774
.89170732100805
.92943090200424
.80065041780472
.83902436494827
.82780486345291
.91479674975077
.88081300258636
.91463416814804
.81593495607376
.8489431142807
.82048779726028
.87528455257416
.85837399959564
.8551219701767
.80666667222977
.8421138326327
.85658538341522
.878861784935
.85983741283417
.86455285549164
.8637398481369
.85317075252533
.86130082607269
.8754471540451
.82471543550491
.90780488650004
.85837399959564
.84585364659627
.89593495925268
.82455283403397
.80943089723587
0
0
0
0
0
0
0
0
0
0
0
0
0
0
0
0
0
0
0
0
0
0
0
0
0
0
0
0
0
0
0
0
0
0
0
0
0
0
0
0
0
0
0
0
0
0
0
0
0
0
0
0
0
0
0
0
0
0
0
0
0
0
0
0
0
0
0
0
0
0
0
0
0
0
0
0
0
0
0
0
0
0
0
0
0
0
0
0
0
0
0
0
0
0
0
0
0
0
0
0
0
0
0
0
0
0
0
0
0
0
0
0
0
0
0
0
0
0
0
0
0
0
0
0
0
0
0
0
0
0
0
0
0
0
0
0
0
0
0
0
0
0
0
0
0
0
0
0
0
0
0
0
0
0
0
0
0
0
0
0
0
0
0
0
0
0
0
0
0
0
0
0
0
0
0
0
0
0
0
0
0
0
0
0
0
0
0
0
0
0
0
0
0
0
0
0
0
0
0
0
0
0
0
0
0
0
0
0
0
0
0
0
0
0
0
0
0
0
0
0
0
0
0
0
0
0
0
0
0
0
0
0
0
0
0
0
0
0
0
0
0
0
0
0
0
0
0
0
0
0
0
0
0
0
0
0
0
0
0
0
0
0
0
0
0
0
0
0
0
0
0
0
0
0
0
0
0
0
0
0
0
0
0
0
0
0
0
0
0
0
0
0
0
0
0
0
0
0
0
0
0
0
0
0
0
0
0
0
0
0
0
0
0
0
0
0
0
0
0
0
0
0
0
0
0
0
0
0
0
0
0
0
0
0
0
0
0
0
0
0
0
0
0
0
0
0
0
0
0
0
0
0
0
0
0
0
0
0
0
0
0
0
0
0
0
0
0
0
0
0
0
0
0
0
0
0
0
0
0
0
0
0
0
0
0
0
0
0
0
0
0
0
0
0
0
0
0
0
0
0
0
0
0
0
0
0
0
0
0
0
0
0
0
0
0
0
0
0
0
0
0
0
0
0
0
0
0
0
0
0
0
0
0
0
0
0
0
0
0
0
0
0
0
0
0
0
0
0
0
0
0
0
0
0
0
0
0
0
0
0
0
0
0
0
0
0
0
0
0
0
0
0
0
0
0
0
0
0
0
0
0
0
0
0
0
0
0
0
0
0
0
0
0
0
0
0
0
0
0
0
0
0
0
0
0
0
0
0
0
0
0
0
0
0
0
0
0
0
0
0
0
0
0
0
0
0
0
0
0
0
0
0
0
0
0
0
0
0
0
0
0
0
0
0
0
0
0
0
0
0
0
0
0
0
0
0
0
0
0
0
0
0
0
0
0
0
0
0
0
0
0
0
0
0
0
0
0
0
0
0
0
0
0
0
0
0
0
0
0
0
0
0
0
0
0
0
0
0
0
0
0
0
0
0
0
0
0
0
0
0
0
0
0
0
0
0
0
0
0
0
0
0
0
0
0
0
0
0
0
0
0
0
0
0
0
0
0
0
0
0
0
0
0
0
0
0
0
0
0
0
0
0
0
0
0
0
0
0
0
0
0
0
0
0
0
0
0
0
0
0
0
0
0
0
0
0
0
0
0
0
0
0
0
0
0
0
0
0
0
0
0
0
0
0
0
0
0
0
0
0
0
0
0
0
0
0
0
0
0
0
0
0
0
0
0
0
0
0
0
0
0
0
0
0
0
0
0
0
0
0
0
0
0
0
0
0
0
0
0
0
0
0
0
0
0
0
0
0
0
0
0
0
0
0
0
0
0
0
0
0
0
0
0
0
0
0
0
0
0
0
0
0
0
0
0
0
0
0
0
0
0
0
0
0
0
0
0
0
0
0
0
0
0
0
0
0
0
0
0
0
0
0
0
0
0
0
0
0
0
0
0
0
0
0
0
0
0
0
0
0
0
0
0
0
0
0
0
0
0
0
0
0
0
0
0
0
0
0
0
0
0
0
0
0
0
0
0
0
0
0
0
0
0
0
0
0
0
0
0
0
0
0
0
0
0
0
0
0
0
0
0
0
0
0
0
0
0
0
0
0
0
0
0
0
0
0
0
0
0
0
0
0
0
0
0
0
0
0
0
0
0
0
0
0
0
0
0
0
0
0
0
0
0
0
0
0
0
0
0
0
0
0
0
0
0
0
0
0
0
0
0
0
0
0
0
0
0
0
0
0
0
0
0
0
0
0
0
0
0
0
0
0
0
0
0
0
0
0
0
0
0
0
0
0
0
0
0
0
0
0
0
0
0
0
0
0
0
0
0
0
0
0
0
0
0
0
0
0
0
0
0
0
0
0
0
0
0
0
0
0
0
0
0
0
0
0
0
0
0
0
0
0
0
0
0
0
0
0
0
0
0
0
0
0
0
0
0
0
0
0
0
0
0
0
0
0
0
0
0
0
0
0
0
0
0
0
0
0
0
0
0
0
0
0
0
0
0
0
0
0
0
0
0
0
0
0
0
0
0
0
0
0
0
0
0
0
0
0
0
0
0
0
0
0
0
0
0
0
0
0
0
0
0
0
0
0
0
0
0
0
0
0
0
0
0
0
0
0
0
0
0
0
0
0
0
0
0
0
0
0
0
0
0
0
0
0
0
0
0
0
0
0
0
0
0
0
0
0
0
0
0
0
0
0
0
0
0
0
0
0
0
0
0
0
0
0
0
0
0
0
0
0
0
0
0
0
0
0
0
0
0
0
0
0
0
0
0
0
0
0
0
0
0
0
0
0
0
0
0
0
0
0
0
0
0
0
0
0
0
0
0
0
0
0
0
0
0
0
0
0
0
0
0
0
0
0
0
0
0
0
0
0
0
0
0
0
0
0
0
0
0
0
0
0
0
0
0
0
0
0
0
0
0
0
0
0
0
0
0
0
0
0
0
0
0
0
0
0
0
0
0
0
0
0
0
0
0
0
0
0
0
0
0
0
0
0
0
0
0
0
0
0
0
0
0
0
0
0
0
0
0
0
0
0
0
0
0
0
0
0
0
0
0
0
0
0
0
0
0
0
0
0
0
0
0
0
0
0
0
0
0
0
0
0
0
0
0
0
0
0
0
0
0
0
0
0
0
0
0
0
0
0
0
0
0
0
0
0
0
0
0
0
0
0
0
0
0
0
0
0
0
0
0
0
0
0
0
0
0
0
0
0
0
0
0
0
0
0
0
0
0
0
0
0
0
0
0
0
0
0
0
0
0
0
0
0
0
0
0
0
0
0
0
0
0
0
0
0
0
0
0
0
0
0
0
0
0
0
0
0
0
0
0
0
0
0
0
0
0
0
0
0
0
0
0
0
0
0
0
0
0
0
0
0
0
0
0
0
0
0
0
0
0
0
0
0
0
0
0
0
0
0
0
0
0
0
0
0
0
0
0
0
0
0
0
0
0
0
0
0
0
0
0
0
0
0
0
0
0
0
0
0
0
0
0
0
0
0
0
0
0
0
0
0
0
0
0
0
0
0
0
0
0
0
0
0
0
0
0
0
0
0
0
0
0
0
0
0
0
0
0
0
0
0
0
0
0
0
0
0
0
0
0
0
0
0
0
0
0
0
0
0
0
0
0
0
0
0
0
0
0
0
0
0
0
0
0
0
0
0
0
0
0
0
0
0
0
0
0
0
0
0
0
0
0
0
0
0
0
0
0
0
0
0
0
0
0
0
0
0
0
0
0
0
0
0
0
0
0
0
0
0
0
0
0
0
0
0
0
0
0
0
0
0
0
0
0
0
0
0
0
0
0
0
0
0
0
0
0
0
0
0
0
0
0
0
0
0
