.81889977057775
.80051743984222
.79942810535431
.79684094587962
.79656863212585
.82652507225672
.80473856131236
.80242375532786
.79942810535431
.80051743984222
.78935184081395
.79956426223119
.80691721041997
.80228757858276
.80827887852987
.80228757858276
.79234749078751
.80078973372777
.79738561312358
.79670478900274
.8032407561938
.8018790880839
.79670478900274
.79153048992157
.80691723028819
.79656861225764
.80269608894984
.81631263097127
.79316447178523
.81209150950114
.79820261398951
.79956426223119
.79248364766439
.79643247524897
.79684096574783
.79861110448837
.79534314076106
.80936819314957
.79561547438304
.80446624755859
.80501089493434
.80065359671911
.80242375532786
.79942808548609
.79275600115458
.80923203627268
.80827887852987
.79112201929092
.80201524496078
.80487473805745
.79861110448837
.79166666666667
.81045750776927
.79752178986867
.80596403280894
.8137254913648
.81740196545919
.80147059758504
.80882352590561
.80596405267715
.79180282354355
.81427015860875
.80732570091883
.79765794674555
.79656861225764
.79629629850388
.80133442083995
.80964052677155
.79207517703374
.802015264829
.80473856131236
.79697712262472
.79166666666667
.80855119228363
.79738561312358
.8007897734642
.79874728123347
.79724945624669
.79861110448837
.80610022942225
.79697712262472
.80759803454081
.80895970265071
.7958877881368
.79779412349065
.8101851940155
.79370913902919
.79997275273005
.79711329936981
.79003266493479
.79956426223119
.80228759845098
.8018790880839
.80201524496078
.79425380627314
.80814270178477
.79684096574783
.80324073632558
.8031045794487
.8123638232549
.81154684225718
.81604031721751
.81644878784815
.80419387420019
.80909585952759
.80106208721797
.80909585952759
.81154682238897
.79847494761149
.80283224582672
.81318082412084
.80977670351664
.81604029734929
.81495098272959
.79738563299179
.80746185779572
.81917210419973
.80691721041997
.79724943637848
.80868736902873
.7935729821523
.80596403280894
.81032135089238
.79752178986867
.80269608894984
.80868736902873
.79629629850388
.79616014162699
.80841503540675
.81304464737574
.81508713960648
.8112745086352
.81236384312312
.81781043608983
.80759803454081
.80051741997401
.80718952417374
.81604031721751
.79833877086639
.79915575186412
.79547929763794
.80473856131236
.80133444070816
.81277233362198
.79153048992157
.80964052677155
.80555556217829
.8043300708135
.8018790880839
.80364922682444
.79316449165344
.79874728123347
.79874728123347
.78921568393707
.79534312089284
.80650871992111
.80936817328135
.81209150950114
.81072984139125
.79752178986867
.79302831490835
.79956426223119
.80501089493434
.79738563299179
.79411762952805
.80051743984222
.80147059758504
.79929194847743
.80991284052531
.79616012175878
.79057735204697
.80024510622025
.79398149251938
.80065359671911
.80160675446192
.79547929763794
.79724945624669
.80215142170588
.78444987535477
.79847494761149
.80855119228363
.79983659585317
.80964050690333
.80827887852987
.79752177000046
.80228757858276
.80555558204651
.80242373545965
.80487473805745
.81100217501322
.79833879073461
.80351306994756
.80010892947515
.79670480887095
.80392156044642
.80215140183767
.79234749078751
.80296842257182
.80487471818924
.80078975359599
.80147059758504
.81358933448792
.80038124322891
.80038126309713
.81835510333379
.8220315972964
.81113835175832
.81263615687688
.8065087000529
.8134531378746
.81971677144368
.80364924669266
.8065087000529
.81454247236252
.81209150950114
.83864376942317
.81889979044596
.8195806145668
.80814272165298
.81440631548564
.82094226280848
.80732572078705
.80977670351664
.80936821301778
.80065359671911
.80882352590561
.81644880771637
.80501089493434
.80637254317602
.81712963183721
.79901961485545
.81563180685043
.81209150950114
.80283224582672
.80010892947515
.80637256304423
.80936819314957
.80827887852987
.81222766637802
.79779410362244
.81032135089238
.81522329648336
.79847494761149
.80174291133881
.82734205325445
.80787036816279
.81440631548564
.8220315972964
.81495098272959
.81903596719106
.8112745086352
.81522331635157
.81086601813634
.82244008779526
.80964052677155
.8114106853803
.81658498446147
.81930828094482
.79656863212585
.80895970265071
.79711329936981
.8031045794487
.79779412349065
.78962419430415
.79289215803146
.80718952417374
.79997275273005
.79166664679845
.80868734916051
.80691721041997
.79765794674555
.80106210708618
.79697712262472
.79806645711263
.81467864910762
.79779412349065
.80610020955404
.80977668364843
.81386164824168
.79656863212585
.80773421128591
.80787038803101
.80977668364843
.80228757858276
.80936819314957
.80487473805745
.8041938940684
.81154682238897
.81195533275604
.81222766637802
.81958059469859
.81113835175832
.81508713960648
.82393791278203
.80732570091883
.79874726136525
.81767427921295
.80650871992111
.80038128296534
.84177561601003
.80065357685089
.80650871992111
.81440631548564
.79534312089284
.80596405267715
.80814272165298
.79139433304469
.80582787593206
.81413398186366
.80174291133881
.80596405267715
.80909585952759
.79847492774328
.81181917587916
.80936819314957
.79493463039398
.80119824409485
.8148148059845
.80337689320246
.80065359671911
.81345315774282
.79684094587962
.81004899740219
.80895970265071
.81889979044596
.8031045794487
.80405773719152
.79861110448837
.83469500144323
.80501089493434
.79507080713908
.79547931750615
.80868734916051
.80201524496078
.80147059758504
.80664487679799
.80065359671911
.81631263097127
.81086601813634
.8125
.80119826396306
.79779412349065
.80378540356954
.79793028036753
.80324073632558
.80473856131236
.80065359671911
.80324071645737
.80460238456726
.79547929763794
.79820263385773
.8114106853803
.80160675446192
.80174293120702
.82516340414683
.78785403569539
.79724947611491
.80378540356954
.78717319170634
.80174293120702
.80555556217829
.79588780800502
.81168301900228
.80759803454081
.7971132795016
.80814272165298
.80950435002645
.79343682527542
.81072984139125
.8123638232549
.79874728123347
.80814270178477
.80936821301778
.79983659585317
.80160675446192
.81181915601095
.8029684027036
.80446622769038
.8018790880839
.80351306994756
.80378540356954
.81345315774282
.79847492774328
.80936819314957
.81304466724396
.8114106853803
.79466231664022
.80827885866165
.78948801755905
.79656861225764
.80092593034108
.802015264829
.80596405267715
.80215140183767
.78676472107569
.79629629850388
.80133442083995
.80324073632558
.78839870293935
.79765794674555
.81631265083949
.80092593034108
.79888343811035
.80405773719152
.80051743984222
.82638887564341
.80977670351664
.8018790880839
.79820261398951
.7935729821523
.79398147265116
.79438996315002
.80487473805745
.79112199942271
.79370913902919
.79629629850388
.78635621070862
.80201524496078
.81059368451436
.7949346502622
.80555556217829
.81345315774282
.79929194847743
.8090958793958
.80269608894984
.79779410362244
.8040577173233
.80637254317602
.80419391393661
.80596405267715
.7971132795016
.80460240443548
.80160675446192
.80841503540675
.80419391393661
.80201524496078
.84204792976379
.80473858118057
.8135893146197
.80895968278249
.80215142170588
.81222764650981
.81399780511856
.80433005094528
.80678105354309
.81903594732285
.80759803454081
.8007897734642
.80746187766393
.78581154346466
.79261982440948
.79752177000046
.79670478900274
.80827887852987
.81277233362198
.80664487679799
.80351308981578
.80228757858276
.80378542343775
.80324073632558
.80841501553853
.80950435002645
.80555556217829
.80174293120702
.80174293120702
.80746187766393
.80242373545965
.81495098272959
.81263615687688
.80324073632558
.81386164824168
.79942810535431
.80242373545965
.80324073632558
.80351306994756
.80882354577382
.80868736902873
.7960239648819
.81862743695577
.80010892947515
.80051741997401
.80501089493434
.81004903713862
.79616014162699
.79616014162699
.8007897734642
.79112199942271
.79520698388418
.80051743984222
.79098584254583
.79384531577428
.78839870293935
.79084966580073
.79112199942271
.79112199942271
.78240740299225
.78771787881851
.80038124322891
.8041938940684
.80759803454081
.83905229965846
.8043300708135
.80010892947515
.8101851940155
.80555556217829
.79629629850388
.82380175590515
.80324071645737
.8101851940155
.81032133102417
.8032407561938
.80460240443548
.80514705181122
.80773421128591
.81358933448792
.80936819314957
.802015264829
.80133442083995
.80133442083995
.80800652503967
.81100217501322
.81399782498678
.81249998013179
.81113835175832
.80242373545965
.80814270178477
.8029684027036
.80337691307068
.81290851036708
.80378542343775
.80351308981578
.8184912999471
.79888345797857
.80827887852987
.80637256304423
.8018790880839
.80228757858276
.81154684225718
.80174291133881
.80187906821569
.80841505527496
.80678103367488
.80433005094528
.81168299913406
.79275600115458
.79697712262472
.80324073632558
.80732570091883
.80405773719152
.8031045794487
.79425380627314
.80514705181122
.81740194559097
.81127448876699
.80501089493434
.8054193854332
.79752178986867
.80010894934336
.81209150950114
.80119824409485
.8101851940155
.82475491364797
.80106208721797
.80977670351664
.8112745086352
.80160675446192
.80936819314957
.82284857829412
.8125
.80841501553853
.80718954404195
.79724945624669
.79874728123347
.8137254913648
.80269608894984
.79793028036753
.81236384312312
.79942810535431
.79793028036753
.80514705181122
.80106208721797
.80923201640447
.8040577173233
.81345315774282
.80528322855632
.79956428209941
.81835512320201
.79752178986867
.80310455958049
.8043300708135
.79874726136525
.80882352590561
.81195535262426
.79806643724442
.79084966580073
.80038124322891
.78594770034154
.79697712262472
.8112745086352
.8032407561938
.80460240443548
.80936819314957
.78390522797902
.79915577173233
.80051743984222
.80364922682444
.80596405267715
.81086601813634
.79507080713908
.80038126309713
.8032407561938
.81767429908117
.80487471818924
.82489105065664
.79861112435659
.79901961485545
.80582789580027
.79656863212585
.79588780800502
.80814270178477
.80133442083995
.79888345797857
.80446624755859
.79915577173233
.80555556217829
.80324073632558
.79752178986867
.80501089493434
.79166668653488
.80392156044642
.80596405267715
.81263615687688
.79847494761149
.80133442083995
.8040577173233
.79806643724442
.80514707167943
.80732570091883
.79738563299179
.79697712262472
.81290849049886
.79833879073461
.79929192860921
.79343682527542
.80773421128591
.80868736902873
.8101851940155
.81454247236252
.80065359671911
.80201524496078
.81386164824168
.79384529590607
.80501089493434
.80024510622025
.79330064853032
.81086601813634
.81032135089238
.80051741997401
.81032135089238
.81059368451436
.8031045794487
.81427015860875
.80773419141769
.81386166810989
.82121461629868
.81835512320201
.80501089493434
.80705338716507
.81835512320201
.81604029734929
.81386166810989
.81672112147013
.80746187766393
.80392158031464
.82611658175786
.79616012175878
.81318082412084
.82175926367442
.80787036816279
.81304466724396
.81930828094482
.81100219488144
.81467864910762
.80732570091883
.80827885866165
.80242375532786
.81522331635157
.81576796372732
.80637256304423
.82244008779526
.80664487679799
.80596405267715
.82257624467214
.80337691307068
.81699347496033
.81658496459325
.81018517414729
.8043300708135
.81032135089238
.8135893146197
.80460238456726
.81454249223073
.80691721041997
.80855121215185
.82543573776881
.81522333621979
.81222766637802
.81386164824168
.81318082412084
.80950435002645
.81549564997355
.82638887564341
.81903594732285
.81549563010534
.8123638232549
.79929194847743
.81304466724396
.82529958089193
.81331698099772
.80827885866165
.81644878784815
.80637256304423
.82421024640401
.81944443782171
.81290851036708
.82448256015778
.82965685923894
.8135893146197
.81930828094482
.81903592745463
.80923203627268
.82325708866119
.82761438687642
.80732570091883
.82216775417328
.8220315972964
.81427015860875
.81672112147013
.81685731808345
.8148148059845
.82393789291382
.81440631548564
.80718954404195
.81331700086594
.82475489377975
.81903594732285
.81835512320201
.82230393091838
.8159041206042
.82039759556452
.81318082412084
.81059368451436
.81154684225718
.82080608606338
.81168299913406
.80855121215185
.82489105065664
.81004901727041
.81944445768992
.81794661283493
.81386164824168
.82271242141724
.82257626454035
.81004901727041
.81808278958003
.81835510333379
.83224399884542
.82380173603694
.81944445768992
.83306099971135
.81889977057775
.82352940241496
.83088235060374
.81808276971181
.82230391105016
.82570807139079
.81781047582626
.82216775417328
.83333331346512
.83387800057729
.8220315972964
.83020154635111
.83047386010488
.82434640328089
.85185186068217
.84354575475057
.84327342112859
.8502178589503
.84572440385818
.84300108750661
.8585239648819
.85253268480301
.85389433304469
.87690631548564
.85920478900274
.8677832086881
.89828429619471
.87717864910762
.88180826107661
.90713508923848
.89365470409393
.89733115832011
.92034312089284
.90604577461878
.91067536671956
.93341503540675
.9187091588974
.92265794674555
.94212965170542
.93518517414729
.94158496459325
.94866557916005
.95547386010488
.96568628152212
.97848584254583
.965822438399
.97644335031509
.98856208721797
.98583879073461
.99945535262426
1.0096677541733
1.0023147861163
1.0099400877953
1.0236928065618
1.0228758255641
1.0363562107086
1.043164451917
1.0586873292923
1.0595043897629
1.0713507334391
1.0804738601049
1.0891884565353
1.1075708071391
1.1175108750661
1.1263616482417
1.1386165221532
1.1422930161158
1.1489651203156
1.165985862414
1.1850490570068
1.1839597225189
1.188725511233
1.2013889153798
1.2120098272959
1.2211329142253
1.2393790880839
1.2422385613124
1.2662036816279
1.2796841065089
1.294934630394
1.2991557916005
1.3239379326502
1.3353758255641
1.3558006683985
1.3843954404195
1.4004629850388
1.4249727725983
1.4674564202627
1.4855664173762
1.5236928462982
1.5746187766393
1.6131535768509
1.6919934352239
1.7849945624669
1.9010076125463
2.0458878278732
2.1677560011546
2.2209967772166
2.2527232964834
2.2497276465098
2.226579507192
2.2087418238322
2.1691176891327
2.1171023845673
2.0750272274017
2.0521514415741
1.995915055275
1.9404956499736
1.9099946022034
1.8623365958532
1.8318354686101
1.8047385613124
1.7745098272959
1.737745086352
1.7026144266129
1.6873638629913
1.661356250445
1.6446078618368
1.636029402415
1.6233659982681
1.590550104777
1.5992647012075
1.5821078618368
1.5544662078222
1.5524237553279
1.5178376833598
1.4980937242508
1.4930555820465
1.4547930558523
1.4366829792658
1.4260621070862
1.3956971963247
1.3937908411026
1.3662854035695
1.3605664571126
1.3643790880839
1.3273420731227
1.2991557518641
1.300245086352
1.2976579666138
1.2806372642517
1.2686547040939
1.2514978249868
1.2322984536489
1.2359749078751
1.2171841065089
1.200435757637
1.2017974058787
1.1906318267186
1.175245086352
1.165305018425
1.16938996315
1.175245086352
1.1644879976908
1.1485566298167
1.1422930558523
1.1341230869293
1.1346677541733
1.1198256810506
1.1224128802617
1.1237745285034
1.1037581364314
1.0974945227305
1.0943627754847
1.095179716746
1.0966775814692
1.0686274369558
1.057870388031
1.0544662078222
1.0499727328618
1.0340414047241
1.0277777910233
1.0183823903402
1.0178376833598
1.0149782101313
1.0159314076106
1.0089869499207
1.001497844855
.99931917587916
.98611112435659
.97372003396352
.95452070236206
.96391612291336
.94893791278203
.94716773430506
.94607843955358
.93232572078705
.92905773719152
.93178103367488
.91217319170634
.91516882181168
.91734749078751
.90672657887141
.90305010477702
.92293028036753
.9114923675855
.89610566695531
.90127996603648
.88684640328089
.88970587650935
.89460784196854
.87091503540675
.88548475503922
.87336601813634
.87649780511856
.86832789580027
.86955338716507
.84994552532832
.86056643724442
.86220041910807
.84967321157455
.83346951007843
.84027779102325
.84463506937027
.83306099971135
.83687363068263
.83918845653534
.84259257713954
.83360568682353
.82843136787415
.82706971963247
.83074617385864
.82829523086548
.82053377230962
.83769063154856
.80950436989466
.83224399884542
.83619280656179
.82244008779526
.80855119228363
.82366555929184
.82244010766347
.8206699291865
.8325163324674
.81195533275604
.81876361370087
.81998908519745
.81467864910762
.81672114133835
.81753814220428
.82979301611582
.81290849049886
.81059368451436
.82938452561696
.81072986125946
.82829521099726
.83006536960602
.81072986125946
.81535947322845
.83129086097081
.80473856131236
.80936817328135
.80977670351664
.82012528181076
.81195533275604
.82829521099726
.8123638232549
.82107841968536
.81753814220428
.81767429908117
.81345315774282
.81290851036708
.80460238456726
.80569171905518
.82352942228317
.81740196545919
.81862743695577
.81467866897583
.8052832086881
.80977670351664
.80746187766393
.80337689320246
.80501089493434
.81304464737574
.79874726136525
.80855119228363
.81576798359553
.80419391393661
.80787036816279
.81644880771637
.80119824409485
.79833877086639
.80977666378021
.80705338716507
.79425382614136
.79752178986867
.78976035118103
.80296842257182
.80691721041997
.79684094587962
.7971132795016
.80119824409485
.79724947611491
.80119826396306
.80814270178477
.80337689320246
.81195533275604
.81794663270315
.80895968278249
.81467866897583
.80269608894984
.82434640328089
.79915577173233
.80596405267715
.82883987824122
.81372547149658
.80596405267715
.81794661283493
.80283222595851
.82761436700821
.8278867204984
.80950435002645
.80678105354309
.80147057771683
.80351306994756
.79847494761149
.81168301900228
.79888343811035
.8159041206042
.81318084398905
.81086599826813
.80923201640447
.81195533275604
.79520696401596
.80596407254537
.81222766637802
.81563180685043
.80868734916051
.82094226280848
.80596403280894
.81821894645691
.81631263097127
.80473858118057
.80160675446192
.81154684225718
.79874728123347
.80392156044642
.81032135089238
.79738563299179
.8101851940155
.82012526194255
.80678105354309
.80569169918696
.82026145855586
.80201524496078
.81876361370087
.81549564997355
.80691721041997
.81358933448792
.82216775417328
.80392158031464
.81236384312312
.80718954404195
.79180284341176
.79956426223119
.80473856131236
.80228755871455
.81958059469859
.8137254913648
.82434638341268
.84940087795258
.80991286039352
.81427015860875
.81222766637802
.80255991220474
.8040577173233
.80228757858276
.80501091480255
.80324073632558
.81045750776927
.81576796372732
.81440631548564
.80582787593206
.81154682238897
.81658496459325
.80201524496078
.80460238456726
.82053377230962
.83551198244095
.82175926367442
.81100217501322
.80473856131236
.80215140183767
.81236384312312
.80528322855632
.81032135089238
.81427015860875
.80596405267715
.81712963183721
.81644880771637
.81372551123301
.81290849049886
.80868736902873
.80065359671911
.80446624755859
.80650871992111
.80446624755859
.80528322855632
.81018517414729
.79874728123347
.79684096574783
.80664487679799
.80637254317602
.80950436989466
.81004901727041
.80324073632558
.81236384312312
.81277233362198
.79738561312358
.80392158031464
.79670478900274
.80038126309713
.81930828094482
.80718952417374
.8065087000529
.80855119228363
.80487471818924
.80610022942225
.80596405267715
.81318084398905
.81004899740219
.81181917587916
.8208061059316
.81454249223073
.81045750776927
.8137254913648
.82026143868764
.80296842257182
.81168299913406
.82284857829412
.80950435002645
.82448256015778
.82788670063019
.82952070236206
.81113835175832
.8184912999471
.79861110448837
.81386164824168
.81658496459325
.80228757858276
.80174293120702
.82856752475103
.81781045595805
.81345315774282
.81427015860875
.81113835175832
.79983661572138
.81454247236252
.81141066551208
.80841503540675
.81440631548564
.80446622769038
.80242375532786
.80977668364843
.79316447178523
.8114106853803
.81113835175832
.80078975359599
.7971132795016
.80610020955404
.80569171905518
.80024508635203
.80814270178477
.80882352590561
.81590414047241
.81522331635157
.81141066551208
.82039759556452
.80324073632558
.79901961485545
.80133442083995
.81277233362198
.81331700086594
.81032135089238
.80106206734975
.80364922682444
.80950436989466
.8125
.79820263385773
.80650871992111
.81712963183721
.80473856131236
.8052832086881
.8126361767451
.82012528181076
.8101851940155
.80841503540675
.80991286039352
.80664485692978
.81849128007889
.82216775417328
.80678105354309
.81699347496033
.81045750776927
.81263615687688
.8114106853803
.81604031721751
.81522331635157
.81100219488144
.80718954404195
.79847494761149
.80759803454081
.8137254913648
.80936819314957
.81604029734929
.81467864910762
.80242373545965
.81495098272959
.80610022942225
.79139433304469
.80868736902873
.81304466724396
.81195533275604
.79888343811035
.81930828094482
.8054193854332
.80378540356954
.81018517414729
.80283224582672
.80242375532786
.81590416034063
.8041938940684
.81195535262426
.81181917587916
.79929192860921
.79942810535431
.80773421128591
.79425380627314
.79765794674555
.80392156044642
.79575165112813
.80364922682444
.80283224582672
.79942810535431
.80460240443548
.80855121215185
.80106208721797
.80133442083995
.80773419141769
.80242375532786
.80855121215185
.8041938940684
.78962417443593
.8029684027036
.8054193854332
.8112745086352
.7960239648819
.80541936556498
.81590414047241
.80909583965937
.80378540356954
.81549564997355
.79806645711263
.79915577173233
.83632896343867
.80841503540675
.80705338716507
.81018517414729
.80269608894984
.79833879073461
.80787036816279
.80065359671911
.80405773719152
.81617645422618
.80405773719152
.81712963183721
.83047386010488
.80255991220474
.78758170207342
.80065357685089
.78145424524943
.80514705181122
.81045750776927
.79425380627314
.79670478900274
.78907950719198
.79847494761149
.79942810535431
.8029684027036
.80242375532786
.80106208721797
.80868736902873
.81113835175832
.80078975359599
.81358933448792
.80174293120702
.79507078727086
.81903594732285
.80106208721797
.81277231375376
.80882352590561
.80433005094528
.79874728123347
.78894335031509
.79765794674555
.80351306994756
.80514707167943
.79888343811035
.79997277259827
.80201524496078
.80051741997401
.80364922682444
.80868736902873
.82761436700821
.80691721041997
.80610022942225
.8112745086352
.80310455958048
.80691721041997
.81222766637802
.8018790880839
.8043300708135
.81495098272959
.8031045794487
.80514707167943
.80732570091883
.80650871992111
.80528322855632
.80691721041997
.80528322855632
.8029684027036
.8041938940684
.80787036816279
.80501087506612
.80269608894984
.80324073632558
.80473856131236
.80473856131236
.80746187766393
.80964052677155
.81413398186366
.80351305007935
.81059368451436
.81236384312312
.82012526194255
.80038126309713
.81481482585271
.8195806145668
.81386164824168
.81209148963292
.80855119228363
.8090958793958
.81889979044596
.80378540356954
.80310455958048
.8208061059316
.79153050978978
.80664487679799
.80174293120702
.79616012175878
.80732572078705
.80569169918696
.80255991220474
.81781047582626
.81685727834702
.80501089493434
.80460238456726
.80841503540675
.79765796661377
.79929192860921
.80133442083995
.79534314076106
.79915577173233
.80473856131236
.80501089493434
.81004901727041
.81032135089238
.80610020955404
.79724945624669
.82952070236206
.80065359671911
.80746187766393
.80473856131236
.81141066551208
.80596405267715
.80106208721797
.80814270178477
.80106210708618
.80160675446192
.81059368451436
.80174291133881
.80119826396306
.80514707167943
.8041938940684
.80936817328135
.81045752763748
.79942810535431
.79847492774328
.81168299913406
.79425382614136
.81753812233607
.80337691307068
.80310455958049
.81413398186366
.82094226280848
.79833877086639
.80133442083995
.81604031721751
.81168299913406
.80215142170588
.81141066551208
.79084966580073
.79901961485545
.80501089493434
.79629629850388
.80051741997401
.81032133102417
.79752178986867
.80569169918696
.84490740299225
.79765796661377
.80187906821569
.81794663270315
.80283224582672
.80473856131236
.79874728123347
.79806645711263
.80337689320246
.80746187766393
.79466231664022
.7935729821523
.80855119228363
.78880717357
.80637256304423
.80187906821569
.8041938940684
.8040577173233
.80991284052531
.80378540356954
.80147057771683
.80759803454081
.81168301900228
.79261982440948
.79901959498723
.80691721041997
.80324073632558
.80977668364843
.8126361767451
.80119826396306
.80160675446192
.81100217501322
.80133442083995
.80364924669266
.8101851940155
.79888343811035
.82938452561696
.80923203627268
.80991286039352
.80119826396306
.80228757858276
.79874728123347
.79275600115458
.80255991220474
.79575165112813
.79847492774328
.80106210708618
.79970043897629
.79575163125992
.8040577173233
.79901959498723
.80065359671911
.80637256304423
.79166666666667
.80405773719152
.79752178986867
.79343682527542
.7957516113917
.80460240443548
.78853485981623
.79071350892385
.79261982440948
.78690087795258
.79547929763794
.79983659585317
.78989650805791
.80855121215185
.80514705181122
.79057733217875
.80487471818924
.81644880771637
.80092593034108
.80882352590561
.8135893146197
.79779412349065
.79520696401596
.80446622769038
.79547929763794
.79425380627314
.7935729821523
.81209148963292
.79888343811035
.80746189753215
.81644880771637
.80787036816279
.81304466724396
.81072986125946
.81495098272959
.81277233362198
.81849128007889
.8041938940684
.80664487679799
.81658496459325
.80814270178477
.81345317761103
.81889977057775
.80868736902873
.81998910506566
.81917210419973
.81631263097127
.8148148059845
.81318082412084
.81508713960648
.80283222595851
.81808278958003
.81331700086594
.81141066551208
.80637254317602
.80283224582672
.80637254317602
.80133442083995
.80051743984222
.79847494761149
.80255991220474
.80637254317602
.80705336729685
.81631265083949
.81113835175832
.80923201640447
.81113833189011
.79793028036753
.8135893146197
.81971677144368
.79602394501368
.80827885866165
.80950436989466
.80269606908162
.80855119228363
.80378540356954
.79724945624669
.80882354577382
.80841501553853
.79547929763794
.80623638629913
.81345317761103
.79711329936981
.8041938940684
.80446620782216
.80473856131236
.82162310679754
.81903594732285
.82393791278203
.80991286039352
.81059368451436
.83265250921249
.80283224582672
.8112745086352
.80855119228363
.7926198442777
.8114106853803
.81195533275604
.82529956102371
.81440633535385
.81672114133835
.80433005094528
.83224399884542
.80514705181122
.79970043897629
.80446622769038
.80773419141769
.80160673459371
.81113835175832
.80678103367488
.79425380627314
.79684094587962
.79575163125992
.79806645711263
.79997277259827
.80977668364843
.79384531577428
.80283224582672
.81072984139125
.80378538370132
.8123638232549
.80664487679799
.80460238456726
.80460240443548
.8032407561938
.80991284052531
.79684094587962
.80610020955404
.79970043897629
.80174293120702
.80569173892339
.79275598128637
.80215142170588
.80964052677155
.79561547438304
.80160675446192
.80242373545965
.79793028036753
.79425380627314
.80351306994756
.79684096574783
.79970043897629
.8040577173233
.79711329936981
.7958877881368
.79316449165344
.79670478900274
.78907950719198
.80269608894984
.80691721041997
.80051743984222
.81318082412084
.82352940241496
.80201524496078
.79411766926448
.80337691307068
.79779410362244
.80283222595851
.80773421128591
.79370913902919
.7924836675326
.80814272165298
.79929194847743
.80923203627268
.81100217501322
.79616014162699
.79261982440948
.80909585952759
.79847496747971
.80569171905518
.81685731808345
.79956426223119
.79752177000046
.80378540356954
.80596405267715
.79343682527542
.80514707167943
.79915579160055
.79180282354355
.80678105354309
.80215142170588
.81209150950114
.81644880771637
.81045752763748
.79874726136525
.80977668364843
.80473856131236
.80201524496078
.81209150950114
.80283224582672
.80242375532786
.79888343811035
.80215142170588
.80473854144414
.80501089493434
.80378540356954
.8114106853803
.81685729821523
.79003268480301
.81685729821523
.8195806145668
.80582789580027
.80228757858276
.80773419141769
.80119826396306
.80827885866165
.80405773719152
.80378538370132
.80324073632558
.80147057771683
.81862745682398
.80596405267715
.80473856131236
.81495098272959
.80351306994756
.81699347496033
.81930826107661
.80473856131236
.81113835175832
.81386164824168
.8114106853803
.8043300708135
.80759805440903
.8112745086352
.79507082700729
.81644878784815
.79752178986867
.80501089493434
.8125
.79874726136525
.80147059758504
.80065359671911
.80038126309713
.81045752763748
.80582787593206
.80555556217829
.80895970265071
.81535947322845
.79697712262472
.80201524496078
.80868736902873
.80555554231008
.81318082412084
.80038126309713
.80528322855632
.79806643724442
.80732570091883
.79684094587962
.80501089493434
.80392158031464
.79779412349065
.81141066551208
.81672114133835
.81113833189011
.8126361767451
.81195533275604
.79847494761149
.80787036816279
.80787036816279
.80991286039352
.80936819314957
.81917210419973
.79820261398951
.79806645711263
.80637256304423
.78730936845144
.79752178986867
.80855121215185
.79316449165344
.79738561312358
.79452613989512
.81290849049886
.80024508635203
.80814270178477
.81222766637802
.80310455958048
.79874728123347
.80405773719152
.81141066551208
.8031045794487
.80501091480255
.82570805152257
.8040577173233
.81508713960648
.80119824409485
.79575163125992
.80160675446192
.80664487679799
.80487471818924
.80555554231008
.80147057771683
.79302833477656
.8018790880839
.80119826396306
.80174291133881
.80364922682444
.80242373545965
.79847494761149
.8031045794487
.80446622769038
.79547931750615
.80528322855632
.81454247236252
.81113833189011
.81045750776927
.79330066839854
.79452613989512
.81563180685043
.80787038803101
.8208061059316
.8101851940155
.7877178589503
.79724943637848
.81658496459325
.79724945624669
.79425380627314
.81712963183721
.79765794674555
.8065087000529
.80010892947515
.840822438399
.8031045794487
.81154682238897
.7947984735171
.81318082412084
.81644880771637
.80964050690333
.79956426223119
.80242373545965
.79289215803146
.80705338716507
.81018517414729
.82393791278203
.8101851940155
.81209150950114
.81277233362198
.81427015860875
.80800652503967
.81277233362198
.80678105354309
.80991286039352
.80610020955404
.79629627863566
.80364922682444
.81331700086594
.79534314076106
.81086601813634
.80528322855632
.80337691307068
.8123638232549
.81930828094482
.80051741997401
.80596403280894
.81004901727041
.80664489666621
.80487471818924
.81086599826813
.80678103367488
.8018790880839
.80555556217829
.79901959498723
.81495098272959
.80909585952759
.80473856131236
.80977668364843
.81508713960648
.80936817328135
.81168301900228
.81100217501322
.8041938940684
.81549563010534
.81236384312312
.80909585952759
.80746187766393
.81154682238897
.79629627863566
.8134531378746
.81903594732285
.81127452850342
.80923201640447
.80582789580027
.80487471818924
.81086601813634
.81427013874054
.80392158031464
.8195806145668
.81195533275604
.84177561601003
.80746185779572
.80460240443548
.80555554231008
.81059368451436
.80160675446192
.8137254913648
.8101851940155
.81209148963292
.80637256304423
.80964052677155
.80582787593206
.82298475503922
.81985292832057
.81427017847697
.8103213707606
.8065087000529
.81304466724396
.81930830081304
.80759803454081
.81413398186366
.81263615687688
.8043300708135
.81045750776927
.84613291422526
.81604031721751
.82856754461924
.80555556217829
.81100217501322
.80119824409485
.81495096286138
.81467864910762
.81100217501322
.81631261110306
.79874728123347
.81113835175832
.80446622769038
.78867101669312
.80610020955404
.79684094587962
.81726578871409
.79534314076106
.80255991220474
.82693354288737
.79738561312358
.81168299913406
.79793028036753
.79929192860921
.80814272165298
.79820261398951
.80147057771683
.81604027748108
.79983659585317
.80732572078705
.8018790880839
.79833877086639
.80855121215185
.80324073632558
.79289213816325
.80800652503967
.80664487679799
.7924836675326
.80160675446192
.80895970265071
.79316449165344
.7958877881368
.79915575186412
.80119826396306
.78799017270406
.79765794674555
.81004901727041
.7971132795016
.80119824409485
.81032135089238
.79057735204697
.80977670351664
.80691719055176
.79588780800502
.79765794674555
.80664487679799
.79847492774328
.79030499855677
.80215142170588
.79180282354355
.79779412349065
.79956426223119
.78867101669312
.78540303309759
.79289213816325
.78336056073507
.78758170207342
.79044117530187
.7772331237793
.78567538658778
.79316449165344
.77600761254628
.80242375532786
.7949346502622
.77682461341222
.76729303598404
.78444987535477
.76089324553808
.76361656188965
.76239109039307
.75503812233607
.75980393091838
.75462963183721
.73502180973689
.74346407254537
.7407407561938
.73025600115458
.73188998301824
.72794117530187
.71949891249339
.73011982440948
.7227668762207
.70792482296626
.70887800057729
.69757624467214
.68777231375376
.68491286039352
.70942266782125
.66407952706019
.67061547438304
.6697984735171
.62118734916051
.63494008779526
.62023419141769
.5742102265358
.6414760351181
0
0
0
0
0
0
0
0
0
0
0
0
0
0
0
0
0
0
0
0
0
0
0
0
0
0
0
0
0
0
0
0
0
0
0
0
0
0
0
0
0
0
0
0
0
0
0
0
0
0
0
0
0
0
0
0
0
0
0
0
0
0
0
0
0
0
0
0
0
0
0
0
0
0
0
0
0
0
0
0
0
0
0
0
0
0
0
0
0
0
0
0
0
0
0
0
0
0
0
0
0
0
0
0
0
0
0
0
0
0
0
0
0
0
0
0
0
0
0
0
0
0
0
0
0
0
0
0
0
0
0
0
0
0
0
0
0
0
0
0
0
0
0
0
0
0
0
0
0
0
0
0
0
0
0
0
0
0
0
0
0
0
0
0
0
0
0
0
0
0
0
0
0
0
0
0
0
0
0
0
0
0
0
0
0
0
0
0
0
0
0
0
0
0
0
0
0
0
0
0
0
0
0
0
0
0
0
0
0
0
0
0
0
0
0
0
0
0
0
0
0
0
0
0
0
0
0
0
0
0
0
0
0
0
0
0
0
0
0
0
0
0
0
0
0
0
0
0
0
0
0
0
0
0
0
0
0
0
0
0
0
0
0
0
0
0
0
0
0
0
0
0
0
0
0
0
0
0
0
0
0
0
0
0
0
0
0
0
0
0
0
0
0
0
0
0
0
0
0
0
0
0
0
0
0
0
0
0
0
0
0
0
0
0
0
0
0
0
0
0
0
0
0
0
0
0
0
0
0
0
0
0
0
0
0
0
0
0
0
0
0
0
0
0
0
0
0
0
0
0
0
0
0
0
0
0
0
0
0
0
0
0
0
0
0
0
0
0
0
0
0
0
0
0
0
0
0
0
0
0
0
0
0
0
0
0
0
0
0
0
0
0
0
0
0
0
0
0
0
0
0
0
0
0
0
0
0
0
0
0
0
0
0
0
0
0
0
0
0
0
0
0
0
0
0
0
0
0
0
0
0
0
0
0
0
0
0
0
0
0
0
0
0
0
0
0
0
0
0
0
0
0
0
0
0
0
0
0
0
0
0
0
0
0
0
0
0
0
0
0
0
0
0
0
0
0
0
0
0
0
0
0
0
0
0
0
0
0
0
0
0
0
0
0
0
0
0
0
0
0
0
0
0
0
0
0
0
0
0
0
0
0
0
0
0
0
0
0
0
0
0
0
0
0
0
0
0
0
0
0
0
0
0
0
0
0
0
0
0
0
0
0
0
0
0
0
0
0
0
0
0
0
0
0
0
0
0
0
0
0
0
0
0
0
0
0
0
0
0
0
0
0
0
0
0
0
0
0
0
0
0
0
0
0
0
0
0
0
0
0
0
0
0
0
0
0
0
0
0
0
0
0
0
0
0
0
0
0
0
0
0
0
0
0
0
0
0
0
0
0
0
0
0
0
0
0
0
0
0
0
0
0
0
0
0
0
0
0
0
0
0
0
0
0
0
0
0
0
0
0
0
0
0
0
0
0
0
0
0
0
0
0
0
0
0
0
0
0
0
0
0
0
0
0
0
0
0
0
0
0
0
0
0
0
0
0
0
0
0
0
0
0
0
0
0
0
0
0
0
0
0
0
0
0
0
0
0
0
0
0
0
0
0
0
0
0
0
0
0
0
0
0
0
0
0
0
0
0
0
0
0
0
0
0
0
0
0
0
0
0
0
0
0
0
0
0
0
0
0
0
0
0
0
0
0
0
0
0
0
0
0
0
0
0
0
0
0
0
0
0
0
0
0
0
0
0
0
0
0
0
0
0
0
0
0
0
0
0
0
0
0
0
0
0
0
0
0
0
0
0
0
0
0
0
0
0
0
0
0
0
0
0
0
0
0
0
0
0
0
0
0
0
0
0
0
0
0
0
0
0
0
0
0
0
0
0
0
0
0
0
0
0
0
0
0
0
0
0
0
0
0
0
0
0
0
0
0
0
0
0
0
0
0
0
0
0
0
0
0
0
0
0
0
0
0
0
0
0
0
0
0
0
0
0
0
0
0
0
0
0
0
0
0
0
0
0
0
0
0
0
0
0
0
0
0
0
0
0
0
0
0
0
0
0
0
0
0
0
0
0
0
0
0
0
0
0
0
0
0
0
0
0
0
0
0
0
0
0
0
0
0
0
0
0
0
0
0
0
0
0
0
0
0
0
0
0
0
0
0
0
0
0
0
0
0
0
0
0
0
0
0
0
0
0
0
0
0
0
0
0
0
0
0
0
0
0
0
0
0
0
0
0
0
0
0
0
0
0
0
0
0
0
0
0
0
0
0
0
0
0
0
0
0
0
0
0
0
0
0
0
0
0
0
0
0
0
0
0
0
0
0
0
0
0
0
0
0
0
0
0
0
0
0
0
0
0
0
0
0
0
0
0
0
0
0
0
0
0
0
0
0
0
0
0
0
0
0
0
0
0
0
0
0
0
0
0
0
0
0
0
0
0
0
0
0
0
0
0
0
0
0
0
0
0
0
0
0
0
0
0
0
0
0
0
0
0
0
0
0
0
0
0
0
0
0
0
0
0
0
0
0
0
0
0
0
0
0
0
0
0
0
0
0
0
0
0
0
0
0
0
0
0
0
0
0
0
0
0
0
0
0
0
0
0
0
0
0
0
0
0
0
0
0
0
0
0
0
0
0
0
0
0
0
0
0
0
0
0
0
0
0
0
0
0
0
0
0
0
0
0
0
0
0
0
0
0
0
0
0
0
0
0
0
0
0
0
0
0
0
0
0
0
0
0
0
0
0
0
0
0
0
0
0
0
0
0
0
0
0
0
0
0
0
0
0
0
0
0
0
0
0
0
0
0
0
0
0
0
0
0
0
0
0
0
0
0
0
0
0
0
0
0
0
0
0
0
0
0
0
0
0
0
0
0
0
0
0
0
0
0
0
0
0
0
0
0
0
0
0
0
0
0
0
0
0
0
0
0
0
0
0
0
0
0
0
0
0
0
0
0
0
0
0
0
0
0
0
0
0
0
0
0
0
0
0
0
0
0
0
0
0
0
0
0
0
0
0
0
0
0
0
0
0
0
0
0
0
0
0
0
0
0
0
0
0
0
0
0
0
0
0
0
0
0
0
0
0
0
0
0
0
0
0
0
0
0
0
0
0
0
0
0
0
0
0
0
0
0
0
0
0
0
0
0
0
0
0
0
0
0
0
0
0
0
0
0
0
0
0
0
0
0
0
0
0
0
0
0
0
0
0
0
0
0
0
0
0
0
0
0
0
0
0
0
0
0
0
0
0
0
0
0
0
0
0
0
0
0
0
0
0
0
0
0
0
0
0
0
0
0
0
0
0
0
0
0
0
0
0
0
0
0
0
0
0
0
0
0
0
0
0
0
0
0
0
0
0
0
0
0
0
0
0
0
0
0
0
0
0
0
0
0
0
0
0
0
0
0
0
0
0
0
0
0
0
0
0
0
0
0
0
0
0
0
0
0
0
0
0
0
0
0
0
0
0
0
0
0
0
0
0
0
0
0
0
0
0
0
0
0
0
0
0
0
0
0
0
0
0
0
0
0
0
0
0
0
0
0
0
0
0
0
0
0
0
0
0
0
0
0
0
0
0
0
0
0
0
0
0
0
0
0
0
0
0
0
0
0
0
0
0
0
0
0
0
0
0
0
0
0
0
0
0
0
0
0
0
0
0
0
0
0
0
0
0
0
0
0
0
0
0
0
0
0
0
0
0
0
0
0
0
0
0
0
0
0
0
0
0
0
0
0
0
0
0
0
0
0
0
0
0
0
0
0
0
0
0
0
0
0
0
0
0
0
0
0
0
0
0
0
0
0
0
0
0
0
0
0
0
0
0
0
0
0
0
0
0
0
0
0
0
0
0
0
0
0
0
0
0
0
0
0
0
0
0
0
0
0
0
0
0
0
0
0
0
0
0
0
0
0
0
0
0
0
0
0
0
0
0
0
0
0
0
0
0
0
0
0
0
0
0
0
0
0
0
0
0
0
0
0
0
0
0
0
0
0
0
0
0
0
0
0
0
0
0
0
0
0
0
0
0
0
0
0
0
0
0
0
0
0
0
0
0
0
0
0
0
0
0
0
0
0
0
0
0
0
0
0
0
0
0
0
0
0
0
0
0
0
0
0
0
0
0
0
0
0
0
0
0
0
0
0
0
0
0
0
0
0
0
0
0
0
0
0
0
0
0
0
0
0
0
0
0
0
0
0
0
0
0
0
0
0
0
0
0
0
0
0
0
0
0
0
0
0
0
0
0
0
0
0
0
0
0
0
0
0
0
0
0
0
0
0
0
0
0
0
0
0
0
0
0
0
0
0
0
0
0
0
0
0
0
0
0
0
0
0
0
0
0
0
0
0
0
0
0
0
0
0
0
0
0
0
0
0
0
0
0
0
0
0
0
0
0
0
0
0
0
0
0
0
0
0
0
0
0
0
0
0
0
0
0
0
0
0
0
0
0
0
0
0
0
0
0
0
0
0
0
0
0
0
0
0
0
0
0
0
0
0
0
0
0
0
0
0
0
0
0
0
0
0
0
0
0
0
0
0
0
0
0
0
0
0
0
0
0
0
0
0
0
0
0
0
0
0
0
0
0
0
0
0
0
0
0
0
0
0
0
0
0
0
0
0
0
0
0
0
