.80555554231008
.79724945624669
.79697712262472
.81032135089239
.80283224582672
.80269608894984
.80555554231008
.80310455958049
.80487471818924
.81072986125946
.80255991220474
.81100217501322
.8043300708135
.79847494761149
.79983659585317
.81535947322845
.80269608894984
.80582787593206
.81004901727041
.78581154346466
.79752178986867
.79724945624669
.79670478900274
.80364922682444
.80977668364843
.79534312089284
.80405773719152
.80923201640447
.8032407561938
.80419391393661
.80392158031464
.79793030023575
.79724945624669
.80419391393661
.80596405267715
.78948801755905
.80487471818924
.80106208721797
.79588780800501
.79656863212585
.80678105354309
.79752177000046
.8029684027036
.8090958793958
.80187906821569
.79847494761149
.80051741997401
.79833877086639
.80650871992111
.80378540356954
.80092591047287
.78853487968445
.80283224582672
.79724945624669
.79724945624669
.79888343811035
.79942810535431
.80106208721797
.80242373545965
.794662296772
.79833877086639
.79833877086639
.8018790880839
.79234749078751
.79970043897629
.79643245538076
.78880719343821
.79738561312358
.78254357973735
.78826252619425
.79670478900274
.78867103656133
.79493463039398
.79656863212585
.78159042199453
.79847494761149
.80133440097173
.77845859527588
.79125817616781
.81277233362198
.79575163125992
.80106208721797
.80446622769038
.79398149251938
.79847494761149
.80637254317602
.78799019257228
.79112201929092
.80882354577382
.79507080713908
.80215140183767
.81127448876699
.79833879073461
.80092593034108
.8065087000529
.81032135089238
.80283224582672
.80582787593206
.81794661283493
.80378540356954
.80337689320246
.80814270178477
.81563180685043
.81277233362198
.81004901727041
.79956428209941
.79439000288645
.80378540356954
.79820261398951
.80746185779572
.81168299913406
.80296842257182
.80596403280894
.80637256304423
.80296842257182
.80936821301778
.81399784485499
.80133442083995
.81086601813634
.81331700086594
.80405773719152
.80827887852987
.80964054663976
.80296842257182
.79915577173233
.79547931750615
.79153050978978
.7958877881368
.79711329936981
.80501087506612
.79520698388418
.80473858118057
.80378540356954
.80010892947515
.80487473805745
.79997277259827
.80296842257182
.81113833189011
.80160675446192
.80419387420018
.81699347496033
.79752178986867
.80405773719152
.8101851940155
.80514705181122
.80582787593206
.80691721041997
.79942810535431
.81277233362198
.81372551123301
.80977668364843
.8114106853803
.81781047582626
.80814270178477
.80351306994756
.80732570091883
.83156319459279
.80228759845098
.81168301900228
.81862745682398
.81767429908117
.8101851940155
.82039761543274
.79929194847743
.80991286039352
.81631263097127
.81631263097127
.81971677144368
.82529956102371
.7971132795016
.81495098272959
.82557191451391
.80882352590561
.80569171905518
.81141066551208
.80392156044642
.81522329648336
.80555554231008
.8112745086352
.80977668364843
.81072984139125
.80841501553853
.81086601813634
.80637254317602
.80855119228363
.80106208721797
.8125
.80255991220474
.80596403280894
.80827887852987
.80174291133881
.80405773719152
.80909585952759
.7935729821523
.80841505527496
.80092591047287
.79915577173233
.79643245538076
.80759803454081
.80514705181122
.80065357685089
.80623640616735
.79711329936981
.80895968278249
.80868736902873
.79561547438304
.79452613989512
.80392158031464
.79343680540721
.79493463039398
.80460240443548
.79929192860921
.80705336729685
.80596405267715
.79929192860921
.81086601813634
.81045752763748
.80691721041997
.8018790880839
.80569171905518
.80936819314957
.80392156044642
.80419391393661
.80255991220474
.79425382614136
.80283224582672
.80528322855632
.79221133391062
.80092591047287
.80351306994756
.81209150950114
.79956426223119
.80351306994756
.79520696401596
.80964052677155
.80351306994756
.80133442083995
.80596405267715
.80691721041997
.80269606908162
.80868736902873
.80351306994756
.8040577173233
.80528322855632
.80678105354309
.79384531577428
.80678105354309
.81399782498678
.79983661572138
.80678105354309
.8112745086352
.79616012175878
.81290851036708
.8101851940155
.79983659585317
.80746187766393
.79942810535431
.78812634944916
.80296842257182
.81004901727041
.79629631837209
.80691721041997
.8054193854332
.80705336729685
.81413398186366
.81154684225718
.79752178986867
.80950435002645
.81018517414729
.79738561312358
.79997277259827
.81072986125946
.80337691307068
.80855119228363
.8115468621254
.79915577173233
.80882352590561
.81141066551208
.81181915601095
.80392156044642
.82625269889832
.80732570091883
.80746185779572
.8031045794487
.81032135089238
.80582789580027
.80705336729685
.81658496459325
.79942810535431
.79915575186412
.81508715947469
.81059366464615
.80337689320246
.81712963183721
.80473856131236
.80392158031464
.80746187766393
.80106208721797
.80732570091883
.81209148963292
.80582787593206
.80038126309713
.81454249223073
.80528322855632
.80419391393661
.8029684027036
.79833879073461
.81481482585271
.8054193854332
.80487471818924
.80378538370132
.8054193854332
.80174291133881
.80895968278249
.80732572078705
.79697712262472
.80065359671911
.80936817328135
.8031045794487
.84381808837255
.8103213707606
.79942810535431
.80283224582672
.80364922682444
.80337691307068
.79806645711263
.81277233362198
.80405773719152
.80255991220474
.80623636643092
.78880721330643
.8043300708135
.80964052677155
.80119826396306
.8125
.81399780511856
.80160675446192
.81399780511856
.80895970265071
.8218954205513
.79970043897629
.81209150950114
.81399782498678
.80800654490789
.81222766637802
.82489105065664
.79833877086639
.81209150950114
.81427015860875
.7971132795016
.8065087000529
.80664487679799
.80950436989466
.81072984139125
.81617645422618
.80582787593206
.80174293120702
.80283224582672
.79874726136525
.80664489666621
.8137254913648
.79942810535431
.80610020955404
.81753812233607
.80637254317602
.81195533275604
.81712963183721
.79983659585317
.81181917587916
.80855119228363
.80814272165298
.80610020955404
.81113835175832
.82611658175786
.79765796661377
.81045752763748
.80691721041997
.81454247236252
.80582789580027
.80051741997401
.80514705181122
.80923203627268
.7947984735171
.79261982440948
.80623636643092
.80106208721797
.79384531577428
.80514705181122
.7958877881368
.79153050978978
.79656863212585
.79384531577428
.79016884167989
.8031045794487
.78867101669312
.79180284341176
.79901961485545
.78976035118103
.7971132795016
.78907950719198
.79684096574783
.79221133391062
.78812636931737
.78758170207342
.78499454259872
.78322440385818
.78799019257228
.77532680829366
.78867103656133
.79398147265116
.80160675446192
.79493463039398
.80065357685089
.78730936845144
.79588780800501
.80487471818924
.79793030023575
.80024510622025
.80351306994756
.78635621070862
.79779414335887
.79616014162699
.79588780800502
.7938453356425
.80541940530141
.78812636931737
.77982026338577
.79956426223119
.78649238745372
.79398149251938
.80596405267715
.79888345797857
.79997275273005
.80051741997401
.78880717357
.80024508635203
.7982025941213
.79779412349065
.79112199942271
.81018517414729
.7937091588974
.80895968278249
.79616014162699
.80623636643092
.80446624755859
.81059368451436
.80283224582672
.80351306994756
.81876361370087
.80528322855632
.80038126309713
.81100219488144
.80501089493434
.80078975359599
.81427015860875
.80446620782216
.80133442083995
.80242375532786
.79684096574783
.79670478900274
.79997277259827
.80119826396306
.79588780800501
.80296842257182
.80610022942225
.78962417443593
.80174291133881
.81740196545919
.80024510622025
.8041938940684
.80582787593206
.80106208721797
.81985292832057
.82434640328089
.80215140183767
.80392156044642
.81440633535385
.80650871992111
.8114106853803
.81563180685043
.80255991220474
.8112745086352
.81045750776927
.80841501553853
.80255993207296
.81072986125946
.81113835175832
.79670476913452
.80841503540675
.79411764939626
.79929194847743
.8041938940684
.8395969470342
.86220043897629
.83496731519699
.79806643724442
.80419391393661
.81685731808345
.8018790880839
.80446622769038
.81767429908117
.81209150950114
.80868736902873
.81100217501322
.79929192860921
.79847492774328
.8125
.79779410362244
.79915577173233
.80909585952759
.80378538370132
.79970043897629
.81072986125946
.79724945624669
.79970043897629
.80364922682444
.80010894934336
.79970043897629
.81181915601095
.79970041910807
.80827887852987
.80446622769038
.8208061059316
.82448256015778
.81781045595805
.81685729821523
.80446624755859
.81032135089238
.80868736902873
.80895968278249
.80501089493434
.81045750776927
.79425380627314
.80650871992111
.81522329648336
.79942808548609
.80269608894984
.80718954404195
.79929194847743
.80351306994756
.79942810535431
.80337691307068
.80814270178477
.80855121215185
.80855119228363
.80555554231008
.80242375532786
.80705336729685
.81318082412084
.80637256304423
.79452613989512
.79384531577428
.80746185779572
.80228757858276
.80800652503967
.80283222595851
.80895970265071
.80746189753215
.81413398186366
.80759803454081
.81481482585271
.80024510622025
.81277233362198
.81427015860875
.82352942228317
.80337691307068
.80378540356954
.82162308692932
.80038126309713
.80923203627268
.81304464737574
.80909583965937
.80174293120702
.80882352590561
.80555556217829
.80718954404195
.8112745086352
.8041938940684
.79929194847743
.80487473805745
.80460238456726
.79670480887095
.80228757858276
.81154684225718
.80487471818924
.81604031721751
.81944443782171
.81549563010534
.81998910506566
.82284859816233
.80759805440903
.81821896632512
.81413398186366
.78962417443593
.81304466724396
.81726580858231
.81331700086594
.81821894645691
.81631263097127
.81413400173187
.80514705181122
.81045752763748
.79970041910807
.81413398186366
.81141066551208
.80024508635203
.80255991220474
.82039761543274
.80501089493434
.79956426223119
.81427015860875
.8115468621254
.81495098272959
.81113835175832
.79833879073461
.8137254913648
.81835510333379
.80882352590561
.80147057771683
.81454249223073
.80215142170588
.79724945624669
.80732572078705
.79452612002691
.8054193854332
.81318082412084
.80895968278249
.80650871992111
.81222766637802
.80378538370132
.80501089493434
.80895970265071
.80119824409485
.81045752763748
.81181917587916
.79997277259827
.79370913902918
.79316447178523
.79793028036753
.80296842257182
.81032135089238
.80051741997401
.8029684027036
.80228757858276
.80637256304423
.81195535262426
.80923201640447
.81549564997355
.8065087000529
.81454247236252
.81631263097127
.80650871992111
.81454249223073
.81059370438258
.80269606908162
.8123638232549
.80664487679799
.80269606908162
.81685729821523
.81726578871409
.80228757858276
.80351308981578
.80923201640447
.80106208721797
.81195533275604
.81386166810989
.81154684225718
.81712963183721
.81889979044596
.81100219488144
.79806645711263
.8208061059316
.80324073632558
.8209422826767
.82094226280848
.82298475503922
.81794663270315
.83387800057729
.81576798359553
.81522331635157
.81644880771637
.822984735171
.82325706879298
.81086601813634
.80895970265071
.81604031721751
.82026143868764
.80773421128591
.81072984139125
.82175928354263
.81154682238897
.81535947322845
.81712963183721
.81209148963292
.81263615687688
.81726578871409
.80787036816279
.8115468621254
.81372547149658
.80419391393661
.81685731808345
.82911219199498
.8065087000529
.81331700086594
.81549563010534
.81386164824168
.81181915601095
.82257626454035
.82380173603694
.81250001986821
.8209422826767
.8231209119161
.81862745682398
.81522331635157
.82938452561696
.84803920984268
.82570807139079
.82761436700821
.81004901727041
.82734203338623
.82775052388509
.81971677144368
.81590414047241
.82557189464569
.81631263097127
.82407406965892
.8323801557223
.82271242141724
.83210784196854
.83755445480347
.81917212406794
.81644878784815
.8208061059316
.8125
.8206699291865
.82135077317556
.82489107052485
.8126361767451
.82815905412038
.83483113845189
.83374182383219
.82584422826767
.82611654202143
.83306099971135
.83632896343867
.8220315972964
.83387798070908
.84449891249339
.84055010477702
.83796294530233
.8562091588974
.86751091480255
.86165577173233
.875
.86655773719152
.90168845653534
.88262528181076
.88494006792704
.89052287737528
.90781589349111
.89760347207387
.91244552532832
.9282407561938
.92728757858276
.92401963472366
.93818082412084
.95084422826767
.94308280944824
.94485294818878
.96051198244095
.95915031433105
.95710786183675
.96963508923848
.96922657887141
.97671568393707
.9835239648819
.98529410362244
.98175382614136
1.0017701387405
.99373638629913
1.0050381422043
1.0118464231491
1.0103485782941
1.0182461738586
1.018382370472
1.0179738998413
1.0221950213114
1.0349945624669
1.0277777910233
1.0247821410497
1.0457516511281
1.0416666666667
1.0543300310771
1.0623638232549
1.0569172302882
1.0644063154856
1.0652233362198
1.0615468025208
1.0705337524414
1.078839858373
1.0841503143311
1.0857843160629
1.0912309487661
1.09177561601
1.105664451917
1.1074346701304
1.1107026338577
1.1214597225189
1.1214596827825
1.1267701387405
1.1315359671911
1.1474672953288
1.1432462135951
1.1545479695002
1.1568627357483
1.1644880374273
1.1767429113388
1.1899509429932
1.1870915492376
1.1925381024679
1.2110566298167
1.2116013367971
1.209694981575
1.2273965279261
1.2188180685043
1.2362472613653
1.2438725630442
1.25
1.2524509827296
1.2573529481888
1.2730120023092
1.2614379326502
1.2709695100784
1.2717864910762
1.2822712262472
1.272194981575
1.2772331237793
1.2821350495021
1.2952069838842
1.3036492268244
1.3024237155914
1.3051470915476
1.3138616085052
1.315904100736
1.3292483488719
1.3308823506037
1.3344227075577
1.346949895223
1.3514433701833
1.3472222089767
1.3587963183721
1.3590686321259
1.3566176493963
1.3713235457738
1.3567537864049
1.3702342112859
1.3754084904989
1.3760893344879
1.3694171905518
1.3853485981623
1.3826252619425
1.3800381422043
1.3839869101842
1.3941993713379
1.3965141773224
1.4010076125463
1.3981481790543
1.4022331237793
1.3857570886612
1.4020969867706
1.3935185273488
1.3936547040939
1.4012800057729
1.3997821410497
1.3947440385818
1.4276960690816
1.3933823506037
1.3970588048299
1.4079520702362
1.3886165618896
1.3917483488719
1.3951524893443
1.3921568393707
1.3902505238851
1.3955610195796
1.3781317869822
1.3718681732814
1.3702342112859
1.373774488767
1.3523965279261
1.3579792976379
1.3641067345937
1.3517156839371
1.3593409458796
1.3596132993698
1.3440904219945
1.3406862417857
1.3367374738057
1.3326525290807
1.3172657887141
1.3372821013133
1.3093682130178
1.3220316171646
1.3129084904989
1.2890795469284
1.2998365958532
1.2965686321259
1.2870370546977
1.2689270178477
1.281454205513
1.2561274766922
1.2497276465098
1.2365196148554
1.2257625261943
1.2132352987925
1.2188181082408
1.1978485584259
1.1802832285563
1.1751089493434
1.1520969470342
1.1578159332275
1.1583605607351
1.136710246404
1.1348039309184
1.1368463834127
1.1037581761678
1.1043028434118
1.1112472613653
1.0996731917063
1.0944989124934
1.1003540356954
1.0762526988983
1.0802015066147
1.0848311583201
1.0659041404724
1.052559932073
1.0600490172704
1.0438453356425
1.0558278560638
1.0492919286092
1.0351306994756
1.0389433701833
1.0313180685043
1.028594772021
1.012663424015
1.020969470342
1.0055827697118
1.0054466327031
1.0099401076635
.99700436989466
.99332789580027
.98325163125992
.99196622769038
.98611112435659
.97834966580073
.97862201929092
.97045207023621
.97263071934382
.96881808837255
.96936275561651
.9552015264829
.95261438687642
.94240196545919
.94989107052485
.94989107052485
.92483659585317
.93722766637802
.94553377230962
.94308278958003
.92606208721797
.93940631548564
.91571350892385
.92156863212585
.92238561312358
.90985838572184
.91639433304469
.92184096574783
.90400326251984
.90890524784724
.90985838572184
.90386710564295
.9030500849088
.91802831490835
.9116285443306
.90032678842545
.91557735204697
.90495642026265
.90209696690242
.90495644013087
.89869280656179
.90386710564295
.89474399884542
.89556101957957
.89052287737528
.89351850748062
.88357843955358
.87813180685043
.88902505238851
.93055556217829
.86737473805745
.87309368451436
.86342591047287
.85934096574783
.86560455958049
.85157950719198
.85661762952805
.86424293120702
.84490742286046
.85076250632604
.84940087795258
.85253268480301
.83823529879252
.84531589349111
.85757080713908
.83374184370041
.85675380627314
.84300108750661
.82706971963247
.82870370149612
.82761438687642
.82107843955358
.82706969976425
.84095861514409
.82352940241496
.8195806145668
.82625273863475
.81930828094482
.8289760351181
.8195806145668
.80882352590561
.81290849049886
.8195806145668
.82380173603694
.81277233362198
.82352942228317
.81004901727041
.80746185779572
.81699347496033
.80991284052531
.8148148059845
.82284857829412
.8206699291865
.81712963183721
.81658496459325
.80473854144414
.81549563010534
.80923203627268
.80473858118057
.8054193854332
.81535947322845
.8114106853803
.80977668364843
.81726580858231
.80787036816279
.8018790880839
.80882354577382
.8063725233078
.80773419141769
.81658496459325
.80160675446192
.8029684027036
.81100217501322
.80895968278249
.82489105065664
.79684094587962
.81345315774282
.81004899740219
.81277231375376
.80773421128591
.81821896632512
.82434640328089
.82557189464569
.82720589637756
.81821894645691
.82066994905472
.81835512320201
.81849128007889
.81250001986821
.80759803454081
.81154684225718
.81944445768992
.81195535262426
.80964052677155
.81781045595805
.8112745086352
.8137254913648
.82339324553808
.8054193854332
.81277233362198
.80964052677155
.80269608894984
.81141066551208
.83333333333333
.81168299913406
.81712963183721
.8220315972964
.8112745086352
.80623638629913
.81399782498678
.80746187766393
.81563180685043
.81522329648336
.79670478900274
.80841501553853
.80923201640447
.79820263385773
.79874728123347
.80882354577382
.80528322855632
.81236384312312
.80746185779572
.80882354577382
.81004901727041
.8101851940155
.81413398186366
.8043300708135
.81604029734929
.80787036816279
.81263615687688
.81644878784815
.80759805440903
.81617647409439
.80664487679799
.80160675446192
.81127452850342
.80964052677155
.80446624755859
.80174291133881
.80950436989466
.81195533275604
.80364922682444
.8054193854332
.8041938940684
.80691721041997
.81304466724396
.80855121215185
.80814270178477
.80827885866165
.81086601813634
.80255991220474
.80555556217829
.82135075330734
.8009259502093
.81604031721751
.82271242141724
.80364924669266
.81331698099772
.82162308692932
.80065359671911
.81045752763748
.81658496459325
.81086599826813
.81236384312312
.81699347496033
.81141066551208
.81413400173187
.8126361767451
.81685729821523
.81100217501322
.81876361370087
.80051741997401
.81889977057775
.80814270178477
.83319717645645
.81154684225718
.80868734916051
.80119826396306
.81004901727041
.82094226280848
.8031045794487
.79084968566895
.80623638629913
.79888343811035
.80882352590561
.80283222595851
.80215142170588
.80746187766393
.8103213707606
.80133442083995
.79752178986867
.80228759845098
.79956428209941
.80596405267715
.8018790880839
.78907950719198
.79616012175878
.81222768624624
.81617645422618
.80637254317602
.81004901727041
.79425380627314
.79874728123347
.8101851940155
.80664487679799
.8052832086881
.81236384312312
.81168301900228
.80106208721797
.79793028036753
.80092591047287
.78962419430415
.8137254913648
.80964050690333
.80718954404195
.80787036816279
.82121459643046
.80038126309713
.81427013874054
.81236384312312
.80841503540675
.80065359671911
.8135893146197
.80460238456726
.8101851940155
.80759805440903
.79452613989512
.82516340414683
.8252995411555
.80514707167943
.80678105354309
.81072984139125
.79561547438304
.80174293120702
.81454249223073
.80147057771683
.81522329648336
.8148148059845
.80106210708618
.81998910506566
.81767427921295
.79942808548609
.80787036816279
.81195533275604
.79575163125992
.82012528181076
.81413398186366
.80610020955404
.81127452850342
.81604029734929
.81100217501322
.81617647409439
.81740196545919
.80746187766393
.81059368451436
.80936821301778
.81195533275604
.80392158031464
.81549564997355
.80991286039352
.82107843955358
.81631263097127
.81154684225718
.82066994905472
.80855121215185
.81631263097127
.81808278958003
.80759803454081
.81971677144368
.8123638232549
.80324071645737
.80351306994756
.79398147265116
.80800654490789
.80787034829458
.79057733217875
.8041938940684
.80746187766393
.79779412349065
.80378540356954
.80378540356954
.79643245538076
.79997277259827
.80514707167943
.80133442083995
.80392156044642
.80637254317602
.8029684027036
.80895968278249
.81072986125946
.79575165112813
.81032133102417
.8148148059845
.80106208721797
.80718952417374
.81427015860875
.80051743984222
.80759803454081
.81345315774282
.79738561312358
.79616014162699
.80201524496078
.79738563299179
.79684096574783
.80637254317602
.79997275273005
.80269606908162
.79793028036753
.79343682527542
.80637256304423
.7957516113917
.80160675446192
.80147059758504
.79520696401596
.79861112435659
.79261982440948
.80473856131236
.80283222595851
.80119824409485
.80855119228363
.80882352590561
.80215142170588
.80800652503967
.79234749078751
.8031045794487
.80351308981578
.80487471818924
.80092593034109
.79438998301824
.80446622769038
.79534312089284
.80283224582672
.80977668364843
.81495098272959
.80487473805745
.81604029734929
.80364924669266
.80201524496078
.84014161427816
.80555556217829
.80460238456726
.81277233362198
.8043300708135
.80569171905518
.80746185779572
.79983659585317
.79438998301824
.80664487679799
.80215142170588
.80610020955404
.80460240443548
.7949346502622
.80705336729685
.80841501553853
.80310455958048
.81004901727041
.80895970265071
.79534314076106
.79534314076106
.80283224582672
.80882350603739
.80569171905518
.80936819314957
.80147057771683
.80433005094528
.79929194847743
.79956428209941
.79425382614136
.80678105354309
.79874728123347
.79806645711263
.80855119228363
.80787036816279
.80814270178477
.81318082412084
.79711329936981
.81100219488144
.81399782498678
.79547931750615
.8018790880839
.8114106853803
.80541940530141
.80473856131236
.81263615687688
.80964052677155
.80269608894984
.81072986125946
.80964052677155
.80664487679799
.81141066551208
.81604029734929
.81331700086594
.80392156044642
.82666120926539
.81086601813634
.80582787593206
.80827885866165
.82230393091838
.8101851940155
.8101851940155
.81427015860875
.80950435002645
.82012528181076
.80732570091883
.7971132795016
.80473854144414
.80855121215185
.81576798359553
.81740196545919
.79942810535431
.80092593034108
.80773423115412
.79942808548609
.79507082700729
.80487473805745
.80868736902873
.80650871992111
.79547931750615
.79970043897629
.79915577173233
.81100219488144
.80610022942225
.8031045794487
.82039761543274
.80610020955404
.80759805440903
.81454247236252
.81522331635157
.81154682238897
.81753814220428
.80678103367488
.80827885866165
.81168299913406
.822984735171
.80827885866165
.81222768624624
.81168299913406
.82434640328089
.80487471818924
.79616012175878
.79861110448837
.8114106853803
.80623638629913
.79806645711263
.81113835175832
.79016884167989
.80501089493434
.8007897734642
.80732572078705
.81113835175832
.81290849049886
.81576798359553
.80964052677155
.81876361370087
.81658496459325
.81522331635157
.81331702073415
.8101851940155
.80378540356954
.81032135089238
.81658498446147
.80800652503967
.80923201640447
.80800652503967
.80555556217829
.81209148963292
.81808278958003
.80119824409485
.81467864910762
.80895968278249
.80746187766393
.80255991220474
.80746185779572
.8031045794487
.80773419141769
.80501089493434
.80555556217829
.80446622769038
.81018517414729
.80242373545965
.79983661572138
.8137254913648
.80337691307068
.80160673459371
.80800654490789
.80895970265071
.80378540356954
.81508713960648
.80283224582672
.81004903713862
.8126361767451
.8009259502093
.80051741997401
.81685727834702
.80596405267715
.80255991220474
.8115468621254
.81032133102417
.80446622769038
.81277233362198
.81222766637802
.80759803454081
.80364924669266
.82489107052485
.79970043897629
.81821896632512
.79983659585317
.80255991220474
.80664487679799
.8029684027036
.79738561312358
.80310455958049
.81195535262426
.78880719343821
.8137254913648
.81658496459325
.80841503540675
.79833879073461
.81304464737574
.80732572078705
.79479849338531
.81808278958003
.80201524496078
.79929192860921
.81821896632512
.80610022942225
.79888345797857
.80433005094528
.80065357685089
.80133442083995
.81467864910762
.80460240443548
.80950436989466
.81345317761103
.79629629850388
.81304464737574
.80215140183767
.79806643724442
.80501089493434
.84490740299225
.81481482585271
.81181917587916
.82489109039307
.8031045794487
.79752177000046
.80841501553853
.81181917587916
.79888343811035
.81222764650981
.80501089493434
.81794661283493
.81903594732285
.8135893146197
.81100217501322
.81535949309667
.8029684027036
.80487473805745
.81318082412084
.79166664679845
.80528322855632
.81808278958003
.79343682527542
.79684094587962
.81290849049886
.79547931750615
.80133442083995
.80936819314957
.80582789580027
.80324073632558
.80024510622025
.81386164824168
.80460240443548
.81195533275604
.81753814220428
.8101851940155
.80732570091883
.81440631548564
.80378540356954
.81345317761103
.81059368451436
.80773421128591
.81685729821523
.81318082412084
.80187906821569
.80582789580027
.81590414047241
.80174293120702
.79874726136525
.81508715947469
.80215140183767
.80160675446192
.80950433015823
.81440631548564
.80964050690333
.81072984139125
.78867101669312
.81889977057775
.81481482585271
.80514707167943
.80065359671911
.80473858118057
.81018517414729
.79670480887095
.81576798359553
.79670478900274
.79833879073461
.80814272165298
.81113835175832
.80855121215185
.82489107052485
.81168301900228
.81658494472504
.81467864910762
.80378540356954
.80010894934336
.81277233362198
.79275598128637
.80841503540675
.81181917587916
.80324073632558
.81304466724396
.81767427921295
.81658496459325
.81781043608983
.81930828094482
.80895970265071
.80746187766393
.81740196545919
.83224399884542
.86002177000046
.81236384312312
.81113835175832
.81958063443502
.81277233362198
.82706971963247
.81004901727041
.81004901727041
.81808278958003
.81604031721751
.81413398186366
.81563180685043
.81032133102417
.81998910506566
.81358933448792
.80950435002645
.80650871992111
.8043300708135
.80228757858276
.80855119228363
.80637254317602
.80269608894984
.80378538370132
.80010892947515
.80078975359599
.81781045595805
.81181917587916
.79398147265116
.80569171905518
.81086601813634
.80242375532786
.80827885866165
.81086601813634
.79411766926448
.79275598128637
.80814268191655
.79616012175878
.78976033131282
.79193900028865
.78839868307114
.79561547438304
.80473856131236
.79003268480301
.794662296772
.81100217501322
.79656863212585
.81086601813634
.80514707167943
.79915577173233
.79765794674555
.81508713960648
.80106210708618
.79738561312358
.81113835175832
.80024510622025
.81658498446147
.81617645422618
.8029684027036
.80283224582672
.8007897734642
.80460238456726
.79861112435659
.81358933448792
.81753814220428
.80610020955404
.79956426223119
.81127448876699
.7935729821523
.81100217501322
.80664485692978
.80269608894984
.80160675446192
.80038126309713
.7971132795016
.81059368451436
.81018517414729
.79997277259827
.79452615976334
.80991284052531
.79847494761149
.79153048992157
.80514705181122
.79180284341176
.80664485692978
.81726578871409
.7937091588974
.79861112435659
.81508713960648
.8054193854332
.79942810535431
.80964050690333
.80065359671911
.80514705181122
.81127452850342
.79915577173233
.8101851940155
.80678105354309
.80569171905518
.81168301900228
.81045752763748
.80392156044642
.80106208721797
.81467864910762
.81059368451436
.80487471818924
.81917210419973
.80147057771683
.80800654490789
.8135893146197
.81086601813634
.8135893146197
.80433005094528
.79847494761149
.80215140183767
.8148148059845
.80119826396306
.80242375532786
.81835510333379
.80147059758504
.80010892947515
.80732572078705
.79901959498723
.79956426223119
.80174291133881
.81590414047241
.80936819314957
.81072984139125
.8123638232549
.80065359671911
.80800652503967
.8135893146197
.80800654490789
.80310455958049
.81072984139125
.79275600115458
.80882350603739
.80160675446192
.79670478900274
.80787036816279
.81767429908117
.79724945624669
.8018790880839
.81250001986821
.79888343811035
.80487473805745
.80147057771683
.79874728123347
.81209150950114
.80936819314957
.8065087000529
.81563180685043
.80773421128591
.79861110448837
.80541940530141
.81427015860875
.802015264829
.79956426223119
.79656863212585
.7971132795016
.85375815629959
.81576798359553
.82094226280848
.80555556217829
.81467864910762
.79575165112813
.80473856131236
.80855121215185
.79793028036753
.79956428209941
.80351306994756
.78880719343821
.79575163125992
.79820261398951
.81045750776927
.81236384312312
.80732572078705
.80378540356954
.80283224582672
.80596405267715
.80541940530141
.80514707167943
.8054193854332
.79874728123347
.81072984139125
.8052832086881
.81386166810989
.79956426223119
.80678105354309
.80991286039352
.8112745086352
.81563180685043
.81209150950114
.80337691307068
.81413400173187
.81522331635157
.8112745086352
.80827885866165
.81277233362198
.80283224582672
.80977668364843
.80324071645737
.79901961485545
.8135893146197
.79793028036753
.79861110448837
.80160675446192
.81181917587916
.79684096574783
.80991286039352
.80610020955404
.79997275273005
.80528322855632
.80582787593206
.79684094587962
.8206699291865
.79956426223119
.79956426223119
.79915577173233
.80637254317602
.78404140472412
.79942810535431
.80092593034109
.79153048992157
.80255991220474
.80133442083995
.79847494761149
.78894337018331
.79956426223119
.81045752763748
.80242375532786
.7971132795016
.79289215803146
.79833877086639
.7864923675855
.79234751065572
.79806643724442
.79616012175878
.78472222884496
.79765794674555
.80800654490789
.79724945624669
.8031045794487
.80800654490789
.79507080713908
.79248364766439
.79425382614136
.7958877881368
.78717319170634
.81209150950114
.79098582267761
.78812634944916
.78295209010442
.80827885866165
.79044119517008
.79779412349065
.80569171905518
.79016886154811
.79044117530187
.79084968566895
.77464598417282
.78989650805791
.78594770034154
.78717321157455
.80392156044642
.81181915601095
.81794663270315
.80555556217829
.8126361767451
.80596405267715
.81236384312312
.81535947322845
.8041938940684
.80678105354309
.81318084398905
.80255991220474
.80473856131236
.80582787593206
.79302831490835
.78921568393707
.79656863212585
.79983659585317
.79411764939626
.81617645422618
.79643247524897
.79697712262472
.80310455958048
.7937091588974
.80705336729685
.80283224582672
.79765794674555
.8007897734642
.80623638629913
.78608387708664
.79534314076106
.802015264829
.79738563299179
.79139433304469
.79915579160055
.79833877086639
.8021514415741
.81195533275604
.79629627863566
.80010892947515
.80269606908162
.80228757858276
.79929192860921
.80800652503967
.81644880771637
.80882352590561
.80868736902873
.81100217501322
.79479845364889
.80936821301778
.81726578871409
.8029684027036
.80746187766393
.81222766637802
.80610020955404
.80501089493434
.80882350603739
.79629629850388
.80678105354309
.80759803454081
.80787036816279
.80555554231008
.81059368451436
.80296842257182
.79438996315002
.80678105354309
.80160675446192
.79779410362244
.80650871992111
.79221133391062
.80092593034108
.80378540356954
.7960239648819
.79806643724442
.80936817328135
.80106208721797
.8007897734642
.79779412349065
.79193898042043
.79575163125992
.79915575186412
.79847492774328
.79847494761149
.79629631837209
.79561547438304
.79588780800502
.80487473805745
.79207513729731
.80787034829458
.81427015860875
.80991286039352
.80283224582672
.80051743984222
.79316449165344
.79765794674555
.79833877086639
.79656861225764
.79588780800502
.8040577173233
.78921568393707
.80051741997401
.80678105354309
.80174291133881
.80501089493434
.80119824409485
.80092593034109
.7864923675855
.79248364766439
.80187906821569
.78989652792613
.79616014162699
.80596405267715
.7852668762207
.80174291133881
.79384531577428
.78839870293935
.79575165112813
.80255989233653
.78077342112859
.78513071934382
.7937091588974
.78172659873962
.78581154346466
.79289215803146
.78118191162745
.78063724438349
.78349673748016
.77587147553762
.77668845653534
.77505445480347
.7606209119161
.76756536960602
.78581156333288
.76552287737528
.77287580569585
.78417758146922
.76388889551163
.77450980742772
.77437365055084
.75394878784815
.76198256015778
.76416122913361
.74918299913406
.7523148059845
.76116557916005
.73488563299179
.74074071645737
.7404684027036
.72875815629959
.73583877086639
.73366014162699
.72099673748016
.71813726425171
.72358387708664
.7062908411026
.69757624467214
.70438452561696
.68423203627268
.68395968278249
.68327885866165
.66435186068217
.66489650805791
.65604575475057
.63017427921295
.63602942228317
.62091501553853
.58088237047195
.64882898330688
0
0
0
0
0
0
0
0
0
0
0
0
0
0
0
0
0
0
0
0
0
0
0
0
0
0
0
0
0
0
0
0
0
0
0
0
0
0
0
0
0
0
0
0
0
0
0
0
0
0
0
0
0
0
0
0
0
0
0
0
0
0
0
0
0
0
0
0
0
0
0
0
0
0
0
0
0
0
0
0
0
0
0
0
0
0
0
0
0
0
0
0
0
0
0
0
0
0
0
0
0
0
0
0
0
0
0
0
0
0
0
0
0
0
0
0
0
0
0
0
0
0
0
0
0
0
0
0
0
0
0
0
0
0
0
0
0
0
0
0
0
0
0
0
0
0
0
0
0
0
0
0
0
0
0
0
0
0
0
0
0
0
0
0
0
0
0
0
0
0
0
0
0
0
0
0
0
0
0
0
0
0
0
0
0
0
0
0
0
0
0
0
0
0
0
0
0
0
0
0
0
0
0
0
0
0
0
0
0
0
0
0
0
0
0
0
0
0
0
0
0
0
0
0
0
0
0
0
0
0
0
0
0
0
0
0
0
0
0
0
0
0
0
0
0
0
0
0
0
0
0
0
0
0
0
0
0
0
0
0
0
0
0
0
0
0
0
0
0
0
0
0
0
0
0
0
0
0
0
0
0
0
0
0
0
0
0
0
0
0
0
0
0
0
0
0
0
0
0
0
0
0
0
0
0
0
0
0
0
0
0
0
0
0
0
0
0
0
0
0
0
0
0
0
0
0
0
0
0
0
0
0
0
0
0
0
0
0
0
0
0
0
0
0
0
0
0
0
0
0
0
0
0
0
0
0
0
0
0
0
0
0
0
0
0
0
0
0
0
0
0
0
0
0
0
0
0
0
0
0
0
0
0
0
0
0
0
0
0
0
0
0
0
0
0
0
0
0
0
0
0
0
0
0
0
0
0
0
0
0
0
0
0
0
0
0
0
0
0
0
0
0
0
0
0
0
0
0
0
0
0
0
0
0
0
0
0
0
0
0
0
0
0
0
0
0
0
0
0
0
0
0
0
0
0
0
0
0
0
0
0
0
0
0
0
0
0
0
0
0
0
0
0
0
0
0
0
0
0
0
0
0
0
0
0
0
0
0
0
0
0
0
0
0
0
0
0
0
0
0
0
0
0
0
0
0
0
0
0
0
0
0
0
0
0
0
0
0
0
0
0
0
0
0
0
0
0
0
0
0
0
0
0
0
0
0
0
0
0
0
0
0
0
0
0
0
0
0
0
0
0
0
0
0
0
0
0
0
0
0
0
0
0
0
0
0
0
0
0
0
0
0
0
0
0
0
0
0
0
0
0
0
0
0
0
0
0
0
0
0
0
0
0
0
0
0
0
0
0
0
0
0
0
0
0
0
0
0
0
0
0
0
0
0
0
0
0
0
0
0
0
0
0
0
0
0
0
0
0
0
0
0
0
0
0
0
0
0
0
0
0
0
0
0
0
0
0
0
0
0
0
0
0
0
0
0
0
0
0
0
0
0
0
0
0
0
0
0
0
0
0
0
0
0
0
0
0
0
0
0
0
0
0
0
0
0
0
0
0
0
0
0
0
0
0
0
0
0
0
0
0
0
0
0
0
0
0
0
0
0
0
0
0
0
0
0
0
0
0
0
0
0
0
0
0
0
0
0
0
0
0
0
0
0
0
0
0
0
0
0
0
0
0
0
0
0
0
0
0
0
0
0
0
0
0
0
0
0
0
0
0
0
0
0
0
0
0
0
0
0
0
0
0
0
0
0
0
0
0
0
0
0
0
0
0
0
0
0
0
0
0
0
0
0
0
0
0
0
0
0
0
0
0
0
0
0
0
0
0
0
0
0
0
0
0
0
0
0
0
0
0
0
0
0
0
0
0
0
0
0
0
0
0
0
0
0
0
0
0
0
0
0
0
0
0
0
0
0
0
0
0
0
0
0
0
0
0
0
0
0
0
0
0
0
0
0
0
0
0
0
0
0
0
0
0
0
0
0
0
0
0
0
0
0
0
0
0
0
0
0
0
0
0
0
0
0
0
0
0
0
0
0
0
0
0
0
0
0
0
0
0
0
0
0
0
0
0
0
0
0
0
0
0
0
0
0
0
0
0
0
0
0
0
0
0
0
0
0
0
0
0
0
0
0
0
0
0
0
0
0
0
0
0
0
0
0
0
0
0
0
0
0
0
0
0
0
0
0
0
0
0
0
0
0
0
0
0
0
0
0
0
0
0
0
0
0
0
0
0
0
0
0
0
0
0
0
0
0
0
0
0
0
0
0
0
0
0
0
0
0
0
0
0
0
0
0
0
0
0
0
0
0
0
0
0
0
0
0
0
0
0
0
0
0
0
0
0
0
0
0
0
0
0
0
0
0
0
0
0
0
0
0
0
0
0
0
0
0
0
0
0
0
0
0
0
0
0
0
0
0
0
0
0
0
0
0
0
0
0
0
0
0
0
0
0
0
0
0
0
0
0
0
0
0
0
0
0
0
0
0
0
0
0
0
0
0
0
0
0
0
0
0
0
0
0
0
0
0
0
0
0
0
0
0
0
0
0
0
0
0
0
0
0
0
0
0
0
0
0
0
0
0
0
0
0
0
0
0
0
0
0
0
0
0
0
0
0
0
0
0
0
0
0
0
0
0
0
0
0
0
0
0
0
0
0
0
0
0
0
0
0
0
0
0
0
0
0
0
0
0
0
0
0
0
0
0
0
0
0
0
0
0
0
0
0
0
0
0
0
0
0
0
0
0
0
0
0
0
0
0
0
0
0
0
0
0
0
0
0
0
0
0
0
0
0
0
0
0
0
0
0
0
0
0
0
0
0
0
0
0
0
0
0
0
0
0
0
0
0
0
0
0
0
0
0
0
0
0
0
0
0
0
0
0
0
0
0
0
0
0
0
0
0
0
0
0
0
0
0
0
0
0
0
0
0
0
0
0
0
0
0
0
0
0
0
0
0
0
0
0
0
0
0
0
0
0
0
0
0
0
0
0
0
0
0
0
0
0
0
0
0
0
0
0
0
0
0
0
0
0
0
0
0
0
0
0
0
0
0
0
0
0
0
0
0
0
0
0
0
0
0
0
0
0
0
0
0
0
0
0
0
0
0
0
0
0
0
0
0
0
0
0
0
0
0
0
0
0
0
0
0
0
0
0
0
0
0
0
0
0
0
0
0
0
0
0
0
0
0
0
0
0
0
0
0
0
0
0
0
0
0
0
0
0
0
0
0
0
0
0
0
0
0
0
0
0
0
0
0
0
0
0
0
0
0
0
0
0
0
0
0
0
0
0
0
0
0
0
0
0
0
0
0
0
0
0
0
0
0
0
0
0
0
0
0
0
0
0
0
0
0
0
0
0
0
0
0
0
0
0
0
0
0
0
0
0
0
0
0
0
0
0
0
0
0
0
0
0
0
0
0
0
0
0
0
0
0
0
0
0
0
0
0
0
0
0
0
0
0
0
0
0
0
0
0
0
0
0
0
0
0
0
0
0
0
0
0
0
0
0
0
0
0
0
0
0
0
0
0
0
0
0
0
0
0
0
0
0
0
0
0
0
0
0
0
0
0
0
0
0
0
0
0
0
0
0
0
0
0
0
0
0
0
0
0
0
0
0
0
0
0
0
0
0
0
0
0
0
0
0
0
0
0
0
0
0
0
0
0
0
0
0
0
0
0
0
0
0
0
0
0
0
0
0
0
0
0
0
0
0
0
0
0
0
0
0
0
0
0
0
0
0
0
0
0
0
0
0
0
0
0
0
0
0
0
0
0
0
0
0
0
0
0
0
0
0
0
0
0
0
0
0
0
0
0
0
0
0
0
0
0
0
0
0
0
0
0
0
0
0
0
0
0
0
0
0
0
0
0
0
0
0
0
0
0
0
0
0
0
0
0
0
0
0
0
0
0
0
0
0
0
0
0
0
0
0
0
0
0
0
0
0
0
0
0
0
0
0
0
0
0
0
0
0
0
0
0
0
0
0
0
0
0
0
0
0
0
0
0
0
0
0
0
0
0
0
0
0
0
0
0
0
0
0
0
0
0
0
0
0
0
0
0
0
0
0
0
0
0
0
0
0
0
0
0
0
0
0
0
0
0
0
0
0
0
0
0
0
0
0
0
0
0
0
0
0
0
0
0
0
0
0
0
0
0
0
0
0
0
0
0
0
0
0
0
0
0
0
0
0
0
0
0
0
0
0
0
0
0
0
0
0
0
0
0
0
0
0
0
0
0
0
0
0
0
0
0
0
0
0
0
0
0
0
0
0
0
0
0
0
0
0
0
0
0
0
0
0
0
0
0
0
0
0
0
0
0
0
0
0
0
0
0
0
0
0
0
0
0
0
0
0
0
0
0
0
0
0
0
0
0
0
0
0
0
0
0
0
0
0
0
0
0
0
0
0
0
0
0
0
0
0
0
0
0
0
0
0
0
0
0
0
0
0
0
0
0
0
0
0
0
0
0
0
0
0
0
0
0
0
0
0
0
0
0
0
0
0
0
0
0
0
0
0
0
0
0
0
0
0
0
0
0
0
0
0
0
0
0
0
0
0
0
0
0
0
0
0
0
0
0
0
0
0
0
0
0
0
0
0
0
0
0
0
0
0
0
0
0
0
0
0
0
0
0
0
