.82975610097249
.86406503121058
.79235774278641
.83853658040365
.8226016163826
.84455283482869
.83479676644007
.85463414589564
.86341464519501
.83723576863607
.77707316478093
.8946341474851
.80764228105545
.83365851640701
.81756097078323
.89219512542089
.80487805604935
.86861789226532
.83333333333333
.91430894533793
.81349595387777
.87008130550385
.85219512383143
.8572357694308
.85365851720174
.90325204531352
.78747965892156
.91398374239604
.81707316637039
.8452032605807
.85252030690511
.88325204451879
.7947967449824
.85951220989227
.77138211329778
.92455281813939
.80731707811356
.8572357694308
.85203252236048
.91495935122172
.80601624647776
.872682929039
.79772357145945
.87235770622889
.76926827430725
.91674796740214
.82585364580154
.92243903875351
.86048781871796
.89317073424657
.78699187437693
.8884552915891
.81382113695145
.89934961001078
.8009756008784
.87723575035731
.81154471635818
.89593493938446
.88943090041478
.88634147246679
.80016259352366
.89495935042699
.82471543550491
.91138211886088
.86292684078217
.87105691432953
.84487803777059
.90178863207499
.83284552892049
.94861787557602
.87024390697479
.88130080699921
.82926829655965
.87252030769984
.85707318782806
.85756097237269
.81008130311966
.90178863207499
.83788617451986
.89300813277562
.86146340767543
.87008130550385
.81479676564534
.88178861141205
.86699185768763
.88162602980932
.86764226357142
.9248780409495
.84634147087733
.86520324150721
.82747968037923
.86487803856532
.81918698549271
.88276422023773
.81723578770955
.87447152535121
.82764228185018
.84959350029627
.81138211488724
.88471545775731
.80227641264598
.86991868416468
.85203250249227
.92341462771098
.82747968037923
.87577233711878
.84130080540975
.9190243879954
.84357724587123
.92146341005961
.87430894374847
.8747967282931
.83186993996302
.91642276446025
.79983741044998
.86764226357142
.84536586205165
.92813009023666
.80113820234934
.87691056728363
.85333331425985
.96813009182612
.80796748399734
.83414634068807
.79024390379588
.87723577022552
.83089431126912
.91463414827983
.84081302086512
.85252032677333
.83284550905228
.88243901729584
.80520325899124
.872682929039
.80601626634598
.88325204451879
.80260163545609
.86455283562342
.80910571416219
.84666667381922
.78471543391546
.96032520135244
.84455283482869
.89642276366552
.83008130391439
.85447154442469
.82357722520828
.87495932976405
.78569104274114
.88487805922826
.80926829576492
.91430892546972
.8421138326327
.85869918266932
.79560975233714
.90796748797099
.86162600914637
.84991870323817
.90146344900131
.9162601629893
.85235772530238
.8977235754331
.82439025243123
.90747966368993
.84634147087733
.88959348201752
.81999999284744
.89951219161352
.80780486265818
.86829266945521
.79219512144725
.86552846431732
.82878049214681
.87138209740321
.79040650526683
.89138211806615
.77853657801946
.85658536354701
.86390242973963
.86780488491058
.81756099065145
.88081300258636
.78276421626409
.85593495766322
.86016259590785
.90991870562236
.78943087657293
.88780488570531
.85219510396322
.89934959014257
.82504065831502
.91723577181498
.85626016060511
.88016259670258
.8253658413887
.91024390856425
.80243901411692
.86016261577606
.84991868336995
.89073169231415
.8442276318868
.85967481136322
.83186992009481
.91691056887309
.81073170900345
.89512195189794
.80536584059397
.8661788503329
.82829266786575
.89268292983373
.78585364421209
.94308944543203
.80065041780472
.89495937029521
.81252032518387
.8874796628952
.80975608030955
.85609753926595
.81934958696365
.85073169072469
.83951218922933
.86113822460175
.85284550984701
.8754471540451
.81934958696365
.85642276207606
.81691056489944
.87300811211268
.81967480977376
.87951219081879
.85333331425985
.87235772609711
.81447156270345
.87707314888636
.79723578691483
.91284553209941
.79154471556346
.87642276287079
.82065041859945
.9104065100352
.83788617451986
.87365853786469
.81837397813797
.87317073345184
.83707316716512
.90926829973857
.78439025084178
.84813008705775
.82878049214681
.89593495925268
.8133333325386
.8630894223849
.84991870323817
.88861789306005
.8352845509847
.84943089882533
.81089429060618
.88325202465057
.79918698469798
.87073171138763
.79642275969187
.90601625045141
.8291056950887
.85658536354701
.85593495766322
.88813006877899
.79918698469798
.94829267263412
.79186991850535
.8730081319809
.82390244801839
.90276422103246
.81105691194534
.88731706142426
.84341462453206
.86731708049774
.80130082368851
.9131707350413
.82292681932449
.85756097237269
.81918700536092
.86585366725922
.85073169072469
.86357722679774
.87463416655858
.91447154680888
.8640650510788
.90406503280004
.83869916200638
.88130082686742
.82195123036702
.89040650924047
.90975610415141
.85284550984701
.83365853627523
.89056911071142
.8164227604866
.872032503287
.86975610256195
.84682927529017
.79219512144725
.91886178652445
.80601626634598
.84585364659627
.79788619279861
.87105689446131
.79089430967967
.90601627031962
.82065039873123
.94113820791245
.81121949354808
.92682925860087
.83024390538534
.90227641661962
.83008130391439
.87739837169647
.82406502962112
.89821137984594
.80910569429398
.87691056728363
.78536585966746
.84260163704554
.81398373842239
.90113820632299
.82699187596639
.85967479149501
.84341464440028
.90390243132909
.85495934883753
.83609755833944
.7821138103803
.84601626793544
.85235770543416
.84178862969081
.82081300020218
.90504066149394
.83756097157796
.89203252394994
.84292682011922
.89268290996552
.82715447743734
.86878049373627
.80276421705882
.88813008864721
.80536586046219
.86601626873016
.84243901570638
.92016259829203
.82130080461502
.85756097237269
.79414633909861
.86373982826869
.8222764134407
.85349593559901
.80422765016556
.91804877916972
.82617884874344
.8952845732371
.81918700536092
.87626016139984
.85626018047333
.89040648937225
.85479674736659
.9066666563352
.85544715325038
.89268292983373
.83967479070028
.89626016219457
.83593495686849
.87544717391332
.82243901491165
.88861787319183
.8143089612325
.91170732180278
.81853657960892
.88796748717626
.80422765016556
.86780486504237
.8136585354805
.89105691512426
.80211383104324
.84308942159017
.84341462453206
.91300813357035
.79902440309525
.88146342833837
.8321951230367
.89951221148173
.84325202306112
.91040649016698
.83707316716512
.85609755913417
.83593495686849
.88439025481542
.80373984575272
.89512195189794
.82471545537313
.86601624886195
.80406504869461
.88731708129247
.77951218684514
.87154471874237
.83853658040365
.86813008785248
.84910569588343
.85934958855311
.80699187517166
.90959350268046
.81528453032176
.87495934963226
.79089428981145
.87723577022552
.84260161717733
.91886176665624
.82308942079544
.90975610415141
.79560977220535
.85902438561122
.82552844285965
.85804877678553
.84097560246785
.86845527092616
.81447154283524
.86373982826869
.81609755754471
.87219510475794
.85951220989227
.85219512383143
.84991870323817
.87317071358363
.8294308980306
.90959348281225
.84926829735438
.87479674816132
.83430894215902
.87089431285858
.82178860902786
.90975610415141
.7889430920283
.84682927529017
.8019512295723
.92325204610825
.80227643251419
.91626018285751
.82861791054408
.88422763347626
.80894309282303
.90065040191015
.86569106578827
.88243901729584
.79593495527903
.86390242973963
.7941463192304
.87691056728363
.83674796422323
.88308942317963
.84065039952596
.895609776179
.84878049294154
.91772357622782
.85626016060511
.90471543868383
.81951220830282
.87837400039037
.84617884953817
.86097560326258
.82227643330892
.91398372252782
.82162602742513
.88032519817352
.81658536195755
.88601624965668
.83983739217122
.84373984734217
.82504063844681
.9091056783994
.81284552812576
.88048779964447
.82487805684408
.87707316875458
.85024390618006
.90162603060404
.8736585577329
.85333333412806
.81642278035482
.88650407393773
.85626018047333
.9162601629893
.82780488332113
.86764228343964
.79967480897903
.87447154521942
.80829268693924
.86081300179164
.8730081319809
.84666667381922
.81252032518387
.87414634227753
.83626015981038
.86926829814911
.80731707811356
.89853658278783
.80227643251419
.88016261657079
.86308944225311
.89105691512426
.84260161717733
.87186992168427
.82569106419881
.89073169231415
.84048779805501
.88471545775731
.84422765175502
.89186992247899
.8263414700826
.87089431285858
.8294308980306
.89398372173309
.82764228185018
.89626016219457
.8421138326327
.87642274300257
.79268292586009
.872032503287
.81626015901566
.85642276207606
.81902438402176
.87739837169647
.87626016139984
.8767479856809
.79430894056956
.88910569747289
.82796748479207
.81999999284744
.77837397654851
.90292684237162
.85626018047333
.88016257683436
.82162602742513
.92276422182719
.8201626141866
.86357724666595
.85674796501795
.88845527172089
.81154471635818
.91999997695287
.8006503979365
.89577233791351
.83186990022659
.8637398481369
.80764228105545
.86097560326258
.81333335240682
.9035772283872
.85024390618006
.91186992327372
.82130080461502
.85918700695038
.89105691512426
.92178863286972
.8133333325386
.85788617531459
.80699187517166
.87349595626195
.80975610017776
.85837397972743
.81398375829061
.84341464440028
.83430894215902
.89983741442362
.85691054662069
.90959350268046
.85154473781586
.91447154680888
.83772357304891
.84780488411585
.83284552892049
.87024390697479
.85203252236048
.87739839156469
.80601624647776
.86666667461395
.82504063844681
.88373982906342
.82926829655965
.8785365819931
.81918700536092
.88048779964447
.79430894056956
.87463414669037
.83056910832723
.89577233791351
.87463416655858
.86536586284637
.82390244801839
.89040650924047
.79837397734324
.875121931235
.82487805684408
.88422765334447
.82715445756912
.89317073424657
.83772359291712
.87447152535121
.83447156349818
.87447154521942
.84341462453206
.89658536513646
.86975610256195
.8908942937851
.81138211488724
.8874796628952
.80520323912303
.91430894533793
.84666667381922
.90552844603856
.86243903636932
.88325204451879
.83772359291712
.89073171218236
.85252030690511
.8569105664889
.81121949354808
.82373984654744
.8226016163826
.87349593639374
.83853658040365
.88666665554047
.84276421864827
.84813008705775
.84357724587123
.89609758059184
.83154471715291
.88292680184046
.80130082368851
.91170730193456
.83414634068807
.92487806081772
.84536584218343
.87707316875458
.81918698549271
.86325202385585
.80764226118724
.89365853865941
.83544717232386
.90243901809057
.7947967449824
.85869918266932
.83008128404617
.8884552915891
.88341464598974
.88634145259857
.77121951182683
.89739839235942
.80601626634598
.86552844444911
.80861788988113
.82520323991776
.81235772371292
.92471543947856
.88829267024994
.90113820632299
.84715447823207
.85479674736659
.82308942079544
.89691056807836
.82764228185018
.87252032756805
.84373982747396
.88292682170868
.80569104353587
.86536584297816
.81089433034261
.86634147167206
.81300812959671
.88699187835058
.83951218922933
.86471543709437
.86634147167206
.872032503287
.81186993916829
.91447156667709
.84552844365438
.85040650765101
.84764230251312
.87056910991669
.81869918107986
.88455283641815
.81154471635818
.9104065100352
.83479674657186
.85869918266932
.85317073265711
.88682925701141
.8380487759908
.83756097157796
.8469918568929
.83674798409144
.80487805604935
.8853658636411
.82780488332113
.85252032677333
.83626015981038
.85902438561122
.85154473781586
.83918698628743
.8424390355746
.85056910912196
.88585364818573
.89349593718847
.81723578770955
.88682927687963
.85398374001185
.83414636055628
.84926829735438
.90975608428319
.82991870244344
.8115447362264
.83691056569417
.84487803777059
.87235772609711
.85365853706996
.79365853468577
.85577237606049
.83495934804281
.85983739296595
.84487803777059
.8383739789327
.85495934883753
.85983741283417
.85756097237269
.9437398314476
.82731707890828
.85756099224091
.8380487759908
.88178861141205
.89349595705668
.83902438481649
.8442276318868
.93869918584824
.81512194871902
.8321951230367
.87723577022552
.87804877758026
.84747968117396
.84520324071248
.85024390618006
.88780488570531
.86569106578827
.86634147167206
.86731706062953
.87024390697479
.83999999364217
.8640650510788
.8452032605807
.87934958934784
.93723577260971
.82390242815018
.80325204133987
.8461788892746
.8421138326327
.92536584536235
.77642277876536
.91268293062846
.85544715325038
.86325204372406
.81739836931229
.88666667540868
.83349591493607
.87317073345184
.80715447664261
.85837397972743
.82276423772176
.82016259431839
.87512195110321
.90585366884867
.8040650288264
.88048779964447
.79300812880198
.89447154601415
.85365853706996
.86227643489838
.82959349950155
.87918698787689
.84325202306112
.88113820552826
.78926831483841
.89528455336889
.81837397813797
.83203252156576
.89869918425878
.83398373921712
.81788617372513
.89154469966888
.86878049373627
.90439023574193
.86178861061732
.86796746651332
.81853657960892
.86943089962006
.82487805684408
.84308944145838
.83723576863607
.8569105664889
.88016261657079
.86715447902679
.83268292744954
.86357724666595
.7669918735822
.84682925542196
.84910569588343
.84715447823207
.82520325978597
.91414632399877
.83056910832723
.88000001509984
.82878049214681
.87333331505458
.85772359371185
.90178863207499
.84991870323817
.81853657960892
.83447154362996
.8538211385409
.79756098985672
.89918698867162
.80991870164871
.8983740011851
.82390244801839
.86455283562342
.85186992088954
.84227641423543
.85804877678553
.84032519658407
.81869918107986
.89203250408173
.83642276128133
.85447156429291
.83560975392659
.88715445995331
.81837397813797
.85918698708216
.84699187676112
.84552846352259
.8421138326327
.85821139812469
.85284552971522
.82406504948934
.81008130311966
.87365853786469
.79999999205271
.86682925621669
.86422765254974
.84390242894491
.83577235539754
.82455285390218
.84081300099691
.87772359450658
.82292681932449
.90634147326152
.82796748479207
.86162600914637
.86292682091395
.87593495845795
.82308944066366
.85853660106659
.80178860823313
.90032519896825
.84504063924154
.92439025640488
.78048781553904
.89186992247899
.79121951262156
.82308944066366
.79577235380809
.86764228343964
.8452032605807
.84260163704554
.83723578850428
.89105691512426
.83772359291712
.89040648937225
.80520325899124
.85593495766322
.87804877758026
.87333331505458
.88016259670258
.89203252394994
.81300812959671
.87756097316742
.82991870244344
.87317073345184
.83983741203944
.88650407393773
.84910567601522
.86455285549164
.82455285390218
.86943089962006
.87170732021332
.8699187040329
.82617886861165
.87089431285858
.78471543391546
.88048781951269
.82341462373734
.81512194871902
.81528455018997
.85528455177943
.8222764134407
.85235772530238
.79674796263377
.83268292744954
.83447154362996
.86081300179164
.81658536195755
.83577237526576
.85642276207606
.8785365819931
.83853658040365
.85447154442469
.86764228343964
.86406503121058
.83983739217122
.8479674855868
.84422765175502
.80699187517166
.81691056489944
.88422763347626
.82926829655965
.85918700695038
.86081300179164
.87463414669037
.81967478990555
.88699185848236
.85918698708216
.88520326217016
.84048779805501
.87414634227753
.79821139574051
.8414634068807
.83674796422323
.81479672590892
.81821139653524
.84536584218343
.8232520421346
.85772359371185
.82276421785355
.84959350029627
.83447154362996
.8541463414828
.82764228185018
.87739837169647
.79674796263377
.83284552892049
.85252032677333
.8569105664889
.85642276207606
.85365853706996
.8040650288264
.8541463414828
.84715445836385
.85674798488617
.84325204292933
.84747968117396
.80504065752029
.88975608348846
.82959349950155
.86910567680995
.85804879665375
.86471543709437
.86504065990448
.8609756231308
.86211381355921
.83853658040365
.89951219161352
.89967479308446
.83170731862386
.87674796581268
.78227641185125
.85788617531459
.81105691194534
.85430894295375
.83577235539754
.8198373913765
.83186992009481
.87056909004847
.87284553050995
.83739838997523
.84048779805501
.87577233711878
.81528455018997
.84943089882533
.83203252156576
.83918698628743
.86504064003627
.89414634307226
.81235772371292
.88276424010595
.79382113615672
.90552846590678
.8448780576388
.87024390697479
.81235772371292
.86292684078217
.79772357145945
.8492683172226
.85154471794764
.90260163942973
.82569106419881
.83788619438807
.82130082448324
.84373984734217
.81365855534871
.8541463414828
.8352845509847
.84455285469691
.8452032605807
.87073169151942
.81398373842239
.87268290917079
.82943087816238
.83024390538534
.85772357384364
.88406505187353
.84455285469691
.85463414589564
.79626015822093
.89170732100805
.82065039873123
.87154471874237
.865853647391
.91577235857646
.82227643330892
.86601626873016
.82959349950155
.87869918346405
.77804879347483
.84959350029627
.83886180321376
.85642276207606
.84829266866048
.86341464519501
.87934958934784
.89479674895604
.84357724587123
.86130082607269
.80520323912303
.88146340847015
.85934960842133
.87674796581268
.82276421785355
.85138211647669
.84634147087733
.83853658040365
.82894309361776
.85544715325038
.81382113695145
.85723578929901
.82747968037923
.89869918425878
.83365853627523
.89121949672699
.77121951182683
.82243901491165
.81105691194534
.83642276128133
.82552846272786
.84959348042806
.8235772450765
.87170732021332
.8146341641744
.89999999602636
.8383739789327
.84390244881312
.81284552812576
.88032519817352
.81837399800618
.84569106499354
.80422765016556
.88357722759247
.7879674633344
.84943089882533
.8016260266304
.82991870244344
.79739838838577
.87268290917079
.83382113774617
.82585366566976
.83414634068807
.82959347963333
.83300813039144
.85463414589564
.8479674855868
.86520326137543
.80601624647776
.85626018047333
.85382115840912
.92146341005961
.8352845509847
.84211381276449
.81544715166092
.8263414700826
.7759349544843
.86016259590785
.84878047307332
.80894309282303
.83951218922933
.83983739217122
.8325203259786
.81691056489944
.82373982667923
.86048779884974
.81073170900345
.85121951500575
.81609757741292
.9011382261912
.81821139653524
.83837399880091
.83626015981038
.86146340767543
.81317073106766
.88926829894384
.83626015981038
.83756097157796
.8541463414828
.86650407314301
.79528456926346
.89008128643036
.80650407075882
.87398374080658
.85447154442469
.86894309520721
.80422765016556
.84113822380702
.81869918107986
.87138211727142
.84130080540975
.83593495686849
.80894309282303
.85674796501795
.84000001351039
.81934960683187
.78520325819651
.88910569747289
.84959350029627
.86601626873016
.79804877440135
.92471543947856
.77430893977483
.8510569135348
.82373984654744
.84406505028407
.82926829655965
.84845530986786
.82894309361776
.87447154521942
.82813008626302
.87219510475794
.81300814946492
.90585366884867
.80731705824534
.88097560405731
.82878047227859
.87121949593226
.83544715245565
.86487805843353
.80065041780472
.8606504201889
.8352845509847
.88601626952489
.81626017888387
.8291056950887
.75983738899231
.878861784935
.88764228423437
.87902438640594
.88715445995331
.86780486504237
.82178860902786
.87268294890722
.85203250249227
.83544717232386
.81268292665482
.87609755992889
.8321951230367
.83934958775838
.80292683839798
.87333333492279
.85268292824427
.81609755754471
.84178860982259
.85024390618006
.85317073265711
.83821139732997
.80422763029734
.82471545537313
.83577237526576
.91138211886088
.76650404930115
.88796746730804
.86682925621668
.85934958855311
.76195122798284
.84747968117396
.84617886940638
.89008128643036
.80601626634598
.86016259590785
.86227641503016
.92146341005961
.82341464360555
.90536586443583
.82569106419881
.87430894374847
.85333333412806
.88308942317963
.81495934724808
.86113822460175
.84910569588343
.85495934883753
.85804877678553
.84731707970301
.83609755833944
.78536585966746
.85138211647669
.75886180003484
.83414634068807
.79252034425735
.78406502803167
.76439023017883
.84357724587123
.78292683760325
.82699187596639
.73154473304749
.82211381196976
.78878049055735
.76471543312073
.78520325819651
.83967479070028
.79983741044998
.82829266786575
.81886180241903
.82926827669144
.80617886781693
.82552846272786
.78292681773504
.85138211647669
.81788619359334
.83203252156576
.83707316716512
.82146342595418
.77463416258494
.85154471794764
.79934960603714
.81821137666702
.80813008546829
.75918698310852
.79902438322703
.8201626141866
.79837397734324
.84813008705775
.80390244722366
.83495936791102
.79804879426956
.82894309361776
.83186992009481
.81772357225418
.78601626555125
.90991868575414
.81024390459061
.98130081097285
.76861786842346
.81349591414134
.80715447664261
.8078048825264
.81008130311966
.81658536195755
.79154469569524
.83495934804281
.82292681932449
.83999999364217
.78552846113841
.885691066583
.78926829497019
.84406503041585
.80991870164871
.85756097237269
.80325202147166
.83154471715291
.8108943104744
.85073171059291
.82601626714071
.85479674736659
.85837397972743
.8068292538325
.8352845509847
.86130080620448
.80796748399734
.84325204292933
.82097560167313
.89707318941752
.82829266786575
.84813008705775
.84292682011922
.83495936791102
.85804879665375
.85186992088954
.82829266786575
.88081300258636
.81284552812576
.93869918584824
.80406504869461
.90682925780614
.83609755833944
.86780486504237
.84601624806722
.86861789226532
.85235774517059
.91219512621562
.8201626141866
.89333333571752
.85512195030848
.90617885192235
.85902438561122
.91121951738993
.84552846352259
.89577235778173
.80943089723587
.85739837090174
.81382113695145
.91707315047582
.88130080699921
.92845527331034
.84504063924154
.9221138159434
.8380487759908
.89333333571752
.88048781951269
.90829267104467
.88065040111542
.93886178731918
.88276422023773
.92878047625224
.84406505028407
.93235770861308
.95626016457876
.97479675213496
.84455283482869
.92097560564677
.85804877678553
.95154470205307
.85577235619227
.94227641820908
.89512195189794
.91691056887309
.87382113933563
.94617887338003
.89349593718847
.88813006877899
.87333333492279
.93154470125834
.85024390618006
.89056911071142
.91577235857646
.94162601232529
.83495934804281
.94878049691518
.8977235754331
.9369105497996
.92227643728256
.94260162115097
.88308942317963
.94357722997665
.87788617610931
.94422765572866
.93821138143539
.9465040564537
.87707316875458
.94780486822128
.89268292983373
.93886176745097
.90910569826762
.89544715483983
.84260163704554
.93626016378403
.85203252236048
.91414634386698
.83186990022659
.92569106817245
.88520324230194
.89934959014257
.86780488491058
.94292684396108
.89983741442362
.89642276366552
.86422765254974
.95284555355708
.86357722679774
.90325204531352
.88162602980932
.95593496163686
.87934958934784
.94569106896718
.84308942159017
.92926828066508
.87869918346405
.9378861784935
.87609757979711
.90829267104467
.86780488491058
.91056911150614
.86211381355921
.90975610415141
.87983739376068
.89382114013036
.84601626793544
.90845529238383
.88861789306005
.8775609532992
.84406503041585
.93626014391581
.87447156508764
.94032522042592
.87008130550385
.86943089962006
.84357722600301
.93447154760361
.83739837010701
.90552844603856
.84260161717733
.89056911071142
.83512196938197
.8177235921224
.82455285390218
.87073169151942
.87544717391332
.8661788503329
.80390244722366
.92341462771098
.85219512383143
.89902438720067
.79902438322703
.86634145180384
.85967481136322
.84569106499354
.80260163545609
.90032521883647
.80439025163651
.87837398052216
.83560975392659
.86178861061732
.80699187517166
.82422763109207
.81577235460281
.82178860902786
.81121953328451
.85609755913417
.8504064877828
.85219512383143
.81772357225418
.80016259352366
.79967478911082
.84910567601522
.83707316716512
.84097562233607
.7861788670222
.80617884794871
.77447154124578
.81040650606155
.75821137428284
.81658536195755
.8095934788386
.82406502962112
.77479676405589
.84097562233607
.80243903398514
.80308942000071
.76016261180242
.84341464440028
.7830894390742
.85577235619227
.75593495368958
.82829266786575
.75821139415105
.82373982667923
.8226016163826
.79821137587229
.77203253904978
.80341462294261
.75105690956116
.8047154545784
.77821137507757
.85447154442469
.77121951182683
.82178862889608
.77447154124578
.84813008705775
.79739834864934
.86016259590785
.76341464122136
.85544717311859
.78390244642893
.82650407155355
.78975609938304
.8269918958346
.78552846113841
.87560975551605
.77463414271673
.83544715245565
.7604877948761
.84536584218343
.79089430967967
.80634144941966
.77300812800725
.84715447823207
.76195120811462
.79658536116282
.74666664997737
.83414634068807
.7573983669281
.79999999205271
.78065041700999
.81772357225418
.76520323753357
.81024390459061
.75869917869568
.83121951421102
.78894307216008
.83495934804281
.76260161399841
.79869916041692
.72227642933528
.8235772450765
.78439025084178
.79089430967967
.79219512144725
.81219512224197
.79268292586009
.81317071119944
.79593495527903
.84666665395101
.80569106340408
.7938211162885
.78682925303777
.84276421864827
.78813008467356
.81463414430618
.78081299861272
.81918700536092
.74910569190979
.8312194943428
.77447156111399
.79772357145945
.77544715007146
.80276423692703
.76894309123357
.8130081097285
.78390242656072
.84325204292933
.81203254063924
.76276421546936
.78065041700999
.81252034505208
.7604877948761
.82373982667923
.75252032279968
.80422765016556
.73642275730769
.82813008626302
.76682925224304
.79284552733103
.76406504710515
.79886178175608
.76878050963084
.75853659709295
.75008130073547
.81073170900345
.7336585521698
.81821137666702
.75869919856389
.80975610017776
.76780488093694
.85040650765101
.72715447346369
.80260161558787
.76032521327337
.82487805684408
.77756096919378
.7889430920283
.75121953090032
.85983741283417
.74276423454285
.80032519499461
.79837397734324
.76894311110179
.76569104194641
.80617886781693
.76682927211126
.85463414589564
.78682927290599
.79268290599187
.81609755754471
.79284552733103
.79040650526683
.80439023176829
.7601625919342
.82292681932449
.7268292705218
.81528453032176
.72227642933528
.77056910594304
.72569106022517
.80390242735545
.74504065513611
.81886178255081
.7240650455157
.81756097078323
.77495934565862
.80601624647776
.73398373524348
.79235772291819
.7848780353864
.79154471556346
.78731707731883
.81804877519608
.75772356987
.77560975154241
.73121951023738
.82406504948934
.77739836772283
.83674796422323
.75869917869568
.82585366566976
.74552845954895
.80081299940745
.75951220591863
.79365853468577
.73577233155568
.81089429060618
.7917073170344
.81918700536092
.77853659788768
.79138211409251
.76666667064031
.81869918107986
.78439025084178
.80406504869461
.74390244483948
.82065041859945
.77560975154241
.81186991930008
.75837397575378
.83219510316849
.79821137587229
.81691056489944
.73447153965632
.82731705904007
.74455285072327
.7882926662763
.7947967449824
.84731707970301
.72991871833801
.76650404930115
.74813006321589
.83008130391439
.76861788829168
.80260161558787
.72016259034475
.81869918107986
.76829268534978
.78195122877757
.7573983669281
.77788619200389
.758373995622
.79349593321482
.77544716993968
.79626015822093
.7426016330719
.84276421864827
.79235772291819
.79333333174388
.79723578691483
.82536586125692
.77674796183904
.78910569349925
.78439023097356
.80016261339188
.79447154204051
.78422762950261
.80227643251419
.80926829576492
.74731707572937
.80373984575272
.75674796104431
.78650406996409
.79219512144725
.79918698469798
.74390244483948
.7889430920283
.77447154124578
.80260161558787
.77447154124578
.79024390379588
.74699187278748
.82552844285965
.7848780353864
.78097561995188
.7848780353864
.80308942000071
.75252032279968
.79382113615672
.7827642361323
.82845528920492
.75902438163757
.81008130311966
.78878049055735
.78341462214788
.75024390220642
.80439023176829
.75967478752136
.79804877440135
.74910569190979
.81821137666702
.75560975074768
.83951218922933
.76747965812683
.83040650685628
.76552844047546
.79447154204051
.77479674418767
.80894307295481
.77382113536199
.81154471635818
.78065041700999
.78422764937083
.72666666905085
.84406505028407
.77756096919378
.84048781792323
.78390244642893
.84276421864827
.78373982508977
.75447154045105
.78617884715398
.78910569349925
.75772358973821
.7978861729304
.73821139335632
.84975610176722
.82243901491165
.81886180241903
.78048779567083
.83609755833944
.73626017570496
.82585366566976
.74975609779358
.80796746412913
.74617886543274
.80308943986893
.79284552733103
.7830894390742
.81284552812576
.81788617372513
.76601624488831
.77739836772283
.764552851518
.83577235539754
.7861788670222
.7978861729304
.76146342357
.82146342595418
.77951220671336
.83756097157796
.74016261100769
.82406502962112
.74650406837463
.78634146849314
.77365853389104
.81544715166092
.76243901252747
.80731707811356
.73008131980896
.84406505028407
.79008130232493
.80341462294261
.77739836772283
.77674796183904
.78666667143504
.81024390459061
.76455283164978
.83837399880091
.79382115602493
.77788619200389
.70048779249191
.80504065752029
.77349591255188
.79642275969187
.8037398258845
.83463416496913
.75121949116389
.8452032605807
.76130082209905
.83512194951375
.77235774199168
.79073170820872
.74715447425842
.78926829497019
.75073170661926
.78813008467356
.76747967799505
.88130080699921
.75056910514832
.7759349544843
.79235772291819
.81788617372513
.74796748161316
.76910569270452
.73821139335632
.83024390538534
.79902438322703
.81691056489944
.77024390300115
.83463414510091
.75593495368958
.82113820314407
.75691058238347
.81999999284744
.77560975154241
.79593497514725
.76178862651189
.82113820314407
.78634146849314
.85495934883753
.79495936632156
.80211381117503
.73934958378474
.80130080382029
.78780488173167
.79821137587229
.7700813015302
.79674796263377
.75886178016663
.8266666730245
.7821138103803
.81040648619334
.79235774278641
.82178862889608
.75853657722473
.81073172887166
.80926829576492
.84634145100911
.76569106181463
.83707316716512
.76211382945379
.81073168913523
.74373984336853
.79674796263377
.75300814708074
.79837399721146
.80016261339188
.82000001271566
.74113821983337
.80406504869461
.75073172648748
.82422763109207
.8095934788386
.84162600835164
.75658535957336
.85609755913417
.78536585966746
.80211381117503
.76373984416326
.80796748399734
.74682927131653
.79528456926346
.74731707572937
.82455283403397
.72227642933528
.79447154204051
.76780488093694
.80276421705882
.78731709718704
.82308944066366
.74861788749695
.82829268773397
.69951218366623
.77512196699778
.78032521406809
.83918698628744
.77186991771062
.7604877948761
.75983740886052
.82195121049881
.80243903398514
.82097560167313
.76552846034368
.8065040508906
.73821137348811
.78878049055735
.81219512224197
.81918700536092
.74097561836243
.83674796422323
.78341464201609
.82276421785355
.76308943827947
.82504065831502
.8479674855868
.78650406996409
.76617884635925
.81495934724808
.75495934486389
.82552844285965
.79284552733103
.81756099065145
.73333332935969
.8362601796786
.80178862810135
.84357724587123
.74617888530095
.82357722520828
.77219512065252
.84975610176722
.79365853468577
.81658536195755
.76747965812683
.81528455018997
.76747967799505
.78747967878977
.76146340370178
.79902438322703
.77512194712957
.80650407075882
.76260161399841
.82390242815018
.78682925303777
.82650405168533
.78813010454178
.80601624647776
.74926829338074
.81219512224197
.80243903398514
.79902438322703
.73186991612116
.79804877440135
.751544713974
.80504063765208
.7704065044721
.8266666730245
.78975609938304
.81463414430618
.76308941841125
.82390244801839
.77073172728221
.83138211568197
.75089430809021
.79707316557566
.74959347645442
.81414633989334
.77073168754578
.8065040508906
.75300812721252
.83382115761439
.7635772228241
.79609755674998
.77934960524241
.86097560326258
.77284552653631
.79837399721146
.74065041542053
.8167479634285
.72878046830495
.83983741203944
.77821139494578
.76601626475652
.74861790736516
.82146340608597
.735447148482
.84032521645228
.75430895884832
.82373982667923
.82243903477987
.83154471715291
.76520325740178
.81593495607376
.76292683680852
.84325204292933
.73056910435359
.79284552733103
.76439025004705
.79479676485062
.75951218605042
.79918700456619
.74390242497126
.80341462294261
.75723578532537
.80373984575272
.76585366328557
.83300815025965
.77739836772283
.79772357145945
.73902440071106
.80829268693924
.77430893977483
.8343089222908
.76520323753357
.84715445836385
.74504065513611
.79837397734324
.76162600517273
.77804877360662
.81837397813797
.87089429299037
.7975609699885
.8359349767367
.749105711778
.80292681852976
.73804879188538
.79983739058177
.76373982429504
.78601624568303
.75186991691589
.81691054503123
.72715447346369
.81918698549271
.73772358894348
.8108943104744
.74292683601379
.77756098906199
.74601626396179
.79349593321482
.76227643092473
.83089431126912
.7169105609258
.79674796263377
.75788619120916
.7975609699885
.73186991612116
.85154471794764
.78065039714177
.79528454939524
.75658537944158
.82113820314407
.77967478831609
.7889430920283
.77089430888494
.81349593400955
.73560974995295
.82162602742513
.745365858078
.81756097078323
.76975609858831
.79463414351145
.73349593083064
.81739836931229
.77495934565862
.83268292744954
.76764227946599
.80487803618113
.77983738978704
.80439023176829
.74390244483948
.80552846193314
.75284554560979
.85073171059291
.75756096839905
.79934958616892
.79349593321482
.83869918187459
.75609757502874
.84243901570638
.75691058238347
.80845528841019
.78146342436473
.81089429060618
.80130082368851
.80699187517166
.76861788829168
.82943087816238
.76113820075989
.81008130311966
.79447156190872
.82813006639481
.78390242656072
.80552846193314
.79186991850535
.81121949354808
.81121949354808
.84682927529017
.76130082209905
.84065041939418
.758373995622
.8253658413887
.75918700297674
.84910567601522
.75756096839905
.7917073170344
.77999999125799
.80211381117503
.76487805445989
.82195123036702
.75902438163757
.80178860823313
.78325204054515
.83707316716512
.78829268614451
.83544715245565
.71691058079402
.77967480818431
.74975607792536
.82065041859945
.75479674339294
.79967478911082
.758373995622
.82552846272786
.74764227867126
.81138211488724
.73333332935969
.78520325819651
.76065041621526
.80894309282303
.74487803379695
.78178862730662
.76162600517273
.80894307295481
.74910569190979
.78048779567083
.75398373603821
.85252032677333
.79642275969187
.79105691115061
.80504065752029
.79983739058177
.80113822221756
.83317073186239
.79967478911082
.84975610176722
.7769105831782
.83512194951375
.76845526695251
.80211381117503
.77186991771062
.83073172966639
.76097561915716
.79365853468577
.77707316478093
.83544715245565
.75186991691589
.81398373842239
.73869917790095
.79821137587229
.78764228026072
.82894309361776
.77105691035589
.82308942079544
.77951218684514
.77837397654851
.73040648301442
.79626015822093
.77382113536199
.82081302007039
.76552844047546
.8321951230367
.73252034187317
.81691056489944
.79609755674998
.80943091710409
.83707316716512
.88487805922826
.74552845954895
.80894309282303
.78569106260935
.8006503979365
.75934960444768
.82487803697586
.79040648539861
.78780490159988
.72650406757991
.85479674736659
.7669918735822
.82260163625081
.75414633750916
.82975610097249
.7938211162885
.79056910673777
.76195122798284
.85284552971522
.7848780353864
.80569106340408
.71560974915822
.81073170900345
.78243903319041
.8424390355746
.77089430888494
.8448780576388
.76617886622747
.84390244881312
.73073170582453
.83333333333333
.74455283085505
.80227643251419
.74747967720032
.7951219479243
.78731705745061
.81967480977376
.79365851481756
.8390244046847
.76130082209905
.80016259352366
.73203251759211
.83658536275228
.75300812721252
.78666667143504
.75349595149358
.79609755674998
.74650404850642
.83089433113734
.75593495368958
.84878049294154
.79186993837357
.82113820314407
.7930081486702
.85577235619227
.74910569190979
.79642275969187
.74991871913274
.79707316557566
.75934960444768
.84065041939418
.72520325581233
.8321951230367
.764552851518
.85154469807943
.74471545219421
.81121951341629
.75300812721252
.78308941920598
.7326829234759
.81121949354808
.80991870164871
.83203250169754
.73560976982117
.78162602583567
.73609755436579
.81560977300008
.77024390300115
.80861787001292
.70292683442434
.78243901332219
.76373984416326
.83170731862386
.73105692863464
.80373984575272
.75089430809021
.78975609938304
.7601625919342
.81804877519608
.79219512144725
.74552843968074
.78260161479314
.83154471715291
.78032519419988
.81934958696365
.77479674418767
.80731707811356
.75609757502874
.82455285390218
.80617886781693
.81138211488724
.78406502803167
.81349593400955
.76406504710515
.79252032438914
.748455286026
.78260161479314
.78504065672557
.82601626714071
.75105690956116
.85349593559901
.75365855296453
.81577235460281
.78178860743841
.83333333333333
.78520325819651
.81918700536092
.77398375670115
.82081302007039
.74439024925232
.74455285072327
.76634146769842
.84455283482869
.74634146690369
.79560975233714
.72439022858938
.83739837010702
.80081299940745
.84585366646449
.77544715007146
.76504065593084
.75414633750916
.78097561995188
.77300812800725
.83235772450765
.73528454701106
.81056908766429
.75626015663147
.77804877360662
.71918700138728
.83739837010701
.76601624488831
.81983741124471
.77577235301336
.84715447823207
.76585366328557
.83268290758133
.75739838679632
.81414633989334
.75788617134094
.84016261498133
.73869917790095
.86813008785248
.72585366169612
.8136585354805
.7793495853742
.78747967878977
.76666667064031
.81219512224197
.7604877948761
.80552844206492
.76845528682073
.81853657960892
.76211380958557
.84065039952596
.74552845954895
.79804879426956
.75089428822199
.80373984575272
.73723578453064
.82292681932449
.76260161399841
.81723578770955
.77756096919378
.81674798329671
.72943089405696
.83008130391439
.71788616975149
.85186992088954
.78292683760325
.78357724348704
.76764227946599
.79528454939524
.74666666984558
.80536584059397
.77674798170725
.78731707731883
.75495934486389
.80634146928787
.78081299861272
.79674798250198
.74601626396179
.82520325978597
.75691058238347
.79983739058177
.71284552415212
.80910569429398
.77674796183904
.80113822221756
.75008130073547
.80260161558787
.73658537864685
.86439023415248
.76617886622747
.84471545616786
.75934960444768
.79772359132767
.77203251918157
.81154471635818
.75252032279968
.82504065831502
.74520325660706
.81105691194534
.73999998966853
.8006503979365
.79089430967967
.77284552653631
.73121951023738
.81479674577713
.76764225959778
.85869920253754
.751544713974
.79024390379588
.76699185371399
.77430893977483
.78130080302556
.82000001271566
.73073170582453
.77333333094915
.75609757502874
.80699187517166
.76373984416326
.888780494531
.75707316398621
.83739837010701
.79772357145945
.80715445677439
.76195122798284
.84308942159017
.76097561915716
.76943089564641
.74276421467463
.80422765016556
.76439025004705
.76097559928894
.74650406837463
.83430894215902
.80195120970408
.80130082368851
.76325203975042
.7642276485761
.77707316478093
.83918698628743
.74861788749695
.78016259272893
.74552845954895
.79658536116282
.76341464122136
.80113820234934
.75934960444768
.81186991930008
.73902440071106
.77967480818431
.78536583979925
.81593497594198
.7694308757782
.81268292665482
.73252034187317
.7978861729304
.76536585887273
.78243901332219
.78276421626409
.76032521327337
.76504065593084
.80861788988113
.75040652354558
.84292683998744
.72260163227717
.80975610017776
0
0
0
0
0
0
0
0
0
0
0
0
0
0
0
0
0
0
0
0
0
0
0
0
0
0
0
0
0
0
0
0
0
0
0
0
0
0
0
0
0
0
0
0
0
0
0
0
0
0
0
0
0
0
0
0
0
0
0
0
0
0
0
0
0
0
0
0
0
0
0
0
0
0
0
0
0
0
0
0
0
0
0
0
0
0
0
0
0
0
0
0
0
0
0
0
0
0
0
0
0
0
0
0
0
0
0
0
0
0
0
0
0
0
0
0
0
0
0
0
0
0
0
0
0
0
0
0
0
0
0
0
0
0
0
0
0
0
0
0
0
0
0
0
0
0
0
0
0
0
0
0
0
0
0
0
0
0
0
0
0
0
0
0
0
0
0
0
0
0
0
0
0
0
0
0
0
0
0
0
0
0
0
0
0
0
0
0
0
0
0
0
0
0
0
0
0
0
0
0
0
0
0
0
0
0
0
0
0
0
0
0
0
0
0
0
0
0
0
0
0
0
0
0
0
0
0
0
0
0
0
0
0
0
0
0
0
0
0
0
0
0
0
0
0
0
0
0
0
0
0
0
0
0
0
0
0
0
0
0
0
0
0
0
0
0
0
0
0
0
0
0
0
0
0
0
0
0
0
0
0
0
0
0
0
0
0
0
0
0
0
0
0
0
0
0
0
0
0
0
0
0
0
0
0
0
0
0
0
0
0
0
0
0
0
0
0
0
0
0
0
0
0
0
0
0
0
0
0
0
0
0
0
0
0
0
0
0
0
0
0
0
0
0
0
0
0
0
0
0
0
0
0
0
0
0
0
0
0
0
0
0
0
0
0
0
0
0
0
0
0
0
0
0
0
0
0
0
0
0
0
0
0
0
0
0
0
0
0
0
0
0
0
0
0
0
0
0
0
0
0
0
0
0
0
0
0
0
0
0
0
0
0
0
0
0
0
0
0
0
0
0
0
0
0
0
0
0
0
0
0
0
0
0
0
0
0
0
0
0
0
0
0
0
0
0
0
0
0
0
0
0
0
0
0
0
0
0
0
0
0
0
0
0
0
0
0
0
0
0
0
0
0
0
0
0
0
0
0
0
0
0
0
0
0
0
0
0
0
0
0
0
0
0
0
0
0
0
0
0
0
0
0
0
0
0
0
0
0
0
0
0
0
0
0
0
0
0
0
0
0
0
0
0
0
0
0
0
0
0
0
0
0
0
0
0
0
0
0
0
0
0
0
0
0
0
0
0
0
0
0
0
0
0
0
0
0
0
0
0
0
0
0
0
0
0
0
0
0
0
0
0
0
0
0
0
0
0
0
0
0
0
0
0
0
0
0
0
0
0
0
0
0
0
0
0
0
0
0
0
0
0
0
0
0
0
0
0
0
0
0
0
0
0
0
0
0
0
0
0
0
0
0
0
0
0
0
0
0
0
0
0
0
0
0
0
0
0
0
0
0
0
0
0
0
0
0
0
0
0
0
0
0
0
0
0
0
0
0
0
0
0
0
0
0
0
0
0
0
0
0
0
0
0
0
0
0
0
0
0
0
0
0
0
0
0
0
0
0
0
0
0
0
0
0
0
0
0
0
0
0
0
0
0
0
0
0
0
0
0
0
0
0
0
0
0
0
0
0
0
0
0
0
0
0
0
0
0
0
0
0
0
0
0
0
0
0
0
0
0
0
0
0
0
0
0
0
0
0
0
0
0
0
0
0
0
0
0
0
0
0
0
0
0
0
0
0
0
0
0
0
0
0
0
0
0
0
0
0
0
0
0
0
0
0
0
0
0
0
0
0
0
0
0
0
0
0
0
0
0
0
0
0
0
0
0
0
0
0
0
0
0
0
0
0
0
0
0
0
0
0
0
0
0
0
0
0
0
0
0
0
0
0
0
0
0
0
0
0
0
0
0
0
0
0
0
0
0
0
0
0
0
0
0
0
0
0
0
0
0
0
0
0
0
0
0
0
0
0
0
0
0
0
0
0
0
0
0
0
0
0
0
0
0
0
0
0
0
0
0
0
0
0
0
0
0
0
0
0
0
0
0
0
0
0
0
0
0
0
0
0
0
0
0
0
0
0
0
0
0
0
0
0
0
0
0
0
0
0
0
0
0
0
0
0
0
0
0
0
0
0
0
0
0
0
0
0
0
0
0
0
0
0
0
0
0
0
0
0
0
0
0
0
0
0
0
0
0
0
0
0
0
0
0
0
0
0
0
0
0
0
0
0
0
0
0
0
0
0
0
0
0
0
0
0
0
0
0
0
0
0
0
0
0
0
0
0
0
0
0
0
0
0
0
0
0
0
0
0
0
0
0
0
0
0
0
0
0
0
0
0
0
0
0
0
0
0
0
0
0
0
0
0
0
0
0
0
0
0
0
0
0
0
0
0
0
0
0
0
0
0
0
0
0
0
0
0
0
0
0
0
0
0
0
0
0
0
0
0
0
0
0
0
0
0
0
0
0
0
0
0
0
0
0
0
0
0
0
0
0
0
0
0
0
0
0
0
0
0
0
0
0
0
0
0
0
0
0
0
0
0
0
0
0
0
0
0
0
0
0
0
0
0
0
0
0
0
0
0
0
0
0
0
0
0
0
0
0
0
0
0
0
0
0
0
0
0
0
0
0
0
0
0
0
0
0
0
0
0
0
0
0
0
0
0
0
0
0
0
0
0
0
0
0
0
0
0
0
0
0
0
0
0
0
0
0
0
0
0
0
0
0
0
0
0
0
0
0
0
0
0
0
0
0
0
0
0
0
0
0
0
0
0
0
0
0
0
0
0
0
0
0
0
0
0
0
0
0
0
0
0
0
0
0
0
0
0
0
0
0
0
0
0
0
0
0
0
0
0
0
0
0
0
0
0
0
0
0
0
0
0
0
0
0
0
0
0
0
0
0
0
0
0
0
0
0
0
0
0
0
0
0
0
0
0
0
0
0
0
0
0
0
0
0
0
0
0
0
0
0
0
0
0
0
0
0
0
0
0
0
0
0
0
0
0
0
0
0
0
0
0
0
0
0
0
0
0
0
0
0
0
0
0
0
0
0
0
0
0
0
0
0
0
0
0
0
0
0
0
0
0
0
0
0
0
0
0
0
0
0
0
0
0
0
0
0
0
0
0
0
0
0
0
0
0
0
0
0
0
0
0
0
0
0
0
0
0
0
0
0
0
0
0
0
0
0
0
0
0
0
0
0
0
0
0
0
0
0
0
0
0
0
0
0
0
0
0
0
0
0
0
0
0
0
0
0
0
0
0
0
0
0
0
0
0
0
0
0
0
0
0
0
0
0
0
0
0
0
0
0
0
0
0
0
0
0
0
0
0
0
0
0
0
0
0
0
0
0
0
0
0
0
0
0
0
0
0
0
0
0
0
0
0
0
0
0
0
0
0
0
0
0
0
0
0
0
0
0
0
0
0
0
0
0
0
0
0
0
0
0
0
0
0
0
0
0
0
0
0
0
0
0
0
0
0
0
0
0
0
0
0
0
0
0
0
0
0
0
0
0
0
0
0
0
0
0
0
0
0
0
0
0
0
0
0
0
0
0
0
0
0
0
0
0
0
0
0
0
0
0
0
0
0
0
0
0
0
0
0
0
0
0
0
0
0
0
0
0
0
0
0
0
0
0
0
0
0
0
0
0
0
0
0
0
0
0
0
0
0
0
0
0
0
0
0
0
0
0
0
0
0
0
0
0
0
0
0
0
0
0
0
0
0
0
0
0
0
0
