.84926827748617
.85756097237269
.82146342595418
.85934958855311
.8504064877828
.85186992088954
.82813006639481
.81999999284744
.82162600755692
.82455285390218
.7917073170344
.88682925701141
.81349593400955
.84504065910975
.82471545537313
.87284553050995
.80048779646556
.88894307613373
.8359349767367
.89528455336889
.81967480977376
.86146342754364
.82796748479207
.86910569667816
.85138209660848
.92227641741435
.80634146928787
.89398374160131
.82211383183797
.83040648698807
.84829266866048
.92373985052109
.79235772291819
.86276423931122
.78569108247757
.85983739296595
.79999999205271
.8599999944369
.86373982826869
.89284553130468
.83886178334554
.88796748717626
.80991870164871
.9001625974973
.79593495527903
.89512195189794
.85642274220784
.8943089445432
.88796748717626
.88585366805395
.78146340449651
.89186992247899
.81252032518387
.89544715483983
.78926829497019
.88780488570531
.81788617372513
.89170732100805
.89089431365331
.88227641582489
.81219512224197
.93528457482656
.84536584218343
.90552844603856
.879512210687
.8816260099411
.85739837090174
.88715447982152
.8411382039388
.95170732339223
.85203250249227
.87723577022552
.82731707890828
.87609755992889
.81918700536092
.865853647391
.8195121884346
.88016259670258
.82991870244344
.91235772768656
.84520324071248
.88536584377289
.83788617451986
.90390243132909
.85056908925374
.89252032836278
.86048779884974
.92601627111435
.83999999364217
.86455285549164
.86065040032069
.88016259670258
.79691058397293
.87235772609711
.81626015901566
.8562601407369
.80325204133987
.84845528999964
.79821137587229
.83105691274007
.83382113774617
.86780488491058
.86650407314301
.91837398211161
.87138211727142
.86829268932343
.85658538341522
.93186990420024
.83902438481649
.91528455416362
.88455285628637
.87138211727142
.8294308980306
.9032520254453
.82146342595418
.89186992247899
.86780488491058
.91544715563456
.80878049135208
.86991868416468
.8637398481369
.94634145498276
.80016259352366
.86341462532679
.81317075093587
.88211383422216
.82975610097249
.89528455336889
.82243903477987
.86975608269374
.85121949513753
.87121951580048
.81772357225418
.90325204531352
.8383739789327
.86292682091395
.8380487759908
.84162602821986
.81479674577713
.85674796501795
.81642278035482
.96065042416255
.84682925542196
.86455285549164
.79869918028514
.84341464440028
.84016259511312
.90211381514867
.79024392366409
.86764230330785
.81138211488724
.93056909243266
.83300813039144
.88000001509984
.79333331187566
.92601627111435
.8473170598348
.86682925621669
.84243901570638
.88406503200531
.83365853627523
.92682927846909
.85170731941859
.9011382261912
.89658536513646
.91317071517309
.79739836851756
.90260163942973
.8414634068807
.90390243132909
.82032519578934
.88601624965668
.82113820314407
.87691056728363
.78406504789988
.85528455177943
.78943089644114
.86390242973963
.876422782739
.89040650924047
.83300813039144
.9042276541392
.79317073027293
.88130080699921
.84959350029627
.93528453509013
.75008130073547
.92065040270487
.84585364659627
.88536584377289
.80276423692703
.88878047466278
.80894309282303
.85073171059291
.84487803777059
.9014634291331
.80764230092367
.84959348042806
.83365853627523
.88617885112762
.83999999364217
.90699185927709
.82292683919271
.91804877916972
.82813008626302
.88699185848236
.81512196858724
.86504064003627
.80878049135208
.89365855852763
.79528454939524
.91739837328593
.81268292665482
.89544713497162
.83886178334554
.90162599086761
.80292683839798
.86715445915858
.83544715245565
.88585366805395
.83398373921712
.88813008864721
.83593495686849
.89642276366552
.82000001271566
.85447154442469
.82455285390218
.86016259590785
.85138213634491
.83821137746175
.82682927449544
.88065040111542
.82861789067586
.89284555117289
.81382111708323
.87804877758026
.81300812959671
.91121949752172
.83577235539754
.91105691591899
.81512194871902
.88715447982152
.83756097157796
.87560975551605
.82796748479207
.89788617690404
.81674798329671
.85934958855311
.83691058556239
.90065040191015
.81626015901566
.87642276287079
.84162600835164
.88926829894384
.84016259511312
.87756097316742
.83674796422323
.86943089962006
.79886176188787
.89626016219457
.80178860823313
.91235772768656
.84878049294154
.89186992247899
.83918696641922
.90406505266825
.82227643330892
.92634147405624
.79707316557566
.89317071437836
.85154473781586
.87869920333227
.78926829497019
.87349591652552
.82471543550491
.85577235619227
.82406504948934
.90520326296488
.81495934724808
.8661788503329
.82991868257523
.88439025481542
.83398373921712
.86943087975184
.87365853786469
.89626016219457
.86373982826869
.91382114092509
.82569106419881
.89203250408173
.8177235921224
.90195123354594
.87999999523163
.8414634068807
.83479674657186
.8798374136289
.80682927370071
.87739837169647
.88325204451879
.82780486345291
.84097560246785
.89869920412699
.83333333333333
.85056910912196
.85170729955037
.86211383342743
.79235772291819
.9073170820872
.83121951421102
.90162601073583
.82243903477987
.96016259988149
.8334959546725
.87235772609711
.82715447743734
.8572357694308
.81788617372513
.91886178652445
.7947967449824
.88357724746068
.77674796183904
.83886180321376
.8201626141866
.91089431444804
.8226016163826
.85056910912196
.83040650685628
.91837398211161
.82276423772176
.8606504201889
.83317073186239
.87398374080658
.85723578929901
.86780486504237
.83008130391439
.89138211806615
.85674798488617
.90065040191015
.85951219002406
.90032521883647
.84780486424764
.86504064003627
.82195123036702
.92162601153056
.8294308980306
.86081302165985
.85902440547943
.91073169310888
.8226016163826
.86617887020111
.78959347804387
.85999997456868
.82715445756912
.88536584377289
.82260163625081
.91853660345078
.79772357145945
.91235772768656
.80276421705882
.87317071358363
.87186992168427
.90504064162572
.85089431206385
.89512197176615
.84373982747396
.87756097316742
.83609755833944
.86569104592005
.85300811131795
.85056910912196
.83398375908534
.91723577181498
.81495934724808
.91398374239604
.79967480897903
.92975608507792
.8321951230367
.91333333651225
.77479674418767
.86601624886195
.81430894136429
.85203252236048
.84601624806722
.93609754244487
.81918700536092
.84666665395101
.83934958775838
.91495935122172
.82894307374954
.88211381435394
.83170731862386
.86520324150721
.8541463414828
.875121931235
.78699185450872
.86699187755585
.82699185609818
.85365853706996
.81772357225418
.90292682250341
.79463414351145
.85430894295375
.85626016060511
.8572357694308
.79626015822093
.87609755992889
.8569105664889
.88894307613373
.80959351857503
.92536584536235
.81593495607376
.89333333571752
.85707314809163
.89414634307226
.83186992009481
.90455283721288
.79121951262156
.84910569588343
.84926829735438
.87918698787689
.83707318703334
.85626016060511
.81008128325144
.87999999523163
.78764228026072
.91333331664403
.85300811131795
.87495932976405
.82829268773397
.88861789306005
.84585364659627
.91788615783056
.84146342674891
.86227641503016
.82764228185018
.85089431206385
.82650407155355
.90682925780614
.79349593321482
.84601626793544
.81463414430618
.91089431444804
.79495936632156
.91739837328593
.86455283562342
.88357722759247
.84341462453206
.90390243132909
.87495934963226
.88715445995331
.81349595387777
.85528457164764
.8167479634285
.87333333492279
.84601624806722
.87837398052216
.84178860982259
.89138211806615
.81528455018997
.8816260099411
.90585364898046
.8980487982432
.79951218763987
.8977235754331
.86829266945521
.89073171218236
.875772356987
.92178863286972
.81707318623861
.89235772689184
.80113822221756
.89495935042699
.8222764134407
.84699187676112
.81463412443797
.90406505266825
.80406504869461
.9183739622434
.83349593480428
.86878047386805
.84130078554153
.93138209978739
.86585366725922
.89284553130468
.82243903477987
.90325200557709
.81008130311966
.90032519896825
.84536584218343
.89252032836278
.82162602742513
.86845527092616
.82894309361776
.84699187676112
.88373984893163
.85170731941859
.84650405248006
.85089429219564
.84991870323817
.91154472033183
.81560975313187
.88699187835058
.8108943104744
.86650405327479
.86796748638153
.88308942317963
.84504063924154
.89349593718847
.8294308980306
.89544715483983
.88796748717626
.90260161956151
.86650407314301
.90845529238383
.85430894295375
.89300813277562
.84471543629964
.90211383501689
.82048779726028
.87723577022552
.84487803777059
.89821137984594
.81073170900345
.88699185848236
.82471543550491
.85219512383143
.83268290758133
.88227643569311
.86406503121058
.88227643569311
.80813008546829
.87447154521942
.84195121129354
.84130080540975
.79609755674998
.90845529238383
.83772357304891
.91382114092509
.84715445836385
.88325202465057
.80390242735545
.88894309600194
.88178861141205
.91024390856425
.81772357225418
.89414634307226
.81398375829061
.88813006877899
.84569106499354
.89382112026215
.80357722441355
.88308942317963
.78634144862493
.89235770702362
.87723579009374
.89447154601415
.80634146928787
.86861789226532
.86699187755585
.92943088213603
.82162602742513
.89707316954931
.8074796795845
.90471543868383
.80325204133987
.84910567601522
.84536586205165
.89268292983373
.86650405327479
.88959350188573
.84943087895711
.90617885192235
.87821137905121
.91398372252782
.84601624806722
.88097562392553
.83837399880091
.88081300258636
.84406503041585
.88308944304784
.82130082448324
.88000001509984
.82065039873123
.85951220989227
.83821137746175
.88617885112762
.83902438481649
.87024392684301
.81756097078323
.88390243053436
.82699187596639
.95317073663076
.87203252315521
.8661788503329
.83300813039144
.90162601073583
.82910567522049
.88699187835058
.8266666730245
.8578861951828
.83691056569417
.89658534526825
.82991870244344
.87121951580048
.83121951421102
.8686178723971
.82162602742513
.88975610335668
.868943075339
.89430892467499
.82552846272786
.92308942476908
.81593495607376
.90341462691625
.86796746651332
.87008128563563
.84455283482869
.88487803936005
.82682927449544
.89609756072362
.8510569135348
.84325204292933
.80747969945272
.84308942159017
.82845528920492
.90406505266825
.85252032677333
.91154470046361
.84325204292933
.87349593639374
.83463414510091
.88943088054657
.81804877519608
.89609756072362
.80487805604935
.90065042177836
.8201626141866
.9289430975914
.84308942159017
.88796748717626
.8226016163826
.8946341474851
.82032519578934
.89203252394994
.84650405248006
.91154472033183
.83235772450765
.83983737230301
.83056908845901
.88130080699921
.87593497832616
.89105691512426
.79382115602493
.88585366805395
.82113820314407
.86926829814911
.82975610097249
.84081300099691
.83268292744954
.92146341005961
.90341462691625
.90764228502909
.84130080540975
.83512194951375
.84341464440028
.87040650844574
.80796748399734
.872682929039
.85154471794764
.83967479070028
.82991870244344
.84195121129354
.84065041939418
.88178861141205
.77772357066472
.88650405406952
.83252030611038
.84406503041585
.86000001430511
.87121951580048
.79430894056956
.89918698867162
.81804877519608
.84731707970301
.82308944066366
.88097560405731
.87723577022552
.88130080699921
.84195123116175
.89479674895604
.85154469807943
.8816260099411
.83463414510091
.86650407314301
.87349591652552
.86162602901459
.86016259590785
.86780488491058
.82975608110428
.90097560485204
.8315446972847
.89463416735331
.85349591573079
.85512195030848
.8266666730245
.87349593639374
.88341462612152
.88617887099584
.84747966130575
.87349595626195
.81593495607376
.85918700695038
.87154469887416
.85398374001185
.82552846272786
.9014634291331
.81560977300008
.85138211647669
.81999999284744
.86650407314301
.85934958855311
.87138211727142
.79902440309525
.90439023574193
.83626015981038
.89008128643036
.83593495686849
.83967481056849
.88943090041478
.86747968196869
.85495934883753
.93317073583603
.85609755913417
.86829268932343
.84813008705775
.86113820473353
.88048779964447
.83463414510091
.81154469648997
.8964227437973
.79804877440135
.86634149154027
.84682927529017
.87430894374847
.86569104592005
.85707316795985
.84178860982259
.88715445995331
.8843902349472
.90308944384257
.85821137825648
.8452032605807
.8325203259786
.88276424010595
.87252032756805
.862764219443
.9347967505455
.84357724587123
.8078048825264
.87869918346405
.84292683998744
.93414634466171
.77999999125799
.9091056783994
.84585364659627
.88113822539647
.85430894295375
.89154469966888
.84081300099691
.85121951500575
.81853657960892
.92601627111435
.80666669209798
.86097560326258
.91154470046361
.89723577102025
.77739836772283
.86422765254974
.79853657881419
.84682927529017
.86422765254974
.88325204451879
.83577235539754
.88211383422216
.86650407314301
.88471545775731
.81853657960892
.90065040191015
.81414633989334
.85073171059291
.89073169231415
.82780488332113
.79528454939524
.8352845509847
.8482926885287
.87430894374847
.86097560326258
.86455283562342
.84845527013143
.87398374080658
.83268292744954
.86536584297816
.85154471794764
.87398374080658
.87918700774511
.85707316795985
.85967479149501
.87170732021332
.80926829576492
.86162602901459
.81837397813797
.85203250249227
.83398373921712
.88780488570531
.84845528999964
.87024390697479
.84504065910975
.84455285469691
.87186992168427
.87219510475794
.83235772450765
.81999999284744
.85008130470912
.85674798488617
.82032519578934
.90715446074804
.84439025322596
.88747968276342
.83414634068807
.87121951580048
.84487803777059
.83317071199417
.85252030690511
.83544715245565
.83951218922933
.87658536434174
.82504065831502
.86520326137543
.83235772450765
.89024390776952
.84260161717733
.85008130470912
.82959349950155
.86195123195648
.85772359371185
.86487803856532
.83626015981038
.82308942079544
.80650407075882
.87008130550385
.83967479070028
.8884552915891
.84682925542196
.84991868336995
.81186991930008
.82341466347377
.84747966130575
.89479674895604
.87056909004847
.8915447195371
.83821139732997
.88585366805395
.88796748717626
.85365855693817
.84650405248006
.85626016060511
.8291056950887
.86536586284637
.84878047307332
.89626014232635
.78617884715398
.89658536513646
.77934960524241
.8173983891805
.80504065752029
.88048779964447
.83626015981038
.85869918266932
.82487803697586
.90634147326152
.84390242894491
.88894309600194
.8037398258845
.87073171138763
.86243901650111
.8510569135348
.87447154521942
.89967479308446
.83707316716512
.85902440547943
.83869920174281
.91382112105687
.83983739217122
.87837400039037
.84666665395101
.8661788503329
.78796748320262
.83934958775838
.8943089445432
.85853658119837
.84162602821986
.85073173046112
.85170731941859
.88585364818573
.82731707890828
.81317073106766
.83967481056849
.84065039952596
.83869918187459
.85252032677333
.82747968037923
.86634147167206
.85186992088954
.83528457085292
.84048779805501
.85528457164764
.8915447195371
.87934960921605
.85528455177943
.88601626952489
.84780488411585
.90650405486425
.83252034584681
.87463414669037
.85577237606049
.79674798250198
.85447152455648
.86991868416468
.82731707890828
.85398374001185
.83983739217122
.88569104671478
.81577235460281
.87121951580048
.83512194951375
.85886180400848
.86097560326258
.88439025481542
.82455285390218
.87447152535121
.85300813118617
.82439023256302
.84081300099691
.84081300099691
.8232520421346
.88243903716405
.8167479634285
.86926829814911
.85252032677333
.87398374080658
.87008130550385
.888780494531
.79186991850535
.85170731941859
.84813006718953
.91756097475688
.84747968117396
.85170729955037
.80845528841019
.86211381355921
.84227643410365
.86536584297816
.81837397813797
.86130082607269
.80439025163651
.89284553130468
.85170731941859
.87691058715185
.87837398052216
.84910569588343
.8908942937851
.85365853706996
.86634145180384
.85268292824427
.89967479308446
.89934959014257
.83674796422323
.86113820473353
.81235772371292
.86878049373627
.8473170598348
.85170731941859
.83024390538534
.80552844206492
.85544715325038
.86829268932343
.87707316875458
.88569104671478
.84878047307332
.8510569135348
.83512194951375
.86487803856532
.81609755754471
.86569106578827
.86829268932343
.85138209660848
.84016259511312
.85528457164764
.77967478831609
.90780486663183
.82422763109207
.87154471874237
.83463414510091
.83886178334554
.78991870085398
.85300815105438
.89024390776952
.862764219443
.83138211568197
.82634145021439
.82796748479207
.84130082527796
.81430894136429
.85333333412806
.82861789067586
.87073169151942
.83447154362996
.89333333571752
.82601626714071
.87203252315521
.83154471715291
.86666667461395
.87999999523163
.90195123354594
.82764228185018
.87154471874237
.83382113774617
.89056911071142
.82097560167313
.88682925701141
.85853658119837
.90081300338109
.84130080540975
.85430894295375
.85382111867269
.88959350188573
.78016261259715
.86422763268153
.82000001271566
.83788617451986
.85609755913417
.87333333492279
.86032521724701
.89869918425878
.8448780576388
.89756099383036
.79024390379588
.90520326296488
.84308942159017
.87674796581268
.79626015822093
.88552844524384
.83170731862386
.84894309441249
.82747966051102
.85951219002406
.83284552892049
.89528455336889
.83918698628743
.93056909243266
.85349593559901
.89495933055878
.82878049214681
.87902438640594
.83365853627523
.82422765096029
.8421138326327
.88113820552826
.82325202226639
.89626016219457
.83853658040365
.90780486663183
.85398374001185
.85219514369965
.82276423772176
.87073171138763
.81430894136429
.86715447902679
.83642276128133
.86178863048553
.80991870164871
.86845527092616
.83203252156576
.86276423931122
.78991870085398
.85853658119837
.82715447743734
.83284552892049
.85463416576385
.8164227604866
.83300813039144
.86699187755585
.83772359291712
.84504065910975
.80813006560008
.84861789147059
.88455283641815
.91463416814804
.83089431126912
.83528457085292
.80292681852976
.86325204372406
.79008130232493
.87999999523163
.87430894374847
.81317073106766
.83674798409144
.87609755992889
.8517073392868
.80308942000071
.82959349950155
.86471545696259
.80439025163651
.8352845509847
.80699185530345
.88943090041478
.83512196938197
.87219512462616
.82731707890828
.86991868416468
.82682927449544
.86861789226532
.80975610017776
.885691066583
.87479676802953
.89609756072362
.80715447664261
.89593493938446
.80146342515945
.84699187676112
.86276423931122
.87560975551605
.7957723736763
.85138211647669
.81479674577713
.85772357384364
.83284552892049
.85626016060511
.80796746412913
.85040652751923
.80325204133987
.83463414510091
.83626015981038
.86227641503016
.86455285549164
.8686178723971
.80829268693924
.88894309600194
.77609757582347
.84861787160238
.82813006639481
.86097560326258
.83024390538534
.81869918107986
.86081300179164
.86130080620448
.84601624806722
.87463414669037
.8078048825264
.86682925621669
.81739836931229
.89528453350067
.84065039952596
.87382113933563
.88487805922826
.87495934963226
.80796748399734
.86504064003627
.82536586125692
.85121951500575
.81804879506429
.86016259590785
.77609755595525
.84845528999964
.86211383342743
.88178863128026
.84536586205165
.85121951500575
.81121951341629
.87154469887416
.81658538182576
.83414634068807
.82211383183797
.85707316795985
.8414634068807
.84048779805501
.78943089644114
.85414632161458
.8414634068807
.87967479228973
.85121951500575
.84341462453206
.82666665315628
.92390243212382
.84341462453206
.84682925542196
.84357722600301
.89138211806615
.78910571336746
.83723574876785
.82747966051102
.84357722600301
.77203251918157
.85414636135101
.83886178334554
.92325200637182
.77788617213567
.84048779805501
.82585366566976
.84601626793544
.81609755754471
.91170732180278
.83398373921712
.87918698787689
.83089431126912
.88845527172089
.84813008705775
.85154471794764
.8263414700826
.83853658040365
.84682927529017
.85674796501795
.83235772450765
.75121953090032
.84048779805501
.7663414478302
.80276421705882
.77495934565862
.78682927290599
.75333333015442
.82861789067586
.74000000953674
.80357724428177
.75414633750916
.83300815025965
.76260163386663
.75479674339294
.76829268534978
.83739837010701
.78146342436473
.83235770463943
.81626015901566
.82471545537313
.78325204054515
.81804877519608
.77544716993968
.83951218922933
.7920325199763
.82113822301229
.8016260266304
.78845528761546
.79788619279861
.82666665315628
.79642275969187
.80390244722366
.76959351698558
.76845530668894
.79837399721146
.82113822301229
.79983739058177
.82666665315628
.82032521565755
.82032519578934
.79056908686956
.79008128245672
.81999999284744
.79430894056956
.79804877440135
.82861789067586
.76682927211126
.8504064877828
.73821137348811
.79821139574051
.77739836772283
.79609755674998
.78552846113841
.77382113536199
.77089430888494
.84260161717733
.81398375829061
.8424390355746
.78504063685735
.83170731862386
.75512192646662
.82065039873123
.80211381117503
.82943087816238
.77430893977483
.81252032518387
.79886178175608
.81821137666702
.78243903319041
.78325204054515
.79447154204051
.76617884635925
.7669918735822
.80634146928787
.78178860743841
.83235772450765
.78471545378367
.81560977300008
.77869919935862
.79951220750809
.79008130232493
.79593495527903
.79983741044998
.82146340608597
.79317073027293
.82227643330892
.76065039634705
.86097560326258
.75544714927673
.83658536275228
.7604877948761
.81024390459061
.7704065044721
.83382113774617
.78065041700999
.8325203259786
.75756098826726
.79040648539861
.80032521486282
.85430892308553
.79024390379588
.81544715166092
.78520325819651
.83317071199417
.75593495368958
.76520325740178
.74357724189758
.83186993996302
.77674796183904
.83560973405838
.76243903239568
.81284550825755
.75203251838684
.8133333325386
.76439025004705
.81691056489944
.75073170661926
.85886178414027
.81821137666702
.83284552892049
.76813006401062
.83398373921712
.83788617451986
.84959348042806
.78357724348704
.82699187596639
.78813008467356
.87235770622889
.76520327727
.84813008705775
.80439025163651
.85398374001185
.79495934645335
.82764226198196
.81837397813797
.79577235380808
.81186991930008
.82552844285965
.77333333094915
.8047154545784
.81073170900345
.86585366725922
.80276423692703
.84341462453206
.8380487759908
.84162602821986
.81544717152913
.84878049294154
.78829268614451
.85398374001185
.78943089644114
.8661788503329
.81788619359334
.86813008785248
.78439025084178
.87918698787689
.80373984575272
.8599999944369
.81577235460281
.84569106499354
.81918698549271
.88910569747289
.80764228105545
.86764226357142
.78878049055735
.87658538420995
.8130081097285
.85138209660848
.79934960603714
.9042276541392
.86178863048553
.88113822539647
.86487805843353
.90390243132909
.87739837169647
.91447154680888
.87495934963226
.93089429537455
.87723577022552
.96699186166128
.86325204372406
.94487806161245
.88032521804174
.93252032995224
.88731708129247
.94439023733139
.89186992247899
.95642274618149
.9032520254453
1.0318699081739
.92292682329814
.97772357861201
.89691056807836
.99105689922969
.95349593957265
.95609758297602
.90878049532572
1.0471544663111
.96081300576528
1.0468292633692
.97626016537348
1.0100812911987
.95382114251455
1.0466666618983
.94032520055771
1.0183739463488
.93821138143539
1.0009755889575
.9221138159434
.96439023812612
.93934959173203
1.0001626014709
.98422765731812
.99235771099726
.92650407552719
1.008455256621
.99333333969116
1.0097560882568
.9585365653038
.99772357940674
.96926830212275
1.0289430618286
.96195121606191
1.0377235412598
.94715446233749
1.0432520310084
.97056911389033
1.0008130073547
.96341462930044
.96780486901601
.96390243371328
.9941463470459
.94146341085434
.99430894851685
.93707317113876
.99821138381958
.95073171456655
.94325202703476
.94569104909897
.98975608746211
.90764228502909
.97495935360591
.90016261736552
.93252032995224
.9221138159434
.9310568968455
.90308942397436
.9656910498937
.93642276525497
.99089429775874
.9035772283872
.94032520055771
.90569104750951
.90000001589457
.88910569747289
.95788617928823
.89203250408173
.97073171536128
.81821137666702
.89674798647563
.82487805684408
.90341464678446
.85707316795985
.87853660186132
.83268294731776
.83674794435501
.8108943104744
.8661788503329
.78536585966746
.86406503121058
.79626017808914
.81121951341629
.80048779646556
.83235772450765
.79186991850535
.88585366805395
.78487805525462
.84308942159017
.80617886781693
.86178861061732
.79837399721146
.82780486345291
.80406504869461
.8668292760849
.77512194712957
.81821137666702
.79430894056956
.84926829735438
.80617886781693
.80569106340408
.80146342515945
.85934960842133
.80276421705882
.85837395985921
.74894307057063
.83138211568197
.7917073170344
.80471543471018
.79658536116282
.80390244722366
.77138209342957
.82178860902786
.76910569270452
.80699185530345
.78081301848094
.83983739217122
.7769105831782
.79056910673777
.72341463963191
.8130081097285
.80731705824534
.79918700456619
.78016261259715
.81869918107986
.78552846113841
.85512195030848
.80243903398514
.87219512462616
.80991870164871
.78959349791209
.80065041780472
.84243901570638
.8133333325386
.82894309361776
.78178862730662
.82162600755692
.76406502723694
.85008130470912
.78390242656072
.79869918028514
.79691056410472
.78991870085398
.7604877948761
.82747966051102
.80845528841019
.84959348042806
.81365855534871
.76292683680852
.77495934565862
.83121951421102
.76699185371399
.84406505028407
.74715445439021
.80861788988113
.75739838679632
.84325204292933
.76585366328557
.82764228185018
.76829268534978
.80113822221756
.77154471476873
.78585368394852
.74308943748474
.82211381196976
.74341462055842
.81902438402176
.75772356987
.82081300020218
.77430893977483
.86292682091395
.74016261100769
.82731707890828
.75268294413884
.83593495686849
.81284552812576
.80601626634598
.76894309123357
.81691056489944
.73691058158875
.81252032518387
.76926829417547
.7821138103803
.79317071040471
.7985365986824
.76585366328557
.8510569135348
.78276421626409
.80829268693924
.78601626555125
.78113822142283
.79609757661819
.7704065044721
.73414631684621
.81105691194534
.75284552574158
.83593495686849
.73934958378474
.81544715166092
.73674796024958
.80975610017776
.73756098747253
.81512194871902
.71804877122243
.80536586046219
.78292681773504
.79658536116282
.75739838679632
.79983741044998
.76796748240789
.77642275889715
.76146340370178
.80666667222977
.72032519181569
.81300812959671
.71804879109065
.85528455177943
.8074796795845
.83821139732997
.76325203975042
.83869918187459
.75821137428284
.76650404930115
.75203253825506
.81365855534871
.76211380958557
.8126829067866
.80813008546829
.77772359053294
.73853657643
.77837397654851
.78666669130325
.79951220750809
.77186991771062
.80276423692703
.78178860743841
.8321951230367
.80715447664261
.83821139732997
.75837397575378
.83707316716512
.78439025084178
.82601626714071
.71967480580012
.8047154545784
.77447154124578
.80308943986893
.78455283244451
.85300813118617
.75707316398621
.78747969865799
.75577235221863
.83121951421102
.77008128166199
.80699185530345
.7512195110321
.80699187517166
.73723576466242
.75707316398621
.77983738978704
.77658536036809
.74325203895569
.81056912740072
.78308941920598
.80195120970408
.7635772228241
.82081300020218
.81837395826975
.81739836931229
.80634146928787
.8414634068807
.78471543391546
.81203252077103
.81886178255081
.81999999284744
.79560973246892
.77317074934642
.80243901411692
.79544715086619
.73121951023738
.81853659947713
.76195122798284
.81203252077103
.7975609699885
.80585364500682
.75983740886052
.77788617213567
.76991871992747
.79967478911082
.79788619279861
.8009756008784
.75300812721252
.82796748479207
.76211382945379
.8068292538325
.77544715007146
.79869918028514
.76211380958557
.81073170900345
.78975609938304
.81674798329671
.77837399641673
.80910569429398
.78617884715398
.80032521486282
.7487804889679
.79186991850535
.80292681852976
.77512196699778
.74276423454285
.82276421785355
.77951218684514
.83333333333333
.79268292586009
.86552846431732
.76097561915716
.82146342595418
.78569106260935
.81317073106766
.76780488093694
.83317073186239
.78439025084178
.79186991850535
.75560975074768
.85447154442469
.78195122877757
.84991870323817
.8068292538325
.84552846352259
.76292683680852
.72455284992854
.78357724348704
.78406504789988
.73821139335632
.79821139574051
.74910569190979
.83073170979818
.80910567442576
.82081302007039
.77658536036809
.83365853627523
.74780488014221
.86032519737879
.76975607872009
.80959349870682
.75447154045105
.81252032518387
.77512194712957
.79284552733103
.81479674577713
.80292681852976
.78357722361883
.79674798250198
.75983740886052
.85544715325038
.77739838759104
.82731707890828
.7642276485761
.81869916121165
.76260161399841
.84292682011922
.75609755516052
.80845528841019
.77089430888494
.77284552653631
.76796748240789
.80991870164871
.79544717073441
.84878049294154
.74048781394958
.84016261498133
.79463414351145
.79804877440135
.76878048976262
.78439025084178
.80552844206492
.80569106340408
.75382111469905
.81869918107986
.76845528682073
.80357724428177
.73040648301442
.78764228026072
.80000001192093
.81056908766429
.79138211409251
.82845528920492
.76780488093694
.83869918187459
.79593495527903
.86406503121058
.79154471556346
.8068292538325
.74991867939631
.78227643171946
.74910569190979
.78504063685735
.79317073027293
.8551219701767
.75479676326116
.78617884715398
.79528456926346
.83560973405838
.76325203975042
.80016261339188
.74585366249084
.79463416337967
.77512194712957
.82292683919271
.79544715086619
.83203254143397
.76764227946599
.8143089612325
.80861788988113
.83869920174281
.76780488093694
.8133333325386
.77886178096135
.81544715166092
.79186991850535
.87154471874237
.77365853389104
.78552846113841
.77967478831609
.77674796183904
.78845530748367
.81008128325144
.78682927290599
.75788617134094
.76097559928894
.80081299940745
.77772357066472
.80341462294261
.80260161558787
.81560973326365
.7487804889679
.82813006639481
.81577237447103
.88178861141205
.7525203426679
.83398373921712
.75495934486389
.80699187517166
.76926829417547
.83430894215902
.78390242656072
.79317073027293
.77300812800725
.81203252077103
.75284552574158
.81284552812576
.77886178096135
.84926829735438
.80569106340408
.8325203259786
.77073170741399
.8346341252327
.7830894390742
.76829266548157
.76487805445989
.8334959546725
.77593497435252
.81918696562449
.76406504710515
.84650405248006
.76471545298894
.80211381117503
.78552846113841
.81723576784134
.79658536116282
.81593497594198
.75008130073547
.84926829735438
.71821139256159
.77430893977483
.77300814787547
.81999999284744
.74829266468684
.78032519419988
.76764227946599
.8572357694308
.78325204054515
.82861791054408
.74959349632263
.80959349870682
.73609755436579
.78504063685735
.82715445756912
.8479674855868
.80032519499461
.86195121208827
.77365855375926
.83300813039144
.78666665156682
.83349593480428
.84032519658407
.79804879426956
.77788617213567
.82569106419881
.77235772212346
.80536586046219
.82373984654744
.81869918107986
.76487805445989
.84569106499354
.77707316478093
.86552846431732
.72422762711843
.84260163704554
.80048779646556
.84634147087733
.80747969945272
.81479674577713
.76308943827947
.83869918187459
.76487805445989
.81804877519608
.77560975154241
.81414633989334
.75479676326116
.79999999205271
.73707316319148
.83772357304891
.77658536036809
.8352845509847
.78569104274114
.79284552733103
.75073170661926
.79837397734324
.82569106419881
.75756096839905
.73609755436579
.78910569349925
.76861788829168
.81138209501902
.78162602583567
.84861787160238
.75268292427063
.84178862969081
.78666665156682
.8185365597407
.78390244642893
.83008130391439
.77203251918157
.77105691035589
.73138211170832
.80975608030955
.77821137507757
.81300812959671
.75723578532537
.86032521724701
.76894307136536
.83089431126912
.74650406837463
.82292681932449
.77300810813904
.8226016163826
.76569104194641
.81837397813797
.74943089485168
.85089431206385
.75886180003484
.76569106181463
.76097559928894
.83463414510091
.73495936393738
.83040648698807
.75040650367737
.81219512224197
.77837397654851
.81560975313187
.76065041621526
.80910567442576
.77170731623967
.83528457085292
.74016261100769
.81495934724808
.78796748320262
.7800000111262
.74715447425842
.78373984495799
.76065039634705
.80682927370071
.76943089564641
.81252032518387
.76130080223083
.85691058635712
.75235772132874
.79837397734324
.73918700218201
.82829268773397
.78308941920598
.89886178572973
.78731707731883
.85642276207606
.77430893977483
.81658538182576
.7710569302241
.78504065672557
.82780488332113
.87788617610931
.80715445677439
.84130080540975
.76000001033147
.8019512295723
.76130080223083
.81593495607376
.75430895884832
.76813008387883
.77479674418767
.79154471556346
.74617886543274
.79105691115061
.76081301768621
.79707316557566
.76146342357
.81008130311966
.78845528761546
.80536586046219
.75512196620305
.83918700615565
.75886178016663
.79414633909861
.7700813015302
.81821137666702
.72552845875422
.83788619438807
.78829268614451
.78991870085398
.76276423533758
.84260161717733
.80422765016556
.77951218684514
.80341462294261
.79349593321482
.74894309043884
.82715447743734
.74439024925232
.8198373913765
.78373982508977
.76845528682073
.75723576545715
.84780486424764
.78146342436473
.80243901411692
.7601625919342
.7985365986824
.75414633750916
.80487805604935
.75772358973821
.80894309282303
.72764227787654
.86065040032069
.75365853309631
.84406503041585
.79284552733103
.82032519578934
.75967480738958
.86406503121058
.74113819996516
.82796746492386
.79414633909861
.82178862889608
.80276423692703
.79577235380808
.79414635896683
.80617886781693
.71674797932307
.81105691194534
.79804877440135
.81121951341629
.76991870005925
.82959349950155
.83642276128133
.84146342674891
.78569106260935
.84422765175502
.75056910514832
.82699187596639
.79089432954788
.80666665236155
.75772356987
.84585366646449
.77024390300115
.80910569429398
.77560975154241
.76813008387883
.75756096839905
.83170731862386
.77869917949041
.79788619279861
.75983738899231
.84666667381922
.7694308757782
.81268292665482
.73723576466242
.78959349791209
.77170731623967
.82617888847987
.76276423533758
.80764228105545
.77658538023631
.82308944066366
.76943091551463
.78991870085398
.76308943827947
.80487803618113
.77512194712957
.80585366487503
.75593495368958
.7704065044721
.80081301927567
.80422763029734
.73804879188538
.78699187437693
.74861790736516
.85073171059291
.77691056330999
.83300813039144
.80617886781693
.8047154545784
.7978861729304
.84731707970301
.76520325740178
.81447154283524
.7882926662763
.84569106499354
.75430895884832
.78650406996409
.77203251918157
.82373982667923
.74975609779358
.76666667064031
.78536583979925
.82552846272786
.76650406916936
.84991870323817
.74178860584895
.8009756008784
.78975609938304
.82325202226639
.77089430888494
.86081300179164
.7731707294782
.79105691115061
.75284550587336
.79430894056956
.77788617213567
.80861788988113
.77235772212346
.80569104353587
.71788616975149
.82439023256302
.79723576704661
.80178860823313
.75642275810242
.82926829655965
.75203253825506
.81300812959671
.7199999888738
.83154471715291
.76341464122136
.83430894215902
.78357722361883
.81138211488724
.72731707493464
.84292682011922
.75447154045105
.84959350029627
.74016261100769
.80341464281082
.79609755674998
.80699187517166
.76178862651189
.8448780576388
.78243901332219
.80065041780472
.72569104035695
.83626015981038
.77658538023631
.86585366725922
.78211383024851
.81040650606155
.75186991691589
.84504065910975
.72504065434138
.84308942159017
.74861788749695
.79463414351145
.75203251838684
.78975609938304
.77235772212346
.80081299940745
.78097560008367
.83398373921712
.76276423533758
.85902440547943
.75073170661926
.82113820314407
.76520323753357
.80796746412913
.75951218605042
.83089431126912
.74552843968074
.82178860902786
.77739836772283
.8411382039388
.77495936552683
.80975610017776
.79186991850535
.83430894215902
.75756096839905
.83544715245565
.76617886622747
.80634146928787
.735447148482
.80341462294261
.73512196540833
.8300813237826
.75219511985779
.88195123275121
.75691056251526
.84552846352259
.77089430888494
.81008128325144
.74926829338074
.83138211568197
.81463414430618
.7988618016243
.75170729557673
.79804877440135
.74065039555232
.82341464360555
.7573983669281
.81609753767649
.71398375431697
.77658538023631
.75414635737737
.87073171138763
.73479674259822
.77869919935862
.74390244483948
.77333335081736
.76910569270452
.83154471715291
.78764228026072
.74813008308411
.79008130232493
.81886178255081
.78926829497019
.79658536116282
.80731707811356
.81707316637039
.7611382206281
.82032519578934
.81756099065145
.83089431126912
.79056910673777
.82487805684408
.75219511985779
.82569106419881
.74910567204158
.79235772291819
.75853659709295
.84081302086512
.75674796104431
.83495934804281
.75642277797063
.82699187596639
.79040652513504
.84813006718953
.76243903239568
.83398373921712
.8232520421346
.8390244046847
.73902440071106
.75252032279968
.80585366487503
.84959348042806
.80634146928787
.82000001271566
.73219513893127
.84016259511312
.8019512295723
.83268292744954
.7731707294782
.75788619120916
.755284567674
.77121951182683
.768292705218
.83934958775838
.76097561915716
.83300811052322
.78910567363103
.78325204054515
.75967480738958
.81983737150828
.77219512065252
.82617886861165
.78227641185125
.83788617451986
.76308941841125
.8380487759908
.7642276485761
.80731707811356
.76308943827947
.87154469887416
.73674796024958
.8312194943428
.73089430729548
.8157723347346
.77918698390325
.83268290758133
.79918700456619
.81317073106766
.7580487926801
.85804879665375
.76032519340515
.84764228264491
.75170731544495
.84861789147059
.76747967799505
.78926829497019
.76390244563421
.79886178175608
.74000000953674
.84617884953817
.78813008467356
.79056910673777
.74666666984558
.81528455018997
.73739838600159
.86536586284637
.7308943271637
.84910567601522
.80617886781693
.76861788829168
.76308943827947
.82959349950155
.75349595149358
.81121951341629
.78325204054515
.79821137587229
.75723578532537
.81674798329671
.8009756008784
.8047154545784
.72422764698664
.84081300099691
.73788617054621
.81902438402176
.7704065044721
.78682925303777
.76991871992747
.81772357225418
.74390244483948
.79609755674998
.76308941841125
.859024365743
.76065039634705
.81154471635818
.77788617213567
.81902438402176
.78373982508977
.81804877519608
.77056910594304
.82764228185018
.74520325660706
.81544715166092
.75447156031926
.80032519499461
.79235772291819
.78130082289378
.71349593003591
.80894307295481
.77642275889715
.84682927529017
.74552847941717
.79739836851756
.76878048976262
.77723576625188
.76016261180242
.81560977300008
.72292681535085
.79121951262156
.76715447505315
.80715445677439
.78130080302556
.83495934804281
.74666664997737
.83756097157796
.76943089564641
.82373982667923
.7790243824323
.83333333333333
.77398375670115
.79804877440135
.76439025004705
.8195121884346
.78081299861272
.76292683680852
.7642276485761
.82747968037923
.77853659788767
.79186991850535
.76991870005925
.76341462135315
.78910569349925
.83040650685628
.75105690956116
.77886180082957
.77024390300115
.80715447664261
.75089432795842
.79300812880198
.76390244563421
.80504063765208
.72390244404475
.80959349870682
.79138211409251
.81414633989334
.74813008308411
.79317071040471
.7364227771759
.80796750386556
.75707318385442
.79804877440135
.76650406916936
.75886178016663
.78845528761546
.78243903319041
.75317072868347
.85918698708216
.73626015583674
.82715447743734
0
0
0
0
0
0
0
0
0
0
0
0
0
0
0
0
0
0
0
0
0
0
0
0
0
0
0
0
0
0
0
0
0
0
0
0
0
0
0
0
0
0
0
0
0
0
0
0
0
0
0
0
0
0
0
0
0
0
0
0
0
0
0
0
0
0
0
0
0
0
0
0
0
0
0
0
0
0
0
0
0
0
0
0
0
0
0
0
0
0
0
0
0
0
0
0
0
0
0
0
0
0
0
0
0
0
0
0
0
0
0
0
0
0
0
0
0
0
0
0
0
0
0
0
0
0
0
0
0
0
0
0
0
0
0
0
0
0
0
0
0
0
0
0
0
0
0
0
0
0
0
0
0
0
0
0
0
0
0
0
0
0
0
0
0
0
0
0
0
0
0
0
0
0
0
0
0
0
0
0
0
0
0
0
0
0
0
0
0
0
0
0
0
0
0
0
0
0
0
0
0
0
0
0
0
0
0
0
0
0
0
0
0
0
0
0
0
0
0
0
0
0
0
0
0
0
0
0
0
0
0
0
0
0
0
0
0
0
0
0
0
0
0
0
0
0
0
0
0
0
0
0
0
0
0
0
0
0
0
0
0
0
0
0
0
0
0
0
0
0
0
0
0
0
0
0
0
0
0
0
0
0
0
0
0
0
0
0
0
0
0
0
0
0
0
0
0
0
0
0
0
0
0
0
0
0
0
0
0
0
0
0
0
0
0
0
0
0
0
0
0
0
0
0
0
0
0
0
0
0
0
0
0
0
0
0
0
0
0
0
0
0
0
0
0
0
0
0
0
0
0
0
0
0
0
0
0
0
0
0
0
0
0
0
0
0
0
0
0
0
0
0
0
0
0
0
0
0
0
0
0
0
0
0
0
0
0
0
0
0
0
0
0
0
0
0
0
0
0
0
0
0
0
0
0
0
0
0
0
0
0
0
0
0
0
0
0
0
0
0
0
0
0
0
0
0
0
0
0
0
0
0
0
0
0
0
0
0
0
0
0
0
0
0
0
0
0
0
0
0
0
0
0
0
0
0
0
0
0
0
0
0
0
0
0
0
0
0
0
0
0
0
0
0
0
0
0
0
0
0
0
0
0
0
0
0
0
0
0
0
0
0
0
0
0
0
0
0
0
0
0
0
0
0
0
0
0
0
0
0
0
0
0
0
0
0
0
0
0
0
0
0
0
0
0
0
0
0
0
0
0
0
0
0
0
0
0
0
0
0
0
0
0
0
0
0
0
0
0
0
0
0
0
0
0
0
0
0
0
0
0
0
0
0
0
0
0
0
0
0
0
0
0
0
0
0
0
0
0
0
0
0
0
0
0
0
0
0
0
0
0
0
0
0
0
0
0
0
0
0
0
0
0
0
0
0
0
0
0
0
0
0
0
0
0
0
0
0
0
0
0
0
0
0
0
0
0
0
0
0
0
0
0
0
0
0
0
0
0
0
0
0
0
0
0
0
0
0
0
0
0
0
0
0
0
0
0
0
0
0
0
0
0
0
0
0
0
0
0
0
0
0
0
0
0
0
0
0
0
0
0
0
0
0
0
0
0
0
0
0
0
0
0
0
0
0
0
0
0
0
0
0
0
0
0
0
0
0
0
0
0
0
0
0
0
0
0
0
0
0
0
0
0
0
0
0
0
0
0
0
0
0
0
0
0
0
0
0
0
0
0
0
0
0
0
0
0
0
0
0
0
0
0
0
0
0
0
0
0
0
0
0
0
0
0
0
0
0
0
0
0
0
0
0
0
0
0
0
0
0
0
0
0
0
0
0
0
0
0
0
0
0
0
0
0
0
0
0
0
0
0
0
0
0
0
0
0
0
0
0
0
0
0
0
0
0
0
0
0
0
0
0
0
0
0
0
0
0
0
0
0
0
0
0
0
0
0
0
0
0
0
0
0
0
0
0
0
0
0
0
0
0
0
0
0
0
0
0
0
0
0
0
0
0
0
0
0
0
0
0
0
0
0
0
0
0
0
0
0
0
0
0
0
0
0
0
0
0
0
0
0
0
0
0
0
0
0
0
0
0
0
0
0
0
0
0
0
0
0
0
0
0
0
0
0
0
0
0
0
0
0
0
0
0
0
0
0
0
0
0
0
0
0
0
0
0
0
0
0
0
0
0
0
0
0
0
0
0
0
0
0
0
0
0
0
0
0
0
0
0
0
0
0
0
0
0
0
0
0
0
0
0
0
0
0
0
0
0
0
0
0
0
0
0
0
0
0
0
0
0
0
0
0
0
0
0
0
0
0
0
0
0
0
0
0
0
0
0
0
0
0
0
0
0
0
0
0
0
0
0
0
0
0
0
0
0
0
0
0
0
0
0
0
0
0
0
0
0
0
0
0
0
0
0
0
0
0
0
0
0
0
0
0
0
0
0
0
0
0
0
0
0
0
0
0
0
0
0
0
0
0
0
0
0
0
0
0
0
0
0
0
0
0
0
0
0
0
0
0
0
0
0
0
0
0
0
0
0
0
0
0
0
0
0
0
0
0
0
0
0
0
0
0
0
0
0
0
0
0
0
0
0
0
0
0
0
0
0
0
0
0
0
0
0
0
0
0
0
0
0
0
0
0
0
0
0
0
0
0
0
0
0
0
0
0
0
0
0
0
0
0
0
0
0
0
0
0
0
0
0
0
0
0
0
0
0
0
0
0
0
0
0
0
0
0
0
0
0
0
0
0
0
0
0
0
0
0
0
0
0
0
0
0
0
0
0
0
0
0
0
0
0
0
0
0
0
0
0
0
0
0
0
0
0
0
0
0
0
0
0
0
0
0
0
0
0
0
0
0
0
0
0
0
0
0
0
0
0
0
0
0
0
0
0
0
0
0
0
0
0
0
0
0
0
0
0
0
0
0
0
0
0
0
0
0
0
0
0
0
0
0
0
0
0
0
0
0
0
0
0
0
0
0
0
0
0
0
0
0
0
0
0
0
0
0
0
0
0
0
0
0
0
0
0
0
0
0
0
0
0
0
0
0
0
0
0
0
0
0
0
0
0
0
0
0
0
0
0
0
0
0
0
0
0
0
0
0
0
0
0
0
0
0
0
0
0
0
0
0
0
0
0
0
0
0
0
0
0
0
0
0
0
0
0
0
0
0
0
0
0
0
0
0
0
0
0
0
0
0
0
0
0
0
0
0
0
0
0
0
0
0
0
0
0
0
0
0
0
0
0
0
0
0
0
0
0
0
0
0
0
0
0
0
0
0
0
0
0
0
0
0
0
0
0
0
0
0
0
0
0
0
0
0
0
0
0
0
0
0
0
0
0
0
0
0
0
0
0
0
0
0
0
0
0
0
0
0
0
0
0
0
0
0
0
0
0
0
0
0
0
0
0
0
0
0
0
0
0
0
0
0
0
0
0
0
0
0
0
0
0
0
0
0
0
0
0
0
0
0
0
0
0
0
0
0
0
0
0
0
0
0
0
0
0
0
0
0
0
0
0
0
0
0
0
0
0
0
0
0
0
0
0
0
0
0
0
0
0
0
0
0
0
0
0
0
0
0
0
0
0
0
0
0
0
0
0
0
0
0
0
0
0
0
0
0
0
0
0
0
0
0
0
0
0
0
0
0
0
0
0
0
0
0
0
0
0
0
0
0
0
0
0
0
0
0
0
0
0
0
0
0
0
0
0
0
0
0
0
0
0
0
0
0
0
0
0
0
0
0
0
0
0
0
0
0
0
0
0
0
0
0
0
0
0
0
0
0
0
