.875
.85253266493479
.87023421128591
.83755445480347
.91040307283401
.85375817616781
.85988563299179
.88248910506566
.83483117818832
.81903594732285
.83333331346512
.8657407561938
.87472764650981
.85443900028865
.81590414047241
.85879629850388
.82325708866119
.81930828094482
.8560729821523
.83646514018377
.82693354288737
.81794661283493
.83986926078796
.79697712262472
.82244008779526
.81454249223073
.79874728123347
.82298475503922
.82529956102371
.82298475503922
.86260892947515
.83592049280802
.83619280656179
.86696622769038
.80582789580027
.82529956102371
.82502724726995
.80487473805745
.79343682527542
.78322440385818
.79411764939626
.75871459643046
.80569171905518
.7877178589503
.7926198442777
.78322440385818
.76838235060374
.80841501553853
.83496731519699
.81767429908117
.7958877881368
.78799019257228
.8125
.7854030529658
.75095315774282
.79221133391062
.81903594732285
.79139433304469
.81181917587916
.7971132795016
.80215140183767
.7949346502622
.81794661283493
.81413396199544
.85457515716553
.77001635233561
.83469500144323
.80337691307068
.83442266782125
.79970043897629
.8220315972964
.80895970265071
.8018790880839
.83101850748062
.88139977057775
.82720589637756
.79806645711263
.83088235060374
.82135075330734
.76102940241496
.80392156044642
.80814270178477
.78281589349111
.78444989522298
.80092593034108
.8032407561938
.82434642314911
.8406862616539
.81209150950114
.83183552821477
.83169933160146
.82952070236206
.78812636931737
.82162310679754
.83455882469813
.77682461341222
.79466231664022
.75612745682398
.80528322855632
.83932461341222
.75871457656225
.79738561312358
.81113833189011
.77124184370041
.8477668762207
.80909585952759
.83809914191564
.81209150950114
.8289760351181
.74972766637802
.8123638232549
.79697712262472
.78227124611537
.76239107052485
.78444989522298
.78281589349111
.77750545740128
.79970043897629
.80569171905518
.76783768335978
.8007897734642
.77382896343867
.77927559614182
.82979301611582
.78730936845144
.76933550834656
.79670478900274
.8031045794487
.79003268480301
.8135893146197
.80623638629913
.81685729821523
.83809912204742
.7949346502622
.80868736902873
.80324073632558
.82121459643046
.7666122118632
.81304464737574
.81004901727041
.7700163324674
.8314270178477
.81794661283493
.78894335031509
.77464596430461
.77519065141678
.76960784196854
.82189544041952
.80324073632558
.830337703228
.85307735204697
.85198801755905
.84858387708664
.86043030023575
.85947714249293
.82135077317556
.80746187766393
.84626907110214
.85566447178523
.85416664679845
.85729849338531
.88235294818878
.86315359671911
.82693354288737
.82230391105016
.81576798359553
.84763069947561
.84953705469767
.85797929763794
.83374182383219
.83551198244095
.82693354288737
.83428649107615
.82965685923894
.81971677144368
.82952070236206
.80378540356954
.83592047293981
.82039759556452
.82121459643046
.81413398186366
.80255991220474
.82121457656225
.78376907110214
.83183550834656
.79697712262472
.81045750776927
.82012528181076
.83905229965846
.84313726425171
.87295750776927
.85906863212585
.86887254317602
.88466775417328
.82434640328089
.82325706879298
.84599673748016
.86560455958049
.8479030529658
.87118734916051
.86424293120702
.87513615687688
.85607300202052
.83415033419927
.8491285443306
.82734205325445
.80337691307068
.81944445768992
.85580064853032
.86260892947515
.846677561601
.82720587650935
.83877994616826
.83673747380575
.79316447178523
.84232026338577
.82761436700821
.85144335031509
.84095859527588
.85580064853032
.86342591047287
.86043028036753
.8643790880839
.78172657887141
.82461873690287
.85171568393707
.8656045794487
.80991286039352
.85321352879206
.84000545740128
.85103483994802
.85035403569539
.83592047293981
.87118734916051
.89773964881897
.86410675446192
.85008170207342
.84300110737483
.91407952706019
.87785947322845
.90168845653534
.85239652792613
.85729845364888
.88834422826767
.90305010477702
.84177559614182
.89801198244095
.88521240154902
.84259259700775
.86151961485545
.90019063154856
.85525598128637
.8833061059316
.8479030529658
.87717864910762
.84340957800547
.86941721041997
.86247277259827
.86655773719152
.857162296772
.86260894934336
.84232026338577
.81440631548564
.87990196545919
.87894880771637
.83809912204742
.87159585952759
.8325163324674
.84803920984268
.84177559614182
.87350217501322
.84708605209986
.88044663270315
.81467864910762
.85049019257228
.82720587650935
.83101852734884
.87268517414729
.84817538658778
.84490740299225
.84381808837255
.79261980454127
.82461873690287
.81004901727041
.82352940241496
.81399782498678
.82747821013133
.84490740299225
.85879629850388
.84449891249339
.82461873690287
.83646516005198
.79547929763794
.83632898330688
.81753812233607
.81944443782171
.81753810246785
.79561547438304
.8137254913648
.82257624467214
.82380173603694
.79003268480301
.8220315972964
.82829521099726
.81427015860875
.79289213816325
.88058278958003
.81835512320201
.84232026338577
.83224401871363
.82843136787415
.82448256015778
.84027779102325
.7960239648819
.80964054663976
.79044117530187
.8101851940155
.82924836874008
.79180282354355
.80174291133881
.80215142170588
.82883985837301
.78839870293935
.83592047293981
.84232026338577
.81222766637802
.82570807139079
.82366555929184
.78131808837255
.84232026338577
.82911219199498
.86410675446192
.87677015860875
.82802287737528
.83251635233561
.85212417443593
.86683005094528
.94607841968536
.87418299913406
.86873640616735
.83061001698176
.79084968566895
.8289760351181
.81563180685043
.83047386010488
.82039759556452
.81794663270315
.79970041910807
.80269608894984
.80065359671911
.8291122118632
.83700980742772
.81495098272959
.81767429908117
.81835512320201
.82856754461924
.81318082412084
.82938452561696
.82938452561696
.82529956102371
.8065087000529
.80405773719152
.80950436989466
.78785403569539
.84232024351756
.81154684225718
.8311546643575
.7781862616539
.77805012464523
.77859477202098
.81998910506566
.83442266782125
.84586056073507
.83183550834656
.82829519112905
.84517973661423
.82271242141724
.82856752475103
.84994552532832
.84191177288691
.8231209119161
.83755445480347
.85825163125992
.86383442083995
.83864376942317
.77818628152212
.79711329936981
.83319717645645
.8468137383461
.84409042199453
.8666938940684
.85893245538076
.89556097984314
.84272875388463
.89038670063019
.83129086097081
.85348584254583
.82516338427862
.85457515716553
.85471131404241
.87785945336024
.87009803454081
.86124728123347
.83278868595759
.87173201640447
.846677561601
.88820805152257
.85825163125992
.875
.88031047582626
.86356208721797
.86083879073461
.84272875388463
.8195806145668
.79738561312358
.83755445480347
.85035403569539
.86397057771683
.85893245538076
.85634531577428
.86941721041997
.86356208721797
.8551198442777
.8126361767451
.82325706879298
.86342593034108
.83877994616826
.85035401582718
.86737473805745
.82529956102371
.87785947322845
.85348584254583
.88657406965892
.86288126309713
.86274508635203
.84340959787369
.87309368451436
.85362201929092
.8491285443306
.82461873690287
.83442264795303
.82911219199498
.81086601813634
.78989652792613
.82652505238851
.82611654202143
.81522331635157
.87690629561742
.81263615687688
.87254901727041
.86696622769038
.85988561312358
.85743463039398
.85525600115458
.85375817616781
.86056645711263
.85239650805791
.83292484283447
.86955336729685
.8739106853803
.8773148059845
.85212417443593
.85362199942271
.84463508923848
.84272875388463
.85906863212585
.84463508923848
.86465142170588
.85743463039398
.85226035118103
.84191177288691
.8489923675855
.85008170207341
.8325163324674
.83346949021022
.82284857829412
.84409042199453
.84872005383174
.85511982440948
.83238017559052
.84640520811081
.83033768335978
.81263615687688
.81535947322845
.80228757858276
.79697712262472
.83714596430461
.81563180685043
.83319717645645
.7947984735171
.81535947322845
.83632898330688
.79888343811035
.82448258002599
.83442264795303
.80991284052531
.83932461341222
.83455882469813
.79847492774328
.85049019257228
.84136710564295
.83088233073552
.84899238745372
.8372821410497
.84368193149567
.84531589349111
.85661762952805
.8314270178477
.85375815629959
.86274510622025
.83755447467168
.84613289435705
.84722222884496
.84626905123393
.81304466724396
.80814270178477
.83986928065618
.85035401582718
.82203157742818
.84504357973735
.82148693005244
.79275598128637
.8242102265358
.86860020955404
.8312908411026
.81740196545919
.84232026338577
.79833877086639
.81985292832057
.83714596430461
.82666122913361
.8314270178477
.83088235060374
.83918845653534
.86410677433014
.83210784196854
.83224399884542
.83714598417282
.85212417443593
.83877996603648
.83074619372686
.83306099971135
.80364922682444
.83442266782125
.84409042199453
.81318082412084
.81372547149658
.8491285443306
.86873636643092
.84899238745371
.85035403569539
.85294117530187
.88875271876653
.81508715947469
.84368193149567
.86151961485545
.88357843955358
.83700980742772
.86805554231008
.81835512320201
.78622005383174
.82434642314911
.84490740299225
.86601308981578
.88167212406794
.80964050690333
.82856754461924
.84490740299225
.86478757858276
.80691721041997
.83564815918605
.81399784485499
.82393793265025
.93722768624624
.83238019545873
.85049019257228
.84926470120748
.85321350892385
.86819171905518
.85321350892385
.87418301900228
.88017427921295
.89174836874008
.84395424524943
.85784314076106
.91203703482946
.88235292832057
.8596132795016
.82489107052485
.85702613989512
.81604029734929
.86873638629913
.84163943926493
.85117103656133
.87214052677155
.84232026338577
.84763071934382
.86723854144414
.83061003684998
.84899238745372
.83728212118149
.84967321157455
.81685731808345
.8997821410497
.85239652792613
.83197168509165
.875
.85825163125992
.83660131692886
.84667754173279
.83483115832011
.84041394790014
.90291394790014
.8856209119161
.86887256304423
.85198801755905
.87962963183721
.84354575475057
.87731482585271
.85988561312358
.87636164824168
.89910129706065
.9114923675855
.8925653497378
.89950980742772
.8927015264829
.89719498157501
.91190087795258
.91530501842499
.88997821013133
.93504901727041
.93777235349019
.91830064853032
.87854031721751
.87350217501322
.89038670063019
.92796842257182
.885484735171
.89719498157501
.92252178986867
.83564815918605
.83469498157501
.82366557916005
.81059368451436
.78404138485591
.79847494761149
.7866285443306
.82720587650935
.78730936845144
.84586056073507
.82911219199498
.82475491364797
.87322984139125
.84926470120748
.85171570380529
.83047384023666
.79656861225764
.81563180685043
.84681371847789
.83782678842545
.84980934858322
.8395969470342
.87105121215185
.84068628152212
.84204794963201
.83932461341222
.86928105354309
.84368193149567
.85307733217875
.83932461341222
.840822438399
.82706971963247
.8397331237793
.84599671761195
.86002178986867
.83442264795303
.82679738601049
.82802287737528
.85552831490835
.8585239648819
.85675382614136
.8760893146197
.85266884167989
.84422657887141
.88017427921295
.86397059758504
.82366555929184
.85702613989512
.84872005383174
.81576796372732
.82938454548518
.83047386010488
.82802285750707
.8146786292394
.8679193854332
.84286493062973
.82543571790059
.8208061059316
.84123094876607
.83265250921249
.84803918997447
.84395424524943
.86451524496078
.84626905123393
.82666122913361
.80147059758504
.83197168509165
.83986926078796
.88017429908117
.84558822711309
.85049021244049
.83700980742772
.83755447467168
.80501089493434
.83428651094437
.80364924669266
.8489923675855
.82883985837301
.84136710564295
.83700980742772
.83646512031555
.82570805152257
.85471133391062
.86655773719152
.89773962895075
.82448256015778
.90236928065618
.85906861225764
.87227668364843
.87799563010534
.85416666666667
.84735840559006
.84490742286046
.82992919286092
.82611654202143
.83891612291336
.83510349194209
.84763071934382
.8468137383461
.86655775705973
.84980936845144
.85811547438304
.84313726425171
.83496731519699
.84327342112859
.83564815918605
.84272875388463
.81495096286138
.85593682527542
.82706971963247
.81086601813634
.80569169918696
.80215140183767
.81767429908117
.83932461341222
.8489923675855
.85498364766439
.79684094587962
.81263615687688
.83823529879252
.84313726425171
.84150328238805
.8679193854332
.85634531577428
.85321350892385
.85307735204697
.85934094587962
.83755447467168
.86138343811035
.77982026338577
.79411764939626
.79343680540721
.74564270178477
.76511438687642
.80950435002645
.81318082412084
.78935184081395
.77818628152212
.76688452561696
.79234749078751
.78771783908208
.82734205325445
.81072984139125
.78826254606247
.80718954404195
.85253266493479
.84055010477702
.81781047582626
.78826252619425
.83074617385864
.84449891249339
.81604029734929
.8114106853803
.83047386010488
.84899238745372
.81998910506566
.82611656188965
.84259259700775
.86710240443548
.84000545740128
.83741829792658
.8386438091596
.8372821410497
.82802287737528
.83156319459279
.85879627863566
.84776689608892
.84463508923848
.86056645711263
.82325708866119
.83905227979024
.86723856131236
.83551198244095
.86860022942225
.84436273574829
.83088235060374
.80936819314957
.80841503540675
.8112745086352
.83796294530233
.82380173603694
.81672114133835
.82734205325445
.84640522797902
.88276141881943
.86914487679799
.83973310391108
.87418299913406
.84626905123393
.8220315972964
.81045750776927
.82883985837301
.81222764650981
.83605664968491
.81794661283493
.83319717645645
.80637256304423
.82325708866119
.82230393091838
.81631261110306
.83169935146968
.81563180685043
.86587691307068
.83605664968491
.84381808837255
.86465140183767
.83074619372686
.86151961485545
.8468137383461
.802015264829
.84613289435705
.83905227979024
.84123092889786
.81440631548564
.7971132795016
.81290851036708
.79398147265116
.8242102265358
.79125815629959
.7926198442777
.78431371847788
.77954792976379
.81876361370087
.86737471818924
.80759805440903
.81045752763748
.8477668762207
.81862743695577
.80528322855632
.82734203338623
.87037036816279
.82380175590515
.86328975359599
.80078975359599
.84545207023621
.80610020955404
.82693356275558
.79575165112813
.84449891249339
.8325163324674
.8123638232549
.81658496459325
.80909585952759
.78880719343821
.78799021244049
.78254355986913
.79044115543365
.75476580858231
.76334422826767
.81903596719106
.8184912999471
.79983659585317
.78485838572184
.80555554231008
.81100217501322
.81808276971181
.77546296517054
.81535949309667
.82706969976425
.81045752763748
.79439000288645
.77519063154856
.78567536671956
.78717321157455
.7949346502622
.76620370149612
.81903594732285
.80283222595851
.78839868307114
.82543573776881
.84123094876607
.84055012464523
.80678105354309
.80228757858276
.8502178589503
.82175928354263
.80759803454081
.79643247524897
.78376907110214
.78513071934382
.79302831490835
.83415033419927
.83986928065618
.79030499855677
.85866012175878
.80065359671911
.81862745682398
.80991284052531
.84545207023621
.8643790880839
.8278867204984
.84041394790014
.8312908411026
.82679736614227
.8029684027036
.83564813931783
.80909585952759
.81712965170542
.82516340414683
.8018790880839
.77927561601003
.81604031721751
.81440633535385
.81726578871409
.84218410650889
.79561545451482
.83619280656179
.81535947322845
.78472222884496
.79956426223119
.78744554519653
.7769607702891
.7770969470342
.81427013874054
.82352942228317
.82325706879298
.82012528181076
.81617645422618
.80242375532786
.81399782498678
.82121457656225
.8123638232549
.82434640328089
.80487471818924
.80364924669266
.81903592745463
.83578431606293
.83278868595759
.80528324842453
.83129086097082
.85117101669312
.81508713960648
.84272875388463
.8314270178477
.83551198244095
.84504357973735
.83387798070908
.80610020955404
.7971132795016
.80923201640447
.80732572078705
.78036491076152
.84150326251984
.84953701496124
.8773148059845
.83496733506521
.84531591335932
.82856754461924
.86505991220474
.81753812233607
.84381808837255
.84055010477702
.85185186068217
.87350217501322
.83673747380575
.81712963183721
.85988561312358
.84218410650889
.82162310679754
.78036491076152
.81944443782171
.82502724726995
.81454249223073
.79629629850388
.79684094587962
.80283224582672
.84123092889786
.80419391393661
.82107843955358
.8395969470342
.8574346502622
.83905227979024
.82938454548518
.83660129706065
.86941719055176
.85770696401596
.86369824409485
.830337703228
.84041392803192
.82856754461924
.84749456246694
.80405773719152
.80718956391017
.84531589349111
.79275598128637
.81277233362198
.81821896632512
.78567540645599
.77056099971135
.80147059758504
.78853485981623
.80255989233653
.80596405267715
.84245642026265
.79820261398951
.82162308692932
.81712963183721
.81631265083949
.82325708866119
.82448258002599
.84340959787369
.82611656188965
.830337703228
.7958877881368
.81141066551208
.80895970265071
.84994554519653
.82570805152257
.81495096286138
.78458605209986
.82257626454035
.82135077317556
.81604029734929
.83523964881897
.81072984139125
.80310455958048
.84449891249339
.82148693005244
.83673747380575
.82734205325445
.86192810535431
.82815905412038
.83387800057729
.86288128296534
.82094226280848
.85321350892385
.83782680829366
.830337703228
.85035403569539
.8289760351181
.8759531378746
.85171568393707
.84204792976379
.84531589349111
.86056645711263
.82121459643046
.86996185779572
.84109477202098
.81222766637802
.85784314076106
.84517973661423
.86002178986867
.91380719343821
.85580064853032
.8726851940155
.87336599826813
.85212419430415
.86805556217829
.86260892947515
.79071352879206
.8302015264829
.80473854144414
.81712963183721
.81876361370087
.8135893146197
.83483115832011
.81794661283493
.81290849049886
.83442266782125
.85593682527542
.82815905412038
.83483115832011
.83769063154856
.84041394790014
.84041394790014
.82529958089193
.82216777404149
.80759803454081
.81318080425262
.78227124611537
.79983661572138
.86247277259827
.80555556217829
.85089870293935
.84926470120748
.87459150950114
.84027777115504
.83823527892431
.86383440097173
.81753812233607
.85525600115458
.8502178589503
.83782678842545
.84436275561651
.83415031433105
.81386164824168
.83210784196854
.82298475503922
.83782680829366
.81481482585271
.85457515716553
.82230393091838
.86342593034108
.79983659585317
.79670478900274
.79330064853032
.79833877086639
.80283224582672
.78376905123393
.82570805152257
.82502724726995
.83129086097081
.81985292832057
.80718954404195
.80650871992111
.86614924669266
.84000543753306
.80623636643092
.81209150950114
.82693356275558
.81685729821523
.82053377230962
.85743463039398
.85157952706019
.83877994616826
.8489923675855
.82339324553808
.85988561312358
.83619280656179
.82584422826767
.83932461341222
.85797931750615
.83564815918605
.81059368451436
.82298475503922
.82339324553808
.8289760351181
.85266886154811
.85484751065572
.84218408664068
.85144335031509
.87241284052531
.83319717645645
.83346951007843
.79003268480301
.83700980742772
.86533224582672
.87254901727041
.83428649107615
.80487471818924
.83401417732239
.84980934858322
.82720587650935
.8195806145668
.80501089493434
.79738563299179
.81290849049886
.82679738601049
.80160677433014
.80841503540675
.81998910506566
.85198801755905
.83932461341222
.84163943926493
.82625271876653
.8242102265358
.85307733217875
.81549564997355
.86914487679799
.84027777115504
.81100217501322
.79956428209941
.79316449165344
.8231209119161
.79752178986867
.79125817616781
.82979301611582
.77641612291336
.80582789580027
.80106208721797
.79970043897629
.88139979044596
.81440633535385
.81726576884588
.8383714556694
.82598038514455
.81154684225718
.82924836874008
.84014161427816
.75068082412084
.79330066839854
.7781862616539
.78186275561651
.79411764939626
.78022875388463
.79316449165344
.8302015264829
.78799019257228
.84340957800547
.81427015860875
.80841501553853
.80800654490789
.79071350892385
.82325708866119
.82543573776881
.79316449165344
.79629629850388
.80174291133881
.81113835175832
.80501089493434
.79670480887095
.82557189464569
.7935729821523
.82979301611582
.85416664679845
.82407406965892
.81168301900228
.80923201640447
.83224399884542
.79670478900274
.8101851940155
.82026141881943
.80065359671911
.80065357685089
.78472220897675
.81563178698222
.81821894645691
.83306099971135
.80610020955404
.80024508635203
.80678103367488
.75748910506566
.77519063154856
.78635621070862
.83932461341222
.81549564997355
.82298475503922
.80473858118057
.81113833189011
.83646514018377
.79098582267761
.78104575475057
.79411762952805
.81181917587916
.84885621070862
.79765794674555
.79180282354355
.79112199942271
.82747821013133
.79983659585317
.80814270178477
.8148148059845
.79820261398951
.83918845653534
.79493463039398
.81386164824168
.86410675446192
.86124728123347
.81032135089238
.80364924669266
.78812636931737
.78104575475057
.79493463039398
.80868736902873
.80051743984222
.80133442083995
.80473856131236
.80065359671911
.83632898330688
.81985294818878
.81876359383265
.83496731519699
.85130719343821
.83592047293981
.85906863212585
.8596132795016
.86138343811035
.84041394790014
.81658496459325
.83877994616826
.84449891249339
.85443900028865
.84204794963201
.8656045794487
.8668300708135
.80977668364843
.83210784196854
.82720587650935
.84368191162745
.8195806145668
.81903594732285
.7971132795016
.80923201640447
.81018517414729
.78077342112859
.78962419430415
.82407406965892
.79697712262472
.81290849049886
.81644878784815
.81753812233607
.80787036816279
.80868734916051
.80446624755859
.80092593034108
.80119824409485
.80895968278249
.84313724438349
.83877996603648
.82107841968536
.8489923675855
.82489107052485
.85348584254583
.81290849049886
.84654138485591
.84654138485591
.82584422826767
.84735838572184
.83918843666712
.79466231664022
.82148694992065
.80133442083995
.83809910217921
.81781047582626
.83210786183675
.84381808837255
.82053377230962
.86138343811035
.82039761543274
.82979301611582
.83455880482992
.83905227979024
.83551200230916
.83687363068263
.80283224582672
.82121459643046
.85511980454127
.81699345509211
.80773421128591
.80732572078705
.83197166522344
.85049019257228
.84014161427816
.82366557916005
.85661764939626
.8123638232549
.81236384312312
.81236384312312
.80678103367488
.84109477202098
.82107843955358
.81318084398905
.78295207023621
.82611654202143
.82706971963247
.84613289435705
.84967319170634
.87581700086594
.82734207312266
.81985294818878
.81576796372732
.80541940530141
.81495096286138
.81222764650981
.78799021244049
.78063724438349
.77573529879252
.81440631548564
.84449891249339
.84613287448883
.82775054375331
.81644880771637
.82257624467214
.82380173603694
.80732572078705
.84490742286046
.83523964881897
.78444987535477
.82979303598404
.82135077317556
.81631263097127
.81318082412084
.87105119228363
.87186817328135
.84613291422526
.84640522797902
.84177559614182
.83809912204742
.82911219199498
.82352940241496
.82380171616872
.83578431606293
.83537580569585
.81467866897583
.86996187766393
.88262526194255
.86260892947515
.85130719343821
.84940087795258
.84313726425171
.86614922682444
.85280501842499
.83823529879252
.81998910506566
.8500816822052
.84572438398997
.82230391105016
.79956426223119
.80678103367488
.81740196545919
.85961329936981
.83224401871363
.85580066839854
.85403050978978
.84232026338577
.82693354288737
.8679193854332
.84654138485591
.84885621070862
.84095861514409
.82720587650935
.86369826396306
.85280501842499
.84953703482946
.84014161427816
.82666122913361
.85062636931737
.82747821013133
.89624184370041
.83415031433105
.83823529879252
.81617647409439
.83442264795303
.81563180685043
.83741829792658
.8197167913119
.83442264795303
.83510349194209
.80678105354309
.83074619372686
.83469498157501
.80827885866165
.84517973661423
.85144335031509
.85648149251938
.80950435002645
.85607300202052
.8302015264829
.83074619372686
.8231209119161
.83224399884542
.8395969470342
.83360566695531
.82570807139079
.83850761254629
.90427559614182
.86369824409485
.88276143868764
.88058278958003
.86928107341131
.83047386010488
.82870372136434
.83129086097082
.84163941939672
.84722220897675
.83306097984314
.86751089493434
.84313724438349
.83809912204742
.84763071934382
.86560455958048
.85675380627314
.83782678842545
.85443900028865
.85934096574783
.84286491076152
.84027779102325
.8491285443306
.80555556217829
.81304466724396
.8103213707606
.82870368162791
.80637254317602
.83728212118149
.83714596430461
.83660129706065
.87064270178477
.84218410650889
.82284857829412
.82992919286092
.86397059758504
.83660131692886
.822984735171
.84599671761195
.84218410650889
.85076252619425
.85130719343821
.82938450574875
.81617647409439
.85838780800502
.83033768335978
.82924834887187
.83306099971135
.82244008779526
.85920478900274
.85471133391062
.8312908411026
.8500816822052
.830337703228
.80964052677155
.84926470120748
.80650871992111
.83619282643
.84763071934382
.8607025941213
.86301743984222
.84858387708664
.82012528181076
.82924834887187
.81413400173187
.81454249223073
.79112199942271
.82380175590515
.82625271876653
.81318080425262
.84177559614182
.83387800057729
.85294117530187
.86751089493434
.81889979044596
.83673747380575
.8549836675326
.79071350892385
.82529956102371
.7760076324145
.80405773719152
.7960239648819
.80269606908162
.83660129706065
.79316449165344
.8220315972964
.80541940530141
.82393791278203
.8937908411026
.81876361370087
.85185184081395
.81358933448792
.80446622769038
.84027777115504
.81318082412084
.77750545740128
.79983659585317
.78567538658778
.8220315972964
.81399780511856
.82516338427862
.82720589637756
.85239652792613
.81113835175832
.875
.84354577461878
.78622005383174
.80351306994756
.83169935146968
.81535947322845
.80392156044642
.80174291133881
.80732570091883
.80405773719152
.80800652503967
.83496729532878
.82461873690287
.85049019257228
.81454249223073
.84640522797902
.83387800057729
.8419117530187
.80868734916051
.80855121215185
.8018790880839
.78867101669312
.79275598128637
.81195533275604
.82094226280848
.84300108750661
.8383714556694
.79302831490835
.83823527892431
.80501091480255
.79003268480301
.82244008779526
.81862745682398
.79098584254583
.79207515716553
.80555554231008
.83210784196854
.79616012175878
.81726578871409
.80787036816279
.83101850748062
.82611654202143
.81971677144368
.85430284341176
.8289760351181
.83156319459279
.79112199942271
.80364924669266
.79697712262472
.82366555929184
.80855119228363
.84517973661423
.83660129706065
.82938454548518
.81236384312312
.80378540356954
.76048475503922
.79547929763794
.79752178986867
.79793030023575
.78131806850433
.81318084398905
.80569171905518
.81740196545919
.84912852446238
.8385076324145
.82679738601049
.81917212406794
.85362199942271
.83905227979024
.83673747380575
.81454247236252
.81876361370087
.8206699291865
.83101852734884
.81209150950114
.80351306994756
.81781045595805
.81045750776927
.80051741997401
.8031045794487
.81209150950114
.81740196545919
.82638887564341
.80773421128591
.78050108750661
.78853483994802
.80133440097173
.77519063154856
.80215142170588
.8278867204984
.81222768624624
.8231209119161
.83986928065618
.79261980454127
.82216775417328
.80664487679799
.80201524496078
.85688998301824
.80133442083995
.80964052677155
.82584422826767
.80569173892339
.82666120926539
.80664487679799
.7971132795016
.79289215803146
.78935186068217
.79779412349065
.82952070236206
.79861110448837
.78744552532832
.85430282354355
.78894335031509
.78376907110214
.78976035118103
.78022875388463
.79057735204697
.83265248934428
.80147059758504
.8289760351181
.81304466724396
.7960239648819
.79956426223119
.78785403569539
.8065087000529
.78172655900319
.77818628152212
.80283224582672
.81168299913406
.80759805440903
.80065357685089
.82230393091838
.82053377230962
.76552287737528
.77096951007843
.83932463328044
.83646514018377
.80895970265071
.83319717645645
.82053375244141
.77450980742772
.78880719343821
.79098582267761
.85893245538076
.81903594732285
.79370913902919
.80814270178477
.84041394790014
.80378540356954
.78594772020976
.81181917587916
.7852668762207
.79833877086639
.80337691307068
.77423747380575
.80569171905518
.80187906821569
.80324073632558
.85130717357
.79874728123347
.80215142170588
.77900326251984
.78118193149567
.75558278958003
.76497821013133
.76988017559052
.79411764939626
.80215142170588
.81781045595805
.80827887852987
.79983659585317
.8220315972964
.85498364766439
.83401415745417
.89065903425217
.82625271876653
.84844772020976
.8208061059316
.87527233362198
.85934096574783
.84858387708664
.85866012175878
.86601306994756
.83687363068263
.87145970265071
.83973310391108
.8479030529658
.84967319170634
.80324073632558
.81821894645691
.83578431606293
.86165575186412
.88766340414683
.81263615687688
.7960239648819
.85049019257228
.84763071934382
.85171568393707
.82366557916005
.81644880771637
.83877996603648
.83265250921249
.85157952706019
.84368191162745
.84354575475057
.78363291422526
.80882354577382
.79057735204697
.7864923675855
.79779412349065
.82843136787415
.78295207023621
.79125817616781
.82135077317556
.81808278958003
.83156317472458
.82448258002599
.84232026338577
.81386166810989
.78594770034154
.7852668762207
.79915579160055
.84872003396352
.83728212118149
.7935729821523
.81467864910762
.82965685923894
.84817538658778
.82366557916005
.83469498157501
.82938452561696
.80582789580027
.80555556217829
.82924834887187
.84014161427816
.82012528181076
.79479849338531
.83632898330688
.80868736902873
.83469498157501
.81440631548564
.80501089493434
.82965685923894
.82924836874008
.82121459643046
.82298475503922
.83319715658824
.83238017559052
.8325163324674
.84340957800547
.80936817328135
.82339324553808
.85743463039398
.82938450574875
.79983659585317
.81944445768992
.79547931750615
.79316447178523
.79561547438304
.8314270178477
.88139977057775
.85389433304469
.86165577173233
.85212417443593
.85157950719198
.82121461629868
.83741829792658
.83224399884542
.7770969470342
.80119824409485
.88044661283493
.8643790880839
.86043028036753
.86628538370132
.8385076324145
.88943356275558
.86002178986867
.85157950719198
.87254901727041
.82911219199498
.85634531577428
.84817538658778
.87636164824168
.83169937133789
.87186821301778
.86533224582672
.84204792976379
.84858387708664
.88725491364797
.86410675446192
.85866012175878
.87295750776927
.88112745682398
.84340959787369
.81508713960648
.82502724726995
.83946079015732
.81454249223073
.84055010477702
.84327340126038
.86751089493434
.83523966868718
.85403050978978
.82870372136434
.79684096574783
.79520696401596
.80950436989466
.82747822999954
.82856754461924
.86710238456726
.79616014162699
.81290849049886
.85185186068217
.84150326251984
.84354575475057
.82775056362152
.81549564997355
.77396514018377
.82393791278203
.81672114133835
.82802287737528
.81072984139125
.84014161427816
.84694987535477
.86410677433014
.83660129706065
.81386164824168
.84409040212631
.86519608894984
.84640522797902
.88412308692932
.79915579160055
.83278866608938
.840822438399
.7949346502622
.78594772020976
.82244006792704
.82870370149612
.82434640328089
.84068628152211
.83292482296626
.83728212118149
.83673745393753
.84586056073507
.81004901727041
.82693356275558
.81181915601095
.81508713960648
.82693356275558
.81495098272959
.79302833477656
.79575163125992
.85334966580073
.7958877881368
.8395969470342
.80909585952759
.79384529590607
.82584424813588
.7958877881368
.8054193854332
.8032407561938
.77805012464523
.81427015860875
.7949346502622
.79139433304469
.79234749078751
.8300653497378
.84640522797902
.84599673748016
.82407406965892
.81427015860875
.79561547438304
.8325163324674
.83169935146968
.81304464737574
.83714596430461
.81141066551208
.82434642314911
.88058278958003
.82380175590515
.81740194559097
.80378540356954
.83905227979024
.79534312089284
.82802287737528
.82216775417328
.81644880771637
.81181917587916
.81889979044596
.82652507225672
.86124728123347
.86124728123347
.78826252619425
.8383714556694
.79411764939626
.80718954404195
.80514705181122
.80024508635203
.83319719632467
.82039759556452
.81794663270315
.79493463039398
.80977668364843
.80909585952759
.80392158031464
.81222766637802
.81195535262426
.84041394790014
.81018517414729
.80555554231008
.81631265083949
.77614378929138
.81113835175832
.79833877086639
.81590414047241
.81427015860875
.86179192860921
.83537582556407
.8218954205513
.84272875388463
.82611654202143
.80814270178477
.80433005094528
.83564813931783
.80378542343775
.78281589349111
.83564813931783
.82135077317556
.83823529879252
.81209150950114
.80637254317602
.8336056470871
.79724945624669
.82965687910716
.86342593034108
.8043300708135
.81590414047241
.83115468422572
.80106208721797
.83101852734884
.81195533275604
.79997275273005
.79316449165344
.80787036816279
.82271242141724
.80487471818924
.84409042199453
.81072984139125
.77505447467168
.7855392297109
.77178649107615
.78703703482946
.78240740299225
.78390522797902
.75748910506566
.77273966868718
.7781862616539
.75680826107661
.79833879073461
0
0
0
0
0
0
0
0
0
0
0
0
0
0
0
0
0
0
0
0
0
0
0
0
0
0
0
0
0
0
0
0
0
0
0
0
0
0
0
0
0
0
0
0
0
0
0
0
0
0
0
0
0
0
0
0
0
0
0
0
0
0
0
0
0
0
0
0
0
0
0
0
0
0
0
0
0
0
0
0
0
0
0
0
0
0
0
0
0
0
0
0
0
0
0
0
0
0
0
0
0
0
0
0
0
0
0
0
0
0
0
0
0
0
0
0
0
0
0
0
0
0
0
0
0
0
0
0
0
0
0
0
0
0
0
0
0
0
0
0
0
0
0
0
0
0
0
0
0
0
0
0
0
0
0
0
0
0
0
0
0
0
0
0
0
0
0
0
0
0
0
0
0
0
0
0
0
0
0
0
0
0
0
0
0
0
0
0
0
0
0
0
0
0
0
0
0
0
0
0
0
0
0
0
0
0
0
0
0
0
0
0
0
0
0
0
0
0
0
0
0
0
0
0
0
0
0
0
0
0
0
0
0
0
0
0
0
0
0
0
0
0
0
0
0
0
0
0
0
0
0
0
0
0
0
0
0
0
0
0
0
0
0
0
0
0
0
0
0
0
0
0
0
0
0
0
0
0
0
0
0
0
0
0
0
0
0
0
0
0
0
0
0
0
0
0
0
0
0
0
0
0
0
0
0
0
0
0
0
0
0
0
0
0
0
0
0
0
0
0
0
0
0
0
0
0
0
0
0
0
0
0
0
0
0
0
0
0
0
0
0
0
0
0
0
0
0
0
0
0
0
0
0
0
0
0
0
0
0
0
0
0
0
0
0
0
0
0
0
0
0
0
0
0
0
0
0
0
0
0
0
0
0
0
0
0
0
0
0
0
0
0
0
0
0
0
0
0
0
0
0
0
0
0
0
0
0
0
0
0
0
0
0
0
0
0
0
0
0
0
0
0
0
0
0
0
0
0
0
0
0
0
0
0
0
0
0
0
0
0
0
0
0
0
0
0
0
0
0
0
0
0
0
0
0
0
0
0
0
0
0
0
0
0
0
0
0
0
0
0
0
0
0
0
0
0
0
0
0
0
0
0
0
0
0
0
0
0
0
0
0
0
0
0
0
0
0
0
0
0
0
0
0
0
0
0
0
0
0
0
0
0
0
0
0
0
0
0
0
0
0
0
0
0
0
0
0
0
0
0
0
0
0
0
0
0
0
0
0
0
0
0
0
0
0
0
0
0
0
0
0
0
0
0
0
0
0
0
0
0
0
0
0
0
0
0
0
0
0
0
0
0
0
0
0
0
0
0
0
0
0
0
0
0
0
0
0
0
0
0
0
0
0
0
0
0
0
0
0
0
0
0
0
0
0
0
0
0
0
0
0
0
0
0
0
0
0
0
0
0
0
0
0
0
0
0
0
0
0
0
0
0
0
0
0
0
0
0
0
0
0
0
0
0
0
0
0
0
0
0
0
0
0
0
0
0
0
0
0
0
0
0
0
0
0
0
0
0
0
0
0
0
0
0
0
0
0
0
0
0
0
0
0
0
0
0
0
0
0
0
0
0
0
0
0
0
0
0
0
0
0
0
0
0
0
0
0
0
0
0
0
0
0
0
0
0
0
0
0
0
0
0
0
0
0
0
0
0
0
0
0
0
0
0
0
0
0
0
0
0
0
0
0
0
0
0
0
0
0
0
0
0
0
0
0
0
0
0
0
0
0
0
0
0
0
0
0
0
0
0
0
0
0
0
0
0
0
0
0
0
0
0
0
0
0
0
0
0
0
0
0
0
0
0
0
0
0
0
0
0
0
0
0
0
0
0
0
0
0
0
0
0
0
0
0
0
0
0
0
0
0
0
0
0
0
0
0
0
0
0
0
0
0
0
0
0
0
0
0
0
0
0
0
0
0
0
0
0
0
0
0
0
0
0
0
0
0
0
0
0
0
0
0
0
0
0
0
0
0
0
0
0
0
0
0
0
0
0
0
0
0
0
0
0
0
0
0
0
0
0
0
0
0
0
0
0
0
0
0
0
0
0
0
0
0
0
0
0
0
0
0
0
0
0
0
0
0
0
0
0
0
0
0
0
0
0
0
0
0
0
0
0
0
0
0
0
0
0
0
0
0
0
0
0
0
0
0
0
0
0
0
0
0
0
0
0
0
0
0
0
0
0
0
0
0
0
0
0
0
0
0
0
0
0
0
0
0
0
0
0
0
0
0
0
0
0
0
0
0
0
0
0
0
0
0
0
0
0
0
0
0
0
0
0
0
0
0
0
0
0
0
0
0
0
0
0
0
0
0
0
0
0
0
0
0
0
0
0
0
0
0
0
0
0
0
0
0
0
0
0
0
0
0
0
0
0
0
0
0
0
0
0
0
0
0
0
0
0
0
0
0
0
0
0
0
0
0
0
0
0
0
0
0
0
0
0
0
0
0
0
0
0
0
0
0
0
0
0
0
0
0
0
0
0
0
0
0
0
0
0
0
0
0
0
0
0
0
0
0
0
0
0
0
0
0
0
0
0
0
0
0
0
0
0
0
0
0
0
0
0
0
0
0
0
0
0
0
0
0
0
0
0
0
0
0
0
0
0
0
0
0
0
0
0
0
0
0
0
0
0
0
0
0
0
0
0
0
0
0
0
0
0
0
0
0
0
0
0
0
0
0
0
0
0
0
0
0
0
0
0
0
0
0
0
0
0
0
0
0
0
0
0
0
0
0
0
0
0
0
0
0
0
0
0
0
0
0
0
0
0
0
0
0
0
0
0
0
0
0
0
0
0
0
0
0
0
0
0
0
0
0
0
0
0
0
0
0
0
0
0
0
0
0
0
0
0
0
0
0
0
0
0
0
0
0
0
0
0
0
0
0
0
0
0
0
0
0
0
0
0
0
0
0
0
0
0
0
0
0
0
0
0
0
0
0
0
0
0
0
0
0
0
0
0
0
0
0
0
0
0
0
0
0
0
0
0
0
0
0
0
0
0
0
0
0
0
0
0
0
0
0
0
0
0
0
0
0
0
0
0
0
0
0
0
0
0
0
0
0
0
0
0
0
0
0
0
0
0
0
0
0
0
0
0
0
0
0
0
0
0
0
0
0
0
0
0
0
0
0
0
0
0
0
0
0
0
0
0
0
0
0
0
0
0
0
0
0
0
0
0
0
0
0
0
0
0
0
0
0
0
0
0
0
0
0
0
0
0
0
0
0
0
0
0
0
0
0
0
0
0
0
0
0
0
0
0
0
0
0
0
0
0
0
0
0
0
0
0
0
0
0
0
0
0
0
0
0
0
0
0
0
0
0
0
0
0
0
0
0
0
0
0
0
0
0
0
0
0
0
0
0
0
0
0
0
0
0
0
0
0
0
0
0
0
0
0
0
0
0
0
0
0
0
0
0
0
0
0
0
0
0
0
0
0
0
0
0
0
0
0
0
0
0
0
0
0
0
0
0
0
0
0
0
0
0
0
0
0
0
0
0
0
0
0
0
0
0
0
0
0
0
0
0
0
0
0
0
0
0
0
0
0
0
0
0
0
0
0
0
0
0
0
0
0
0
0
0
0
0
0
0
0
0
0
0
0
0
0
0
0
0
0
0
0
0
0
0
0
0
0
0
0
0
0
0
0
0
0
0
0
0
0
0
0
0
0
0
0
0
0
0
0
0
0
0
0
0
0
0
0
0
0
0
0
0
0
0
0
0
0
0
0
0
0
0
0
0
0
0
0
0
0
0
0
0
0
0
0
0
0
0
0
0
0
0
0
0
0
0
0
0
0
0
0
0
0
0
0
0
0
0
0
0
0
0
0
0
0
0
0
0
0
0
0
0
0
0
0
0
0
0
0
0
0
0
0
0
0
0
0
0
0
0
0
0
0
0
0
0
0
0
0
0
0
0
0
0
0
0
0
0
0
0
0
0
0
0
0
0
0
0
0
0
0
0
0
0
0
0
0
0
0
0
0
0
0
0
0
0
0
0
0
0
0
0
0
0
0
0
0
0
0
0
0
0
0
0
0
0
0
0
0
0
0
0
0
0
0
0
0
0
0
0
0
0
0
0
0
0
0
0
0
0
0
0
0
0
0
0
0
0
0
0
0
0
0
0
0
0
0
0
0
0
0
0
0
0
0
0
0
0
0
0
0
0
0
0
0
0
0
0
0
0
0
0
0
0
0
0
0
0
0
0
0
0
0
0
0
0
0
0
0
0
0
0
0
0
0
0
0
0
0
0
0
0
0
0
0
0
0
0
0
0
0
0
0
0
0
0
0
0
0
0
0
0
0
0
0
0
0
0
0
0
0
0
0
0
0
0
0
0
0
0
0
0
0
0
0
0
0
0
0
0
0
0
0
0
0
0
0
0
0
0
0
0
0
0
0
0
0
0
0
0
0
0
0
0
0
0
0
0
0
0
0
0
0
0
0
0
0
0
0
0
0
0
0
0
0
0
0
0
0
0
0
0
0
0
0
0
0
0
0
0
0
0
0
0
0
0
0
0
0
0
0
0
0
0
0
0
0
0
0
0
0
0
0
0
0
0
0
0
0
0
0
0
0
0
0
0
0
0
0
0
0
0
0
0
0
0
0
0
0
0
0
0
0
0
0
0
0
0
0
0
0
0
0
