.22609001398087
.26687764128049
.21026723086834
.20780590673288
.2556258837382
.27601968248685
.2457805921634
.25632911920547
.23312235871951
.22468354801337
.27320674061775
.21870605150859
.19690576692422
.23277075091998
.20218002299468
.18565400938193
.1933895945549
.23241912821929
.19725738465786
.23101265728474
.20850914220015
.25175809363524
.23382559418678
.23523207008839
.21800281107426
.23839662472407
.22151898841063
.21589310467243
.27953585982323
.2141350209713
.25281294683615
.29852320750554
.23101265728474
.21976089974244
.1712376922369
.22855133811633
.25316455960274
.25914206107457
.24156118432681
.26933896541595
.23699015378952
.28727144996325
.2584388256073
.25773559014002
.23699015378952
.26054853200912
.25738396247228
.27390997608503
.19585091372331
.26336146394412
.22784810264905
.24648382763068
.25175808866819
.2665260185798
.29254570603371
.18846694628398
.30696202317874
.23101265728474
.19163150588671
.27109704415003
.25914206107457
.2169479628404
.26265822847684
.24261603256067
.22960619131724
.27848100662231
.1905766526858
.22222222387791
.24929676949978
.2429676502943
.20850914220015
.27180027961731
.22819971541564
.25879044334094
.21940928200881
.22398031254609
.19901547332605
.24894515176614
.22151898344358
.20675105353196
.24015471339226
.20253164569537
.22855133314927
.19444444278876
.27707453568776
.19585091869036
.22187060614427
.2457805921634
.22679324944814
.22784810264905
.2320675154527
.2236286898454
.25386779507001
.18389592071374
.22222221891085
.19549929598967
.24648382763068
.23030942678452
.21061884363492
.22222222387791
.21589310467243
.1863572448492
.22081575294336
.22925456861655
.21308016777039
.18530239164829
.2405063311259
.21729957560698
.23101265728474
.22433192531268
.25773559014002
.21589310963949
.23030942181746
.20393811166286
.21589310963949
.24929676949978
.22609001398087
.25879043340683
.24964838226636
.27707454562187
.30098453164101
.29113923509916
.22327707211177
.25703234473864
.23663853605588
.21554149190585
.29324895143509
.21729958057404
.23804500202338
.20639943579833
.25527426600456
.2099156131347
.21765119334062
.20218002299468
.24261603752772
.26019690434138
.22749647994836
.1754571000735
.25808719793955
.3094233473142
.2362869232893
.29184247056643
.23804501195749
.24472573896249
.28481012582779
.25421941280365
.23277074595292
.22151898841063
.25492264330387
.23277074595292
.21554148693879
.243319272995
.2071026712656
.27144866188367
.24753868083159
.24367088576158
.20675105849902
.21343178550402
.19971870382627
.17580871780713
.23488045235475
.25035161773364
.25175808866819
.2099156131347
.21835442880789
.16983122130235
.20639944076538
.24718706309795
.19831223785877
.23136427501837
.25879044334094
.23663853605588
.23839661975702
.2197609047095
.28375527262688
.28691983222961
.23663853605588
.20007032155991
.26933895548185
.2429676502943
.17721519370874
.25351617733637
.25984529654185
.21343178550402
.25316455960274
.18459915618102
.18354430794716
.20218002796173
.26687764128049
.21624472240607
.27812938888868
.21167370180289
.18881856401761
.20499296983083
.22257383664449
.22855133314927
.2819971938928
.28234880169233
.21905766427517
.1891701867183
.24367088576158
.24191280206045
.26441631714503
.26828410228093
.27918424208959
.26195498307546
.28938115636508
.24894514679909
.29219409823418
.2953586379687
.24331926802794
.27672292788823
.25632911920547
.24929676949978
.31715892752012
.24156117935975
.24120956659317
.2306610395511
.26933895548185
.23452883462111
.20393811166286
.26125175754229
.24753867586454
.22890295584997
.24507735669613
.2429676502943
.20147679746151
.25527426600456
.25210970640182
.23909986019135
.28410689036051
.26090013980865
.24296765526136
.26160337527593
.24156118432681
.26547116537889
.2320675055186
.26054851710796
.24964838723342
.24437412122885
.24789029856523
.22433193027973
.27109704415003
.26054851214091
.22151898841063
.26722924908002
.25421941280365
.24507735669613
.22609001398087
.21940928200881
.21554149190585
.28691983222961
.21518987417221
.25527426600456
.25668073693911
.25808719793955
.20886075496674
.23945147792498
.22538677354654
.22714486718178
.27004219094912
.27320675055186
.24894515176614
.27953585982323
.30309422810872
.22960618635019
.27848101655642
.21202531953653
.2457805921634
.25808720787366
.24437412122885
.23382559915384
.24789029856523
.26582278807958
.29781997203827
.28727144996325
.25351617733637
.28938114643097
.2651195526123
.2612517674764
.23171589275201
.20850914220015
.27215189735095
.21694795787334
.21448663870494
.21940928200881
.23945147792498
.22503516077995
.22046413520972
.22116736570994
.22538677851359
.27180027961731
.24331926802794
.18987341721853
.30098453164101
.26652602354685
.25492264330387
.28481012582779
.27672292788823
.23171589275201
.27320674061775
.25703235467275
.25773559014002
.26722925901413
.24261603256067
.23909986019135
.21800281604131
.23241912325223
.21835442880789
.25175808866819
.2735583682855
.24050632615884
.26617440581322
.22327707211177
.20358649889628
.2651195426782
.24789029856523
.25527427097162
.24542897442977
.22011251747608
.20077356199423
.24472573399544
.23312236368656
.25738396743933
.26230662067731
.26195500294367
.24718706806501
.22995780408382
.25808720787366
.28094233075778
.22292545934518
.21870604654153
.26617439587911
.24578058719635
.21097046633561
.23909986019135
.2264416317145
.23839662472407
.21554149190585
.1919831186533
.19831223785877
.17756680647532
.22151898841063
.20534458259741
.23663853605588
.17369901140531
.28902953863144
.24367088576158
.24753867586454
.2471870581309
.23382559915384
.19971870879332
.23663853605588
.23558368285497
.23277074595292
.25703234473864
.2334739814202
.21308016777039
.22046413024267
.19936709105968
.16455696026484
.25421941280365
.21237693230311
.21905766427517
.23277074595292
.25140647093455
.24507735172908
.26863572001457
.2623066107432
.24261603256067
.20393811166286
.29852319757144
.287623077631
.26125175754229
.25773559014002
.25527427097162
.26687763134638
.21202531456947
.19831223785877
.26687763134638
.20534458259741
.26933895548185
.27215189735095
.24085794885953
.26195499300957
.24472573896249
.31188466151555
.23874824245771
.2679324944814
.27180027961731
.26652602354685
.27180027961731
.2651195526123
.24824191133181
.28832630316416
.28094234069188
.27144867181778
.25527426600456
.26652601361275
.25949367880821
.26090014974276
.29746834437052
.30590716997782
.27180027961731
.29535865783691
.26722924908002
.2542194177707
.28445850809415
.21518986920516
.25175808866819
.2999296883742
.26687764128049
.23417721688747
.29606188337008
.29887483517329
.23452883462111
.30977496504784
.26195500294367
.30274261037509
.30274262030919
.28832630316416
.22714486718178
.2791842520237
.29395217696826
.20218002796173
.29395218690236
.22151898841063
.24789029856523
.25316455960274
.30450070897738
.24402250349522
.28516174356143
.29852319757144
.20956399043401
.26054851710796
.27812938888868
.22398030757904
.25808720787366
.26441631714503
.23663853605588
.29606188337008
.33755273620288
.24261603256067
.30766525864601
.32630097866058
.26090014974276
.27390997608503
.29395218690236
.23488045235475
.25984528660774
.27812938888868
.23312236865362
.26441631714503
.25738397240639
.2735583782196
.25351617733637
.24226441979408
.24191280206045
.26617440581322
.26582278807958
.24964838226636
.22679324448109
.28481012582779
.2914908627669
.25210970143477
.29008438189824
.25703235467275
.24824191629887
.27390998601913
.25597750147184
.27144866188367
.24437412122885
.31540084878604
.28973277409871
.28762306769689
.27144866188367
.25421941280365
.32067510485649
.25632911920547
.24753868083159
.31504922111829
.25527426600456
.25421941280365
.29289733370145
.27144866188367
.21554148693879
.29008439183235
.34001407027245
.24789029359818
.29078762729963
.26933895548185
.23523207008839
.26969057321548
.27848100662231
.24894515176614
.26195500294367
.31504922111829
.26160337527593
.31680730978648
.27039380868276
.29711673657099
.30907172958056
.32419128219287
.32419128219287
.34634317954381
.26336147387822
.3094233473142
.32137834032377
.2735583682855
.27215190728505
.32419128219287
.27461322148641
.25949367880821
.31751054525375
.30696202317874
.25984528660774
.24789029856523
.32524613539378
.20675105353196
.29043599963188
.2914908627669
.23874824245771
.21835442880789
.26617440581322
.25738396743933
.31012658278147
.28164556622505
.30063290397326
.26406469941139
.29008439183235
.27918424208959
.28973277409871
.23593530058861
.26828411221504
.33192686239878
.29711673657099
.27848100662231
.28340365489324
.33087200919787
.26652602354685
.24683544536432
.34634317954381
.26054852207502
.23663853605588
.27988747755686
.29535865783691
.1849507689476
.23558368285497
.25773559014002
.24191279709339
.25316455960274
.26652601361275
.27004219094912
.25421941280365
.23523206512133
.21905766427517
.31258789698283
.27883262435595
.16033755242825
.2830520371596
.26687764128049
.27918424208959
.31082980831464
.2819971938928
.28902953863144
.24226441979408
.29254570603371
.30872011184692
.31680730978648
.28164556622505
.31082981824875
.27215188741684
.36990154782931
.2858649790287
.29817158977191
.30872011184692
.28551336129506
.28059071302414
.31751055518786
.25632911920547
.32559775312742
.30485231677691
.26441631714503
.25210970640182
.27180027961731
.29254571596781
.28727144996325
.31715892752012
.30625878771146
.28832630316416
.2886779208978
.24542897442977
.23241912821929
.31926864385605
.27601968248685
.26090013980865
.32559774319331
.29184247056643
.3273558318615
.27672292788823
.30731364091237
.25386779507001
.30872012178103
.31012658278147
.28164556622505
.35056259234746
.35407875974973
.2774261534214
.3396624426047
.39170182744662
.34985934694608
.36181434988976
.25808720787366
.32876231273015
.38080168763796
.32137834032377
.29008438189824
.31715892752012
.29852320750554
.34915611147881
.30872010191282
.35759493708611
.348101268212
.32665260632833
.31997186938922
.32524612545967
.31153305371602
.34001406033834
.32313642899195
.38677917917569
.33403656880061
.34599156181018
.41526020566622
.49542896946271
.32243319352468
.48663853605588
.43706047534943
.35654008388519
.39662446578344
.39943740765254
.42651195327441
.41104079286257
.39064697424571
.42580872774124
.44198312362035
.45428973436356
.40963432192802
.40611814459165
.40787623325984
.38642757137616
.35021096467972
.40857946872711
.42158931493759
.31821378072103
.42440224687258
.44585091869036
.36462728182475
.4377637108167
.39205344518026
.35864978035291
.35232067108154
.38713080684344
.34423347314199
.33966245253881
.3660337527593
.31434599558512
.35126582781474
.39451476931572
.36427567402522
.43741209308306
.3783403635025
.36919830242793
.4254571100076
.43248945474625
.43811532855034
.49296763539314
.45991561810176
.50351616740227
.43143460154533
.43600563208262
.59177215894063
.48382560412089
.54817159970601
.41631504893303
.53656820456187
.401898731788
.43002813061078
.37939521670341
.41631505886714
.50035160779953
.48277075091998
.50527425607045
.5168776512146
.54078761736552
.5207454363505
.54781997203827
.43213783701261
.48452881971995
.49578059713046
.50246132413546
.52390997608503
.50597749153773
.47468353311221
.49120956659317
.52215189735095
.49964837233225
.5991561015447
.52496482928594
.48066103458405
.58895921707153
.56715893745422
.51687763134638
.67475388447444
.55555556217829
.51090013980865
.62412095069885
.59001406033834
.65189872185389
.6670182744662
.6132208108902
.56856540838877
.66666666666667
.6283403635025
.54395218690236
.79606189330419
.73839662472407
.7046413620313
.70077355702718
.87271449963252
.60443037748337
.6990154782931
.70639944076538
.66561182339986
.77496482928594
.76090013980865
.8519690434138
.81856538852056
.85794657468796
.83684951066971
.96694797277451
.93495078881582
.89064699411392
.99437413613002
.94303796688716
.88607593377431
.89943740765254
.93530237674713
.96448663870494
1.1997187137604
1.1206047534943
.98523205518723
1.2577355702718
1.0907173156738
1.2552742958069
1.4152601957321
1.3393108447393
1.432489434878
1.4715189536413
1.3797468344371
1.4743318955104
1.5495780706406
1.519338965416
1.3702531655629
1.7675808668137
1.6353727181753
1.7394514878591
1.6529535849889
1.6701828241348
1.9479606151581
1.7457805871963
1.966596364975
1.7872714201609
1.8677918513616
2.1283404032389
2.1107594966888
2.077355782191
2.3136427402496
2.1765120029449
2.2696905930837
2.3217299779256
2.5189873377482
2.4177215894063
2.6557664871216
2.7461322148641
2.5372714201609
2.7158931096395
2.8793952465057
2.791490872701
2.8414204915365
2.7760196526845
2.8537271817525
3.0140647093455
2.9064698219299
3.0087904930115
3.0622363090515
3.0893108050028
2.8312236467997
3.3266526063283
3.0661040941874
3.2366386254628
3.3168073495229
3.4370605150859
3.3519690036774
3.4757383664449
3.0850914319356
3.2623066107432
3.5182841618856
3.4212376276652
3.361111164093
3.5604782104492
3.2162446975708
3.3772855599721
3.353023926417
3.4493671258291
3.450421889623
3.8656821250916
3.8516174157461
3.5049227078756
3.7682840824127
3.5601266225179
4.055907090505
3.7689874172211
3.8273558616638
3.5464135011037
3.8111814657847
3.8470464547475
3.7985232671102
3.6413502693176
3.974683602651
3.7960619131724
3.6828410625458
4.0682138601939
3.8681434790293
3.6649085680644
4.2197608947754
4.0467651685079
3.9145569006602
4.0573136011759
4.3062586784363
4.0949368476868
4.1023207505544
3.9841771920522
4.0608297983805
4.0144162972768
4.2102671464284
4.1691280206045
4.2946553230286
4.2281997998555
4.1983121236165
4.1860055923462
4.1434598763784
4.1417016983032
4.554852326711
4.4398733774821
4.193741162618
4.4831223487854
4.3537270228068
4.3702532450358
4.4989450772603
4.5242616335551
4.2883262634277
4.4033052126567
4.4314346313477
4.4135022163391
4.7039380073547
4.6244724591573
4.3966244061788
4.6395921707153
4.9402249654134
4.3565402030945
4.7285512288411
4.7165962855021
4.4149085680644
4.8734176953634
4.6585795084635
4.5833333333333
4.5608297983805
4.4356540044149
4.6336145401001
4.738045056661
4.6336145401001
4.4177215894063
4.7201124827067
4.5341068903605
4.4883964856466
4.417018254598
4.43319272995
4.6286919911702
4.4236990610758
4.6339662869771
4.3586498896281
4.2264416217804
4.4440927505493
4.3808016777039
4.4138536453247
4.4697608947754
4.2049929300944
4.2253866990407
4.3389590581258
4.2109704017639
4.3410689036051
4.320675055186
4.2795358498891
4.2746132214864
4.3688465754191
3.930379708608
3.9876933892568
4.2689873377482
4.0545007387797
3.965541601181
4.0956398646037
4.1251757144928
3.7703938484192
3.9806609948476
3.9535864988963
3.8786919911702
3.9876933892568
3.7303094069163
3.5682138601939
3.6645569006602
3.917370001475
3.8333333333333
3.6184950669607
3.7549225489299
3.5935302575429
3.4715189933777
3.5566105047862
3.5369198322296
3.5196905930837
3.4198311964671
3.4018987019857
3.5291842619578
3.5819268226624
3.2587904135386
3.4525316556295
3.3185653686523
3.3980309168498
3.3298171361287
3.0358649889628
3.2141350110372
3.125527381897
3.1191983222961
3.0232067108154
2.9142053922017
3.005274216334
2.7109704812368
2.9792545636495
2.6969057718913
2.7239803473155
2.637482325236
2.6972574392955
2.8305203914642
2.4454992612203
2.6895217895508
2.6286919911702
2.5798171361287
2.6293951670329
2.5358649889628
2.4810126622518
2.3913501898448
2.348804473877
2.4820675055186
2.3618143399556
2.2123769124349
2.3185654481252
2.2710970242818
2.2760196526845
1.9778480529785
2.1891702016195
2.1322081883748
2.1860055923462
2.211322148641
1.9940225283305
1.9912095864614
2.0875527858734
2.0270745356878
1.7936005592346
1.9106891552607
1.7331223487854
1.7819972038269
1.9275668462118
1.6554148991903
1.7331223487854
1.6828411022822
1.6508438984553
1.6381856203079
1.7485935290654
1.5984528859456
1.5094936688741
1.5474683443705
1.5221519072851
1.3997890551885
1.4658931493759
1.5165260235469
1.3948663870494
1.4131505091985
1.3115330139796
1.357594927152
1.3287622928619
1.2675808668137
1.2640647093455
1.3825597365697
1.1191983222961
1.2447257439295
1.1002109845479
1.3185654083888
1.0369198322296
1.1722925504049
1.2890295187632
1.1564697821935
.965189854304
1.1635020971298
1.122362891833
1.0981012582779
1.1388888756434
1.0759493509928
.95428971449534
1.1459212303162
1.0464135011037
.98699013392131
1.1722925504049
1.0436005592346
.9546413620313
1.0330520272255
.99789029359818
.95147679249446
.94022504488627
.84985935688019
.86673698822657
.91420535246531
.84810125827789
.84388186534246
.92651196320852
.91736990213394
.92580870787303
.96343177556992
.93565400441488
.78199716409047
.74191280206045
.7707454363505
.66596343119939
.74578060706457
.65119550625483
.6708860596021
.89345991611481
.72222220897675
.73277074098587
.69479606548945
.69127988815308
.7696905930837
.70428971449534
.67334737380346
.67475386460622
.69725737969081
.70534457763036
.63220816850662
.7035865187645
.59669480721156
.60970463355382
.7405063311259
.51476794481277
.5341068704923
.6452180147171
.62623065710068
.52461322148641
.55450069904327
.54852322737376
.50351616740227
.56012658278147
.52144865194956
.54043598969777
.39732771118482
.47503517071406
.50843880573908
.44163150588671
.46097046136856
.43248945474625
.43213783701261
.46308016777039
.39943740765254
.37517580389976
.43811533848445
.41631504893303
.34915611147881
.47855133811633
.44444444775581
.35654008388519
.4725738465786
.47292546431224
.40189874172211
.42510548233986
.34282700220744
.33227848013242
.37060478329659
.36005626122157
.33931082487106
.39803093671799
.39451476931572
.29289733370145
.36849507689476
.30414909124374
.38080168763796
.32911393046379
.34845287601153
.38994373877843
.35759493708611
.38045006990433
.29113924503326
.38713079690933
.3217299580574
.32419128219287
.32243319352468
.33157525459925
.31962025165558
.29746835430463
.32137834032377
.31047820051511
.32841069499652
.26371308167775
.30239100257556
.31751055518786
.29184248050054
.25703235467275
.30379747351011
.35161744554838
.26828410228093
.29254570603371
.29571027557055
.27848101655642
.29992967844009
.29043600956599
.2457805921634
.21976089477539
.24437412122885
.2679324845473
.25632911920547
.21976089974244
.28762306769689
.21237693230311
.26300985614459
.26090014974276
.28586496909459
.28375527262688
.21624472240607
.22714486221472
.30063291390737
.25773559014002
.28445850809415
.28023910522461
.29676511883736
.26125175754229
.22995780905088
.25105485816797
.19338958958785
.27426159381866
.26898733774821
.21800281604131
.25738396247228
.29887482523918
.22151898841063
.27215189735095
.2735583682855
.25632911920547
.26547117034594
.25210971136888
.2528129418691
.33755273620288
.25738397240639
.2264416317145
.28059071302414
.24718706309795
.20253164569537
.28481012582779
.28762306769689
.21061884860198
.2443741162618
.22257384161154
.2471870581309
.25070323546728
.25879043837388
.26195500294367
.28270041942596
.26898733774821
.2707454264164
.26969057321548
.28973277409871
.22151898841063
.2763713101546
.28762306769689
.25984528660774
.2858649790287
.25668073693911
.24824191629887
.21061884363492
.29078762729963
.24402250349522
.23909986019135
.25703235467275
.27109703421593
.21343178550402
.26265821854273
.25351617733637
.22855133811633
.26933896541595
.20710266629855
.22503516077995
.26441632707914
.23663853605588
.2376933892568
.28938115636508
.26090013980865
.24789029856523
.25457103053729
.28410689036051
.20639943579833
.29500704010328
.27426159381866
.25738396247228
.29008439183235
.2429676502943
.25210970143477
.2746132115523
.27601968248685
.22116737067699
.27531644701958
.21624472737312
.23558368285497
.23171589275201
.25879044334094
.24753868083159
.294303804636
.27496483922005
.25175808866819
.28938115636508
.28727144996325
.24472573896249
.3066104054451
.29184248050054
.25527426600456
.26195500294367
.29043600956599
.26371308167775
.26441630721092
.24964837729931
.24964838226636
.29043600956599
.29571027557055
.30485231677691
.29852320750554
.27426160375277
.24964838723342
.25879044334094
.2334739814202
.2376933892568
.28551336129506
.26371308167775
.25070323546727
.21589310467243
.28199718395869
.25738396247228
.25070324043433
.28727144996325
.22960618635019
.18600562214851
.2429676502943
.2651195526123
.2640647093455
.27531644701958
.23066104451815
.22081575791041
.24120956162612
.24613220492999
.22609001398087
.25281293193499
.30801686644554
.21905766924222
.26758086681366
.29113924503326
.24894515176614
.31680730978648
.2718002696832
.27180027961731
.28270041942596
.26758086681366
.24191279709339
.26090014974276
.28059071302414
.24120956162612
.24367088576158
.22714486221472
.25105485320091
.25879044334094
.2457805921634
.21026722590129
.25949367880821
.23382559915384
.27144866188367
.20428973436356
.23558368285497
.23663853605588
.27883262435595
.26898733774821
.19831223785877
.2791842520237
.26898734768232
.25632911920547
.2735583682855
.3066104054451
.2169479628404
.23277074595292
.31364275018374
.25773558020592
.26019690434138
.25105484823386
.25632911920547
.20007032155991
.2584388256073
.22468354304632
.22503516077995
.27426160375277
.2886779208978
.23980309565862
.30450070897738
.22714486718178
.21589310963949
.22714486718178
.25914206107457
.17932489514351
.24261603256067
.22327707707882
.22609001398087
.22081575791041
.22468354801337
.23277074098587
.21835442880789
.21694795787334
.22714486718178
.20323487619559
.28445850809415
.24613220989704
.2528129418691
.2651195526123
.1810829838117
.2612517674764
.27390997608503
.19725738465786
.22011251747608
.23909985522429
.18881856898467
.25386779507001
.25984529654185
.2362869232893
.25703235467275
.2802390952905
.26441631714503
.23452883462111
.2528129418691
.22116737067699
.22573839624723
.24331926802794
.2514064759016
.22679324944814
.23241912821929
.2528129418691
.23593530058861
.22468354304632
.18354430298011
.22644162674745
.24191280206045
.21870604654153
.20182841022809
.21061884363492
.18987341721853
.20428973436356
.24753867586454
.22292545934518
.23101266225179
.25597750147184
.27988747755686
.22327707211177
.22292545934518
.23030942678452
.22995780905088
.27250351508458
.27039379874865
.21976089974244
.23417721192042
.22257384161154
.18213783701261
.26125175754229
.23382559915384
.26547118028005
.2141350209713
.22327707211177
.17018283903599
.22714486221472
.19690576692422
.22187060614427
.24367088576158
.23241912821929
.20007032652696
.21659634013971
.20077355702718
.21729958057404
.22046414017677
.2376933892568
.24085794885953
.27039380868276
.2292545735836
.20042193929354
.26969057321548
.25668073693911
.23101265728474
.23312236368656
.27039380868276
.23452883462111
.26054852207502
.21237693230311
.20464135209719
.2612517674764
.25421941280365
.2405063311259
.25070323546728
.24472573896249
.1947960605224
.27215189735095
.25246132413546
.23839662472407
.25703235467275
.19549929598967
.26758087674777
.21765119830767
.23699015378952
.23417721192042
.22573839624723
.23523207008839
.19303797185421
.2306610395511
.24085794885953
.21589310963949
.19796061515808
.23312236368656
.23699015875657
.15963431696097
.2735583682855
.20675105849902
.22327707707882
.25070324043433
.22573839624723
.18565400938193
.26652602354685
.19796062012513
.18037974834442
.26230662067731
.24789029856523
.26336146394412
.24437412122885
.25421941280365
.26441631714503
.28340366482735
.26863572994868
.2707454264164
.28938115636508
.24683544536432
.21097046136856
.2679324845473
.22011251747608
.20499296983083
.28199718395869
.2528129418691
.20393811662992
.23206751048565
.28059071302414
.2362869232893
.22187060614427
.26722924908002
.21976089974244
.22433192531268
.28902953863144
.26617439587911
.22292545934518
.26265821854273
.23945148289204
.24191279709339
.26371308167775
.16736990213394
.27637130022049
.31082980831464
.23312236368656
.22538677851359
.27109704415003
.23241912821929
.26969057321548
.20323488116264
.2071026712656
.20112517476082
.2376933892568
.21940928200881
.24507735669613
.21870604654153
.21976089974244
.20464135209719
.25597750147184
.2679324845473
.21870604654153
.23523207008839
.21729957560698
.21940928200881
.20253164569537
.20147679249446
.23312235871951
.25527426600456
.23628691832225
.20218002796173
.25421941280365
.22995780408382
.21378340323766
.25597750147184
.23980309565862
.22819972038269
.21976089974244
.25246132413546
.20323488116264
.26160337527593
.23523207008839
.20077355702718
.23839662472407
.2763713101546
.2457805921634
.22468354304632
.25843881567319
.2236286898454
.29008439183235
.21800281107426
.20464134713014
.28902953863144
.2348804473877
.22644163668156
.19514767825603
.26828411221504
.17510548730691
.25351617733637
.20710266629855
.19585091372331
.21272855003675
.22187060614427
.16947960356871
.22995780408382
.24789029856523
.20569620033105
.23382559418678
.2623066107432
.20323487619559
.26898733774821
.22609001398087
.25070323050022
.26722925901413
.22995780408382
.24367089072863
.21237693727016
.18389592071374
.20780590673288
.23734177152316
.25703234473864
.22925456861655
.22187060614427
.23206751048565
.23171589275201
.2071026712656
.22116737067699
.22011251250903
.23980309565862
.21061884860198
.24191280206045
.16385371983051
.22784810264905
.2085091372331
.16490858296553
.22222222387791
.21694795787334
.18459915618102
.24859352906545
.22609001398087
.20639943579833
.20639944076538
.19022503495216
.20815752446651
.22819972038269
.25246132413546
.21518987417221
.24542897442977
.21729958057404
.18846694628398
.24472573896249
.2362869232893
.18037974834442
.21729958057404
.20604782303174
.22714486221472
.25773558020592
.21905766427517
.22609001398087
.29500704010328
.24261603752772
.20007032155991
.24472573399544
.25386780003707
.24191279709339
.24894514679909
.24859352906545
.2457805921634
.24894514679909
.24261603256067
.2405063311259
.32981716096401
.29641350110372
.2099156131347
.28164557615916
.21202531456947
.21940928200881
.27707453568776
.23241912821929
.2014767875274
.21905766924222
.20956399043401
.21167369683584
.19831223785877
.25246132910252
.20675105353196
.22292545934518
.24085794885953
.20604782303174
.19338958958785
.25316455960274
.21061884860198
.18424753844738
.29395218690236
.21800281604131
.19655414919058
.25
.17721518874168
.24507735172908
.23452883462111
.22011252244314
.19092827041944
.2718002696832
.23769339422385
.21343178550402
.26336147387822
.23558368782202
.18635723988215
.22609001398087
.25070324043433
.20815752446651
.20499296486378
.21378340323766
.19022502998511
.23523206512133
.23980309565862
.19268635908763
.21976089974244
.24261603256067
.19655414919058
.22503516077995
.2679324944814
.24331926802794
.23382559915384
.26969057321548
.2113220791022
.28691983222961
.25773559014002
.24367089072863
.26687764128049
.24226441482703
.24367088576158
.2485935340325
.25738396247228
.20288325846195
.2528129418691
.24964838723342
.22960618635019
.1684247503678
.24437412122885
.20077356199423
.19831223785877
.23558368285497
.23452882965406
.18706047534943
.20499296983083
.2113220791022
.20675105353196
.21554148693879
.21378340820471
.21976089974244
.25
.21202531953653
.17510548730691
.25
.21097046136856
.19092827041944
.25843881567319
.26406469941139
.22433192531268
.21624472737312
.24085794885953
.18389592071374
.2401547084252
.1919831186533
.22714486718178
.21554149190585
.20780590673288
.23488045235475
.20007032155991
.20323488116264
.18459915618102
.21343178550402
.20921237766743
.20886075496674
.19374120732148
.25246132413546
.21518987417221
.24226441482703
.23980309069157
.243319272995
.22116737067699
.22433192531268
.21448663870494
.26019691427549
.27039380868276
.23206751048565
.22819971541564
.24331926802794
.22960618635019
.24648383259773
.25632910927137
.23101265728474
.25105485816797
.26687764128049
.21870604654153
.23171589275201
.23734177649021
.24542897442977
.21272855003675
.27426160375277
.28481012582779
.21800281604131
.25351617733637
.23452882965406
.20253164569537
.2457805921634
.25351617733637
.20675105353196
.20604782303174
.23663853605588
.20815752446651
.22855133314927
.19444444278876
.20745428899924
.24789029856523
.18670886258284
.19690576692422
.22749648491542
.21624472737312
.21132208406925
.25562587380409
.19514767825603
.20182841022809
.22609001398087
.21518987417221
.21378340323766
.28234880169233
.22679324944814
.24824191629887
.2071026712656
.25000000496705
.20675105353196
.26652601361275
.24894514679909
.25597750147184
.25597749650478
.25246132413546
.16912798583508
.29746835430463
.29430379470189
.27566806475321
.26019690434138
.21378340323766
.22960618635019
.24753867586454
.20886075993379
.19549929598967
.25879043340683
.2457805921634
.22327707211177
.2763713101546
.22995780408382
.20323488116264
.26547117034594
.2405063311259
.17967651287715
.23241912821929
.2401547084252
.20007032155991
.19268635412057
.2362869232893
.18530238668124
.21800281107426
.21167369683584
.17686356604099
.18635723988215
.22925456861655
.23382559418678
.21729958057404
.23874824245771
.24226442476114
.21343178550402
.22362869481246
.21659634013971
.23804500699043
.26863572994868
.27496482928594
.20393811662992
.22538677851359
.24050632615884
.26195499300957
.26863572001457
.26582277814547
.25949367880821
.21272855003675
.21097046633561
.17862166464329
.22187060614427
.25773559014002
.23171589275201
.25984528660774
.23874824245771
.21800281604131
.22187060614427
.22468354801337
.2707454264164
.26687764128049
.25210970640182
.23241912821929
.23945147792498
.26582277814547
.19901547332605
.22398030757904
.24472573896249
.18424753844738
.21378340323766
.20639943579833
.18073136607806
.25175808866819
.20886075993379
.21905766427517
.26863572994868
.23277074595292
.22749648491542
.24261603256067
.21167369683584
.20956399043401
.22187060117722
.21905766427517
.1947960605224
.22398030757904
.21835442880789
.23030942181746
.18178621431192
.22784810264905
.21308016777039
.18987341721853
.19549929598967
.20921237766743
.18319268524647
.22644162674745
.21378340323766
.20850914220015
.2735583682855
.26336146394412
.18002813061078
.24964838723342
.20218002796173
.23277074595292
.25421941280365
.20077356199423
.19585091372331
.25316454966863
.2099156131347
.21659634013971
.24191279709339
.2099156131347
.17967650791009
.25492264827092
.26019691427549
.24753868083159
.24683544536432
.27144866188367
.21343178550402
.22327707211177
.25386779010296
.22292545934518
.20639943579833
.21624472240607
.23628691335519
.22925456861655
.20675105353196
.19831223289172
.20007032155991
.2113220791022
.20534458259741
.24261603256067
.22362869481246
.19514767825603
.22890295088291
.2570323497057
.22819972038269
.23171589771907
.24648382763068
.20745429396629
.19585090875626
.19725737969081
.23699015378952
.2376933892568
.22573839624723
.23663853605588
.19374120732148
.25492264330387
.23101265728474
.15928269922733
.23277074595292
.21308016777039
.19303797682126
.1547116736571
.19866385559241
.2085091372331
.19796062012513
.19725737969081
.21554149190585
.21905766427517
.24191279709339
.16526019573212
.24226441482703
.22468354304632
.24753867586454
.25070323546727
.20358649889628
.23206751048565
.22327707707882
.20815752446651
.25949367880821
.23874824245771
.20323488116264
.19866385062536
.21765119334062
.24402250349522
.20815752446651
.23452883462111
.21202531953653
.19901546835899
.16842475533485
.25070323050022
.21237693230311
.23277074595292
.22714486221472
.1810829838117
.17475386957328
.1933895945549
.19725738465786
.22327707211177
.21554149190585
.21905766427517
.24191279709339
.22011251747608
.18670886258284
.21589310963949
.18495077391466
.21448663870494
.23241912821929
.24683544039726
.25879043340683
.24191279709339
.19514767328898
.23382559915384
.23136427501837
.2306610395511
.22890295584997
.25457103053729
.22151898841063
.21202531456947
.18319268524647
.29324895143509
.22573839624723
.24331926802794
.21870605150859
.24367088576158
.22187060614427
.22187060614427
.23206751048565
.19303797185421
.2401547084252
.22257384161154
.22046413520972
.25105485320091
.2584388256073
.21378340323766
.22011251747608
.23909986019135
.21835442880789
.23699015378952
.22503516077995
.22433192531268
.2528129418691
.2886779208978
.21518987417221
.28656821449598
.26687764128049
.26371308167775
.32770744959513
.31575245658557
.32665260632833
.26582278807958
.27848100662231
.29008439183235
.30414908130964
.22327707707882
.25210970640182
.29711673657099
.30766526858012
.28375527262688
.35794655481974
.28621659676234
.33895921707153
.32032348712285
.36849506696065
.39662447571754
.40787623325984
.39064698417981
.4310829838117
.47855133811633
.41490857799848
.37095641096433
.44725738962491
.52566806475321
.44971871376038
.55836850404739
.59106892347336
.65049227078756
.48804501692454
.32559774319331
0
0
0
0
0
0
0
0
0
0
0
0
0
0
0
0
0
0
0
0
0
0
0
0
0
0
0
0
0
0
0
0
0
0
0
0
0
0
0
0
0
0
0
0
0
0
0
0
0
0
0
0
0
0
0
0
0
0
0
0
0
0
0
0
0
0
0
0
0
0
0
0
0
0
0
0
0
0
0
0
0
0
0
0
0
0
0
0
0
0
0
0
0
0
0
0
0
0
0
0
0
0
0
0
0
0
0
0
0
0
0
0
0
0
0
0
0
0
0
0
0
0
0
0
0
0
0
0
0
0
0
0
0
0
0
0
0
0
0
0
0
0
0
0
0
0
0
0
0
0
0
0
0
0
0
0
0
0
0
0
0
0
0
0
0
0
0
0
0
0
0
0
0
0
0
0
0
0
0
0
0
0
0
0
0
0
0
0
0
0
0
0
0
0
0
0
0
0
0
0
0
0
0
0
0
0
0
0
0
0
0
0
0
0
0
0
0
0
0
0
0
0
0
0
0
0
0
0
0
0
0
0
0
0
0
0
0
0
0
0
0
0
0
0
0
0
0
0
0
0
0
0
0
0
0
0
0
0
0
0
0
0
0
0
0
0
0
0
0
0
0
0
0
0
0
0
0
0
0
0
0
0
0
0
0
0
0
0
0
0
0
0
0
0
0
0
0
0
0
0
0
0
0
0
0
0
0
0
0
0
0
0
0
0
0
0
0
0
0
0
0
0
0
0
0
0
0
0
0
0
0
0
0
0
0
0
0
0
0
0
0
0
0
0
0
0
0
0
0
0
0
0
0
0
0
0
0
0
0
0
0
0
0
0
0
0
0
0
0
0
0
0
0
0
0
0
0
0
0
0
0
0
0
0
0
0
0
0
0
0
0
0
0
0
0
0
0
0
0
0
0
0
0
0
0
0
0
0
0
0
0
0
0
0
0
0
0
0
0
0
0
0
0
0
0
0
0
0
0
0
0
0
0
0
0
0
0
0
0
0
0
0
0
0
0
0
0
0
0
0
0
0
0
0
0
0
0
0
0
0
0
0
0
0
0
0
0
0
0
0
0
0
0
0
0
0
0
0
0
0
0
0
0
0
0
0
0
0
0
0
0
0
0
0
0
0
0
0
0
0
0
0
0
0
0
0
0
0
0
0
0
0
0
0
0
0
0
0
0
0
0
0
0
0
0
0
0
0
0
0
0
0
0
0
0
0
0
0
0
0
0
0
0
0
0
0
0
0
0
0
0
0
0
0
0
0
0
0
0
0
0
0
0
0
0
0
0
0
0
0
0
0
0
0
0
0
0
0
0
0
0
0
0
0
0
0
0
0
0
0
0
0
0
0
0
0
0
0
0
0
0
0
0
0
0
0
0
0
0
0
0
0
0
0
0
0
0
0
0
0
0
0
0
0
0
0
0
0
0
0
0
0
0
0
0
0
0
0
0
0
0
0
0
0
0
0
0
0
0
0
0
0
0
0
0
0
0
0
0
0
0
0
0
0
0
0
0
0
0
0
0
0
0
0
0
0
0
0
0
0
0
0
0
0
0
0
0
0
0
0
0
0
0
0
0
0
0
0
0
0
0
0
0
0
0
0
0
0
0
0
0
0
0
0
0
0
0
0
0
0
0
0
0
0
0
0
0
0
0
0
0
0
0
0
0
0
0
0
0
0
0
0
0
0
0
0
0
0
0
0
0
0
0
0
0
0
0
0
0
0
0
0
0
0
0
0
0
0
0
0
0
0
0
0
0
0
0
0
0
0
0
0
0
0
0
0
0
0
0
0
0
0
0
0
0
0
0
0
0
0
0
0
0
0
0
0
0
0
0
0
0
0
0
0
0
0
0
0
0
0
0
0
0
0
0
0
0
0
0
0
0
0
0
0
0
0
0
0
0
0
0
0
0
0
0
0
0
0
0
0
0
0
0
0
0
0
0
0
0
0
0
0
0
0
0
0
0
0
0
0
0
0
0
0
0
0
0
0
0
0
0
0
0
0
0
0
0
0
0
0
0
0
0
0
0
0
0
0
0
0
0
0
0
0
0
0
0
0
0
0
0
0
0
0
0
0
0
0
0
0
0
0
0
0
0
0
0
0
0
0
0
0
0
0
0
0
0
0
0
0
0
0
0
0
0
0
0
0
0
0
0
0
0
0
0
0
0
0
0
0
0
0
0
0
0
0
0
0
0
0
0
0
0
0
0
0
0
0
0
0
0
0
0
0
0
0
0
0
0
0
0
0
0
0
0
0
0
0
0
0
0
0
0
0
0
0
0
0
0
0
0
0
0
0
0
0
0
0
0
0
0
0
0
0
0
0
0
0
0
0
0
0
0
0
0
0
0
0
0
0
0
0
0
0
0
0
0
0
0
0
0
0
0
0
0
0
0
0
0
0
0
0
0
0
0
0
0
0
0
0
0
0
0
0
0
0
0
0
0
0
0
0
0
0
0
0
0
0
0
0
0
0
0
0
0
0
0
0
0
0
0
0
0
0
0
0
0
0
0
0
0
0
0
0
0
0
0
0
0
0
0
0
0
0
0
0
0
0
0
0
0
0
0
0
0
0
0
0
0
0
0
0
0
0
0
0
0
0
0
0
0
0
0
0
0
0
0
0
0
0
0
0
0
0
0
0
0
0
0
0
0
0
0
0
0
0
0
0
0
0
0
0
0
0
0
0
0
0
0
0
0
0
0
0
0
0
0
0
0
0
0
0
0
0
0
0
0
0
0
0
0
0
0
0
0
0
0
0
0
0
0
0
0
0
0
0
0
0
0
0
0
0
0
0
0
0
0
0
0
0
0
0
0
0
0
0
0
0
0
0
0
0
0
0
0
0
0
0
0
0
0
0
0
0
0
0
0
0
0
0
0
0
0
0
0
0
0
0
0
0
0
0
0
0
0
0
0
0
0
0
0
0
0
0
0
0
0
0
0
0
0
0
0
0
0
0
0
0
0
0
0
0
0
0
0
0
0
0
0
0
0
0
0
0
0
0
0
0
0
0
0
0
0
0
0
0
0
0
0
0
0
0
0
0
0
0
0
0
0
0
0
0
0
0
0
0
0
0
0
0
0
0
0
0
0
0
0
0
0
0
0
0
0
0
0
0
0
0
0
0
0
0
0
0
0
0
0
0
0
0
0
0
0
0
0
0
0
0
0
0
0
0
0
0
0
0
0
0
0
0
0
0
0
0
0
0
0
0
0
0
0
0
0
0
0
0
0
0
0
0
0
0
0
0
0
0
0
0
0
0
0
0
0
0
0
0
0
0
0
0
0
0
0
0
0
0
0
0
0
0
0
0
0
0
0
0
0
0
0
0
0
0
0
0
0
0
0
0
0
0
0
0
0
0
0
0
0
0
0
0
0
0
0
0
0
0
0
0
0
0
0
0
0
0
0
0
0
0
0
0
0
0
0
0
0
0
0
0
0
0
0
0
0
0
0
0
0
0
0
0
0
0
0
0
0
0
0
0
0
0
0
0
0
0
0
0
0
0
0
0
0
0
0
0
0
0
0
0
0
0
0
0
0
0
0
0
0
0
0
0
0
0
0
0
0
0
0
0
0
0
0
0
0
0
0
0
0
0
0
0
0
0
0
0
0
0
0
0
0
0
0
0
0
0
0
0
0
0
0
0
0
0
0
0
0
0
0
0
0
0
0
0
0
0
0
0
0
0
0
0
0
0
0
0
0
0
0
0
0
0
0
0
0
0
0
0
0
0
0
0
0
0
0
0
0
0
0
0
0
0
0
0
0
0
0
0
0
0
0
0
0
0
0
0
0
0
0
0
0
0
0
0
0
0
0
0
0
0
0
0
0
0
0
0
0
0
0
0
0
0
0
0
0
0
0
0
0
0
0
0
0
0
0
0
0
0
0
0
0
0
0
0
0
0
0
0
0
0
0
0
0
0
0
0
0
0
0
0
0
0
0
0
0
0
0
0
0
0
0
0
0
0
0
0
0
0
0
0
0
0
0
0
0
0
0
0
0
0
0
0
0
0
0
0
0
0
0
0
0
0
0
0
0
0
0
0
0
0
0
0
0
0
0
0
0
0
0
0
0
0
0
0
0
0
0
0
0
0
0
0
0
0
0
0
0
0
0
0
0
0
0
0
0
0
0
0
0
0
0
0
0
0
0
0
0
0
0
0
0
0
0
0
0
0
0
0
0
0
0
0
0
0
0
0
0
0
0
0
0
0
0
0
0
0
0
0
0
0
0
0
0
0
0
0
0
0
0
0
0
0
0
0
0
0
0
0
0
0
0
0
0
0
0
0
0
0
0
0
0
0
0
0
0
0
0
0
0
0
0
0
0
0
0
0
0
0
0
0
0
0
0
0
0
0
0
0
0
0
0
0
0
0
0
0
0
0
0
0
0
0
0
0
0
0
0
0
0
0
0
0
0
0
0
0
0
0
0
0
0
0
0
0
0
0
0
0
0
0
0
0
0
0
0
0
0
0
0
0
0
0
0
0
0
0
0
0
0
0
0
0
0
0
0
0
0
0
0
0
0
0
0
0
0
0
0
0
0
0
0
0
0
0
0
0
0
0
0
0
0
0
0
0
0
0
0
0
0
0
0
0
0
0
0
0
0
0
0
0
0
0
0
0
0
0
0
0
