.22468354801337
.27883262435595
.21483825147152
.21589310963949
.27390998601913
.27883262435595
.24683544536432
.26336145401001
.23945147792498
.2180028061072
.28129394849141
.23277075091998
.19092827041944
.24578058719635
.19163150588671
.18389592071374
.20288326342901
.23382559915384
.18987341225147
.22573839624723
.20147679249446
.25351617733637
.2429676502943
.23804500699043
.21589310963949
.22960618635019
.20745428899924
.2141350209713
.2763713101546
.22011251747608
.25421941280365
.27812938888868
.24507736166318
.23136427501837
.1712376922369
.22398031254609
.26687764128049
.26547117034594
.26300984621048
.27039380868276
.23804501195749
.31153305371602
.26969057321548
.2774261534214
.23312235871951
.26371308167775
.25808720787366
.27004219094912
.21237693230311
.26265822847684
.22573839624723
.24824191133181
.20358649889628
.24578059713046
.26160336534182
.19620253145695
.30625878771146
.23488045235475
.18635724484921
.26406469941139
.27109704415003
.21870604654153
.27531644701958
.22151898841063
.23909986019135
.28727144996325
.1877637108167
.21940928697586
.2457805921634
.23593530058861
.19514767825603
.26652602354685
.22749647994836
.25738396743933
.22222222387791
.22749647994836
.19796062012513
.25527426600456
.21800281604131
.20077355702718
.25421941280365
.20569620529811
.22081575294336
.20147679249446
.2735583682855
.20077355702718
.22960619131724
.24472573896249
.22538677354654
.22503516077995
.23101265728474
.22995780408382
.25527426600456
.18459915618102
.21026722590129
.19725738465786
.23628691832225
.23136427501837
.21554149190585
.2250351558129
.20991560816765
.17369901637236
.23663853605588
.22222222387791
.21835443377495
.18706047534943
.22749648491542
.20464134713014
.23452883462111
.22714486221472
.25210971136888
.2169479628404
.24191280206045
.20569620033105
.21589310963949
.25210970640182
.22749648491542
.26265822847684
.2334739814202
.26476792494456
.28727144996325
.28656821449598
.2169479628404
.23909986019135
.24120956162612
.21343179047108
.29008439183235
.22187060614427
.24542897442977
.21132208406925
.26758087674777
.21378340323766
.21483825643857
.1947960605224
.24191280206045
.26933896541595
.24226441979408
.18565400441488
.25492263833682
.29746835430463
.24191279709339
.29078762729963
.22995780905088
.24437412122885
.26863572994868
.26828411221504
.2292545735836
.21202531456947
.23769338428974
.22292545934518
.21659634510676
.23839662472407
.20569620529811
.28621659676234
.2376933892568
.24120956659317
.2127285550038
.22187060117722
.20499296486378
.16947960356871
.23980309069157
.24120956162612
.25140647093455
.2113220791022
.22222222387791
.16139240562916
.21308016280333
.25035162270069
.19092826545238
.23663854102294
.2594936688741
.23101265728474
.24648382763068
.21835442880789
.27039381861687
.26898733774821
.23241912821929
.20288326342901
.26933896541595
.24578059713046
.17405062913895
.25668073693911
.26898733774821
.21097046633561
.23839662472407
.19585091372331
.17897327740987
.2099156131347
.28305202722549
.22398031254609
.27285513281822
.2208157479763
.1905766526858
.22116737067699
.23663854102294
.23241912325223
.28902952869733
.28481012582779
.2169479628404
.19092827041944
.24578059713046
.24859352906545
.27601968248685
.2707454264164
.28797468543053
.26160337527593
.28902953863144
.23241912821929
.28797468543053
.30555555224419
.24402250349522
.26863572001457
.25421941280365
.24437412122885
.32243319352468
.24331926802794
.23874824245771
.23347397645315
.26265822847684
.24542897442977
.20886075993379
.27637130022049
.23558368782202
.24261603256067
.25140647093455
.25175808866819
.21202531456947
.27461322148641
.243319272995
.24613220989704
.29676511883736
.27320674061775
.27109704415003
.25070324043433
.23488045235475
.22819972038269
.24542896946271
.26336146394412
.25246132413546
.25738397240639
.24367088576158
.2334739814202
.27777778108915
.25597749153773
.22890295088291
.2640647093455
.26054853200912
.24894515176614
.22116737067699
.22819972038269
.22503516574701
.29219409823418
.22187060614427
.26722924908002
.25843881567319
.26863572994868
.20253164569537
.24894515176614
.22573839624723
.23523206512133
.27707453568776
.2651195526123
.2514064759016
.28270041942596
.31997186938922
.23030942181746
.28902953863144
.23523206512133
.23699015875657
.27812938888868
.25527426600456
.23417721192042
.26406468947728
.27215189735095
.30555556217829
.29676511883736
.25914205610752
.28621659676234
.24789029856523
.2746132115523
.24613220989704
.22151898344358
.26336145401001
.21413501600424
.22855133314927
.22257383664449
.23593530058861
.22503516574701
.2306610395511
.22855133811633
.22503516077995
.27109703421593
.23769339422385
.20288325846195
.28340365489324
.2556258837382
.2528129418691
.27215189735095
.27426159381866
.22890295584997
.26300984621048
.26125175754229
.26898733774821
.26582277814547
.25
.24437412122885
.20499296486378
.23663853605588
.21765119830767
.25879043340683
.27531645695368
.23136427501837
.27109704415003
.22679324448109
.20288325846195
.26265822847684
.24331926802794
.24437412122885
.25668073197206
.22644162674745
.20077355702718
.24894514679909
.24156118432681
.2679324944814
.26195500294367
.27250352501869
.23663853605588
.22995780408382
.25210970640182
.27390997608503
.21308017273744
.23593530555566
.26265823841095
.26687763134638
.21905766427517
.23734177649021
.21624472737312
.23663853605588
.20428973436356
.18424753844738
.19585091372331
.18881856401761
.22398030757904
.21061884363492
.22292545934518
.1617440233628
.28199718395869
.23839662472407
.24894514679909
.24753868083159
.2334739814202
.19233473638693
.24191279709339
.22749648491542
.22046413520972
.24085794389248
.22925456861655
.20569620529811
.22222222387791
.18987342218558
.16490857799848
.23558368285497
.21870605150859
.22749648491542
.23206751048565
.24156117935975
.24859352906545
.26863572001457
.26090014974276
.22292545934518
.20077356199423
.28902953863144
.2886779208978
.2528129418691
.26090013980865
.24191280206045
.24613220989704
.20815752446651
.19127988815308
.26933896541595
.20182841022809
.26441631714503
.27250352501869
.25105484823386
.2651195526123
.22679324944814
.30590717991193
.23839662472407
.25527425607045
.27566806475321
.2594936688741
.27004220088323
.25421941280365
.25421941280365
.27180028955142
.28762306769689
.2718002696832
.24964838226636
.27320675055186
.25000000496705
.26863572994868
.29113924503326
.30274261037509
.27215189735095
.29008439183235
.25843881567319
.25457102060318
.28199718395869
.18952179948489
.25281294683615
.29008439183235
.26265822847684
.23171589771907
.27180027961731
.30239099264145
.22995780408382
.3066104054451
.24929676453273
.30028129617373
.29395218690236
.29113923509916
.22433192531268
.27672291795413
.29746835430463
.2071026712656
.28832630316416
.24120956162612
.25421941280365
.25140647093455
.2858649790287
.24753868083159
.26054853200912
.27848100662231
.20886075993379
.2774261534214
.27918424208959
.20780591169993
.24402250349522
.26476793487867
.22819972038269
.27777777115504
.31821378072103
.22609001398087
.27988748749097
.31012658278147
.2457805921634
.26722925901413
.27601969242096
.23734177649021
.24085794389248
.26898734768232
.21835442880789
.27390998601913
.24753867586454
.27566806475321
.24578058719635
.24648382763068
.23312236368656
.2514064759016
.2584388256073
.24613220492999
.22187060117722
.28691983222961
.28727144996325
.24824191133181
.28059071302414
.24542896946271
.2556258837382
.25949367880821
.24085794885953
.26933895548185
.24613220989704
.30485232671102
.27355835835139
.2914908627669
.26441631714503
.23874824245771
.31223627924919
.25246132413546
.2334739814202
.31047820051511
.2457805921634
.25632911423842
.2830520371596
.26160337527593
.21518987913926
.29008439183235
.33333333333333
.23488045235475
.29852319757144
.27039380868276
.23206751048565
.28375527262688
.29008439183235
.26863572001457
.26722925901413
.30696203311284
.26722924908002
.31610408425331
.25914205114047
.28797468543053
.30590717991193
.32067510485649
.3217299580574
.35372714201609
.27180027961731
.30309422810872
.31680730978648
.28445850809415
.26336145401001
.32700422406197
.25808719793955
.26054852207502
.31082981824875
.32208157579104
.27707454562187
.25703235467275
.34739803274473
.21202531953653
.29254571596781
.29184248050054
.25035161773364
.21237693727016
.26863572001457
.28199718395869
.31786216298739
.28902953863144
.29817158977191
.26300984621048
.30836849411329
.29746835430463
.29606188337008
.26300984621048
.27777778108915
.33157524466515
.30274261037509
.29043600956599
.30907171964645
.34563993414243
.28094234069188
.25984529654185
.37165964643161
.2679324845473
.24402250846227
.28973277409871
.30520393451055
.20745428899924
.23417721688747
.29641350110372
.26371309161186
.27988748749097
.28551336129506
.28656821449598
.2651195426782
.26617440581322
.24753867586454
.34880449374517
.29113924503326
.18143459657828
.29641351103783
.28410689036051
.3066104054451
.31856539845467
.31751054525375
.31504922111829
.25597749153773
.31715892752012
.35618846615156
.35091420014699
.29781996210416
.33720111846924
.29535865783691
.39592124025027
.3273558417956
.33509141206741
.34493670860926
.32278481125832
.31821379065514
.35900140802066
.29781997203827
.38783403237661
.34001407027245
.31082981824875
.30801687637965
.29606188337008
.34915612141291
.34036567807198
.34071729580561
.34774965047836
.34563994407654
.34282700220744
.27883262435595
.29676511883736
.36673698822657
.3452883263429
.31047820051511
.40049227078756
.35337553421656
.42686357100805
.36040788888931
.38572432597478
.33509142200152
.39451476931572
.39205344518026
.37728551030159
.45147680242856
.41209564606349
.37271448969841
.4282700419426
.37623066703478
.39978902538617
.45886075496674
.32805906732877
.44303798675537
.51125175754229
.42229255040487
.36005625128746
.42616033554077
.40330521265666
.45710266629855
.38607594370842
.48241912325223
.46448663870494
.4669479628404
.43037974834442
.44725737969081
.42756680647532
.45393811662992
.45710267623266
.50246131420135
.4198312262694
.45675104856491
.47819971044858
.57102672259013
.40963432192802
.58860758940379
.52109705408414
.43846694628398
.44725737969081
.4641350209713
.48734177152316
.44760899742444
.42897327740987
.50457101066907
.54571024576823
.55028128623962
.53445850809415
.49367089072863
.55063291390737
.5319971938928
.44936708609263
.54711673657099
.58825598160426
.51828411221504
.59071729580561
.60267227888107
.49683544039726
.62060479323069
.59493670860926
.54641350110372
.54254570603371
.59423347314199
.50035161773364
.54430379470189
.57700421412786
.48277074098587
.53621660669645
.56926864385605
.54008438189824
.70921238263448
.62130800882975
.56399438778559
.66736990213394
.6867088675499
.6782700419426
.70218002796173
.62904361883799
.73593531052272
.64170183738073
.68635723988215
.86251757542292
.72925458351771
.75421939293544
.61568214495977
.74472574392954
.6339662472407
.6367791891098
.60161743561427
.6199015378952
.72714487711589
.73347397645315
.74226440985998
.78902953863144
.79360057910283
.80274262030919
.76617441574732
.6199015378952
.70991559823354
.70147679249446
.696202536424
.80344583590825
.72995779911677
.69971871376038
.743319272995
.70604781309764
.66912798086802
.8263009985288
.75035162766774
.73417719205221
.84142053127289
.82278482119242
.72116736570994
.93319269021352
.81680730978648
.67194094260534
.8895921309789
.7981715798378
.86075949668884
.89029536644618
.83263009786606
.76019690434138
.89064699411392
.80344583590825
.77918424208959
1.0066807071368
.87798873583476
.86357243855794
.93002814054489
1.060126543045
.77883261442184
.86005624135335
.81364276011785
.73312236865362
.82313642899195
.84317861000697
.88888889551163
.87201124429703
.80872011184692
.84599157174428
.92616033554077
.88396622737249
.78902955849965
.97679324944814
.86673698822657
.77250351508458
.76828410228093
.76933894554774
.79571026563644
.85021098454793
.90014066298803
.73523207505544
.83825600147247
.81082981824875
.77953586975733
.97116736570994
.84950772921244
.89451475938161
.8811533053716
.80731364091237
.86533051729202
.86497890949249
.91983123620351
.66736990213394
.86216594775518
.84458508094152
.78727144002914
.77777777115504
.79992967844009
.93881855408351
.70042192935944
.7584388256073
.75984529654185
.71308016777039
.88713079690933
.88607595364253
.77883263429006
.892405072848
.7763713200887
.86497888962428
.92123768726985
.92440225680669
.85900139808655
.99191278219223
.88185654083888
.77426161368688
.9092827240626
.97644164164861
.8442334930102
.83403656880061
.80590718984604
.78691983222961
.88959211111069
.84563994407654
.8189170161883
.83544301986694
.94163149595261
.67123768726985
1.094233473142
.82278480132421
.86533051729202
.9680027961731
1.0358649889628
.89345991611481
1.0580168763796
.87904359896978
.8716596364975
.96905765930812
.8895921309789
.80203938484192
.91877637306849
.88607595364253
.80414909124374
.89451477924983
.83895923693975
.8716596364975
1.0741912722588
1.0443037748337
.85548522075017
.99789029359818
.93319269021352
1.1002109845479
1.0319971839587
.98804499705633
.95042192935944
.95042190949122
1.0147679249446
.84774963061015
.86427567402522
.99402252833048
.77707453568776
.9293248852094
1.0154711604118
.98382558425268
.96589310963949
1.1522503693899
.97151899337769
.86251759529114
1.060478190581
1.0432489315669
1.0098452766736
1.0443038145701
.84071729580561
.92791841427485
.96659632523855
1.01547118028
.92932492494583
1.0854430596034
1.0569620132446
.98980311552684
.96905767917633
1.020393828551
.97046413024267
1.1874121030172
1.1487341721853
.88713079690933
1.2443741162618
.99859352906545
1.0981012980143
1.0031645894051
.97292544444402
.8547819852829
1.0263713002205
.97784809271495
1.0291842222214
1.0784106651942
1.0840365489324
1.026019692421
1.1184950669607
1.1417018175125
.88713081677755
1.0611814459165
1.1072433392207
1.0147679249446
1.1954993009567
1.0506329337756
1.0787623127302
1.0270745158195
1.0017580588659
1.0566104054451
1.1213080088298
.98312238852183
1.0355133612951
1.0207454164823
1.0042194128036
1.0196905533473
1.034810145696
1.0154711604118
1.0970464150111
.93248945474625
1.0900140206019
1.0182841221491
.90717297792435
1.1715892950694
.9367088675499
1.0499296983083
1.0393811662992
.8952180147171
.95991563796997
1.0734880367915
1.0777074893316
1.0334036747615
1.0502813259761
1.0379747152328
1.0175808668137
1.0959915916125
.96448665857315
.95991561810176
1.1262306769689
1.0256680846214
.99120956659317
1.1585794687271
1.1118143399556
.91736990213394
1.0481715798378
.9876933892568
.93284104267756
1.0066807468732
1.0175808668137
.90857946872711
.97398030757904
1.1100562413534
1.0689170360565
1.1065400838852
1.0780590375264
.95288324356079
.87376934289932
1.069268643856
1.1237693627675
1.0140646696091
1.0126581986745
1.1694795687993
1.1863572200139
1.1290435791016
.98347393671672
1.1388889153798
1.0770042141279
1.1448663870494
1.142405072848
1.1125175754229
1.1775668462118
1.1402953863144
1.2056961854299
1.0861462553342
1.0414908329646
1.1241209506989
.91772150993347
1.2067510286967
.89064697424571
1.0752461353938
.93424753348033
1.0608298182487
1.114275654157
1.02109704415
1.0573136607806
1.1128692030907
.99718703826268
1.2225738366445
.99542895952861
1.027074555556
1.0158227880796
1.116385380427
1.1170886357625
.99894513686498
.98452885945638
1.0798171361287
1.0569620331128
1.1518987417221
.92510551214218
1.02109704415
1.0843882163366
1.0548523465792
1.100914200147
.95569620529811
.93354429801305
1.1262306769689
1.0073839823405
.90682138999303
.92158931493759
.96940928697586
.91526019573212
1.140295346578
.87025316556295
.95393812656403
.84317861000697
.97327707211177
.86357243855794
1.0179325143496
.98030942678452
.864275654157
.93881853421529
.88642758131027
.78797467549642
.85618845621745
.92229253053665
.85654008388519
.90400842825572
.82208158572515
.8586497704188
.95288324356079
.77004220088323
.84669478734334
.8688466946284
.7897327542305
.79184246063232
.7320675055186
.90541489919027
.68002812067668
.7405063311259
.92686357100805
.83544301986694
.69092826048533
.82946554819743
.80414907137553
.82876231273015
.90049227078756
.83614629507065
.6877637108167
.8829114039739
.8604078690211
.79711673657099
.90330521265666
.84353023767471
.74894513686498
.81434599558512
.91807313760122
.75070323546727
.82278480132421
.77637130022049
.79324895143509
.81575246651967
.75457102060318
.6867088675499
.83438819646835
.75316454966863
.82876231273015
.81153307358424
.76090013980865
.66490858793259
.69233473141988
.71870603164037
.65295358498891
.71448663870494
.61814345916112
.57559776306152
.81856538852056
.66631503899892
.67229255040487
.65471166372299
.6329114039739
.66947960853577
.61427567402522
.68881855408351
.64803093671799
.67123770713806
.68284106254578
.65682137012482
.68143459161123
.56821380058924
.61814345916112
.71976089477539
.60232069094976
.56188466151555
.66279888153076
.67053447167079
.55239099264145
.57524613539378
.50879042347272
.5123066107432
.55872011184692
.50316456953684
.55309424797694
.45393811662992
.58333333333333
.61146273215612
.45147679249446
.51722925901413
.51300984621048
.51652602354685
.52742616335551
.50773558020592
.46308017770449
.54430379470189
.51054852207502
.39310829838117
.56188468138377
.52848102649053
.39486638704936
.553797463576
.55168775717417
.48523207505544
.50984527667363
.47327708204587
.40717299779256
.44796061515808
.46167369683584
.44268635908763
.50562587380409
.52707455555598
.38642756144206
.45042193929354
.40049227078756
.47116736570994
.39170182744662
.45218002796173
.50492263833682
.47046413024267
.53234879175822
.41877637306849
.47679324944814
.44374120235443
.44022504488627
.47151898344358
.43530239661535
.42088606953621
.37587903936704
.44690577189128
.42369901140531
.46343179543813
.35583684841792
.46554149190585
.4282700419426
.38642756144206
.33860758940379
.39943740765254
.47011251250903
.36392405629158
.40717298785845
.38783403237661
.37341771523158
.43811533848445
.37341772516569
.32559774319331
.31293951471647
.34563994407654
.36216596762339
.35196905334791
.28375527262688
.42616034547488
.29078761736552
.35021097461383
.36638538042704
.37517580389976
.37095639109612
.29641350110372
.31680731972059
.39697609345118
.36990154782931
.37869199117025
.38853726784388
.42229254047076
.35583684841792
.29852320750554
.3386075993379
.2651195526123
.36181434988976
.3660337527593
.29465542236964
.34142053127289
.37939521670341
.31364276011785
.35443037748337
.36849508682887
.32524612545967
.35021097461383
.33333333333333
.32208156585693
.41244725386302
.3357946574688
.29043600956599
.35583684841792
.31082981824875
.26195499300957
.36146272222201
.35689170161883
.28129394849141
.31645569205284
.30450069904327
.31926864385605
.31293951471647
.294303804636
.33790435393651
.37447256843249
.32946554819743
.33403656880061
.33790436387062
.35443037748337
.25949367880821
.32243319352468
.33966245253881
.32700421412786
.37341772516569
.31504922111829
.32630098859469
.2623066107432
.35829817255338
.29535864790281
.28234880169233
.31012658278147
.31012657284737
.26617440581322
.32911392052968
.31715893745422
.26898733774821
.31680730978648
.24648382763068
.26476793487867
.31680730978648
.29289733370145
.28164557615916
.34669479727745
.31188467144966
.31575246651967
.32172996799151
.32489451766014
.23804500699043
.35583684841792
.30696202317874
.31118142604828
.3178621729215
.2774261534214
.2858649790287
.32770744959513
.30203938484192
.26933895548185
.310478190581
.25281293690205
.25984529654185
.26054852207502
.29535864790281
.26090013980865
.32208157579104
.32067510485649
.27039381861687
.32559775312742
.31258789698283
.26898733774821
.33368495106697
.33614626526833
.26617440581322
.28551336129506
.33052039146423
.28094233075778
.29676511883736
.27918424208959
.27180027961731
.32348804672559
.3301687737306
.34036567807198
.31926864385605
.28727144996325
.27109704415003
.2830520371596
.25316455960274
.25105485816797
.31188468138377
.28305204709371
.25703234473864
.2334739814202
.3122362891833
.2774261534214
.25914205114047
.30133614937464
.2401547084252
.1976090023915
.2556258837382
.27637130022049
.27250351508458
.27953585982323
.24964838723342
.21167370180289
.25386779507001
.25
.23101265728474
.26371308167775
.32313642899195
.23593530058861
.26969057321548
.28656821449598
.24367088576158
.31118143598239
.29149085283279
.25879043340683
.29113923509916
.27566806475321
.25175809363524
.2819971938928
.27672291795413
.2292545735836
.2485935340325
.23909986019135
.27285514275233
.2528129418691
.23874823749065
.21167369683584
.2679324944814
.23839662472407
.26898733774821
.21308016777039
.23874824742476
.23874824245771
.26476792494456
.2735583682855
.19971870382627
.27601968248685
.27039380868276
.2457805921634
.27953585982323
.29922644297282
.21308016777039
.22855133314927
.31082980831464
.25
.25808720787366
.26125175754229
.24120956162612
.21061884860198
.26230662067731
.22257384161154
.22468354304632
.27601968248685
.28375527262688
.24437412122885
.30063291390737
.23101265728474
.21518986920516
.21765119334062
.26441631714503
.17897327740987
.23839662472407
.21518987417221
.21448663870494
.22714486718178
.22292545437813
.23206751048565
.21800281107426
.22151898344358
.22995780905088
.20745428899924
.28199718395869
.24402250349522
.24156117935975
.24613220989704
.18284107247988
.27426159381866
.27812938888868
.19620253145695
.22116737067699
.23734177152316
.1867088675499
.2651195426782
.25457103053729
.24718706309795
.27250351508458
.28375527262688
.27109704415003
.23628691832225
.26160338521004
.23417721688747
.24859352906545
.24120956659317
.25632911920547
.22538677851359
.21202531456947
.2376933892568
.23874824245771
.22784810264905
.18565400441488
.23628691832225
.23769339422385
.21870605150859
.20182841022809
.20780590673288
.19268635908763
.20007032652696
.2514064759016
.2334739814202
.24015471339226
.25668073693911
.28375527262688
.22433193027973
.22151898841063
.24367089072863
.23593530058861
.25703235467275
.26406468947728
.22890295584997
.22995780408382
.22468354801337
.19303797185421
.25316455960274
.22714486718178
.27918424208959
.22046413520972
.22784810264905
.16596343119939
.23030942181746
.20288325846195
.22714486718178
.25316455960274
.23769339422385
.20464135209719
.22398030757904
.2071026712656
.20991560816765
.23136427501837
.23382559418678
.25246132413546
.27672292788823
.23523206512133
.19901547332605
.27390997608503
.26090014974276
.2429676502943
.23909986019135
.27601969242096
.2429676502943
.26969057321548
.21554149190585
.20639943579833
.25210971136888
.25457103053729
.25246131916841
.26265823841095
.26336146394412
.20218002796173
.28199718395869
.26441631714503
.23030942678452
.26336147387822
.18495077391466
.25914205114047
.22503516574701
.23206751048565
.22433192531268
.22116737067699
.23206751048565
.1947960605224
.22433192531268
.24367088576158
.20921237270037
.18600562711557
.2320675055186
.23804501195749
.16420534749826
.27496482928594
.21694795787334
.21624472737312
.26828411221504
.23980309565862
.18565400938193
.26863572001457
.19655414422353
.17897327740987
.26336146394412
.24648382266363
.27566806475321
.25632910927137
.25000000496705
.26441631714503
.28727144996325
.26019691427549
.26828409234683
.29535865783691
.25210970640182
.227848097682
.25984529654185
.22116736570994
.21202531953653
.28516174356143
.25492264827092
.19585091372331
.23523207008839
.29219408830007
.23066104451815
.22257383664449
.27777777115504
.22890295088291
.2141350209713
.28867791096369
.26547117034594
.22468354801337
.25773559014002
.2264416317145
.24507735172908
.26687764128049
.17791842420896
.27461322148641
.29606188337008
.22714486718178
.2264416317145
.27637130022049
.21202531456947
.26652602354685
.19549929598967
.21343178550402
.20112517476082
.23241912821929
.20182841022809
.2401547084252
.2113220791022
.21026723086834
.20323488116264
.24859352906545
.27390998601913
.20288326342901
.23101265728474
.22151898841063
.23030942181746
.21202531456947
.21167369683584
.22855133811633
.25914205114047
.2334739814202
.21272855003675
.25421941280365
.22081575294336
.20886075496674
.25808720787366
.25140647093455
.21835442880789
.21659634013971
.25175808866819
.21378340323766
.2556258837382
.23488045235475
.2085091372331
.23312236368656
.27144866188367
.22433193027973
.22995780905088
.27109704415003
.22116737067699
.30168775717417
.23136427501837
.20604781806469
.28902953863144
.22222222387791
.22116737067699
.18635724484921
.27355835835139
.17721518874168
.24753868083159
.20639944076538
.19022503495216
.21448663373788
.22855133314927
.17123769720395
.23839662472407
.24789029856523
.21800281107426
.23980309565862
.2623066008091
.20464135209719
.26371308167775
.21624472240607
.24718706309795
.26898734768232
.2320675055186
.23277074595292
.2099156131347
.20499296486378
.20569620529811
.23171589275201
.26828410228093
.23452883462111
.22855133811633
.22679324448109
.23101265728474
.21835442880789
.21589310963949
.22116737067699
.23171589275201
.21835442880789
.23417721688747
.15541490912437
.2236286898454
.20815752446651
.17580871780713
.2169479628404
.22116737067699
.17791842420896
.25
.21800281107426
.20042193929354
.21554149190585
.18354430298011
.20745428899924
.22327707707882
.25105485320091
.21483825643857
.25492264827092
.22398030757904
.19620253145695
.23171589275201
.22714486718178
.18495077391466
.21026723086834
.19514767825603
.23734177649021
.24824191133181
.2169479628404
.2169479628404
.29676512877146
.24683544536432
.20218002796173
.23874824742476
.24542896946271
.2429676502943
.23734177152316
.25386779507001
.23663853605588
.25562587380409
.24683544536432
.23030942181746
.23488045235475
.29219409823418
.20464135209719
.28234880169233
.20534458756447
.22292545437813
.25984528660774
.22679324944814
.20745428899924
.22292545437813
.19971870382627
.2071026712656
.21940928200881
.24859352906545
.20850914220015
.22327707707882
.22855133314927
.22819971541564
.19409282505512
.25457103053729
.21765119334062
.18600562711557
.27672291795413
.23030942678452
.2042897293965
.27039381861687
.18178621431192
.23593530058861
.24331926306089
.2169479628404
.19127988318602
.2707454264164
.25035162270069
.22187060117722
.25140647093455
.24120956659317
.19655414919058
.22995780408382
.24718706309795
.20850914220015
.2004219442606
.21800281107426
.1905766526858
.24191279709339
.24120956162612
.19127988815308
.21554149190585
.24156117935975
.19303797185421
.22679324448109
.2707454264164
.24015471339226
.22327707707882
.26160337527593
.20604781806469
.28059072295825
.25597750643889
.24191279709339
.25703235467275
.23312236368656
.23804500699043
.24789029359818
.25879043340683
.20182841022809
.2471870581309
.24367089072863
.22187060614427
.17299578090509
.24120956659317
.20182841022809
.18811532855034
.22292545437813
.22433193027973
.19163150588671
.21554149190585
.22222222387791
.20499296983083
.21378340323766
.20428973436356
.21483826140563
.2594936688741
.21272855003675
.17545710504055
.25773558020592
.19268635908763
.19585091372331
.25070323546727
.27707453568776
.23382559418678
.22046413520972
.23171589275201
.18952179948489
.2429676502943
.18811533351739
.23980309565862
.21765119830767
.21800281107426
.22468353807926
.20182841022809
.1976090023915
.19127988318602
.22855133314927
.20569620529811
.22011251250903
.17967651287715
.2348804473877
.21202531456947
.2461322148641
.22714486718178
.24683544039726
.22538677851359
.2127285550038
.20956399540106
.26969056328138
.28199718395869
.2250351558129
.23101265728474
.24191279709339
.23593530555566
.23312236368656
.25738396247228
.23558368285497
.2528129418691
.26054852207502
.22116736570994
.23347397645315
.23663853605588
.25
.21835443377495
.27566806475321
.27461322148641
.21483825643857
.2584388256073
.2306610395511
.2071026712656
.24859352906545
.25421941280365
.21518987417221
.21237693230311
.24402249852816
.20464135209719
.22890295088291
.19620253145695
.19971870879332
.2623066107432
.19092827041944
.20850914220015
.23523206512133
.2264416317145
.21659634510676
.26722925901413
.20604781806469
.21378340323766
.22468354304632
.22538677851359
.21624472737312
.2830520371596
.24191280206045
.25632911920547
.21343178550402
.25632911423842
.19936708609263
.26898734768232
.2556258837382
.25140647093455
.26265822847684
.24542897939682
.16807313760122
.29817158977191
.29641350110372
.28270041942596
.26898733774821
.2250351558129
.22819972038269
.23945147792498
.21765119334062
.19725738465786
.26652602354685
.24683544039726
.21729957560698
.27320676048597
.23593530555566
.21097046633561
.27250350515048
.23699015378952
.17686357100805
.24578058719635
.24015471339226
.1891701767842
.19514767328898
.22890295088291
.19796061515808
.21659634013971
.21624472737312
.1670182844003
.17440225183964
.20675105353196
.23312236368656
.2085091372331
.23874824245771
.22749648491542
.2197609047095
.22187060614427
.21272855003675
.24050632615884
.27883262435595
.26898734768232
.20428973436356
.22714486718178
.25
.26476793487867
.26898734768232
.25808720787366
.26476793487867
.21940928200881
.20780591169993
.17967651287715
.24402250349522
.24718706309795
.23452883462111
.25527425607045
.24402250349522
.21026723086834
.21765119830767
.21483825147152
.27285512288411
.26933895548185
.25562587877115
.23417721688747
.23030942678452
.27426159381866
.19866385559241
.22995780408382
.25421941280365
.18530238668124
.21835443377495
.20253164569537
.17756680647532
.24085794389248
.20780590673288
.21272855003675
.25843881567319
.24156118432681
.21835442880789
.24191280206045
.21097046136856
.21026723086834
.2042897293965
.2141350209713
.18670886258284
.23066104451815
.20569620033105
.21729957560698
.18846694628398
.24156118432681
.20077355702718
.20112517476082
.20077355702718
.20745428899924
.19549930095673
.2362869232893
.21940928200881
.20886075496674
.29219409823418
.25597750643889
.17967651287715
.25738397240639
.20464134713014
.23241912821929
.25070324043433
.21026722590129
.20499296486378
.243319272995
.22327707707882
.21554149190585
.24964838723342
.20921237270037
.1919831186533
.26582278807958
.26687764128049
.24261603256067
.25140647093455
.2679324944814
.22327707211177
.22855133811633
.25738396247228
.22116737067699
.21589310467243
.21343178550402
.23628691335519
.22187060614427
.20393811166286
.19866385559241
.20147679249446
.2250351558129
.22081575294336
.24648382266363
.22151898841063
.21554149190585
.24402250349522
.25984529654185
.24789029856523
.23558368285497
.25246132413546
.21448663870494
.19971870382627
.21308016777039
.2401547084252
.24261603752772
.24156117935975
.25070323546728
.20253164569537
.26054851214091
.23312235871951
.16209563612938
.24472573896249
.22187060117722
.18213783701261
.16490857799848
.20534458259741
.20639943579833
.19655414919058
.18706047534943
.20182841022809
.20358649889628
.24085794885953
.16666666666667
.23628691832225
.21940927704175
.23277074098587
.25140647093455
.20956399540106
.2348804473877
.23804500699043
.22011252244314
.25316455960274
.24718706309795
.20323488116264
.21026722590129
.2127285550038
.25492264827092
.2113220791022
.23628691832225
.20112517972787
.20639943579833
.16209563612938
.2528129418691
.21694795787334
.21589310467243
.21518987417221
.18706048031648
.16350210706393
.19725737969081
.18565400938193
.21659634510676
.22046413520972
.21905766924222
.24472573896249
.2141350209713
.18706048031648
.20464134713014
.18881856401761
.21378340323766
.24050632615884
.24472573896249
.26371309161186
.24613220989704
.18917018175125
.23839662472407
.21905766427517
.21765119830767
.22749648491542
.24402250846227
.21765119334062
.20886075993379
.18389592071374
.27953585982323
.22468354304632
.23277074595292
.22855133314927
.24683544536432
.22573839624723
.22468354801337
.23241912821929
.19901547332605
.2376933892568
.23171589275201
.23066104451815
.25351617733637
.25386779507001
.21026723086834
.21659634013971
.24120956162612
.21132208406925
.23804500699043
.21237693727016
.22714486221472
.24367088576158
.28832630316416
.2071026712656
.2971167465051
.26969058314959
.2623066107432
.30766525864601
.31153305371602
.32137835025787
.26265822847684
.27601968248685
.29817159970601
.28762306769689
.22960618635019
.24824191629887
.30485231677691
.30801687637965
.2802390952905
.34563994407654
.27812938888868
.32876231273015
.33227849006653
.36849507689476
.41315048933029
.4047116736571
.39205344518026
.4310829838117
.48277074098587
.39310829838117
.36357243855794
.44831223289172
.50773558020592
.44831223289172
.56329115231832
.60232067108154
.63888889551163
.48241913318634
.33157524466515
0
0
0
0
0
0
0
0
0
0
0
0
0
0
0
0
0
0
0
0
0
0
0
0
0
0
0
0
0
0
0
0
0
0
0
0
0
0
0
0
0
0
0
0
0
0
0
0
0
0
0
0
0
0
0
0
0
0
0
0
0
0
0
0
0
0
0
0
0
0
0
0
0
0
0
0
0
0
0
0
0
0
0
0
0
0
0
0
0
0
0
0
0
0
0
0
0
0
0
0
0
0
0
0
0
0
0
0
0
0
0
0
0
0
0
0
0
0
0
0
0
0
0
0
0
0
0
0
0
0
0
0
0
0
0
0
0
0
0
0
0
0
0
0
0
0
0
0
0
0
0
0
0
0
0
0
0
0
0
0
0
0
0
0
0
0
0
0
0
0
0
0
0
0
0
0
0
0
0
0
0
0
0
0
0
0
0
0
0
0
0
0
0
0
0
0
0
0
0
0
0
0
0
0
0
0
0
0
0
0
0
0
0
0
0
0
0
0
0
0
0
0
0
0
0
0
0
0
0
0
0
0
0
0
0
0
0
0
0
0
0
0
0
0
0
0
0
0
0
0
0
0
0
0
0
0
0
0
0
0
0
0
0
0
0
0
0
0
0
0
0
0
0
0
0
0
0
0
0
0
0
0
0
0
0
0
0
0
0
0
0
0
0
0
0
0
0
0
0
0
0
0
0
0
0
0
0
0
0
0
0
0
0
0
0
0
0
0
0
0
0
0
0
0
0
0
0
0
0
0
0
0
0
0
0
0
0
0
0
0
0
0
0
0
0
0
0
0
0
0
0
0
0
0
0
0
0
0
0
0
0
0
0
0
0
0
0
0
0
0
0
0
0
0
0
0
0
0
0
0
0
0
0
0
0
0
0
0
0
0
0
0
0
0
0
0
0
0
0
0
0
0
0
0
0
0
0
0
0
0
0
0
0
0
0
0
0
0
0
0
0
0
0
0
0
0
0
0
0
0
0
0
0
0
0
0
0
0
0
0
0
0
0
0
0
0
0
0
0
0
0
0
0
0
0
0
0
0
0
0
0
0
0
0
0
0
0
0
0
0
0
0
0
0
0
0
0
0
0
0
0
0
0
0
0
0
0
0
0
0
0
0
0
0
0
0
0
0
0
0
0
0
0
0
0
0
0
0
0
0
0
0
0
0
0
0
0
0
0
0
0
0
0
0
0
0
0
0
0
0
0
0
0
0
0
0
0
0
0
0
0
0
0
0
0
0
0
0
0
0
0
0
0
0
0
0
0
0
0
0
0
0
0
0
0
0
0
0
0
0
0
0
0
0
0
0
0
0
0
0
0
0
0
0
0
0
0
0
0
0
0
0
0
0
0
0
0
0
0
0
0
0
0
0
0
0
0
0
0
0
0
0
0
0
0
0
0
0
0
0
0
0
0
0
0
0
0
0
0
0
0
0
0
0
0
0
0
0
0
0
0
0
0
0
0
0
0
0
0
0
0
0
0
0
0
0
0
0
0
0
0
0
0
0
0
0
0
0
0
0
0
0
0
0
0
0
0
0
0
0
0
0
0
0
0
0
0
0
0
0
0
0
0
0
0
0
0
0
0
0
0
0
0
0
0
0
0
0
0
0
0
0
0
0
0
0
0
0
0
0
0
0
0
0
0
0
0
0
0
0
0
0
0
0
0
0
0
0
0
0
0
0
0
0
0
0
0
0
0
0
0
0
0
0
0
0
0
0
0
0
0
0
0
0
0
0
0
0
0
0
0
0
0
0
0
0
0
0
0
0
0
0
0
0
0
0
0
0
0
0
0
0
0
0
0
0
0
0
0
0
0
0
0
0
0
0
0
0
0
0
0
0
0
0
0
0
0
0
0
0
0
0
0
0
0
0
0
0
0
0
0
0
0
0
0
0
0
0
0
0
0
0
0
0
0
0
0
0
0
0
0
0
0
0
0
0
0
0
0
0
0
0
0
0
0
0
0
0
0
0
0
0
0
0
0
0
0
0
0
0
0
0
0
0
0
0
0
0
0
0
0
0
0
0
0
0
0
0
0
0
0
0
0
0
0
0
0
0
0
0
0
0
0
0
0
0
0
0
0
0
0
0
0
0
0
0
0
0
0
0
0
0
0
0
0
0
0
0
0
0
0
0
0
0
0
0
0
0
0
0
0
0
0
0
0
0
0
0
0
0
0
0
0
0
0
0
0
0
0
0
0
0
0
0
0
0
0
0
0
0
0
0
0
0
0
0
0
0
0
0
0
0
0
0
0
0
0
0
0
0
0
0
0
0
0
0
0
0
0
0
0
0
0
0
0
0
0
0
0
0
0
0
0
0
0
0
0
0
0
0
0
0
0
0
0
0
0
0
0
0
0
0
0
0
0
0
0
0
0
0
0
0
0
0
0
0
0
0
0
0
0
0
0
0
0
0
0
0
0
0
0
0
0
0
0
0
0
0
0
0
0
0
0
0
0
0
0
0
0
0
0
0
0
0
0
0
0
0
0
0
0
0
0
0
0
0
0
0
0
0
0
0
0
0
0
0
0
0
0
0
0
0
0
0
0
0
0
0
0
0
0
0
0
0
0
0
0
0
0
0
0
0
0
0
0
0
0
0
0
0
0
0
0
0
0
0
0
0
0
0
0
0
0
0
0
0
0
0
0
0
0
0
0
0
0
0
0
0
0
0
0
0
0
0
0
0
0
0
0
0
0
0
0
0
0
0
0
0
0
0
0
0
0
0
0
0
0
0
0
0
0
0
0
0
0
0
0
0
0
0
0
0
0
0
0
0
0
0
0
0
0
0
0
0
0
0
0
0
0
0
0
0
0
0
0
0
0
0
0
0
0
0
0
0
0
0
0
0
0
0
0
0
0
0
0
0
0
0
0
0
0
0
0
0
0
0
0
0
0
0
0
0
0
0
0
0
0
0
0
0
0
0
0
0
0
0
0
0
0
0
0
0
0
0
0
0
0
0
0
0
0
0
0
0
0
0
0
0
0
0
0
0
0
0
0
0
0
0
0
0
0
0
0
0
0
0
0
0
0
0
0
0
0
0
0
0
0
0
0
0
0
0
0
0
0
0
0
0
0
0
0
0
0
0
0
0
0
0
0
0
0
0
0
0
0
0
0
0
0
0
0
0
0
0
0
0
0
0
0
0
0
0
0
0
0
0
0
0
0
0
0
0
0
0
0
0
0
0
0
0
0
0
0
0
0
0
0
0
0
0
0
0
0
0
0
0
0
0
0
0
0
0
0
0
0
0
0
0
0
0
0
0
0
0
0
0
0
0
0
0
0
0
0
0
0
0
0
0
0
0
0
0
0
0
0
0
0
0
0
0
0
0
0
0
0
0
0
0
0
0
0
0
0
0
0
0
0
0
0
0
0
0
0
0
0
0
0
0
0
0
0
0
0
0
0
0
0
0
0
0
0
0
0
0
0
0
0
0
0
0
0
0
0
0
0
0
0
0
0
0
0
0
0
0
0
0
0
0
0
0
0
0
0
0
0
0
0
0
0
0
0
0
0
0
0
0
0
0
0
0
0
0
0
0
0
0
0
0
0
0
0
0
0
0
0
0
0
0
0
0
0
0
0
0
0
0
0
0
0
0
0
0
0
0
0
0
0
0
0
0
0
0
0
0
0
0
0
0
0
0
0
0
0
0
0
0
0
0
0
0
0
0
0
0
0
0
0
0
0
0
0
0
0
0
0
0
0
0
0
0
0
0
0
0
0
0
0
0
0
0
0
0
0
0
0
0
0
0
0
0
0
0
0
0
0
0
0
0
0
0
0
0
0
0
0
0
0
0
0
0
0
0
0
0
0
0
0
0
0
0
0
0
0
0
0
0
0
0
0
0
0
0
0
0
0
0
0
0
0
0
0
0
0
0
0
0
0
0
0
0
0
0
0
0
0
0
0
0
0
0
0
0
0
0
0
0
0
0
0
0
0
0
0
0
0
0
0
0
0
0
0
0
0
0
0
0
0
0
0
0
0
0
0
0
0
0
0
0
0
0
0
0
0
0
0
0
0
0
0
0
0
0
0
0
0
0
0
0
0
0
0
0
0
0
0
0
0
0
0
0
0
0
0
0
0
0
0
0
0
0
0
0
0
0
0
0
0
0
0
0
0
0
0
0
0
0
0
0
0
0
0
0
0
0
0
0
0
0
0
0
0
0
0
0
0
0
0
0
0
0
0
0
0
0
0
0
0
0
0
0
0
0
0
0
0
0
0
0
0
0
0
0
0
0
0
0
0
0
0
0
0
0
0
0
0
0
0
0
0
0
0
0
0
0
0
0
0
0
0
0
0
0
0
0
0
0
0
0
0
0
0
0
0
0
0
0
0
0
0
0
0
0
0
0
0
0
0
0
0
0
0
0
0
0
0
0
0
0
0
0
0
0
0
0
0
0
0
0
0
0
0
0
0
0
0
0
0
0
0
0
0
0
0
0
0
0
0
0
0
0
0
0
0
0
0
0
0
0
0
0
0
0
0
0
0
0
0
0
0
0
0
0
0
0
0
0
0
0
0
0
0
0
0
0
0
0
0
0
0
0
0
0
0
0
0
0
0
0
0
0
0
0
0
0
0
0
0
0
0
0
0
0
0
0
0
0
0
0
0
0
0
0
0
0
0
0
