.61926605304082
.81613151232402
.64296634991964
1.0233180125554
.66513760884603
.80045870939891
.71597860256831
.82415900627772
.46177369356155
.78096330165863
.68157492081324
.71903669834137
.54625382026037
.73547401030858
.53134556611379
.69915902614594
.60474006334941
.79472476243973
.62805811564128
.7461773554484
.51376148064931
.82874617973963
.63723242282867
.91093271970749
.55007646481196
.68960245450338
.49961772561073
.73547399044037
.58715595801671
.76299693187078
.7545871535937
.80733944972356
.51070334513982
.77140673001607
.53975534439087
.68501528104146
.47935779889425
.67201834917068
.42928134401639
.79816516240438
.52178899447123
.71559631824493
.49885322650274
.75955657164256
.48203364014626
.68654431899389
.4862385392189
.66131496429443
.57071866591771
.59671252965927
.57912844419479
.68616209427516
.38570337494214
.64793578783671
.41246176759402
.65596328179042
.46559632817904
.58448012669881
.4908256928126
.59594800074895
.40022936463356
.58409786224365
.48929663499196
.71903671820958
.40214068690936
.52714068690936
.45986238121986
.61353212594986
.46636086702347
.68807339668274
.54587155580521
.69724770387014
.44266056021055
.59518349170685
.50993882616361
.58792048692703
.47133027513822
.55389906962713
.4384556611379
.57186543941498
.36773699522018
.63302753369013
.44571866591771
.62691130240758
.35856269796689
.67698776721954
.37003058195114
.59059633811315
.42545871933301
.58639144897461
.4365443388621
.50879205266635
.47171253959338
.60970948139826
.39029051860174
.55581041177114
.45642202099164
.50802753369013
.31498470902443
.46292048692703
.36735474069913
.48776758710543
.36047400037448
.54548929135005
.390672792991
.52637615799904
.44457186261813
.60091743866603
.32683486739794
.51720183094343
.42469419042269
.59288990497589
.27522936463356
.4908256928126
.41781345009804
.39755352338155
.28784403204918
.50305809577306
.35168196757634
.55045870939891
.30504587292671
.46062691013018
.31383791565895
.45909786224365
.29625382026037
.4797400534153
.21024464567502
.50229356686274
.32492354512215
.51949542760849
.30657492081324
.40443424383799
.35894496242205
.49541283647219
.28899082541466
.39946483572324
.23967890441418
.34288991491
.26070336500804
.44113150238991
.2522935817639
.31422018011411
.29166666666667
.44571865598361
.34594801068306
.28363914291064
.24808868765831
.40863914291064
.25496941804886
.42392966151237
.20451069871585
.3952599465847
.36276758710543
.31383792559306
.30084097385406
.4541284541289
.20030580957731
.42240061362584
.3134556611379
.39908257126808
.26758409539859
.4273700316747
.29090213775635
.47897554437319
.29434249798457
.42660550276438
.21406728029251
.42584097385406
.28937308986982
.39564220110575
.29128440221151
.51223241289457
.25458714862665
.4659785926342
.34174312154452
.43081040183703
.2113914390405
.36659021178881
.23814984659354
.39525993665059
.25840978324413
.41781345009804
.33142201105754
.50420489907265
.32339449723562
.4044342537721
.27217124899228
.48547400037448
.31039755543073
.39831804235776
.30504587292671
.41934250791868
.22553516924381
.48623851935069
.31842507918676
.45833333333333
.25993884106477
.3933486143748
.31689602136612
.43577981988589
.35129969318708
.45986239115397
.34594801068306
.17507645487785
.33371559778849
.47362385193507
.35741590460142
.45833333333333
.29701834917068
.45756881435712
.26681956648827
.46636085708936
.33065748214722
.37461773554484
.28822629650434
.37461773554484
.26108563443025
.34136085708936
.29663608471553
.52561162908872
.28058103720347
.40672783056895
.31001529097557
.45259937644005
.25344037016233
.37691131234169
.3933486243089
.3887614607811
.29892966151237
.41284403204918
.17813455561797
.43119266629219
.27217124899228
.41475534439087
.37079511086146
.39640673001607
.37155962983767
.45756880442301
.26873089373112
.32339449723562
.27637614806493
.42125382026037
.30733944972356
.42163609464963
.33295107881228
.4090214073658
.30466360847155
.4181957145532
.29587155580521
.35703364014626
.34594801068306
.35626911123594
.2748471001784
.46292048692703
.25114678343137
.33983179926872
.3226299683253
.50191131234169
.35779815912247
.4227828681469
.31307339668274
.42622323830922
.29969418048859
.45412844419479
.4155198832353
.40022935469945
.28899082541466
.43883792559306
.31001528104146
.45336390535037
.34709480404854
.40787462393443
.20833333830039
.28478593627612
.31039755543073
.43272171417872
.37347095211347
.3860856294632
.32224770387014
.32415901621183
.24885321160158
.4724770685037
.30733944972356
.39564220110575
.17392966151237
.4273700217406
.31001529097557
.38723240296046
.25764525930087
.39296635985374
.27905199925105
.34327216943105
.297782878081
.45642201105754
.33256880442301
.43845565120379
.25993884603182
.47591743866603
.24694189429283
.41284404198329
.26796635985374
.47362385193507
.22744648655256
.36506116390228
.29854740699132
.37538227438927
.27140672008197
.48432721694311
.28402141729991
.37767584125201
.2905198832353
.37308868765831
.19801223278046
.45603974660238
.21368501583735
.43692660331726
.25000000496705
.44648317495982
.3860856294632
.43348624308904
.26299694180489
.4181957244873
.36314985156059
.39296635985374
.25535168250402
.36964831749598
.2931957145532
.41628440221151
.27102445562681
.36200304826101
.22974006334941
.35359327991803
.2729357779026
.29166666666667
.3639143705368
.41743119557699
.21483180920283
.2159785926342
.30275228619575
.48585627476374
.24159022172292
.36506116390228
.29128440221151
.39067278305689
.2794342537721
.3344801167647
.28440367182096
.36888378858566
.25879205266635
.36085626482964
.20795107384523
.48394495248795
.32683486739794
.31001529097557
.29969419042269
.40481650829315
.28440367182096
.38188074032466
.34327216943105
.36314985156059
.29663607478142
.37538226445516
.2450305869182
.58256880442301
.28440366188685
.50344037016233
.24273700515429
.38685014843941
.26529052853584
.35474006334941
.30160550276438
.39678899447123
.24732415874799
.36735474069913
.18463302652041
.40825688838959
.26337920626005
.43616208434105
.29816514253616
.43463302652041
.30198776721954
.45833333333333
.3520642220974
.37996941804886
.25649847090244
.37576452891032
.26681956648827
.33677370349566
.35856268803279
.5110856393973
.25917431215445
.34480122725169
.35856269796689
.51987769206365
.30466360847155
.3023700316747
.29663608471553
.36697247624397
.29204892118772
.5183486143748
.22515290478865
.49273700515429
.25726299484571
.45833333333333
.17584097882112
.47744648655256
.21750764052073
.39564220110575
.26299694677194
.44342506925265
.22477064530055
.38532109061877
.26681957642237
.41131498416265
.26681957642237
.40749235947927
.30045870939891
.33409786224365
.27790519595146
.3161314924558
.28516819079717
.43960244456927
.33065749208132
.38417431712151
.30160551269849
.51146788398425
.31460244456927
.34977064530055
.26949541767438
.39640673001607
.27331803242366
.43960244456927
.26681956648827
.49120795726776
.35091742873192
.48662080367406
.29357797900836
.40825687845548
.26223241786162
.39678899447123
.28019877274831
.38188073039055
.36353210608164
.45565749208132
.30581040183703
.45336391528447
.2228593279918
.25764525930087
.2683486243089
.39067278305689
.24426605800788
.36200305819511
.2270642220974
.42584097385406
.2564984758695
.42698777715365
.32186543941498
.49006117383639
.28172783056895
.42622324824333
.40137614806493
.46750765045484
.27599388360977
.45107034842173
.29701834917068
.37767584125201
.31613150238991
.27140673001607
.27866972486178
.3639143705368
.33715595801671
.43960245450338
.35206421216329
.29854739705722
.34021406372388
.44418959816297
.3272171318531
.36659021178881
.26032110055288
.45756880442301
.30198776721954
.37117737531662
.28631498416265
.30886849761009
.22133027513822
.3409785926342
.2794342537721
.33333332339923
.27828746040662
.42431193590164
.36276757717133
.32798164089521
.2522935718298
.34633027513822
.32568807403247
.38685014843941
.30198776721954
.41934249798457
.29701834917068
.47477063536644
.31536697347959
.40099388360977
.27484709024429
.37767585118612
.27408257126808
.35091742873192
.12194189677636
.38493883609772
.3161314924558
.37844037016233
.32607033848763
.4705657462279
.22515290478865
.34212538599968
.26070336500804
.35626911123594
.26720184087753
.43348624308904
.21062691013018
.50305810570717
.30733944972356
.47744647661845
.35129970312119
.42507645487785
.30657492081324
.30581039190292
.30007645487785
.44189602136612
.35779816905657
.38723241289457
.23126911123594
.44151375691096
.20068807403247
.36850153406461
.27522935469945
.48088684678078
.30542812744776
.452217121919
.33256880442301
.48356269796689
.28593271970749
.36850153406461
.27025992671649
.41934250791868
.27370030681292
.32033639152845
.24655963480473
.44992354512215
.2794342537721
.48814985156059
.3474770685037
.27522936463356
.3115443388621
.40252294143041
.28478592634201
.42698776721954
.28287461400032
.39411315321922
.34594801068306
.34250764052073
.43845565120379
.30389908949534
.32683486739794
.56918958822886
.32224770387014
.48662079373995
.29510702689489
.4181957244873
.29357798894246
.40787461400032
.25114678839842
.52866971492767
.25191131730874
.43730886777242
.32454129060109
.4273700217406
.22668195764224
.37232415874799
.31154434879621
.29472477237384
.28631498416265
.39525993665059
.28440366188685
.44495412707329
.25955657660961
.36659021178881
.33524463574092
.36620794733365
.35435779889425
.38417431712151
.29166666666667
.46941895286242
.24923547108968
.51261466741562
.32415901621183
.30657492081324
.23394495248795
.3933486143748
.32110091050466
.49847095211347
.23585626482964
.57148317495982
.35588684678078
.55428133408229
.2587920576334
.34403669834137
.30542812744776
.4568042755127
.14717125395934
.35015290975571
.27981651822726
.42125382026037
.25802752375603
.46941896279653
.46674312154452
.40099389354388
.25573394199212
.49082568287849
.31383792559306
.44457187255224
.20145259797573
.39220183094343
.27905198931694
.37844037016233
.29892965157827
.50611621141434
.44151376684507
.36200305819511
.26949540774028
.3520642220974
.2859327296416
.48662079373995
.30504587292671
.43348623315493
.3318042755127
.36200305819511
.26414372523626
.30772170424461
.33371559778849
.52752294143041
.27905198931694
.4430428147316
.38952598969142
.35091743866603
.31957186261813
.36085626482964
.19495412707329
.31422019004822
.22935779392719
.45183485746384
.21674312154452
.48012233773867
.37729357679685
.46521407365799
.39717125892639
.38264526923498
.31192660331726
.41781346003215
.31039755543073
.46636085708936
.30542813738187
.33944954474767
.27675841252009
.43310396869977
.25114678839842
.58142201105754
.29166666666667
.35282875100772
.30045871933301
.31154434879621
.32033639152845
.48470948139826
.33562691013018
.35894495248795
.31077981988589
.50993884603182
.35856268803279
.62270641326904
.44342507918676
.54510702689489
.21177369852861
.38570335507393
.31842506925265
.51567278305689
.28363914291064
.47094802061717
.20642202099164
.3704128464063
.22629969318708
.37767584125201
.19915902117888
.41972477237384
.33371559778849
.40863914291064
.26911315321922
.40366973479589
.29281346003215
.43004587292671
.27408257126808
.36200306812922
.29854740699132
.48012231787046
.28746176759402
.37232415874799
.25152905285358
.34633027513822
.31766056021055
.46521406372388
.25152904788653
.46865443388621
.36085626482964
.3704128464063
.33753822247187
.4025229314963
.37270642320315
.37614679336548
.2794342537721
.43577980995178
.30657492081324
.33983180920283
.29204894105593
.41972477237384
.25688073039055
.40366972486178
.32454129060109
.40978593627612
.26299694180489
.59212537606557
.29204892118772
.38111621141434
.26337920626005
.38570336500804
.3161314924558
.3723241686821
.40137614806493
.43769113222758
.25152904788653
.37614678343137
.30581040183703
.38226299484571
.32224771380424
.41896025339762
.27675841252009
.36085627476374
.38685015837351
.41246176759402
.30351681510607
.39487767219543
.23967889944712
.37844037016233
.19342507918676
.43233944972356
.37003057201703
.33715596795082
.30657493074735
.38455658157667
.27943424383799
.46827216943105
.29434250791868
.29625382026037
.31460244456927
.46712538599968
.39220184087753
.38685014843941
.3318042854468
.4403669834137
.33027522762616
.34633027513822
.23356268803279
.452217121919
.27790520588557
.32033639152845
.40787462393443
.38685014843941
.28058103720347
.34365443388621
.25344037016233
.42087156573931
.28211009502411
.40978593627612
.28019877274831
.43463302652041
.32683486739794
.34900611639023
.25993884106477
.34671253959338
.32377676169078
.39373087882996
.33027522762616
.45795106887817
.2522935718298
.44495411713918
.20145259797573
.42354739705722
.24694189429283
.47629969318708
.33448012669881
.37652905782064
.34403669834137
.40252294143041
.35206421216329
.41704892118772
.30045870939891
.34288991491
.22744648655256
.38723240296046
.24159021675587
.41666665673256
.25114678343137
.44954129060109
.41475535432498
.4044342537721
.31116208434105
.29854739705722
.38723242282867
.46903669834137
.38073394695918
.42316513260206
.32415901621183
.27025994161765
.327217121919
.4816513756911
.29090213775635
.33333333333333
.31880734364192
.37538226445516
.2274464815855
.33715596795082
.33486239115397
.3501528998216
.2454128464063
.43119265635808
.30160551269849
.44571865598361
.30581040183703
.37500000993411
.29396024346352
.4273700217406
.28058103720347
.4411314924558
.25993884603182
.44571866591771
.21903669834137
.34174312154452
.29051987330119
.38990825414658
.25152905782064
.37729357679685
.28325687845548
.55657494068146
.26490826408068
.39984709024429
.28899082541466
.28478592634201
.2775229314963
.41093271970749
.20298165082932
.47285932302475
.30848623315493
.38990826408068
.19113150238991
.3547400534153
.2931957145532
.33868500590324
.39411314328512
.3887614707152
.26414373517036
.54434249798457
.24541285137335
.44151375691096
.24006116886934
.41322630643845
.24694189429283
.31422019004822
.28287461400032
.48126911123594
.33562691013018
.47438838084539
.33639142910639
.32530580957731
.29396024346352
.33983179926872
.24273700018724
.45374616980553
.19648317992687
.30963302652041
.33562691013018
.45336391528447
.26299694677194
.38493883609772
.37882262468338
.44533639152845
.29090213775635
.29663609464963
.30772170424461
.42010703682899
.30619266629219
.56880734364192
.28058103720347
.35703364014626
.25305810074011
.40825686852137
.3566513756911
.43310397863388
.36850153406461
.33983180920283
.23814984659354
.29548930128415
.28096330165863
.39946482578913
.28325688838959
.40252294143041
.19457186261813
.36200305819511
.34785933295886
.43998470902443
.25688074032466
.34594801068306
.32148318489393
.41704893112183
.23814984659354
.3566513756911
.27102446556091
.42966360847155
.29587156573931
.41131498416265
.29587155580521
.36047401030858
.2886085609595
.37308868765831
.33983179926872
.4319571852684
.25420489907265
.41246176759402
.31230886777242
.40978593627612
.23203364014626
.33409785230954
.375
.42966360847155
.28899082541466
.48929664492607
.26643730700016
.38073393702507
.26643731196721
.44151375691096
.32683486739794
.32148318489393
.29166666666667
.24885321160158
.28096330165863
.36353210608164
.23776758213838
.4430428147316
.22782874604066
.35244648655256
.31077981988589
.3933486243089
.32645260294278
.35856268803279
.32645260294278
.52370030681292
.23432721694311
.42584097385406
.23356268803279
.47018349170685
.24006116390228
.35474006334941
.33065749208132
.26223241786162
.26911315321922
.50688074032466
.23432721694311
.42240061362584
.28096330165863
.33792047699292
.27178899447123
.57148319482803
.2886085609595
.48050458232562
.30925076206525
.43310396869977
.32874617973963
.34633027513822
.33295106887817
.3998471001784
.24579511086146
.43348623315493
.20221712688605
.37347094217936
.26032110055288
.47974006334941
.3455657462279
.31957187255224
.3069571852684
.48241590460141
.28593271970749
.38646789391836
.4136085609595
.37614679336548
.35703364014626
.32377675175667
.297782878081
.4613914390405
.29625382026037
.41246177752813
.30925077199936
.37652905782064
.28134556611379
.43807340661685
.34174312154452
.29510703682899
.09938838084539
.3474770685037
.35244647661845
.50573392709096
.35818042357763
.35779815912247
.39640673001607
.29663608471553
.25879205266635
.46559632817904
.22362385690212
.41781345009804
.31766055027644
.39564221103986
.38799694180489
.41781346003215
.2637614707152
.46253823240598
.25420488913854
.33333333333333
.27522935469945
.4770642220974
.25726299981276
.40175841252009
.31460245450338
.44418959816297
.26720183591048
.44686543941498
.39373089869817
.41246177752813
.29396024346352
.26643731196721
.30198777715365
.35626911123594
.36238531271617
.39678899447123
.33715595801671
.46750764052073
.24655963480473
.52370029687881
.41055045525233
.43272171417872
.30848623315493
.4457186460495
.21292049189409
.44036697347959
.25152904788653
.38417431712151
.27561161915461
.41551987330119
.41896024346352
.40061161915461
.31307339668274
.3115443388621
.22247706353664
.48776758710543
.25000000496705
.41513760884603
.41169724861781
.36811926960945
.22935779889425
.33409786224365
.30351681510607
.54434251785278
.32033639152845
.41322630643845
.23394495248795
.32415902614594
.34480121731758
.42163608471553
.39678898453712
.38455657164256
.31842507918676
.39793578783671
.30810397863388
.42545871933301
.29625382026037
.29434250791868
.30733944972356
.44495412707329
.39678899447123
.39602446556091
.21712538103263
.35512231787046
.27714067697525
.46941896279653
.37767584125201
.39564220110575
.37423548102379
.4136085609595
.33792048692703
.36506116390228
.31651375691096
.50305810570717
.40672784050306
.30581040183703
.26758410533269
.42087155580521
.28363914291064
.44610092043877
.3658256928126
.37996941804886
.28631498416265
.4430428147316
.25840978821119
.42010703682899
.28593270977338
.43883792559306
.25917431712151
.4044342537721
.25649846593539
.34862385193507
.24541284143925
.31039755543073
.39411315321922
.47056575616201
.36544342835744
.41896024346352
.27828746040662
.46444954474767
.39449540774028
.4568042854468
.31269113222758
.49388377865156
.26911315321922
.38302752375603
.24350152909756
.34977064530055
.30428134401639
.33256880442301
.33065749208132
.4954128464063
.29816514253616
.28478593627612
.27637614806493
.37805810570717
.4181957145532
.44342506925265
.28631498416265
.51337918639183
.20603975653648
.45145259300868
.32645259300868
.4227828681469
.34365444382032
.37155962983767
.21712538103263
.35359326998393
.31383792559306
.42698776721954
.31842507918676
.49503058195114
.34594801068306
.41131498416265
.31804280479749
.35282875100772
.33868501583735
.4449541370074
.24808868269126
.452217121919
.41016820073128
.50611620148023
.36659020185471
.48088685671488
.25917431712151
.42889907956123
.28211008509
.3658256928126
.24655962983767
.40825687845548
.34709480404854
.36811926960945
.32415902614594
.56460245450338
.3841743071874
.47897553443909
.33448012669881
.48470948139826
.24617737531662
.31651376684507
.28822630643845
.40978593627612
.34900612632434
.36544342835744
.24044342339039
.42698776721954
.29663608471553
.35129969318708
.39181956648827
.40328746040662
.33677370349566
.46483179926872
.29128440221151
.40137614806493
.30198776721954
.48853211601575
.31383791565895
.31422019004822
.34212538599968
.49273700515429
.30810397863388
.37844037016233
.40252294143041
.47362386186918
.47133028507233
.41093270977338
.39449540774028
.52025993665059
.2610856294632
.4568042755127
.34900611639023
.23776758710543
.28440366188685
.33027522762616
.15405198434989
.27905197938283
.35244647661845
.25267584125201
.23623853425185
.37576452891032
.31689603130023
.40978593627612
.2729357779026
.31422017018
.10779816657305
.32033639152845
.35474006334941
.16246177256107
.21941896279653
.3383027613163
.25344037016233
.28363913297653
.25726299484571
.21177369852861
.27102446556091
.27140672008197
.24655962983767
.32951069871585
.23050458729267
.25802752375603
.24961773554484
.25917431712151
.27370030681292
.26796636978785
.28593271970749
.31651376684507
.23814985156059
.25229357679685
.22821100552877
.36888379851977
.28975534439087
.25688073039055
.25917431215445
.29281346003215
.29701834917068
.28669724861781
.24235474069913
.22247706353664
.25458714862665
.22668196260929
.20030580957731
.29892966151237
.22974006334941
.28631498416265
.24923547605673
.29166666666667
.21368501583735
.32607033848763
.1590214073658
.1681957145532
.20642202099164
.30542813738187
.27866972486178
.16781346003215
.29243119557699
.2587920576334
.30351682504018
.17545871436596
.22629969318708
.3023700316747
.33371558785439
.22897553443909
.31116208434105
.33142202099164
.30122324824333
.23623853425185
.33027522762616
.24541284143925
.24694189429283
.30619265635808
.25305810570717
.2794342537721
.17698776721954
.23050458729267
.32912843426069
.20871559282144
.20298165579637
.24923548102379
.18654434382915
.33448012669881
.26490825414658
.33524465560913
.22668195267518
.20603975653648
.22553517421087
.32110092043877
.32415901621183
.23509174088637
.19724770883719
.24235474069913
.17201834917068
.22591742873192
.21292049189409
.27370030681292
.22974006334941
.25152905782064
.22706421713034
.21980122228463
.25993883609772
.25726299484571
.30657492081324
.30886849761009
.2113914390405
.22324159244696
.26643731196721
.31269114216169
.23814985156059
.25038226445516
.2228593279918
.23929663995902
.21253822247187
.26873087882996
.28249235947927
.25496942301591
.23012232283751
.25420488913854
.21062691013018
.31077980995178
.19036696851254
.30848624308904
.1704892963171
.2748471001784
.20756880442301
.2775229314963
.20871559778849
.30198776721954
.27025993665059
.27064220110575
.18654434382915
.25573394695918
.21062691013018
.28249235947927
.19686544438203
.27905197938283
.1769877721866
.21406728029251
.25993884603182
.27025993665059
.16896024346352
.37194189429283
.20489296813806
.26720183094343
.21597859760125
.23356269299984
.26987767219543
.30237004160881
.19533639152845
.26720184087753
.24197248121103
.29204893112183
.24464832246304
.3180428147316
.19380733867486
.19877675672372
.2385321110487
.25229357679685
.15022935469945
.28096330165863
.19724770387014
.24655962487062
.14449541270733
.18769113222758
.26261467734973
.26223241289457
.22974006334941
.18539755046368
.22515290478865
.15672783056895
.27102446556091
.22744648655256
.19648318489393
.20336391528447
.1815749257803
.19342507918676
.19457186758518
.3318042854468
.2068042755127
.25611620148023
.21330275634925
.22782874604066
.20948012173176
.23776758213838
.2068042854468
.18425076703231
.17889907956123
.20412844419479
.1590214073658
.30045870939891
.20107033848763
.24885320663452
.19801223278046
.28096331159274
.17163608471553
.18998470902443
.13302752375603
.26146789391836
.19992354512215
.27866972486178
.27637614806493
.20833333333333
.22591743369897
.24388379355272
.19839449226856
.20298165082932
.23509174585342
.20642201602459
.15519877274831
.21330275138219
.25191130737464
.23814984659354
.16628440221151
.24273700515429
.20259938637416
.21788990994294
.25076452394327
.21406727532546
.21024465064208
.1934250742197
.21559632817904
.20756880939007
.20527522762616
.26261467734973
.22782874604066
.27370030681292
.17240061362584
.26452598969142
.21750764548779
.23814984659354
.21788990994294
.19877675672372
.18386849761009
.28555045525233
.27408257126808
.28631497422854
.22629969318708
.26108562449614
.2205657462279
.20298165082932
.20489297310511
.14908256630103
.23203364014626
.23203364014626
.18960244953632
.27217125892639
.21597858766715
.25344037016233
.20412843426069
.30542813738187
.14717125892639
.13990825911363
.17928134401639
.19915902117888
.19342507918676
.20030580957731
.22935779889425
.22324158747991
.17775229116281
.26911315321922
.12308868517478
.19724770387014
.17813455561797
.23738532265027
.23585626979669
.17392966647943
.21062691013018
.18463302652041
.1976299683253
.21750764548779
.1636085609595
.21865443885326
.24426605800788
.23012232283751
.14373088379701
.23814984659354
.16513761381308
.18654434382915
.14181957145532
.37691131234169
.21674311657747
.22133027513822
.2385321110487
.16934250791868
.18042813738187
.2389143705368
.16437308986982
.26070337494214
.15863914291064
.20909786224365
.14831803739071
.16704892615477
.21597859760125
.24847094714642
.2637614607811
.23432721694311
.18769112726053
.21521406869094
.17240061362584
.17278287311395
.16055045525233
.19113149742285
.19877675672372
.22324158747991
.16781345506509
.2610856294632
.19266054530938
.23012232283751
.21024464567502
.21483180920283
.22668195764224
.25955658654372
.19762997329235
.30657493074735
.19954129060109
.19457186758518
.20412843922774
.20068806906541
.26681957642237
.17392966151237
.15940367182096
.21903669834137
.17545871436596
.21215596298377
.17469419042269
.25955658157667
.20183486243089
.23776758213838
.18577981988589
.22821101049582
.17469419042269
.188837920626
.20336391031742
.25726299484571
.18998471399148
.17431192596753
.20833333830039
.28363914291064
.15099387864272
.25420489907265
.20374617973963
.1999235500892
.29740061362584
.32071865598361
.22553516427676
.26414372523626
.19074923296769
.26070336500804
.202217121919
.19113149742285
.21215596298377
.20489296813806
.15290519595146
.19380733867486
.15290520091852
.19495412707329
.20259939134121
.20068807403247
.26605504751205
.24847095211347
.18692660828431
.25267584125201
.16246177256107
.23126911620299
.21100917458534
.25726299484571
.25000000496705
.24847095211347
.1773700316747
.22591743369897
.20145260294278
.27140673001607
.22591742873192
.22018348673979
.19839449723562
.17813455561797
.23279816905657
.18769113222758
.20030581454436
.19877675672372
.25611621141434
.28669724861781
.17431192596753
.15863914291064
.2155963331461
.26261467734973
.26452599962552
.27981651822726
.16819571952025
.24961774051189
.16972477237384
.19036697347959
.19036697347959
.28172783056895
.16437308986982
.19571865101655
.15022935966651
.2729357779026
.19648318489393
.2637614707152
.14984709521135
.26643731196721
.22133027513822
.19036697347959
.12882263461749
.22477064033349
.17431192596753
.19686544438203
.12461774051189
.22362385193507
.16131498416265
.18692660331726
.14487767716249
.23432721694311
.22935779889425
.30733944972356
.32759938637416
.27866972486178
.21788990994294
.21406728029251
.21980122725169
.13532110055288
.1976299683253
.17889907956123
.24197247624397
.22974005838235
.11888379355272
.26261467734973
.19648317992687
.24464832246304
.2886085609595
.28899082541466
.19839449226856
.25764525930087
.17622324327628
.22094801565011
.186162079374
.33333332339923
.22897553940614
.19418960313002
.23012232780457
.28478593627612
.24044342339039
.21330274641514
.18998471399148
.29969419042269
.21788990497589
.2454128464063
.19610091547171
.19495412707329
.20833333830039
.21980122228463
.22974006334941
.30045870939891
.20986238618692
.27064220110575
.27370030681292
.35550459225972
.25879204769929
.28058104713758
.34059632817904
.28363914291064
.32110092043877
.23126911123594
.28593271970749
.29013761878014
.18960244456927
.07721712440252
.25076452891032
.22324159244696
.24961774547895
.36047400037448
.27370030681292
.35091742873192
.21062691013018
.3226299683253
.24159021178881
.33333333333333
.40137614806493
.37347095211347
.31307339668274
.34938838084539
.39831804235776
.26337920626005
.30313456058502
.39870030681292
.49617737531662
.34480122725169
.43960244456927
.51720185081164
.422782878081
.52943424383799
.39487767219543
.52943424383799
.52790520588557
.53172782063484
.54396023352941
.53478592634201
.68922017018
.68386848767598
.61964831749598
.59097860256831
.61429663499196
.85359326998393
.71980122725169
.91399083534877
.80657494068146
.80007644494375
.93769113222758
1.01529053847
.85665136575699
.97362387180328
.79128440221151
1.25344034036
.85550457239151
1.0676605304082
1.2266819477081
1.3291284243266
1.3776758114497
1.4568042755127
1.6796636184057
1.7874617576599
2.0581039190292
2.0466360648473
2.4476300080617
2.4086391925812
2.5061161518097
2.575305779775
2.943425099055
2.8780581156413
3.0282874902089
3.068042755127
3.3600916862488
3.7587920029958
3.3195718129476
3.6005351543427
4.1594036420186
4.174694220225
4.2457950909932
4.3902905782064
4.2438837687174
4.2993119557699
4.4571865399679
5.0072628657023
4.858180363973
4.9732416470846
5.1257645289103
5.7496177355448
5.3623852729797
5.5382262865702
6.0603976249695
6.1074158350627
5.8176604906718
5.9866207440694
6.1284402211507
6.1173545519511
6.398317972819
6.7931957244873
6.8971713383993
7.2419724464417
7.0099388758341
7.4793578783671
7.1808102925619
7.2954893112183
7.8566514650981
7.6475536028544
7.9908256530762
6.6846329371134
8.3126910527547
8.3405961990356
8.5259939829508
8.5894495646159
8.4285167058309
9.2155965169271
8.9132261276245
9.4885320663452
9.1601683298747
9.6292050679525
9.3383026123047
9.8535931905111
10.212155659993
9.7022171020508
10.127293586731
9.8268346786499
10.014908472697
10.481651306152
10.266437212626
10.707951227824
10.786697387695
9.0447247823079
10.779051780701
10.839067141215
10.610091527303
10.534403483073
10.834862391154
10.673929532369
11.118501663208
10.92736975352
10.690366744995
11.277523040771
11.054281234741
10.789373079936
11.474006017049
11.69992351532
10.991207758586
11.862385114034
11.07492351532
11.591743151347
11.628058115641
11.280963261922
11.443042755127
11.446865399679
11.986620585124
11.688455581665
11.097094853719
11.528669675191
11.402140935262
10.417431195577
10.982033729553
11.220183372498
11.320336341858
11.114678700765
10.669724782308
11.0512231191
11.205275217692
10.985473632812
10.996941884359
10.954893112183
10.980886777242
10.569189707438
10.332950909932
10.614296595256
9.5745414098104
10
9.5581041971842
9.4847094217936
9.444572130839
8.8436543146769
8.5160551071167
8.7006880442301
8.0474007924398
8.5462538401286
7.8883794148763
7.6884557406108
6.9499235153198
7.1594036420186
6.6869266827901
6.4556573232015
5.6762232780457
5.8570337295532
5.0997707049052
4.9636850357056
4.5393730799357
4.36811931928
4.0000000794729
3.4698012669881
3.1884556611379
3.1234709421794
2.7087155977885
2.6712538003922
2.2974005540212
2.157874584198
2.14373087883
1.3249235153198
1.8306575218836
1.7232416073481
1.5198776721954
1.3146024545034
.96941896279653
1.0554281274478
1.0126146674156
.82186545928319
.82071866591771
.89220184087753
.83295106887817
.75038228432337
.58027521769206
.60168196757634
.66246177752813
.55389907956123
.83792048692703
.66590213775635
.42125382026037
.53058104713758
.33027523756027
.35626911123594
.42125382026037
.43960245450338
.4411314924558
.49885322650274
.43425077199936
.40863914291064
.57033639152845
.46330274144808
.33524464567502
.46062691013018
.26108563443025
.33256880442301
.33371559778849
.43616208434105
.40175841252009
.39449541767438
.33218653996785
.37538225452105
.3520642220974
.32110091050466
.3658256928126
.34938837091128
.33409786224365
.2886085609595
.3115443388621
.26414372523626
.33715595801671
.30313456058502
.43616208434105
.27064220110575
.297782878081
.32301223278046
.24044342835744
.16284403701623
.22782874604066
.23241590460142
.41207950313886
.19610091547171
.39296635985374
.31766056021055
.32224770387014
.27484709024429
.33142202099164
.2637614707152
.31460244456927
.35970947146416
.27561161915461
.18539755046368
.24082568784555
.25611621141434
.35665136575699
.25726299484571
.33715596795082
.33333332339923
.32645260294278
.26070337494214
.23050458232562
.25993883609772
.33830275138219
.24923547605673
.26185015340646
.31077981988589
.186162079374
.29051987330119
.30275229612986
.25802751878897
.24923547108968
.26681957642237
.2113914390405
.2637614707152
.28019878268242
.28058103720347
.28325688838959
.21636085708936
.15825687845548
.20068807403247
.32339449723562
.24961774051189
.20603975653648
.22935779392719
.23700305819511
.24426605304082
.35129968325297
.21292049189409
.21368501583735
.27981651822726
.2794342537721
.20183486243089
.2362385292848
.25420489907265
.26643731196721
.15634556611379
.24388378858566
.21521406869094
.22171253959338
.2794342537721
.20489296317101
.25993883609772
.26567278305689
.27217125892639
.33027522762616
.29434250791868
.26146789391836
.26873088876406
.22821100552877
.35321100552877
.25764525930087
.21444953978062
.32951069871585
.22591742873192
.23585626979669
.26185014843941
.25305810570717
.19380733867486
.24120795230071
.18922018011411
.24426605304082
.28058103720347
.28363914291064
.22209480404854
.29396024346352
.24808868765831
.24655963480473
.25535167256991
.22094801565011
.17469419042269
.2637614707152
.26490826408068
.22821101049582
.23432721694311
.19915902117888
.25879205266635
.22056575616201
.25344037016233
.21330275138219
.15099388360977
.25420488913854
.23547400037448
.28287461400032
.34212537606557
.24808868269126
.26452598969142
.21521406869094
.16704892615477
.29854740699132
.28899082541466
.2385321110487
.29281345009804
.23700305322806
.24120794733365
.27255351344744
.28937307993571
.2886085609595
.24617736538251
.33256881435712
.27102446556091
.28669724861781
.25191131730874
.25649846593539
.30007645487785
.2775229314963
.25038226942221
.25726299981276
.27905198931694
.25076452394327
.24197248121103
.22285932302475
.23470948139826
.27064220110575
.26911315321922
.27140673001607
.22591743369897
.29701834917068
.19954128563404
.33830275138219
.29625382026037
.31192660331726
.29510703682899
.28019877274831
.18233944972356
.31536697347959
.20642201602459
.28363914291064
.25955657164256
.26605504751205
.20642202099164
.28975534439087
.28784403204918
.27981651822726
.29281345009804
.24044342835744
.28440367182096
.2912843922774
.27446483572324
.26452598969142
.24999999503295
.26299694180489
.21980122228463
.23394495248795
.24503058195114
.24579510589441
.31383791565895
.20871559778849
.27790520588557
.29587155580521
.28478593627612
.29548929135005
.33983179926872
.24006116390228
.22094801068306
.23203364014626
.31460244456927
.23432722191016
.27217124899228
.28325687845548
.27140673001607
.31077981988589
.28363915284475
.17584097882112
.23126911123594
.34021406372388
.28784403204918
.24961774051189
.25993883609772
.29243119557699
.24847094714642
.3566513756911
.23318042854468
.33142202099164
.20986238121986
.21827216943105
.24273700515429
.26108561952909
.29090213775635
.4109327296416
.32186543941498
.36964831749598
.2637614707152
.28019877274831
.30772170424461
.24464831252893
.40214067697525
.28555045525233
.28516819079717
.30389908949534
.26987768212954
.34059632817904
.30428133408229
.26529051860174
.3998471001784
.31460245450338
.30848623315493
.22629969815413
.21177370349566
.23929663995902
.27446482578913
.29281345009804
.34212537606557
.32415901621183
.35091743866603
.22094801068306
.25305810570717
.48012232780457
.30313456058502
.24923548102379
.26643730700016
.21941895782948
.35894495248795
.33065749208132
.18539755046368
.33486238121986
.2477064182361
.34938838084539
.31345565120379
.31995412707329
.21368501583735
.22859327495098
.33409786224365
.27981650829315
.25038226445516
.32071865598361
.32454128066699
.33906728029251
.27599388360977
.26911315321922
.33562691013018
.37308868765831
.29663608471553
.30810396869977
.33256881435712
.3612385392189
.35321100552877
.40061161915461
.26261467734973
.30122324824333
.31230886777242
.32836391528447
.30466361840566
.22094801068306
.35703363021215
.29357797900836
.31192661325137
.297782878081
.3383027613163
.3658256928126
.35741590460142
.28669724861781
.27140673001607
.35894494255384
.30084098378817
.45336391528447
.3023700316747
.30925076206525
.32874617973963
.35703364014626
.28440367182096
.33218653996785
.3069571852684
.23432722191016
.29969418048859
.3272171318531
.32071865598361
.37079511086146
.3088685075442
.38340978821119
.32912843426069
.22668195764224
.43042813738187
.32874617973963
.28707951307297
.34594801068306
.3685015241305
.4227828681469
.38264525930087
.37194188435872
.33983179926872
.34633027513822
.27905198931694
.39449540774028
.36506116390228
.34824158747991
.37461773554484
.42240062355995
.33600917458534
.41972477237384
.36162079373995
.34021406372388
.34136085708936
.2866972386837
.36964831749598
.41743119557699
.3363914390405
.28363914291064
.36200305819511
.28669725855192
.47668195764224
.39525993665059
.32874616980553
.34900611639023
.31613150238991
.34556575616201
.43730886777242
.35321100552877
.39220183094343
.32415902614594
.37003058195114
.41284403204918
.30313455065091
.35856268803279
.26185015837351
.29892966151237
.32186543941498
.33562691013018
.37729358673096
.38799695173899
.3207186460495
.35588684678078
.37652905782064
.26337920626005
.3887614607811
.40290520588557
.41016820073128
.41322629650434
.30963302652041
.42584097385406
.34709480404854
.31192661325137
.30389907956123
.42201835910479
.34633027513822
.31154434879621
.40214067697525
.47515290975571
.38685015837351
.39525993665059
.42889907956123
.43081039190292
.27522936463356
.48662079373995
.46865443388621
.51758409539859
.44266055027644
.41246177752813
.45183485746384
.36353210608164
.4770642220974
.45068807403247
.4724770685037
.49885320663452
.50955657164256
.47744647661845
.48050459225972
.41207951307297
.42507645487785
.51873087882996
.38914373517036
.48318043351173
.4384556611379
.48662080367406
.55619265635808
.34709480404854
.46865443388621
.38493884603182
.46139142910639
.54319574435552
.49388378858566
.45986238121986
.49541283647219
.33944953481356
.48662079373995
.50229357679685
.37538226445516
.45718653996785
.53249235947927
.58524465560913
.49464831749598
.40863914291064
.40711009502411
.37003057201703
.50420488913854
.47629969318708
.57377676169078
.54625382026037
.58103974660238
.44801222284635
.5569571852684
.47094801068306
.54051987330119
.54090215762456
.44992354512215
.452217121919
.47285933295886
.60244647661845
.55122325817744
.49044341842333
.59747707843781
.59671252965927
.44495412707329
.49732414881388
.48088685671488
.54740061362584
.51720184087753
.5726299683253
.61506116390228
.53211009502411
.51070336500804
.65863913297653
.46827217936516
.57607034842173
.56957187255224
.55198776721954
.57951070864995
.57989297310511
.57148317495982
.47629970312119
.62996941804886
.6158256928126
.58486237128576
.6158256928126
.547782878081
.51529051860174
.58142203092575
.58103974660238
.6204128464063
.55810395876567
.51681957642237
.52599386374156
.49082568287849
.71215595801671
.68577982982
.63532110055288
.66934249798457
.51032110055288
.54128440221151
.64908256133397
.52790522575378
.66666666666667
.56918960809708
.53096330165863
.52178899447123
.56918960809708
.6020642320315
.6360856294632
.57339451710383
.54854740699132
.63264526923498
.63837919632594
.59900611639023
.60474006334941
.67889908949534
.53975534439087
.52599388360977
.62079511086146
.63952598969142
.59556575616201
.59518349170685
.53631498416265
.61238531271617
.65405197938283
.58868503570557
.69992355505625
.66360857089361
.70986237128576
.68922019004822
.53593271970749
.53402139743169
.67469418048859
.58639142910639
.67240061362584
.56880736351013
.61735475063324
0
0
0
0
0
0
0
0
0
0
0
0
0
0
0
0
0
0
0
0
0
0
0
0
0
0
0
0
0
0
0
0
0
0
0
0
0
0
0
0
0
0
0
0
0
0
0
0
0
0
0
0
0
0
0
0
0
0
0
0
0
0
0
0
0
0
0
0
0
0
0
0
0
0
0
0
0
0
0
0
0
0
0
0
0
0
0
0
0
0
0
0
0
0
0
0
0
0
0
0
0
0
0
0
0
0
0
0
0
0
0
0
0
0
0
0
0
0
0
0
0
0
0
0
0
0
0
0
0
0
0
0
0
0
0
0
0
0
0
0
0
0
0
0
0
0
0
0
0
0
0
0
0
0
0
0
0
0
0
0
0
0
0
0
0
0
0
0
0
0
0
0
0
0
0
0
0
0
0
0
0
0
0
0
0
0
0
0
0
0
0
0
0
0
0
0
0
0
0
0
0
0
0
0
0
0
0
0
0
0
0
0
0
0
0
0
0
0
0
0
0
0
0
0
0
0
0
0
0
0
0
0
0
0
0
0
0
0
0
0
0
0
0
0
0
0
0
0
0
0
0
0
0
0
0
0
0
0
0
0
0
0
0
0
0
0
0
0
0
0
0
0
0
0
0
0
0
0
0
0
0
0
0
0
0
0
0
0
0
0
0
0
0
0
0
0
0
0
0
0
0
0
0
0
0
0
0
0
0
0
0
0
0
0
0
0
0
0
0
0
0
0
0
0
0
0
0
0
0
0
0
0
0
0
0
0
0
0
0
0
0
0
0
0
0
0
0
0
0
0
0
0
0
0
0
0
0
0
0
0
0
0
0
0
0
0
0
0
0
0
0
0
0
0
0
0
0
0
0
0
0
0
0
0
0
0
0
0
0
0
0
0
0
0
0
0
0
0
0
0
0
0
0
0
0
0
0
0
0
0
0
0
0
0
0
0
0
0
0
0
0
0
0
0
0
0
0
0
0
0
0
0
0
0
0
0
0
0
0
0
0
0
0
0
0
0
0
0
0
0
0
0
0
0
0
0
0
0
0
0
0
0
0
0
0
0
0
0
0
0
0
0
0
0
0
0
0
0
0
0
0
0
0
0
0
0
0
0
0
0
0
0
0
0
0
0
0
0
0
0
0
0
0
0
0
0
0
0
0
0
0
0
0
0
0
0
0
0
0
0
0
0
0
0
0
0
0
0
0
0
0
0
0
0
0
0
0
0
0
0
0
0
0
0
0
0
0
0
0
0
0
0
0
0
0
0
0
0
0
0
0
0
0
0
0
0
0
0
0
0
0
0
0
0
0
0
0
0
0
0
0
0
0
0
0
0
0
0
0
0
0
0
0
0
0
0
0
0
0
0
0
0
0
0
0
0
0
0
0
0
0
0
0
0
0
0
0
0
0
0
0
0
0
0
0
0
0
0
0
0
0
0
0
0
0
0
0
0
0
0
0
0
0
0
0
0
0
0
0
0
0
0
0
0
0
0
0
0
0
0
0
0
0
0
0
0
0
0
0
0
0
0
0
0
0
0
0
0
0
0
0
0
0
0
0
0
0
0
0
0
0
0
0
0
0
0
0
0
0
0
0
0
0
0
0
0
0
0
0
0
0
0
0
0
0
0
0
0
0
0
0
0
0
0
0
0
0
0
0
0
0
0
0
0
0
0
0
0
0
0
0
0
0
0
0
0
0
0
0
0
0
0
0
0
0
0
0
0
0
0
0
0
0
0
0
0
0
0
0
0
0
0
0
0
0
0
0
0
0
0
0
0
0
0
0
0
0
0
0
0
0
0
0
0
0
0
0
0
0
0
0
0
0
0
0
0
0
0
0
0
0
0
0
0
0
0
0
0
0
0
0
0
0
0
0
0
0
0
0
0
0
0
0
0
0
0
0
0
0
0
0
0
0
0
0
0
0
0
0
0
0
0
0
0
0
0
0
0
0
0
0
0
0
0
0
0
0
0
0
0
0
0
0
0
0
0
0
0
0
0
0
0
0
0
0
0
0
0
0
0
0
0
0
0
0
0
0
0
0
0
0
0
0
0
0
0
0
0
0
0
0
0
0
0
0
0
0
0
0
0
0
0
0
0
0
0
0
0
0
0
0
0
0
0
0
0
0
0
0
0
0
0
0
0
0
0
0
0
0
0
0
0
0
0
0
0
0
0
0
0
0
0
0
0
0
0
0
0
0
0
0
0
0
0
0
0
0
0
0
0
0
0
0
0
0
0
0
0
0
0
0
0
0
0
0
0
0
0
0
0
0
0
0
0
0
0
0
0
0
0
0
0
0
0
0
0
0
0
0
0
0
0
0
0
0
0
0
0
0
0
0
0
0
0
0
0
0
0
0
0
0
0
0
0
0
0
0
0
0
0
0
0
0
0
0
0
0
0
0
0
0
0
0
0
0
0
0
0
0
0
0
0
0
0
0
0
0
0
0
0
0
0
0
0
0
0
0
0
0
0
0
0
0
0
0
0
0
0
0
0
0
0
0
0
0
0
0
0
0
0
0
0
0
0
0
0
0
0
0
0
0
0
0
0
0
0
0
0
0
0
0
0
0
0
0
0
0
0
0
0
0
0
0
0
0
0
0
0
0
0
0
0
0
0
0
0
0
0
0
0
0
0
0
0
0
0
0
0
0
0
0
0
0
0
0
0
0
0
0
0
0
0
0
0
0
0
0
0
0
0
0
0
0
0
0
0
0
0
0
0
0
0
0
0
0
0
0
0
0
0
0
0
0
0
0
0
0
0
0
0
0
0
0
0
0
0
0
0
0
0
0
0
0
0
0
0
0
0
0
0
0
0
0
0
0
0
0
0
0
0
0
0
0
0
0
0
0
0
0
0
0
0
0
0
0
0
0
0
0
0
0
0
0
0
0
0
0
0
0
0
0
0
0
0
0
0
0
0
0
0
0
0
0
0
0
0
0
0
0
0
0
0
0
0
0
0
0
0
0
0
0
0
0
0
0
0
0
0
0
0
0
0
0
0
0
0
0
0
0
0
0
0
0
0
0
0
0
0
0
0
0
0
0
0
0
0
0
0
0
0
0
0
0
0
0
0
0
0
0
0
0
0
0
0
0
0
0
0
0
0
0
0
0
0
0
0
0
0
0
0
0
0
0
0
0
0
0
0
0
0
0
0
0
0
0
0
0
0
0
0
0
0
0
0
0
0
0
0
0
0
0
0
0
0
0
0
0
0
0
0
0
0
0
0
0
0
0
0
0
0
0
0
0
0
0
0
0
0
0
0
0
0
0
0
0
0
0
0
0
0
0
0
0
0
0
0
0
0
0
0
0
0
0
0
0
0
0
0
0
0
0
0
0
0
0
0
0
0
0
0
0
0
0
0
0
0
0
0
0
0
0
0
0
0
0
0
0
0
0
0
0
0
0
0
0
0
0
0
0
0
0
0
0
0
0
0
0
0
0
0
0
0
0
0
0
0
0
0
0
0
0
0
0
0
0
0
0
0
0
0
0
0
0
0
0
0
0
0
0
0
0
0
0
0
0
0
0
0
0
0
0
0
0
0
0
0
0
0
0
0
0
0
0
0
0
0
0
0
0
0
0
0
0
0
0
0
0
0
0
0
0
0
0
0
0
0
0
0
0
0
0
0
0
0
0
0
0
0
0
0
0
0
0
0
0
0
0
0
0
0
0
0
0
0
0
0
0
0
0
0
0
0
0
0
0
0
0
0
0
0
0
0
0
0
0
0
0
0
