.23488045235475
.27531645695368
.21483825643857
.22116736570994
.27004219094912
.27988747755686
.2457805921634
.26828411221504
.24191279709339
.2236286898454
.27883263429006
.21378340323766
.20288326342901
.25351617733637
.2042897293965
.18037974337737
.19936708609263
.22081575294336
.19163150588671
.21976089974244
.20393811662992
.25351617733637
.23312236368656
.24789029856523
.21202531953653
.23804500699043
.21765119830767
.21554148693879
.27496483922005
.21518987417221
.24718706309795
.30028129617373
.2348804473877
.21870605150859
.17440224687258
.2197609047095
.26828410228093
.26863572001457
.25316455960274
.26476793487867
.23663853605588
.30696202317874
.2594936688741
.26722924908002
.22151899337769
.25984529654185
.2623066107432
.27566807468732
.20077355702718
.26933895548185
.23488045235475
.2457805921634
.20007032155991
.24507735172908
.2651195426782
.19268635412057
.30450070897738
.23980309565862
.19796062012513
.27320675055186
.25808720787366
.22398031254609
.26371308167775
.23101265728474
.23277074595292
.2914908627669
.1891701767842
.2264416317145
.24789029856523
.23663853605588
.2099156131347
.27601969242096
.23945147792498
.25914205114047
.21343178550402
.21976089974244
.19725737969081
.25000000496705
.22327707707882
.20147679249446
.25351618230343
.21308016777039
.21659634013971
.19444444278876
.27180027961731
.19971870382627
.22011251250903
.2471870581309
.21061884860198
.22714486718178
.23241912821929
.21448664367199
.24507735669613
.18143459657828
.21202531953653
.18987341721853
.24437412122885
.22433193027973
.19936708609263
.21976089477539
.20886075993379
.16350210706393
.23312236368656
.21589310963949
.20850914220015
.1849507689476
.22749647994836
.22995780905088
.23417721192042
.23452882965406
.2471870581309
.21343178550402
.23804500699043
.21237693230311
.22116737067699
.24929676453273
.23136427998543
.26160337527593
.25105485320091
.26652601361275
.29149085283279
.29113924503326
.21237693230311
.25000000496705
.2405063311259
.21835442880789
.28516174356143
.21765119830767
.23417721688747
.20886075993379
.2598452915748
.21729958057404
.21343178550402
.19374121228854
.24859352906545
.24929676453273
.23101265728474
.17369902133942
.2376933892568
.28691983222961
.24156117935975
.27988747755686
.22398031254609
.25246132413546
.26547117034594
.25808720787366
.2250351558129
.21061884363492
.23804500699043
.21976089974244
.21835442880789
.23030942678452
.19374120732148
.27883262435595
.2542194078366
.23593530058861
.20745428899924
.21940928200881
.19549929598967
.17229254543781
.23136427501837
.25035162270069
.24648382266363
.19971870879332
.21765119830767
.17369901637236
.20956399540106
.24367089072863
.19233474135399
.23593530555566
.24120956162612
.23558368285497
.24191280206045
.21589310963949
.2774261534214
.27531644701958
.23171589275201
.19725738465786
.26863572994868
.23206751048565
.17897327740987
.25879044334094
.26617440581322
.20815751949946
.24367088576158
.18811533351739
.17651195327441
.20921237270037
.27390997608503
.22327707707882
.2802390952905
.21624472240607
.1905766526858
.20569620033105
.22468354304632
.24191280206045
.28516174356143
.26687764128049
.21589310963949
.19866385559241
.23909986019135
.24156117935975
.27953586975733
.26652602354685
.26969057321548
.26758087674777
.29008439183235
.23699015875657
.27777777115504
.29676512877146
.23839662472407
.26054853200912
.2429676502943
.24964838226636
.31575245658557
.25140647093455
.23839662969112
.23277074595292
.26969057321548
.23312236368656
.21448663870494
.27004219094912
.23452882965406
.24402250349522
.25035161773364
.24613220989704
.19971870382627
.25914206107457
.24472573896249
.24472574392955
.28691983222961
.26828410228093
.25668073693911
.25457103053729
.24261603256067
.21518987417221
.24648382763068
.26160337527593
.24789029856523
.23980309565862
.23909985522429
.23734177649021
.28691983222961
.25703235467275
.22573839624723
.2679324845473
.26125175754229
.23980309565862
.2306610395511
.23206751048565
.22714486718178
.29360056916873
.22468354304632
.25773559014002
.26898734768232
.26898734768232
.20147679249446
.24613220989704
.23241912821929
.25070323546727
.28199718395869
.27004220088323
.25351617733637
.26265822847684
.30836848417918
.23558368782202
.28094233075778
.24156118432681
.24437412122885
.26722925901413
.26195499300957
.24718706309795
.24929676949978
.27004219094912
.29571027557055
.29746836423874
.25527426600456
.28727144996325
.24613220989704
.25351617733637
.23206751048565
.21976089974244
.27672292788823
.21061884363492
.23241912821929
.21870605150859
.24824191629887
.22644163668156
.21378340323766
.22538677851359
.22819972038269
.2746132115523
.24542897939682
.19233474135399
.29324895143509
.25668073197206
.24964838226636
.28094233075778
.26722924908002
.2334739814202
.26582278807958
.26687764128049
.25070323050022
.27883263429006
.24542897939682
.25105485320091
.23206751048565
.23312236368656
.22257384161154
.24261603256067
.28656821449598
.22749647994836
.26652602354685
.21518987417221
.20182841519515
.26969058314959
.24437412122885
.2471870581309
.24929676949978
.22151898841063
.19690576692422
.24683544039726
.24367088576158
.25246132413546
.25738397240639
.27601968248685
.24929676453273
.23663853605588
.27039380868276
.27637130022049
.21659634013971
.22398030757904
.26898733774821
.26054852207502
.22679324944814
.24542897442977
.22327707211177
.23312236368656
.20675105353196
.18706047534943
.20569620529811
.19198312362035
.22679324944814
.21132208406925
.22714486221472
.16877637306849
.28164556622505
.24367089072863
.25070323546728
.2334739814202
.22609001894792
.19901547332605
.23980309565862
.22890295584997
.22714486718178
.26125175754229
.22890295584997
.21870604654153
.2264416317145
.19901546835899
.17018283903599
.24367088576158
.2127285550038
.22609001398087
.24261603256067
.25175808866819
.24964838723342
.25457103053729
.25808720787366
.24120956659317
.19444444278876
.29219409823418
.28762306769689
.2556258837382
.26969058314959
.24929676949978
.25316455960274
.21272854506969
.19303797185421
.28059072295825
.20077355702718
.26160337527593
.28621659676234
.24472573896249
.2707454264164
.23206751048565
.3122362891833
.24156117935975
.2623066107432
.27848100662231
.27004219094912
.28832629323006
.25984528660774
.24507735669613
.29360055923462
.28199718395869
.27601969242096
.25421941280365
.29008439183235
.25914206107457
.2746132115523
.29324895143509
.30168776710828
.2707454363505
.29957806070646
.27109704415003
.27144866188367
.28691982229551
.1947960605224
.24964838723342
.28727144996325
.2707454264164
.2401547084252
.28059071302414
.29465542236964
.22749647994836
.30696202317874
.26441631714503
.30239100257556
.28340365489324
.28691983222961
.22222222387791
.27883262435595
.29852321743965
.21518987417221
.29219409823418
.24085794885953
.24437412122885
.26054852207502
.30239099264145
.243319272995
.28481012582779
.29184248050054
.21940928200881
.26336146394412
.29043599963188
.20780590673288
.24789029359818
.25984529654185
.23312236368656
.29535864790281
.33263009786606
.23909986019135
.29606188337008
.31399437785149
.25140647093455
.27250351508458
.29746835430463
.25035162270069
.25914206107457
.28129394849141
.23593530555566
.27531645695368
.25140647093455
.27777777115504
.25210970640182
.25492263833682
.23417721688747
.26336146394412
.26617440581322
.2471870581309
.23066104451815
.28094233075778
.29922644297282
.26160337527593
.28445851802826
.25210970640182
.25492264827092
.27601969242096
.25351617733637
.28375527262688
.25070324043433
.31188466151555
.28340365489324
.28516174356143
.26617440581322
.24296765526136
.31715892752012
.26125175754229
.23874824245771
.30485231677691
.24367088576158
.25527426600456
.29395217696826
.27285512288411
.20780590673288
.29219408830007
.33473979433378
.23734177152316
.29078762729963
.26863571008046
.2373417665561
.26582277814547
.2830520371596
.26828411221504
.25703235467275
.31364276011785
.2707454264164
.32243319352468
.2514064659675
.29535865783691
.30590716997782
.32946553826332
.32805906732877
.35302390654882
.27109704415003
.31153304378192
.32630098859469
.28094233075778
.26582278807958
.32243319352468
.25492264827092
.25386779507001
.30731364091237
.3066104054451
.26547116041183
.24824191629887
.3273558417956
.22187060117722
.28727144996325
.27355835835139
.24120956659317
.21167370180289
.27109703421593
.26195500294367
.30907172958056
.28270041942596
.29957806070646
.25703234473864
.31223627924919
.28691983222961
.28762306769689
.24859352906545
.27566807468732
.31962026158969
.30274262030919
.27918424208959
.29887482523918
.32278481125832
.26441631714503
.24085794389248
.35267228881518
.25984528660774
.24261603256067
.28270041942596
.29254571596781
.18987341225147
.23101265728474
.27707453568776
.25597750147184
.2598452915748
.25316455463568
.26652601361275
.2542194177707
.24683544536432
.23699015378952
.31434599558512
.28234880169233
.17053445676963
.28340365489324
.26758087674777
.28481012582779
.30203938484192
.29289733370145
.28551336129506
.23593530555566
.28656820456187
.31821378072103
.31645569205284
.28797468543053
.30907172958056
.27566806475321
.35900140802066
.28059071302414
.29711673657099
.30590717991193
.29395217696826
.28938114643097
.3189170161883
.26652602354685
.34739803274473
.30836849411329
.26722924908002
.28445850809415
.26828410228093
.29324895143509
.29606188337008
.29535864790281
.30907172958056
.3132911324501
.29641351103783
.24824191629887
.24156117935975
.32348804672559
.29817158977191
.26406469941139
.33087201913198
.30555555224419
.34810125827789
.29254571596781
.32700422406197
.27496482928594
.32630097866058
.32770744959513
.30450069904327
.36744022369385
.35478199521701
.30520394444466
.36462729175886
.31645569205284
.30274261037509
.39873418211937
.26582278807958
.36497889955839
.43284106254578
.35583684841792
.32313642899195
.38185655077298
.34177214900653
.41139241059621
.37834037343661
.43706047534943
.3772855202357
.40295358498891
.40998592972755
.38994372884432
.40225035945574
.41561181346575
.40119549632072
.45850914716721
.37025316556295
.43354430794716
.40330520272255
.49402249852816
.33966245253881
.48523206512133
.46378340323766
.35196905334791
.37869199117025
.3755274216334
.38150492310524
.36357243855794
.33192687233289
.39978903532028
.41526019573212
.42651195327441
.39767931898435
.40787623325984
.40436006585757
.4047116736571
.3329817155997
.39838256438573
.42229255040487
.34950773914655
.44444444775581
.44303797682126
.36462729175886
.45393811662992
.40682138005892
.37095640103022
.38502110044161
.42510548233986
.35372714201609
.40225034952164
.40330520272255
.3452883263429
.38466948270798
.43213784694672
.41033754746119
.53551336129506
.47855133811633
.43037974834442
.50527424613635
.50140647093455
.54360055923462
.59634317954381
.55168777704239
.60478200515111
.5151195526123
.55274260044098
.73277076085409
.60618847608566
.65260197718938
.51652600367864
.64521799484889
.51371308167775
.54606187343597
.49542898933093
.56118142604828
.60689169168472
.63502111037572
.6160337527593
.68846696615219
.69479604562124
.67053445180257
.71097046136856
.5678621729215
.65330521265666
.64205344518026
.64240505297979
.73206752538681
.7130801876386
.67194092273712
.7130801876386
.76406468947728
.71905767917633
.8716596364975
.78164557615916
.74191278219223
.87869199117025
.87904359896978
.80274262030919
1.0059774915377
.9293248852094
.7953586379687
1.0073839823405
.94479606548945
1.0457102656364
1.054852326711
1.0720816055934
.9433895945549
1.1135723988215
1.0618846416473
.95393812656403
1.2791842619578
1.1951477130254
1.2535161972046
1.2246835231781
1.4360056320826
1.1536568403244
1.2204641501109
1.2503516276677
1.1708860794703
1.2753164370855
1.2359352906545
1.4289732774099
1.3396624326706
1.346343199412
1.3832630316416
1.5158228079478
1.491209546725
1.377637108167
1.5956399440765
1.4296764930089
1.3931082884471
1.3347398042679
1.3934599161148
1.4493670860926
1.681786219279
1.6100562810898
1.3551335732142
1.6286919514338
1.5228551228841
1.6455696026484
1.8326300779978
1.6909282604853
1.7144865989685
1.7872714201609
1.6610408226649
1.6979606151581
1.802742600441
1.7605485121409
1.4680028359095
1.8625175952911
1.7137834231059
1.8245428800583
1.6962025562922
1.640295346578
1.9138536850611
1.6459212303162
1.7682841221491
1.6146272818247
1.6810830036799
1.9497187534968
1.7742615938187
1.7426160573959
1.9159633715947
1.7528129816055
1.8526722987493
1.9145569403966
2.0668073097865
1.8614627520243
2.0988045136134
2.0706751346588
1.8920534451803
2.0738396247228
2.1930380264918
2.0263713200887
2.0312939882278
1.973980307579
2.0597749153773
2.1480308771133
2.070675055186
2.1599859793981
2.1754570404689
2.2056962251663
1.8843179146449
2.4040083885193
2.1409986019135
2.31680727005
2.3375527858734
2.4447960853577
2.3146975835164
2.4989451567332
2.0798171361287
2.1627988815308
2.4300281206767
2.3456399440765
2.1937412023544
2.4004922707876
2.1160337527593
2.2109704017639
2.207102616628
2.2415611743927
2.3175106048584
2.7426160971324
2.6009142398834
2.3248945871989
2.5928270022074
2.4426863193512
2.8533755143483
2.6009141604106
2.6005625724792
2.4345991611481
2.5727848211924
2.6300985018412
2.4845288594564
2.4345991611481
2.7225739161174
2.4289732774099
2.4578059514364
2.7345288594564
2.6761603355408
2.4279183546702
2.8509142398834
2.6715892950694
2.6399437586466
2.7274964650472
2.9405766328176
2.7812939484914
2.7841068903605
2.5355134010315
2.7071026961009
2.6343178749084
2.764767964681
2.7950069904327
2.8185654481252
2.7869198322296
2.7556258837382
2.799578110377
2.7619550228119
2.536216656367
3.0446554025014
2.9954289595286
2.6293952465057
2.9581575393677
2.7841068903605
2.8786919116974
2.8959211508433
2.8955697218577
2.6065400441488
2.80344581604
2.7760197321574
2.7647678852081
2.9919128417969
2.953234910965
2.7183544635773
2.9869901339213
3.1954993406932
2.5875527858734
2.9669478734334
3.0583685239156
2.7222221692403
3.1308017571767
2.9018987814585
2.8182137012482
2.8157523473104
2.6976090272268
2.766174475352
2.9419831434886
2.7510549227397
2.5991561412811
2.9244022369385
2.7165962855021
2.7000702222188
2.6501406033834
2.6093530654907
2.7950069904327
2.5724331537882
2.8227848211924
2.6002109845479
2.5784107049306
2.7243319352468
2.6234176953634
2.6255274613698
2.6754570802053
2.4314346313477
2.4592123826345
2.6206047534943
2.5316456158956
2.6191983222961
2.5850914319356
2.5829816659292
2.505274216334
2.6856540044149
2.2950069904327
2.3066103458405
2.6160337924957
2.4029536247253
2.3266526063283
2.5207454363505
2.5291842619578
2.2176511685054
2.3593530654907
2.3660337924957
2.3037974039714
2.3586498101552
2.2429676850637
2.1121659676234
2.2144867181778
2.4774964650472
2.3396623929342
2.3150492509206
2.2967651685079
2.1635020971298
2.1090013980865
2.1627988815308
2.2517580986023
2.1244725783666
2.1670182943344
2.1540084282557
2.2760197321574
2.3227847417196
2.0573136409124
2.2609001000722
2.1441631714503
2.1589310963949
2.181786219279
1.9757383664449
2.079465508461
2.1290435791016
2.052742600441
1.9637834231059
1.8899437189102
2.0116033951441
1.7049930095673
2.0998593568802
1.7436709006627
1.8171589374542
1.7078059116999
1.859704653422
1.9556962251663
1.622362891833
1.8255977630615
1.8379043738047
1.6845991214116
1.8593530654907
1.7380450169245
1.6564697821935
1.6086498101552
1.6350210905075
1.6719409227371
1.6357243061066
1.4585091670354
1.5952883164088
1.5622363090515
1.6100562810898
1.4212377071381
1.4985935290654
1.526019692421
1.5618846813838
1.6279887358348
1.3917018572489
1.3846694628398
1.4841772317886
1.4356540044149
1.1983122428258
1.3660337527593
1.2197609345118
1.2658227682114
1.3987341721853
1.1434599161148
1.223980307579
1.155063311259
1.1589310963949
1.149085799853
1.2415612141291
1.1698312362035
1.0555555820465
1.1357243061066
1.0854430397352
1.0137130618095
1.0450070301692
1.1047820051511
.96448663870494
1.0242616136869
.94479604562124
.94655416409175
1.0376230676969
.89873419205348
.90330521265666
1.020042181015
.83192686239878
.88537269830704
.803797463576
1.0024613340696
.72573840618134
.86568212509155
.94233473141988
.85583684841792
.71554148197174
.87587904930115
.85196906328201
.82876231273015
.93495078881582
.83052041133245
.71272854010264
.86181433995565
.79711673657099
.79113922516505
.91385370492935
.83052037159602
.74296764532725
.82278480132421
.84739802281062
.79078761736552
.79852322737376
.6810829838117
.71448663870494
.74507737159729
.69022504488627
.65119548638662
.75175807873408
.73066103458405
.72433191537857
.78621659676234
.77531645695368
.64486636718114
.6199015378952
.66842476526896
.63361463944117
.6283403635025
.55731364091237
.54922644297282
.76441631714503
.62376934289932
.64275668064753
.60196906328201
.59739802281062
.65787621339162
.61462730169296
.60618847608566
.64416315158208
.6132208108902
.63255977630615
.57841068506241
.59739802281062
.50527424613635
.56118142604828
.63818566004435
.48909986019135
.48804500699043
.60232069094976
.57524611552556
.49120957652728
.51265821854273
.47257383664449
.44690577189128
.5056258837382
.47819971044858
.49683543046316
.36919831236204
.47468354304632
.5151195526123
.40963431199392
.46624472737312
.44620252648989
.44233474135399
.48874824245771
.41736991206805
.3839662472407
.47468354304632
.44268634915352
.35478199521701
.52215188741684
.48663853605588
.36814346909523
.50140646100044
.50597749153773
.44022503495216
.46448664863904
.39275668064753
.37623066703478
.39310829838117
.40471168359121
.39205345511436
.43284107247988
.44022503495216
.34106890360514
.42475386460622
.36040787895521
.43037974834442
.36990154782931
.3800984621048
.41736990213394
.40084387858709
.41561181346575
.33755275607109
.42299578587214
.36638537049294
.36638537049294
.38009845217069
.36673698822657
.36533052722613
.32911392052968
.37869198123614
.35091420014699
.37552743156751
.28199718395869
.36392404635747
.38255976637204
.33087201913198
.27566807468732
.33227849006653
.38431786497434
.31258790691694
.33263009786606
.32981715599696
.32243319352468
.34950773914655
.31575245658557
.27109704415003
.23909985522429
.26758087674777
.34353024760882
.27812939882278
.22925456861655
.32876231273015
.2264416317145
.27777777115504
.29360056916873
.31856540838877
.31012658278147
.20815752446651
.25035161276658
.33227849006653
.28832630316416
.31293951471647
.30661039551099
.34071729580561
.29113924503326
.2461322148641
.27285512288411
.20534458756447
.29465542236964
.29184248050054
.22784810264905
.27109704415003
.3009845217069
.23699014882247
.28902953863144
.28691983222961
.25668073693911
.27566806475321
.27918424208959
.26195499300957
.34247539440791
.27320675055186
.24156117935975
.29219409823418
.25070323546728
.20569620033105
.27566806475321
.28375527262688
.23171589771907
.24894514679909
.22609000901381
.24859352906545
.24683544536432
.22749647994836
.26019691427549
.28902953863144
.27144866188367
.25984528660774
.27039381861687
.28621659676234
.22222222387791
.27531645695368
.29184247056643
.26898733774821
.29254571596781
.27144867181778
.26652602354685
.20991560816765
.28902953863144
.24015471339226
.23980309565862
.27109704415003
.25984528660774
.22046413520972
.24929676453272
.26160338521004
.23101266225179
.27426160375277
.20534458259741
.21940928200881
.25808719793955
.24120956162612
.24718706309795
.29535864790281
.25984528660774
.25949367880821
.27250350515048
.27180027961731
.19901546835899
.28938115636508
.26371307174365
.26547117034594
.28375527262688
.23874824245771
.24050632615884
.26441631714503
.25949367880821
.21659634510676
.2707454264164
.20639944076538
.22116737067699
.2376933892568
.25597750147184
.23628691832225
.28375527262688
.26476793487867
.26441631714503
.28691983222961
.28375527262688
.24437412122885
.28867791096369
.29817159970601
.2471870581309
.24753867586454
.29746836423874
.26265823841095
.26371308167775
.25632911423842
.25281294683615
.28094233075778
.28621659676234
.30450069904327
.28727144996325
.26828410228093
.24718706309795
.25527426600456
.23277074595292
.23277074595292
.28094233075778
.25949367880821
.2306610395511
.2071026712656
.27988747755686
.25808720787366
.2429676502943
.27250351508458
.24261603256067
.17897327740987
.2320675154527
.25597750147184
.26547118028005
.26160337527593
.23523206512133
.22081575294336
.24367088576158
.2471870581309
.21765119830767
.25246132413546
.29535864790281
.21729957560698
.25668073197206
.27566807468732
.2264416317145
.30450069904327
.28234880169233
.26863572001457
.27988747755686
.26652602354685
.23804500699043
.26933894554774
.27637130022049
.2306610395511
.25035161773364
.2236286898454
.26125175754229
.24648382266363
.24402250349522
.21800281107426
.26617439587911
.24226441482703
.26582278807958
.20077356199423
.23909986019135
.23909985522429
.26019691427549
.27039380868276
.18530239164829
.25597749650478
.26090014974276
.23488045235475
.27320674061775
.28551336129506
.20639944076538
.21343178550402
.30801687637965
.24824191629887
.27004220088323
.25632910927137
.22503516077995
.20886075993379
.26863572001457
.22398030757904
.22855133811633
.27426160375277
.2886779208978
.24156117935975
.29992967844009
.23241912821929
.20815752943357
.21694795787334
.27285513281822
.18565400441488
.24226441979408
.21624472240607
.21448663870494
.21905766924222
.2264416317145
.22679324448109
.22116737067699
.2236286898454
.21940928200881
.20464134713014
.28234880169233
.25386779507001
.24015471835931
.25949367880821
.18319268524647
.26406469941139
.27180027961731
.19374120732148
.21202531456947
.23101265728474
.19655414919058
.26090013980865
.25773559014002
.23980309069157
.25492264827092
.28094233075778
.27461322148641
.24753868083159
.24929676949978
.23101265728474
.22855133314927
.24613220989704
.24542897442977
.22081575294336
.2264416317145
.24964838226636
.23663854102294
.22327707211177
.18319268524647
.23101265728474
.2405063311259
.21624472737312
.1947960605224
.20218002796173
.18565400441488
.20077355702718
.24683544039726
.22187060614427
.22855133314927
.25
.2858649790287
.23593530555566
.22749648491542
.22398031254609
.23699015378952
.26406469941139
.26019691427549
.22995779911677
.23734177152316
.22960618635019
.17932489017646
.25773559014002
.23066104451815
.2746132115523
.21765119830767
.22327707211177
.17510548233986
.2306610395511
.19444444278876
.21765119334062
.23945147792498
.22714486718178
.19655414919058
.22960619131724
.19303797682126
.20288326342901
.22433192531268
.22362869481246
.24261603752772
.26758086681366
.23171588778496
.20358649392923
.25808719793955
.25703235467275
.23171589275201
.2401547084252
.26898733774821
.23945147792498
.27039380868276
.21554149190585
.20147679746151
.25808720787366
.26265822847684
.26019690434138
.24753868083159
.25105485320091
.20956399540106
.27426160375277
.24120956162612
.22327707211177
.2584388256073
.18319268524647
.2584388256073
.20358649392923
.22960619131724
.22327707707882
.22995780408382
.22855133314927
.19303797185421
.21343178550402
.23171589771907
.21097046633561
.18987341225147
.2306610395511
.24120956659317
.1589310814937
.26160337527593
.21729957560698
.22433192531268
.26265823841095
.23030942181746
.19303797185421
.27672291795413
.20253165066242
.1712376922369
.25210970640182
.24226441979408
.25632911423842
.2471870581309
.25492263833682
.25597750147184
.28375527262688
.2623066107432
.26898733774821
.29395218690236
.23628691832225
.21167370180289
.25949367880821
.21729958057404
.21237693727016
.28023910522461
.25246132910252
.20182841022809
.23030942678452
.28551336129506
.24085794389248
.22081575294336
.27496483922005
.22538678348064
.21765119334062
.3009845217069
.26406469941139
.22433192531268
.2679324845473
.23417721688747
.2348804473877
.27742616335551
.17862165967623
.27672292788823
.31399436791738
.22960618635019
.22925456861655
.26933895548185
.21940928200881
.25492263833682
.19901547332605
.21097046633561
.2004219442606
.23699015378952
.20639943579833
.24120956162612
.21237693230311
.21765119830767
.21729958057404
.24683544536432
.27039379874865
.21343178550402
.23171589275201
.22503516077995
.22890295088291
.21518987417221
.21835443377495
.23909986019135
.24753868083159
.23277074595292
.19901547332605
.24894514679909
.22644162674745
.21518987417221
.26090013980865
.23909986019135
.22011251747608
.21518987417221
.25246132413546
.21061884860198
.26160338521004
.25210970640182
.21976089974244
.23945148289204
.28691983222961
.23382559915384
.22503516077995
.25668073693911
.22960618635019
.29957806070646
.23593530058861
.20850914220015
.29360056916873
.23909985522429
.21835442880789
.1919831186533
.26828410228093
.16420534749826
.24648382266363
.20639944076538
.19022503495216
.21483825147152
.2264416317145
.17967651287715
.23558368285497
.24718706309795
.2141350209713
.2471870581309
.27215189735095
.20218002796173
.27390997608503
.22573839624723
.23663853605588
.2528129418691
.23241912821929
.2471870581309
.21272855003675
.19936709105968
.20428973436356
.23241912821929
.27707453568776
.24507735669613
.23347397645315
.22784810264905
.23206751048565
.21448663373788
.21097046136856
.21483825147152
.23699015875657
.20815752446651
.22714486718178
.14556961754958
.22011251747608
.19022503495216
.16490858296553
.21694795787334
.22433192531268
.18600562711557
.24226441482703
.22046413024267
.20323488116264
.20499296983083
.17721518377463
.19866385559241
.22116737067699
.24507735669613
.21061884860198
.24402250349522
.227848097682
.19022503495216
.24261603256067
.22222222387791
.1877637108167
.21097046633561
.21061884860198
.2292545735836
.26441631714503
.22468354304632
.22468354304632
.294303804636
.24824191629887
.20921237270037
.25492264827092
.26687764128049
.24331926802794
.23663854102294
.24648382266363
.24542897442977
.25527426600456
.24824191629887
.23945147792498
.23312236368656
.29008439183235
.20780590673288
.27180027961731
.20534458259741
.22398030757904
.26617440581322
.23980309069157
.20815752446651
.22327707211177
.20956399540106
.22081575294336
.20745428899924
.26160338024298
.20745429396629
.21765119334062
.22679324944814
.2169479628404
.18248944977919
.243319272995
.20393811166286
.18706048031648
.28621659676234
.22151898841063
.20147679249446
.25984528660774
.17686357100805
.22855133811633
.23734177152316
.22222221891085
.19796062012513
.26476793487867
.24472573896249
.22011252244314
.2401547084252
.2306610395511
.18424754341443
.22538677851359
.24226441482703
.21026723086834
.2071026712656
.21272855003675
.18284106751283
.23839661975702
.24156118432681
.19338958958785
.22327707707882
.24964838226636
.19655414919058
.22398031254609
.26758087674777
.24613220989704
.21448663373788
.24859352906545
.20921237270037
.28832630316416
.25035162270069
.23945147792498
.25316455960274
.25000000496705
.23593530058861
.25949367880821
.25597750147184
.2071026712656
.24789029359818
.24683544536432
.22714486718178
.16772151986758
.24472573896249
.19901546835899
.19233474135399
.22538677851359
.21870605150859
.20007032155991
.20499296486378
.21518987417221
.21202531953653
.21448663870494
.21624472240607
.22292545934518
.25351618230343
.21237693727016
.18600562711557
.25281293690205
.2071026712656
.19725738465786
.25386779507001
.27988747755686
.23136427501837
.22327707211177
.23101265728474
.1933895945549
.25492264827092
.18811533351739
.22960619131724
.21976089974244
.21589310963949
.23101266225179
.1919831186533
.20077356199423
.18600562711557
.22503516574701
.20604781806469
.21976089974244
.18495077391466
.24226441482703
.21308016777039
.2457805921634
.23312236368656
.24226441482703
.20956399540106
.20745428899924
.20991560816765
.26722924908002
.27250351508458
.23136427501837
.23488045235475
.24437412122885
.24120956659317
.2362869232893
.25808720787366
.22784810264905
.24613220989704
.26617439587911
.22995780905088
.23382559915384
.23593530555566
.26019690434138
.22011251250903
.26406469941139
.27180027961731
.20358649889628
.26300984621048
.24542897442977
.20604781806469
.2584388256073
.26019690434138
.2141350209713
.20780590673288
.24472574392955
.20428973436356
.22855133811633
.1976090023915
.20534458259741
.25632911920547
.18987341721853
.20393811662992
.23347397645315
.22046413520972
.21835442880789
.26300984124343
.2071026712656
.20112517972787
.23347397645315
.22784810264905
.21554148693879
.27461322148641
.22819972038269
.24156118432681
.20428973436356
.24156118432681
.20710266629855
.27566806475321
.24507735669613
.25421941280365
.2556258837382
.24226441482703
.16561181346575
.28551336129506
.29149085283279
.28621659676234
.2651195426782
.22187060614427
.2306610395511
.22749647994836
.2208157479763
.19831223785877
.26476793487867
.25492264330387
.22749647994836
.27461322148641
.24156118432681
.21483825643857
.28129395842552
.2471870581309
.19268635412057
.23839662472407
.23663853605588
.18987341721853
.18811533351739
.23452882965406
.19514768322309
.22257384161154
.21061884860198
.16842475533485
.18424753844738
.21800281107426
.24261603256067
.20886075993379
.24859352906545
.24542897442977
.2071026712656
.23277074595292
.21589310963949
.24789029856523
.2746132115523
.27707453568776
.20112517476082
.22433192531268
.23101266225179
.26090013980865
.27109704415003
.26195499300957
.2707454264164
.21413502593835
.21448663870494
.1810829838117
.2457805921634
.25808719793955
.22855133811633
.26230662067731
.2306610395511
.22398031254609
.23312236368656
.22468354304632
.28199718395869
.27426160375277
.24472573896249
.2390998651584
.23980309565862
.27250351508458
.20710267623266
.22398030757904
.25316455960274
.18741209308306
.21976089974244
.19971870879332
.18917018175125
.25808720787366
.21905766427517
.21097046136856
.26090013980865
.24824191133181
.23136427501837
.24191279709339
.20780590673288
.20147679746151
.22011251747608
.21518987417221
.19796062012513
.22081575294336
.2141350209713
.22995780408382
.19514767825603
.24789029856523
.20956399043401
.18706048031648
.20850914220015
.21589310467243
.18987341721853
.22819972038269
.20991560816765
.22011251747608
.26933895548185
.24402250349522
.18530239164829
.24753868083159
.20288326342901
.23558368285497
.23909985522429
.20534458259741
.20780590673288
.25035161773364
.21167369683584
.20780590673288
.24367088576158
.21378340323766
.18952179948489
.26441631714503
.25386779507001
.24402250349522
.23804500699043
.26969057321548
.21976089974244
.22749648491542
.25914206107457
.22749648491542
.1947960605224
.21483825643857
.22679324448109
.21554148693879
.20780590176582
.20323488116264
.19268635412057
.22222221891085
.21026722590129
.25175808370113
.2264416317145
.20886075496674
.25105485320091
.26722924908002
.24120956162612
.22784810264905
.25668073693911
.21308017273744
.20569620529811
.19163150588671
.23417721688747
.24085794389248
.24542897442977
.25246132413546
.19866385062536
.27461322148641
.23945147792498
.17440225183964
.24648382763068
.22573840121428
.19514767825603
.16736990213394
.1976090023915
.20288326342901
.20428973436356
.196202536424
.21097046633561
.22151898841063
.24015471339226
.1645569652319
.23804500202338
.2236286898454
.24578058719635
.24367089072863
.21308017273744
.23066104451815
.2250351558129
.2236286898454
.24753867586454
.22960619131724
.20077355702718
.20042193929354
.20815752446651
.24437412122885
.20182841519515
.23101265231768
.21343178550402
.19163150588671
.16983122130235
.25140647093455
.21589310467243
.22362869481246
.2141350209713
.18178621431192
.17229255040487
.19303797185421
.18178621431192
.22222222387791
.21483825147152
.22151898344358
.24085794389248
.20886075993379
.19092827041944
.20675105353196
.18459915618102
.21870604654153
.22679324944814
.22960619131724
.2556258837382
.25562587380409
.18600563208262
.23980309069157
.2292545735836
.22468354304632
.23382559418678
.24613220989704
.21800281107426
.20780591169993
.18846694628398
.28340365489324
.22995780905088
.22784810264905
.2334739814202
.23734177152316
.22222221891085
.22362869481246
.23699015378952
.19725737969081
.23382559418678
.2390998651584
.22151898841063
.2514064759016
.2651195526123
.20323488116264
.20604782303174
.24437412122885
.21061884860198
.23874824245771
.20288326342901
.21308016777039
.23945147792498
.28094234069188
.20569620529811
.31082981824875
.26617440581322
.26406469941139
.31715892752012
.31997186938922
.31856539845467
.26863572994868
.28410689036051
.28691983222961
.29606189330419
.22925456861655
.25808719793955
.29500703016917
.30274261037509
.27988747755686
.34212376674016
.28551336129506
.34423346320788
.32876231273015
.36005626122157
.41244725386302
.41912799080213
.40400842825572
.42721519867579
.47995780905088
.41526019573212
.35900140802066
.46448663870494
.50000000993411
.44831223289172
.56962025165558
.58298170566559
.65893107652664
.49859352906545
.32876230279605
0
0
0
0
0
0
0
0
0
0
0
0
0
0
0
0
0
0
0
0
0
0
0
0
0
0
0
0
0
0
0
0
0
0
0
0
0
0
0
0
0
0
0
0
0
0
0
0
0
0
0
0
0
0
0
0
0
0
0
0
0
0
0
0
0
0
0
0
0
0
0
0
0
0
0
0
0
0
0
0
0
0
0
0
0
0
0
0
0
0
0
0
0
0
0
0
0
0
0
0
0
0
0
0
0
0
0
0
0
0
0
0
0
0
0
0
0
0
0
0
0
0
0
0
0
0
0
0
0
0
0
0
0
0
0
0
0
0
0
0
0
0
0
0
0
0
0
0
0
0
0
0
0
0
0
0
0
0
0
0
0
0
0
0
0
0
0
0
0
0
0
0
0
0
0
0
0
0
0
0
0
0
0
0
0
0
0
0
0
0
0
0
0
0
0
0
0
0
0
0
0
0
0
0
0
0
0
0
0
0
0
0
0
0
0
0
0
0
0
0
0
0
0
0
0
0
0
0
0
0
0
0
0
0
0
0
0
0
0
0
0
0
0
0
0
0
0
0
0
0
0
0
0
0
0
0
0
0
0
0
0
0
0
0
0
0
0
0
0
0
0
0
0
0
0
0
0
0
0
0
0
0
0
0
0
0
0
0
0
0
0
0
0
0
0
0
0
0
0
0
0
0
0
0
0
0
0
0
0
0
0
0
0
0
0
0
0
0
0
0
0
0
0
0
0
0
0
0
0
0
0
0
0
0
0
0
0
0
0
0
0
0
0
0
0
0
0
0
0
0
0
0
0
0
0
0
0
0
0
0
0
0
0
0
0
0
0
0
0
0
0
0
0
0
0
0
0
0
0
0
0
0
0
0
0
0
0
0
0
0
0
0
0
0
0
0
0
0
0
0
0
0
0
0
0
0
0
0
0
0
0
0
0
0
0
0
0
0
0
0
0
0
0
0
0
0
0
0
0
0
0
0
0
0
0
0
0
0
0
0
0
0
0
0
0
0
0
0
0
0
0
0
0
0
0
0
0
0
0
0
0
0
0
0
0
0
0
0
0
0
0
0
0
0
0
0
0
0
0
0
0
0
0
0
0
0
0
0
0
0
0
0
0
0
0
0
0
0
0
0
0
0
0
0
0
0
0
0
0
0
0
0
0
0
0
0
0
0
0
0
0
0
0
0
0
0
0
0
0
0
0
0
0
0
0
0
0
0
0
0
0
0
0
0
0
0
0
0
0
0
0
0
0
0
0
0
0
0
0
0
0
0
0
0
0
0
0
0
0
0
0
0
0
0
0
0
0
0
0
0
0
0
0
0
0
0
0
0
0
0
0
0
0
0
0
0
0
0
0
0
0
0
0
0
0
0
0
0
0
0
0
0
0
0
0
0
0
0
0
0
0
0
0
0
0
0
0
0
0
0
0
0
0
0
0
0
0
0
0
0
0
0
0
0
0
0
0
0
0
0
0
0
0
0
0
0
0
0
0
0
0
0
0
0
0
0
0
0
0
0
0
0
0
0
0
0
0
0
0
0
0
0
0
0
0
0
0
0
0
0
0
0
0
0
0
0
0
0
0
0
0
0
0
0
0
0
0
0
0
0
0
0
0
0
0
0
0
0
0
0
0
0
0
0
0
0
0
0
0
0
0
0
0
0
0
0
0
0
0
0
0
0
0
0
0
0
0
0
0
0
0
0
0
0
0
0
0
0
0
0
0
0
0
0
0
0
0
0
0
0
0
0
0
0
0
0
0
0
0
0
0
0
0
0
0
0
0
0
0
0
0
0
0
0
0
0
0
0
0
0
0
0
0
0
0
0
0
0
0
0
0
0
0
0
0
0
0
0
0
0
0
0
0
0
0
0
0
0
0
0
0
0
0
0
0
0
0
0
0
0
0
0
0
0
0
0
0
0
0
0
0
0
0
0
0
0
0
0
0
0
0
0
0
0
0
0
0
0
0
0
0
0
0
0
0
0
0
0
0
0
0
0
0
0
0
0
0
0
0
0
0
0
0
0
0
0
0
0
0
0
0
0
0
0
0
0
0
0
0
0
0
0
0
0
0
0
0
0
0
0
0
0
0
0
0
0
0
0
0
0
0
0
0
0
0
0
0
0
0
0
0
0
0
0
0
0
0
0
0
0
0
0
0
0
0
0
0
0
0
0
0
0
0
0
0
0
0
0
0
0
0
0
0
0
0
0
0
0
0
0
0
0
0
0
0
0
0
0
0
0
0
0
0
0
0
0
0
0
0
0
0
0
0
0
0
0
0
0
0
0
0
0
0
0
0
0
0
0
0
0
0
0
0
0
0
0
0
0
0
0
0
0
0
0
0
0
0
0
0
0
0
0
0
0
0
0
0
0
0
0
0
0
0
0
0
0
0
0
0
0
0
0
0
0
0
0
0
0
0
0
0
0
0
0
0
0
0
0
0
0
0
0
0
0
0
0
0
0
0
0
0
0
0
0
0
0
0
0
0
0
0
0
0
0
0
0
0
0
0
0
0
0
0
0
0
0
0
0
0
0
0
0
0
0
0
0
0
0
0
0
0
0
0
0
0
0
0
0
0
0
0
0
0
0
0
0
0
0
0
0
0
0
0
0
0
0
0
0
0
0
0
0
0
0
0
0
0
0
0
0
0
0
0
0
0
0
0
0
0
0
0
0
0
0
0
0
0
0
0
0
0
0
0
0
0
0
0
0
0
0
0
0
0
0
0
0
0
0
0
0
0
0
0
0
0
0
0
0
0
0
0
0
0
0
0
0
0
0
0
0
0
0
0
0
0
0
0
0
0
0
0
0
0
0
0
0
0
0
0
0
0
0
0
0
0
0
0
0
0
0
0
0
0
0
0
0
0
0
0
0
0
0
0
0
0
0
0
0
0
0
0
0
0
0
0
0
0
0
0
0
0
0
0
0
0
0
0
0
0
0
0
0
0
0
0
0
0
0
0
0
0
0
0
0
0
0
0
0
0
0
0
0
0
0
0
0
0
0
0
0
0
0
0
0
0
0
0
0
0
0
0
0
0
0
0
0
0
0
0
0
0
0
0
0
0
0
0
0
0
0
0
0
0
0
0
0
0
0
0
0
0
0
0
0
0
0
0
0
0
0
0
0
0
0
0
0
0
0
0
0
0
0
0
0
0
0
0
0
0
0
0
0
0
0
0
0
0
0
0
0
0
0
0
0
0
0
0
0
0
0
0
0
0
0
0
0
0
0
0
0
0
0
0
0
0
0
0
0
0
0
0
0
0
0
0
0
0
0
0
0
0
0
0
0
0
0
0
0
0
0
0
0
0
0
0
0
0
0
0
0
0
0
0
0
0
0
0
0
0
0
0
0
0
0
0
0
0
0
0
0
0
0
0
0
0
0
0
0
0
0
0
0
0
0
0
0
0
0
0
0
0
0
0
0
0
0
0
0
0
0
0
0
0
0
0
0
0
0
0
0
0
0
0
0
0
0
0
0
0
0
0
0
0
0
0
0
0
0
0
0
0
0
0
0
0
0
0
0
0
0
0
0
0
0
0
0
0
0
0
0
0
0
0
0
0
0
0
0
0
0
0
0
0
0
0
0
0
0
0
0
0
0
0
0
0
0
0
0
0
0
0
0
0
0
0
0
0
0
0
0
0
0
0
0
0
0
0
0
0
0
0
0
0
0
0
0
0
0
0
0
0
0
0
0
0
0
0
0
0
0
0
0
0
0
0
0
0
0
0
0
0
0
0
0
0
0
0
0
0
0
0
0
0
0
0
0
0
0
0
0
0
0
0
0
0
0
0
0
0
0
0
0
0
0
0
0
0
0
0
0
0
0
0
0
0
0
0
0
0
0
0
0
0
0
0
0
0
0
0
0
0
0
0
0
0
0
0
0
0
0
0
0
0
0
0
0
0
0
0
0
0
0
0
0
0
0
0
0
0
0
0
0
0
0
0
0
0
0
0
0
0
0
0
0
0
0
0
0
0
0
0
0
0
0
0
0
0
0
0
0
0
0
0
0
0
0
0
0
0
0
0
0
0
0
0
0
0
0
0
0
0
0
0
0
0
0
0
0
0
0
0
0
0
0
0
0
0
0
0
0
0
0
0
0
0
0
0
0
0
0
0
0
0
0
0
0
0
0
0
0
0
0
0
0
0
0
0
0
0
0
0
0
0
0
0
0
0
0
0
0
0
0
0
0
0
0
0
0
0
0
0
0
0
0
0
0
0
0
0
0
0
0
0
0
0
0
0
0
0
0
0
0
0
0
0
0
0
0
0
0
0
0
0
0
0
0
0
0
0
0
0
0
0
0
0
0
0
0
0
0
0
0
0
0
0
0
0
0
0
0
0
0
0
0
0
0
0
0
0
0
0
0
0
0
0
0
0
0
0
0
0
0
0
0
0
0
0
0
0
0
0
0
0
0
0
0
0
0
0
0
0
0
0
0
0
0
0
0
0
0
0
0
0
0
0
0
0
0
0
0
0
0
0
0
0
0
0
0
0
0
0
0
0
0
0
0
0
0
0
0
0
0
0
0
0
0
0
0
0
0
0
0
0
0
0
0
0
0
0
0
0
0
0
0
0
0
0
0
0
0
0
0
0
0
0
0
0
0
0
0
0
0
0
0
0
0
