.63073394695918
.80810395876567
.66246177752813
.98318042357763
.67851682504018
.78707951307297
.73241591453552
.80389906962713
.47668195764224
.76949540774027
.6911314924558
.71177371342977
.57301225264867
.72935779889425
.55160550276438
.70871559778849
.60741589466731
.797782878081
.65787460406621
.74044342835744
.52981650829315
.81498471895854
.66246177752813
.88646789391836
.56957185268402
.67813456058502
.52408257126808
.72477064530055
.58486239115397
.72668196757634
.76681959629059
.81192660331726
.52370029687881
.75611621141434
.55963303645452
.68081039190292
.50726299484571
.67240061362584
.45527522762616
.76796634991964
.5569571852684
.6930428147316
.50726300477982
.74388378858566
.47400611639023
.67889908949534
.51414372523626
.65940368175507
.61238533258438
.59097860256831
.58448014656703
.66704891125361
.39143730203311
.64640673001607
.40825687845548
.64717125892639
.48776759703954
.59480122725169
.51414371530215
.577217121919
.39870029687881
.57033640146255
.49006116390228
.72056573629379
.41055046518644
.51414374510447
.47438838084539
.58333333333333
.46521406372388
.68081039190292
.56651375691096
.68119265635808
.43501528104146
.56230888764064
.52790520588557
.57301223278046
.48432721694311
.53707951307297
.46444954474767
.54969418048859
.3704128464063
.62844038009644
.45068806409836
.61238533258438
.3704128464063
.64029051860174
.38073394695918
.56918960809708
.45489296317101
.58830275138219
.46483179926872
.49885320663452
.49999999006589
.59097858270009
.39755351344744
.56039754549662
.47285932302475
.48547400037448
.33677369356155
.43960244456927
.36964831749598
.46521407365799
.36659021178881
.53440368175507
.3998471001784
.51796634991964
.45756880442301
.60779817899068
.34136085708936
.49770642320315
.45603975653648
.56957185268402
.29663608471553
.50840977827708
.43310397863388
.39717124899228
.30160551269849
.48050459225972
.35779816905657
.53402139743169
.32339450716972
.45030581951141
.32912843426069
.44189602136612
.30045871933301
.46406728029251
.22133027513822
.47400611639023
.32912843426069
.48929662505786
.30733944972356
.4044342537721
.37347094217936
.48088685671488
.29243119557699
.37844037016233
.26720183591048
.32186543941498
.25879204273224
.41934249798457
.2748471001784
.30504587292671
.29510703682899
.43081040183703
.34441896279653
.26758409539859
.25611620148023
.38799694180489
.26987767219543
.42660551269849
.2155963331461
.39411314328512
.38188073039055
.3115443388621
.33868500590324
.44036697347959
.19877675672372
.42201833923658
.31995412707329
.37882263461749
.28019877274831
.48012233773867
.29128440221151
.45833333333333
.29701834917068
.41628440221151
.21444954474767
.4273700316747
.29740062355995
.40061161915461
.30045871933301
.49808868765831
.2683486243089
.45336390535037
.34938837091128
.41704892118772
.23012232283751
.37844037016233
.25458715856075
.38646789391836
.27675841252009
.39602446556091
.32377676169078
.4862385292848
.33371559778849
.39640673001607
.28172783056895
.47591742873192
.42087155580521
.54892967144648
.31536697347959
.41475534439087
.22935779889425
.47821101546288
.32989296317101
.4568042854468
.26529052853584
.36697247624397
.32874617973963
.43539755543073
.37385321656863
.45833333333333
.34594801068306
.16513761381308
.34136085708936
.47362385193507
.3658256928126
.46406728029251
.31918960809708
.45489296317101
.28631498416265
.43998470902443
.33983179926872
.38455657164256
.28784404198329
.37423548102379
.26796635985374
.32110092043877
.28707951307297
.50879206260045
.29740061362584
.41972477237384
.31651376684507
.43730886777242
.26949541767438
.35818042357763
.40749235947927
.38264526923498
.31880734364192
.3979357779026
.17584097882112
.44915901621183
.2748471001784
.41207951307297
.4025229314963
.39220183094343
.3887614607811
.44801224271456
.27178898453712
.32530581951141
.2729357779026
.40558103720347
.30772170424461
.42087155580521
.34480121731758
.40825688838959
.32071865598361
.40825688838959
.3050458629926
.33944953481356
.36085626482964
.33448012669881
.27561161915461
.46368500590324
.2729357779026
.34518348177274
.33409786224365
.48050458232562
.3685015241305
.41781346003215
.30122323830922
.40519878268242
.31766055027644
.45565749208132
.4063455760479
.38035168250402
.29357798894246
.42240061362584
.34288990497589
.43577980995178
.375
.3933486243089
.22247706353664
.26911315321922
.3180428147316
.41857798894246
.37194188435872
.37385320663452
.3318042854468
.32989297310511
.25267584125201
.45871558785439
.31574922800064
.36773699522018
.18310397366683
.42775229612986
.33295107881228
.38799694180489
.2610856294632
.37117736538251
.27905198931694
.33868501583735
.30045870939891
.45451070864995
.33868501583735
.42507646481196
.26643730203311
.45107033848763
.25573394695918
.40290519595146
.27714066704114
.45603975653648
.23853211601575
.36506116390228
.29625382026037
.34862386186918
.28249234954516
.47821099559466
.27675840258598
.36888379851977
.30122324824333
.35818042357763
.19571865598361
.44533639152845
.22171253959338
.43081039190292
.26146788398425
.45833333333333
.40825688838959
.41513761878014
.25840977827708
.40099388360977
.35894495248795
.38990826408068
.26490825414658
.36582568287849
.2931957145532
.40825686852137
.28975534439087
.35779816905657
.24273700018724
.34900612632434
.27370030681292
.28516820073128
.35818043351173
.41437307993571
.22400611639023
.21177369852861
.32339449723562
.4613914390405
.24961773554484
.34747705856959
.30045871933301
.38646789391836
.27255352338155
.3272171318531
.27752294143041
.35818042357763
.26567278802395
.35894495248795
.21712538103263
.47821101546288
.33753822247187
.29204892118772
.30160550276438
.38379204273224
.28555046518644
.38226299484571
.35703363021215
.35321100552877
.30733944972356
.35397553443909
.25152905285358
.57530581951141
.28555045525233
.51185015837351
.25496941804886
.36276758710543
.26337920626005
.34518348177274
.30581039190292
.39640672008197
.25420489410559
.36659021178881
.18539755543073
.40672783056895
.26529051860174
.44915902614594
.30198776721954
.44074922800064
.30198775728544
.4365443388621
.36391438047091
.37079510092735
.26529051860174
.36353211601575
.26337920626005
.33333333333333
.35282874107361
.50229357679685
.26987767219543
.35129969318708
.36735473076502
.50305809577306
.3069571852684
.28516819079717
.30772171417872
.35474006334941
.30122323830922
.51070336500804
.23509174088637
.48088685671488
.26261467734973
.43501529097557
.18730886777242
.45298164089521
.2182721743981
.39449540774028
.26681957642237
.41896024346352
.23585626979669
.37729357679685
.27370030681292
.42660551269849
.29090213775635
.40175841252009
.32186544934909
.32912843426069
.27561161915461
.30963302652041
.29854740699132
.42163608471553
.31536697347959
.38264525930087
.30045871933301
.50726299484571
.32454129060109
.32951070864995
.28172783056895
.38379206260045
.2886085609595
.45030580957731
.28058103720347
.5064984758695
.35550458232562
.49464831749598
.28899082541466
.41055045525233
.27217125395934
.38455657164256
.30045870939891
.38111621141434
.37844036022822
.43501529097557
.31116207440694
.44342506925265
.23203364014626
.25802752375603
.28325687845548
.38685014843941
.26070335507393
.36047400037448
.21941896279653
.42775230606397
.26032110055288
.41666666666667
.32759938637416
.49617737531662
.29243119557699
.40596331159274
.44266054034233
.46024464567502
.29166666666667
.42851682504018
.32759938637416
.3612385292848
.32683485746384
.2568807353576
.28746177752813
.37232414881388
.35550459225972
.42431192596753
.3612385292848
.29663608471553
.36314984162649
.45298165082932
.34021406372388
.36659021178881
.26873088876406
.45642202099164
.31498471895854
.36429662505786
.28899082541466
.2977828681469
.23814984659354
.34250764052073
.29740060369174
.34212537606557
.29166666666667
.41781346003215
.37538226445516
.32836391528447
.27637614806493
.33753822247187
.33792047699292
.38188074032466
.30772170424461
.39296635985374
.32454128066699
.48241589466731
.33983179926872
.39373088876406
.30313455065091
.36238532265027
.27866972486178
.35091742873192
.12079510837793
.40634556611379
.33256880442301
.3887614607811
.34671253959338
.44992354512215
.23585626482964
.3226299683253
.28211008509
.36620794733365
.27599388360977
.42163608471553
.21903669834137
.47821100552877
.31651375691096
.47897552450498
.3566513756911
.41016819079717
.3207186460495
.2977828681469
.30122324824333
.43004587292671
.35932722687721
.37805810570717
.23241589963436
.43081039190292
.21368501583735
.36620795726776
.28211008509
.47056575616201
.30428134401639
.4457186460495
.34824158747991
.47668195764224
.2859327296416
.36697247624397
.27370030184587
.41513760884603
.27217125892639
.32377676169078
.24159022172292
.43157493074735
.28249234954516
.46674312154452
.36276757717133
.26911314328512
.32568807403247
.38149846593539
.28669724861781
.41207951307297
.28593271970749
.37844037016233
.36200305819511
.34709479411443
.44839448730151
.29854739705722
.32492354512215
.54740061362584
.327217121919
.47591743866603
.29931192596753
.39373088876406
.30007645487785
.40787461400032
.25955657660961
.51911314328512
.26720184087753
.45298166076342
.33256880442301
.422782878081
.22782874604066
.35588684678078
.32454129060109
.28363915284475
.29204893112183
.38035167256991
.2931957244873
.41628440221151
.27025993665059
.35244647661845
.33333334326744
.36047400037448
.35703364014626
.40481650829315
.30198776721954
.46788990497589
.24579511086146
.48853210608164
.32798165082932
.31422018011411
.2389143705368
.39411314328512
.33409786224365
.48279815912247
.22897553443909
.51605503757795
.36888379851977
.53784404198329
.25993883609772
.33218653996785
.3088685075442
.45795106887817
.15328746040662
.33715595801671
.29854740699132
.40022935469945
.26032109061877
.44036697347959
.48012231787046
.39755351344744
.25840978324413
.47553517421087
.31269113222758
.4292813539505
.21636085708936
.3933486243089
.27905198931694
.37194189429283
.2977828681469
.47782875100772
.45030580957731
.35168195764224
.26529051860174
.35856268803279
.28860857089361
.4659785926342
.31001529097557
.42966360847155
.34441895286242
.34938838084539
.27637614806493
.30084097385406
.33983179926872
.50611620148023
.28363914291064
.4384556611379
.4044342537721
.35588685671488
.31574923793475
.35894496242205
.20718653996785
.30389908949534
.24197247624397
.42507645487785
.21368502080441
.45871559778849
.38761467734973
.4457186460495
.40596330165863
.37576452891032
.29854740699132
.40672783056895
.32339449723562
.46100917458534
.33142201105754
.31536697347959
.27714066704114
.41704893112183
.26452599962552
.56345564126968
.29128441214561
.34671252965927
.30848624308904
.29931192596753
.31460244456927
.46292047699293
.34824158747991
.33486238121986
.31880734364192
.49961772561073
.36620794733365
.63264524936676
.46444953481356
.53402141729991
.20756880939007
.38532110055288
.32033639152845
.49273700515429
.27599389354388
.45833333333333
.20642202099164
.36850153406461
.23967890441418
.38417431712151
.19839449723562
.41093271970749
.34059632817904
.39908256133397
.27484709024429
.39525993665059
.29510703682899
.39946483572324
.28211009502411
.35779816905657
.29816513260206
.46521406372388
.28134555617968
.34977064530055
.26261468728383
.36200305819511
.3318042755127
.45489297310511
.24808868269126
.46521406372388
.36353211601575
.3730886777242
.34365443388621
.39755351344744
.39067278305689
.375
.27522934476535
.4155198832353
.30389908949534
.33906728029251
.28707952300707
.41857797900836
.26529051860174
.40672784050306
.32186543941498
.41169724861781
.26261467238267
.57568808396657
.29625383019447
.37767584125201
.27561161915461
.36659021178881
.32454128066699
.36429663499196
.40672783056895
.43960244456927
.25305811067422
.36238532265027
.3134556611379
.37499999006589
.31269113222758
.39487768212954
.28478592634201
.34327216943105
.41284404198329
.40558103720347
.31651376684507
.39220184087753
.25535168250402
.37347095211347
.20298165082932
.41207950313886
.39067278305689
.33295105894407
.32683486739794
.36888378858566
.30045871933301
.4568042755127
.3115443388621
.30848623315493
.3161314924558
.4476299683253
.37805809577306
.38799693187078
.32301222284635
.43577980995178
.3344801167647
.32301222284635
.24426605800788
.43157492081324
.28899083534877
.32110092043877
.44801223278046
.3906727830569
.37958716352781
.33983179926872
.2591743071874
.40825687845548
.28478592634201
.42545871933301
.27790520588557
.41513761878014
.34136085708936
.35282874107361
.26720184087753
.34824159741402
.33409786224365
.3860856294632
.34824158747991
.44610092043877
.27140673001607
.45489296317101
.19418960313002
.42048930128415
.26299694677194
.46330275138219
.35244648655256
.3455657462279
.3566513756911
.39487768212954
.35932721694311
.42813456058502
.30045870939891
.31230886777242
.23432721197605
.37155963977178
.25458716352781
.4109327296416
.26108563443025
.42966360847155
.43233943978945
.39755352338155
.33295107881228
.29510703682899
.41399082541466
.46941896279653
.38646789391836
.43004587292671
.33486238121986
.26146789391836
.33256880442301
.46712537606557
.30810397863388
.33256880442301
.33218653996785
.37767584125201
.23394495248795
.32874616980553
.34097858270009
.34938838084539
.25688074032466
.44648318489393
.31422019004822
.4273700316747
.31154434879621
.38035168250402
.30275228619575
.41896025339762
.29013760884603
.43577980995178
.28516820073128
.46100917458534
.23700305819511
.34441896279653
.29090213775635
.36544342835744
.24197248121103
.36047401030858
.29128440221151
.54931191603343
.27599388360977
.38264525930087
.28975535432498
.28249234954516
.27675841252009
.41475535432498
.20871559282144
.47094801068306
.31230886777242
.38723241289457
.19610091547171
.35321100552877
.30275229612986
.33333334326744
.40099388360977
.38493883609772
.28134556611379
.52522935469945
.25000000496705
.43769114216169
.25229357679685
.40405198931694
.2610856294632
.2931957244873
.29548929135005
.4633027613163
.35359326998393
.45833333333333
.35512231787046
.32683486739794
.30657492081324
.33142202099164
.25191130737464
.45565749208132
.20871559778849
.30542813738187
.34594801068306
.43463302652041
.2683486243089
.38990825414658
.39564220110575
.43960245450338
.30045870939891
.29013760884603
.32110092043877
.40252294143041
.33218653996785
.55466359853745
.30925077199936
.36850153406461
.24655963480473
.4116972386837
.375
.45527522762616
.37920489907265
.33868501583735
.23891437550386
.28516819079717
.29969419042269
.38952599962552
.3023700316747
.39984709024429
.20412843922774
.36085626482964
.36276758710543
.45336390535037
.2702599465847
.32607032855352
.34900611639023
.40137615799904
.24311926960945
.35626911123594
.27255351344744
.4338685075442
.31460243463516
.41246176759402
.31039755543073
.34900610645612
.31077980995178
.35932721694311
.36391438047091
.43539755543073
.26758409539859
.41093271970749
.33409786224365
.40596330165863
.24923547605673
.32912844419479
.38761467734973
.42813455065091
.30619265635808
.48853209614754
.26911314825217
.38990825414658
.27714066704114
.44113150238991
.33256881435712
.32148318489393
.30198775728544
.24273700515429
.28287462393443
.3612385292848
.23470947643121
.44533639152845
.22515290478865
.34518348177274
.31039754549662
.37844036022822
.32454129060109
.35512231787046
.32874617973963
.52714065710704
.25
.42125382026037
.25344037016233
.46521406372388
.24885321160158
.36085626482964
.34441896279653
.24388379355272
.28707951307297
.50726301471392
.24655963480473
.4162843922774
.29166667660077
.31727829575539
.29204893112183
.55772169431051
.29357798894246
.46024464567502
.31422018011411
.41857797900836
.34059633811315
.34059632817904
.33868500590324
.40443424383799
.25038226445516
.42201834917068
.21521406372388
.37576452891032
.26949541767438
.46865443388621
.36659021178881
.31383792559306
.31766055027644
.46406728029251
.31574923793475
.51949541767438
.41972477237384
.36582568287849
.35474006334941
.31804280479749
.29243119557699
.46062691013018
.29625382026037
.38532110055288
.33333333333333
.35970948139826
.28784404198329
.43463302652041
.35321100552877
.29128441214561
.10856269051631
.33218653996785
.35818043351173
.49847093224525
.36926605304082
.34938838084539
.40825687845548
.2886085609595
.2729357779026
.45183486739794
.24426604807377
.40863914291064
.32339448730151
.38073393702507
.38493883609772
.43845565120379
.26605504751205
.45107034842173
.2568807353576
.33448012669881
.28019877274831
.47133027513822
.25955657660961
.39755351344744
.31192660331726
.43922017018
.26070336500804
.43348623315493
.40787462393443
.39717124899228
.30313456058502
.25802751878897
.30504587292671
.33830275138219
.37003058195114
.39296635985374
.34518348177274
.45145260294278
.25305811067422
.51070335507393
.4246942003568
.41666665673256
.31536697347959
.44495412707329
.22171253959338
.43042812744776
.24885321160158
.3814984758695
.29243119557699
.40061161915461
.43577980995178
.3814984758695
.32339450716972
.30084097385406
.23470947643121
.4862385392189
.25688074032466
.39755351344744
.42545871933301
.35818043351173
.23967889944712
.32683486739794
.31422017018
.53440366188685
.32530580957731
.41055046518644
.2454128464063
.32607032855352
.35932721694311
.40099388360977
.40672783056895
.37691131234169
.33103975653648
.39525993665059
.31727828582128
.42354739705722
.31230887770653
.29243118564288
.31001529097557
.4384556611379
.41590213775635
.38226300477982
.21521406869094
.34900611639023
.27714066704114
.44915901621183
.38685014843941
.38990825414658
.37729357679685
.39487767219543
.33983180920283
.36659021178881
.32645260294278
.50038225452105
.4300458629926
.28440367182096
.2931957244873
.40863914291064
.2931957244873
.43692660331726
.37844036022822
.37079511086146
.28975535432498
.41513760884603
.27522936463356
.40290519595146
.29090214769046
.41169724861781
.25802752375603
.40175841252009
.25535168250402
.34288990497589
.24197248121103
.30925077199936
.39105503757795
.47018349170685
.34824158747991
.42737004160881
.29013761878014
.45909785230954
.40519877274831
.45986238121986
.29548930128415
.49694188435872
.28363914291064
.37958716352781
.26643731196721
.33524464567502
.32224770387014
.32110092043877
.32989297310511
.47171253959338
.29892966151237
.2813455760479
.28325687845548
.36047400037448
.42431193590164
.45336391528447
.27981651822726
.50496940811475
.21024464567502
.44610092043877
.32224771380424
.4273700316747
.35626910130183
.37194190422694
.23814984659354
.34900610645612
.31880733370781
.43195717533429
.31995411713918
.46827216943105
.35244648655256
.41093271970749
.32912843426069
.34327217936516
.34174312154452
.45068806409836
.24808868269126
.45756880442301
.40787462393443
.47629969318708
.37232415874799
.48126911123594
.265672792991
.40481650829315
.29472477237384
.36238533258438
.25879205266635
.41093271970749
.35435780882835
.34977063536644
.32607033848763
.5634556611379
.40558102726936
.48356268803279
.34709479411443
.47438838084539
.25573393702507
.31077980995178
.30925077199936
.40328746040662
.35474006334941
.35244648655256
.24961773057779
.42010703682899
.31230886777242
.35091742873192
.40978592634201
.38990825414658
.3547400534153
.46406728029251
.297782878081
.40099388360977
.31039754549662
.48012232780457
.32645260294278
.32339449723562
.35244648655256
.50535168250402
.3272171318531
.3730886777242
.41475534439087
.4633027613163
.4705657462279
.40099389354388
.40787462393443
.50191130240758
.26643730700016
.4449541370074
.3612385292848
.24617737034957
.28211009502411
.32568807403247
.15405198434989
.26643731196721
.34288991491
.25535167753696
.23241589963436
.36620794733365
.32033639152845
.40711009502411
.27025993665059
.30275229612986
.11314984659354
.31116207440694
.34441895286242
.16704893112183
.23547400534153
.32951070864995
.25573394695918
.29740061362584
.25038225948811
.21674312154452
.28058103720347
.25535167753696
.23318043351173
.33142202099164
.24273700018724
.26108562449614
.24541283647219
.27866972486178
.30160551269849
.27637614806493
.27905197938283
.31651376684507
.22171253959338
.24006115893523
.23547400534153
.3704128464063
.30313455065091
.25458715856075
.26949540774028
.28058103720347
.27599388360977
.27484709024429
.24847094217936
.21941895782948
.26299694180489
.22133027513822
.20680428047975
.29854739705722
.23470947643121
.27064220110575
.23241590460141
.2859327296416
.20756880939007
.30848623315493
.16819571952025
.17392966151237
.20030580957731
.2866972386837
.27446482578913
.14296635488669
.31077981988589
.2591743071874
.3069571852684
.188837920626
.23318042357763
.30542812744776
.33295106887817
.22591743369897
.31345565120379
.32874617973963
.30428134401639
.23662079870701
.33562692006429
.25611621638139
.24694189429283
.32415901621183
.26299693187078
.27714067697525
.17240061362584
.22591742873192
.34633028507233
.2045107036829
.20986238618692
.23738531768322
.18998470902443
.33677370349566
.26299694180489
.33256881435712
.20221712688605
.21292049189409
.2205657462279
.32798165082932
.31727828582128
.23126911123594
.19839449723562
.23547400534153
.18272170921167
.22591743369897
.22018348673979
.27370030681292
.22324159244696
.25344036519527
.23050458729267
.2389143705368
.23623853425185
.29587156077226
.32683486739794
.30160550276438
.20451070864995
.21788990994294
.27255351344744
.3069571852684
.23241589963436
.23623853425185
.20986238618692
.24503057698409
.21483179926872
.2637614707152
.28211009502411
.25344037016233
.22974006334941
.25305810570717
.20909786224365
.30925076206525
.19533639152845
.30084097385406
.17240060865879
.27140673001607
.20221712688605
.25191131234169
.20145260294278
.30389907956123
.2931957244873
.27064221103986
.18310397366683
.26873087882996
.21177369852861
.27522935469945
.19610091547171
.27675840258598
.18386849761009
.21062691013018
.2633792112271
.27408256133397
.17851682007313
.36620794733365
.19686544438203
.28019878268242
.20948012173176
.24503058195114
.25305810074011
.30160550276438
.19724771380424
.26223241289457
.26299694180489
.29434250791868
.24082568784555
.31230885783831
.17928134401639
.18998470902443
.24579511086146
.25840978821119
.1590214073658
.28325688838959
.1930428147316
.24885321160158
.13837920626005
.18998470902443
.26796636978785
.26605504751205
.22171253959338
.18539755046368
.22324158747991
.16972477237384
.27064220110575
.22438837587833
.20145260294278
.22438838084539
.1769877721866
.19151376187801
.1980122278134
.31307339668274
.20030580957731
.25000000496705
.21215596298377
.23012232283751
.21865443885326
.24847094217936
.20030581454436
.19418960313002
.17737002670765
.21139143407345
.15519877771537
.31957187255224
.1999235500892
.24732415874799
.20527523259322
.27293578783671
.17698776225249
.20145259797573
.13379204769929
.27255351344744
.19686544438203
.29396024346352
.27408257126808
.20221712688605
.2182721743981
.2522935718298
.19113149742285
.20489296317101
.22515290478865
.20412844419479
.15978593130906
.21980122228463
.25191131730874
.24159021675587
.17087156077226
.23318042854468
.20948012173176
.21636085212231
.2522935817639
.22706421713034
.21330275138219
.20030580957731
.20756880939007
.20145259797573
.21215596795082
.26223241289457
.22591743369897
.26185015837351
.17010703186194
.26490825414658
.21406727532546
.2385321110487
.23470948139826
.19380733867486
.19418960313002
.2931957244873
.2637614707152
.28325687845548
.22477064530055
.26452599962552
.22400611639023
.20948012173176
.21597859760125
.15787461400032
.23126911620299
.21941896279653
.19533639152845
.27599387367566
.21024464567502
.24885321160158
.21712538103263
.31039755543073
.14602446556091
.13608562449614
.16972476740678
.18998470902443
.19227829078833
.19877675672372
.22018348673979
.22400611639023
.1819571852684
.2775229314963
.12041284392277
.18730886777242
.17240060865879
.22859326998393
.23088685174783
.16055045525233
.21636085212231
.17622323830922
.19189602633317
.22018348673979
.14908257126808
.22859326998393
.2454128464063
.22171253959338
.14258409539859
.23470948139826
.16666666169961
.18042813738187
.12538226445516
.38914373517036
.21674311657747
.21674312154452
.24350152909756
.1567278256019
.18386850257715
.21865443388621
.16322630147139
.25458715856075
.15596330165863
.2113914390405
.13340978324413
.16131498416265
.21941896279653
.24350152909756
.25649846593539
.23050458729267
.18845565617085
.2155963331461
.17469418545564
.17775229116281
.16475534935792
.19954128563404
.19648318489393
.21444954474767
.16513761381308
.26032110055288
.18577981491884
.23241590460141
.20756880442301
.20412843922774
.22477064033349
.25611620644728
.20680428047975
.30007645487785
.19418960313002
.19610092043877
.19036697347959
.19954128563404
.27217125892639
.17316513260206
.16055046021938
.22553516427676
.16666667163372
.21215596298377
.16743119060993
.24808868765831
.20527523259322
.23929663499196
.19954128563404
.24503057698409
.17316513260206
.20068807899952
.21330275634925
.24235474566619
.18960244456927
.17125382026037
.21559632817904
.2931957145532
.1479357779026
.25038226942221
.2045107036829
.19610091547171
.29931193590164
.32415902614594
.22668195764224
.266055042545
.18960244953632
.26529051860174
.19648317495982
.19418960313002
.21292048692703
.1930428147316
.15022935469945
.18883792559306
.14717125395934
.18463302652041
.20489296813806
.20565749208132
.27637613813082
.24923547605673
.18883791565895
.25076452891032
.15328746040662
.23623853425185
.20565748711427
.2526758313179
.24808868765831
.25458715856075
.17889908452829
.21980122228463
.20107033848763
.25573395192623
.22859326998393
.2113914390405
.20374617973963
.16666666169961
.23394495248795
.17737002670765
.19954128563404
.19151376187801
.2637614707152
.29281346003215
.18425076206525
.16207951307297
.2159785926342
.24159021675587
.25955657164256
.27752294143041
.17240061362584
.25420489907265
.16743119557699
.19648317992687
.1819571852684
.27905198931694
.16743119557699
.18157492081324
.14831804235776
.26873088876406
.20374617973963
.25879205266635
.1636085609595
.27293578783671
.22515290478865
.19380733867486
.14143730700016
.23318042357763
.17928134401639
.20107033848763
.1360856294632
.2270642220974
.17316513756911
.18922018508116
.15175840755304
.22515290478865
.24044342339039
.31613150238991
.35321100552877
.297782878081
.23394495248795
.22974006334941
.23241589963436
.13761468231678
.21980122228463
.19648317992687
.25191131234169
.25305809577306
.13073394695918
.28172783056895
.20489296813806
.26796635985374
.3042813539505
.30619265635808
.2045107036829
.27637613813082
.19915902614594
.25382263461749
.20795107384523
.37691131234169
.24808868765831
.20795107384523
.26223241289457
.30160550276438
.26070336500804
.20412843922774
.22209480404854
.33409786224365
.2454128464063
.27714067697525
.22209480404854
.22209479908148
.2270642220974
.25688073039055
.27064220110575
.34288990497589
.22859326998393
.32683485746384
.30542813738187
.40749234954516
.30466360847155
.31689603130023
.3887614707152
.32874617973963
.37576452891032
.27446483572324
.31422019004822
.31766056021055
.21024464567502
.08103975405296
.27064220110575
.23432721694311
.26796635985374
.36582568287849
.28937307993571
.35894495248795
.21024465064208
.32759939630826
.23891437550386
.31460244456927
.36162079373995
.34900611639023
.30045870939891
.30466360847155
.359327207009
.22515290478865
.2431192646424
.33142201105754
.40863915284475
.31689602136612
.35282874107361
.40672783056895
.33753822247187
.41016820073128
.27675840258598
.40863914291064
.37538226445516
.3933486243089
.37652904788653
.390672792991
.4889143705368
.49694190422694
.4338685075442
.42545870939891
.41246176759402
.58027523756027
.48241589466731
.65443426370621
.52828745047251
.53249236941338
.67775229612986
.72629970312119
.57530580957731
.65443424383799
.51873089869817
.85512230793635
.59480121731758
.67431191603343
.77561161915461
.89946480592092
.90863917271296
.90519879261653
.99197248617808
1.0581039587657
1.2010703086853
1.1853975256284
1.4288990894953
1.3214832146962
1.389143705368
1.3964067300161
1.6112385590871
1.4529816309611
1.5439602533976
1.4950306018194
1.6322629451752
1.9621559778849
1.5703363815943
1.7228593826294
2.1651375691096
2.0795106887817
2.1120030879974
2.1792813142141
1.9675076405207
1.9097859462102
2.0707186063131
2.4885321458181
2.280580997467
2.3046636184057
2.4181957244873
2.9170489311218
2.5248471895854
2.6571101347605
3.0275229612986
3.0324923992157
2.6876910527547
2.7419725259145
2.8658256530762
2.8081040382385
3.0133792559306
3.2981651624044
3.3650611241659
3.6651376883189
3.3119265238444
3.7102445761363
3.2706421216329
3.341743071874
3.8207186857859
3.566131512324
3.8126910527547
2.4912079970042
3.9392201900482
3.9006117184957
4.1108562151591
3.9950305620829
3.8207186857859
4.4357798099518
4.2373853524526
4.6727828979492
4.3096330165863
4.7282110850016
4.4835627873739
4.8425076802572
5.1334098180135
4.6089448928833
4.9292813936869
4.6357032457987
4.7171252568563
5.1070337295532
4.9197247823079
5.3138378461202
5.3765290578206
3.6788991292318
5.2733181317647
5.3448012669881
5.1525230407715
5.0129969914754
5.3012231190999
5.0649846394857
5.5435779889425
5.2821100552877
5.1349388758341
5.6597859064738
5.4564218521118
5.223623752594
5.8784403800964
6.082568804423
5.4246940612793
6.2347094217936
5.4873852729797
6.0225534439087
6.0577217737834
5.7094801266988
5.9422782262166
5.9713303248088
6.584862391154
6.2702598571777
5.7744649251302
6.2610856691996
6.160932858785
5.2553517023722
5.8616207440694
6.1995412508647
6.4097859064738
6.2064220110575
5.8707950909932
6.2870794932048
6.5902140935262
6.5003822644552
6.6571100552877
6.6269113222758
6.8100153605143
6.4961771965027
6.372706413269
6.9388380050659
6.0275228818258
6.6066514650981
6.3004587491353
6.4560399055481
6.5840978622437
6.2511466344198
6.1368501981099
6.6689602533976
6.242736975352
7.023317972819
6.5374617576599
6.7029817899068
6.2240063349406
6.7144495646159
6.5951835314433
6.7779053052266
6.0730120340983
6.7916666666667
6.1636085510254
6.4407493273417
6.2488532066345
6.3375382423401
6.3054281870524
6.0156728426615
5.997706413269
6.2457949320475
5.8906726837158
6.1869265238444
5.8440367380778
6.0110856691996
6.1983944574992
5.0214066505432
6.2362384796143
6.2110091845194
6.1334098180135
5.7897553443909
5.4296634991964
5.6662842432658
5.6303517023722
5.2886085510254
5.5042049090068
5.6322628657023
5.5496940612793
5.4426604906718
4.9560397466024
5.1104739507039
5.5374617576599
4.9957949320475
5.71062707901
5.0787461598714
4.5470183690389
4.9583331743876
4.207186460495
4.2385321458181
4.5626912117004
4.3027524153392
4.4743882815043
4.3119266033173
4.3249235153198
4.0149082342784
4.540137608846
4.0573394298553
3.5477828979492
4.0519877274831
3.3149847189585
3.4912079175313
3.2725535233816
3.5718654791514
3.5279051462809
3.2236238320669
2.9113149642944
2.9908256530762
2.8054281075795
2.5493119557699
2.575688123703
2.5217889944712
2.2931957244873
2.0733944972356
1.9839449326197
1.6467889547348
1.7821100950241
1.4590979019801
1.7136849959691
1.4204893112183
1.2457950909932
1.146788974603
.96750764052073
.62003058195114
.72859326998393
.70718653996785
1.0573394695918
.49770642320315
.86888378858566
.68692660331726
.76796636978785
.61429663499196
.72209479411443
.61467889944712
.65137614806493
.71750764052073
.52905199925105
.38226300477982
.48126911123594
.48929663499196
.65252294143041
.47935780882835
.64029053846995
.63646789391836
.56460245450338
.49694190422694
.42660550276438
.4927370150884
.6112385392189
.46177369356155
.49426605304082
.5110856393973
.3337156077226
.51070336500804
.55160550276438
.47324158747991
.43157493074735
.43004587292671
.39067278305689
.55504588286082
.45833333333333
.49961773554484
.46444953481356
.38493883609772
.33027522762616
.37920488913854
.58792048692703
.40596330165863
.39029051860174
.34288991491
.37805810570717
.45298166076342
.56766057014465
.36506116390228
.37538225452105
.4044342537721
.45527522762616
.28975535432498
.34862385193507
.43272171417872
.39029051860174
.26376147568226
.37882263461749
.32186543941498
.31460244456927
.37767584125201
.28555045525233
.37347096204758
.36964831749598
.38111621141434
.44839449723562
.38570336500804
.33065750201543
.34900611639023
.31307339668274
.47094802061717
.32339449723562
.28249235947927
.38685015837351
.30313456058502
.31727828582128
.32415901621183
.28822630643845
.25802752375603
.27981651822726
.23814985156059
.28860855102539
.32836391528447
.32798165082932
.25611621141434
.33715595801671
.28172782063484
.27522935469945
.27370030681292
.2362385292848
.19839449226856
.30007644494375
.28287461400032
.24732415874799
.25267584621906
.2045107036829
.29357797900836
.24235474069913
.2729357779026
.23318042854468
.17010703186194
.29281346003215
.27331804235776
.3226299683253
.36659021178881
.26223242282867
.27637614806493
.22668196260929
.17392966151237
.31077981988589
.28937308986982
.25229357679685
.31613150238991
.2431192646424
.26490825414658
.2683486243089
.30428134401639
.30084097385406
.25802751878897
.34327216943105
.28822630643845
.28746177752813
.27140673001607
.26681956648827
.30045871933301
.28172783056895
.26643731196721
.27255351344744
.29587155580521
.26070336500804
.2610856294632
.23967889448007
.25229357679685
.28707950313886
.29625382026037
.29090213775635
.2389143705368
.30045870939891
.19571866095066
.36735474069913
.31880734364192
.32759938637416
.30160551269849
.29128440221151
.18769112726053
.32492354512215
.2270642220974
.3023700316747
.27484709024429
.28937307993571
.21674312154452
.31727828582128
.29281346003215
.29396025339762
.29663608471553
.24120795230071
.28784403204918
.30542813738187
.2905198832353
.2683486243089
.25802751878897
.26987767219543
.22668195764224
.23929663995902
.25764525930087
.25076453387737
.31727828582128
.21597858766715
.28516819079717
.30542813738187
.28211009502411
.3023700316747
.33906728029251
.23700305819511
.22133027017117
.23814984659354
.31842507918676
.22935779889425
.27331804235776
.2840214073658
.27790519595146
.32530580957731
.30351682504018
.16284403701623
.24006116390228
.33600916465123
.30733943978945
.24808868269126
.26490826408068
.29548929135005
.25649846593539
.35970948139826
.23662079373995
.327217121919
.20068807403247
.22094801068306
.26643731196721
.25535168747107
.29396024346352
.40940367182096
.33677370349566
.36964831749598
.2729357779026
.28096330165863
.31077981988589
.22897553443909
.40022935469945
.30313455065091
.29281345009804
.3115443388621
.27446483572324
.34900611639023
.29931192596753
.28631498416265
.41743119557699
.32110092043877
.3134556611379
.23126911123594
.2110091795524
.23814984659354
.26223240792751
.30466360847155
.3723241686821
.34633028507233
.36467888951302
.21559632817904
.25649847090244
.48241590460141
.37423547108968
.23394495248795
.28058103720347
.22324158747991
.3566513856252
.32110092043877
.18769113719463
.32989297310511
.25420489907265
.3566513756911
.31651375691096
.33524464567502
.23050458729267
.22247706353664
.32798165082932
.28707950313886
.24541284143925
.33065749208132
.34288991491
.33677370349566
.29128440221151
.25879204273224
.35779816905657
.37461773554484
.31536696354548
.30733944972356
.34480121731758
.34212537606557
.36620794733365
.38685014843941
.26146788398425
.30657492081324
.31842506925265
.33600917458534
.30581040183703
.22018348673979
.34824158747991
.30313457051913
.30542813738187
.29625383019447
.34174312154452
.35741590460141
.3612385292848
.29090213775635
.28363914291064
.35932721694311
.30313455065091
.47133027513822
.29854740699132
.31192660331726
.33677370349566
.35321100552877
.2886085609595
.32110092043877
.30772171417872
.22974006334941
.29243119557699
.33065749208132
.32568807403247
.37576451897621
.32568807403247
.3952599465847
.33256880442301
.23432721197605
.42928134401639
.33027522762616
.29854740699132
.33944954474767
.36582568287849
.42240061362584
.39143730203311
.35856268803279
.34785933295886
.34365444382032
.27752294143041
.39564221103986
.36582568287849
.35397554437319
.37996941804886
.41704894105593
.34174311161041
.42469419042269
.35970947146416
.32607033848763
.34518348177274
.2794342537721
.3639143705368
.40366972486178
.33753822247187
.30657492081324
.3639143705368
.27790519595146
.46903669834137
.38073394695918
.32607033848763
.35932721694311
.32148317495982
.34250764052073
.4430428147316
.3344801167647
.40099387367566
.32607032855352
.37385320663452
.41207951307297
.31039755543073
.36047401030858
.2683486243089
.31039755543073
.30963302652041
.34709479411443
.37576451897621
.375
.33792048692703
.33792049686114
.37461773554484
.24579510092735
.3887614607811
.39946482578913
.4181957145532
.41475535432498
.32874617973963
.42775228619575
.3685015241305
.29740061362584
.29969418048859
.41399082541466
.33983179926872
.31230885783831
.40596330165863
.46215595801671
.39181957642237
.38990826408068
.42201834917068
.42240061362584
.26873087882996
.46674311161041
.4862385392189
.51108560959498
.4403669834137
.40290520588557
.46215595801671
.35703364014626
.46368500590324
.4181957145532
.48891438047091
.4862385292848
.51032112042109
.47897553443909
.46483180920283
.42010703682899
.41246177752813
.52293578783671
.40863915284475
.4751528998216
.44877676169078
.50191131234169
.5726299683253
.3566513756911
.45871559778849
.37308868765831
.4613914390405
.58486239115397
.49388378858566
.4430428147316
.51987767219543
.34059633811315
.42851682504018
.46521406372388
.38455657164256
.47133028507233
.52905199925105
.58868503570557
.49617737531662
.40672783056895
.39831803242366
.37079511086146
.53363913297653
.47744648655256
.59097858270009
.52790520588557
.58295106887817
.44992354512215
.55313456058502
.45795106887817
.56345564126968
.54357796907425
.45412843426069
.45259938637416
.47362385193507
.58944954474767
.55542812744776
.49694190422694
.59785932302475
.577217121919
.4724770685037
.50573394695918
.48050458232562
.53287462393443
.50955658157667
.59518349170685
.60091743866603
.53899083534876
.50764526923498
.68501530090968
.46980121731758
.5581039985021
.57989297310511
.53937309980392
.55733942985535
.58600916465123
.58371559778849
.46559632817904
.62958713372548
.61620793739955
.58486239115397
.59480122725169
.56001530090968
.50649845600128
.59288990497589
.57607032855352
.60091743866603
.56192660331726
.51720182100932
.52599390347799
.49311924974124
.69801223278046
.68463303645452
.63570336500804
.66016819079717
.52561161915461
.5451070467631
.64334863424301
.53746177752813
.65825686852137
.56957185268402
.52522937456767
.5183486143748
.57607032855352
.60053517421087
.62385322650274
.577217121919
.53822630643845
.65252294143041
.62767585118612
.60435779889425
.60435779889425
.68692662318548
.54854740699132
.53707951307297
.63340977827708
.64984709024429
.57683487733205
.58256880442301
.52752294143041
.59480120738347
.65863915284475
.59288988510768
.70833333333333
.66437309980392
.68807339668274
.66781346003215
.51720184087753
.54892965157827
.69304279486338
.58027523756027
.67201834917068
.59441896279653
.60626910130183
0
0
0
0
0
0
0
0
0
0
0
0
0
0
0
0
0
0
0
0
0
0
0
0
0
0
0
0
0
0
0
0
0
0
0
0
0
0
0
0
0
0
0
0
0
0
0
0
0
0
0
0
0
0
0
0
0
0
0
0
0
0
0
0
0
0
0
0
0
0
0
0
0
0
0
0
0
0
0
0
0
0
0
0
0
0
0
0
0
0
0
0
0
0
0
0
0
0
0
0
0
0
0
0
0
0
0
0
0
0
0
0
0
0
0
0
0
0
0
0
0
0
0
0
0
0
0
0
0
0
0
0
0
0
0
0
0
0
0
0
0
0
0
0
0
0
0
0
0
0
0
0
0
0
0
0
0
0
0
0
0
0
0
0
0
0
0
0
0
0
0
0
0
0
0
0
0
0
0
0
0
0
0
0
0
0
0
0
0
0
0
0
0
0
0
0
0
0
0
0
0
0
0
0
0
0
0
0
0
0
0
0
0
0
0
0
0
0
0
0
0
0
0
0
0
0
0
0
0
0
0
0
0
0
0
0
0
0
0
0
0
0
0
0
0
0
0
0
0
0
0
0
0
0
0
0
0
0
0
0
0
0
0
0
0
0
0
0
0
0
0
0
0
0
0
0
0
0
0
0
0
0
0
0
0
0
0
0
0
0
0
0
0
0
0
0
0
0
0
0
0
0
0
0
0
0
0
0
0
0
0
0
0
0
0
0
0
0
0
0
0
0
0
0
0
0
0
0
0
0
0
0
0
0
0
0
0
0
0
0
0
0
0
0
0
0
0
0
0
0
0
0
0
0
0
0
0
0
0
0
0
0
0
0
0
0
0
0
0
0
0
0
0
0
0
0
0
0
0
0
0
0
0
0
0
0
0
0
0
0
0
0
0
0
0
0
0
0
0
0
0
0
0
0
0
0
0
0
0
0
0
0
0
0
0
0
0
0
0
0
0
0
0
0
0
0
0
0
0
0
0
0
0
0
0
0
0
0
0
0
0
0
0
0
0
0
0
0
0
0
0
0
0
0
0
0
0
0
0
0
0
0
0
0
0
0
0
0
0
0
0
0
0
0
0
0
0
0
0
0
0
0
0
0
0
0
0
0
0
0
0
0
0
0
0
0
0
0
0
0
0
0
0
0
0
0
0
0
0
0
0
0
0
0
0
0
0
0
0
0
0
0
0
0
0
0
0
0
0
0
0
0
0
0
0
0
0
0
0
0
0
0
0
0
0
0
0
0
0
0
0
0
0
0
0
0
0
0
0
0
0
0
0
0
0
0
0
0
0
0
0
0
0
0
0
0
0
0
0
0
0
0
0
0
0
0
0
0
0
0
0
0
0
0
0
0
0
0
0
0
0
0
0
0
0
0
0
0
0
0
0
0
0
0
0
0
0
0
0
0
0
0
0
0
0
0
0
0
0
0
0
0
0
0
0
0
0
0
0
0
0
0
0
0
0
0
0
0
0
0
0
0
0
0
0
0
0
0
0
0
0
0
0
0
0
0
0
0
0
0
0
0
0
0
0
0
0
0
0
0
0
0
0
0
0
0
0
0
0
0
0
0
0
0
0
0
0
0
0
0
0
0
0
0
0
0
0
0
0
0
0
0
0
0
0
0
0
0
0
0
0
0
0
0
0
0
0
0
0
0
0
0
0
0
0
0
0
0
0
0
0
0
0
0
0
0
0
0
0
0
0
0
0
0
0
0
0
0
0
0
0
0
0
0
0
0
0
0
0
0
0
0
0
0
0
0
0
0
0
0
0
0
0
0
0
0
0
0
0
0
0
0
0
0
0
0
0
0
0
0
0
0
0
0
0
0
0
0
0
0
0
0
0
0
0
0
0
0
0
0
0
0
0
0
0
0
0
0
0
0
0
0
0
0
0
0
0
0
0
0
0
0
0
0
0
0
0
0
0
0
0
0
0
0
0
0
0
0
0
0
0
0
0
0
0
0
0
0
0
0
0
0
0
0
0
0
0
0
0
0
0
0
0
0
0
0
0
0
0
0
0
0
0
0
0
0
0
0
0
0
0
0
0
0
0
0
0
0
0
0
0
0
0
0
0
0
0
0
0
0
0
0
0
0
0
0
0
0
0
0
0
0
0
0
0
0
0
0
0
0
0
0
0
0
0
0
0
0
0
0
0
0
0
0
0
0
0
0
0
0
0
0
0
0
0
0
0
0
0
0
0
0
0
0
0
0
0
0
0
0
0
0
0
0
0
0
0
0
0
0
0
0
0
0
0
0
0
0
0
0
0
0
0
0
0
0
0
0
0
0
0
0
0
0
0
0
0
0
0
0
0
0
0
0
0
0
0
0
0
0
0
0
0
0
0
0
0
0
0
0
0
0
0
0
0
0
0
0
0
0
0
0
0
0
0
0
0
0
0
0
0
0
0
0
0
0
0
0
0
0
0
0
0
0
0
0
0
0
0
0
0
0
0
0
0
0
0
0
0
0
0
0
0
0
0
0
0
0
0
0
0
0
0
0
0
0
0
0
0
0
0
0
0
0
0
0
0
0
0
0
0
0
0
0
0
0
0
0
0
0
0
0
0
0
0
0
0
0
0
0
0
0
0
0
0
0
0
0
0
0
0
0
0
0
0
0
0
0
0
0
0
0
0
0
0
0
0
0
0
0
0
0
0
0
0
0
0
0
0
0
0
0
0
0
0
0
0
0
0
0
0
0
0
0
0
0
0
0
0
0
0
0
0
0
0
0
0
0
0
0
0
0
0
0
0
0
0
0
0
0
0
0
0
0
0
0
0
0
0
0
0
0
0
0
0
0
0
0
0
0
0
0
0
0
0
0
0
0
0
0
0
0
0
0
0
0
0
0
0
0
0
0
0
0
0
0
0
0
0
0
0
0
0
0
0
0
0
0
0
0
0
0
0
0
0
0
0
0
0
0
0
0
0
0
0
0
0
0
0
0
0
0
0
0
0
0
0
0
0
0
0
0
0
0
0
0
0
0
0
0
0
0
0
0
0
0
0
0
0
0
0
0
0
0
0
0
0
0
0
0
0
0
0
0
0
0
0
0
0
0
0
0
0
0
0
0
0
0
0
0
0
0
0
0
0
0
0
0
0
0
0
0
0
0
0
0
0
0
0
0
0
0
0
0
0
0
0
0
0
0
0
0
0
0
0
0
0
0
0
0
0
0
0
0
0
0
0
0
0
0
0
0
0
0
0
0
0
0
0
0
0
0
0
0
0
0
0
0
0
0
0
0
0
0
0
0
0
0
0
0
0
0
0
0
0
0
0
0
0
0
0
0
0
0
0
0
0
0
0
0
0
0
0
0
0
0
0
0
0
0
0
0
0
0
0
0
0
0
0
0
0
0
0
0
0
0
0
0
0
0
0
0
0
0
0
0
0
0
0
0
0
0
0
0
0
0
0
0
0
0
0
0
0
0
0
0
0
0
0
0
0
0
0
0
0
0
0
0
0
0
0
0
0
0
0
0
0
0
0
0
0
0
0
0
0
0
0
0
0
0
0
0
0
0
0
0
0
0
0
0
0
0
0
0
0
0
0
0
0
0
0
0
0
0
0
0
0
0
0
0
0
0
0
0
0
0
0
0
0
0
0
0
0
0
0
0
0
0
0
0
0
0
0
0
0
0
0
0
0
0
0
0
0
0
0
0
0
0
0
0
0
0
0
0
0
0
0
0
0
0
0
0
0
0
0
0
0
0
0
0
0
0
0
0
0
0
0
0
