.63646789391836
.80275231599808
.68081041177114
.98279817899068
.67354738712311
.797782878081
.73470948139826
.81001528104146
.46750765045484
.76873089869817
.67889908949534
.68960243463516
.57110091050466
.72133026520411
.54281346003215
.68654431899389
.59862385193507
.79701834917068
.63685015837351
.72974006334941
.52255352338155
.8207186460495
.67392965157827
.88570334513982
.59556575616201
.65175841252009
.51605503757795
.71444952487946
.60932721694311
.73203363021215
.76223242282867
.81345564126968
.52446482578913
.78975534439087
.54663608471553
.66475536425908
.49617736538251
.67087157567342
.45603975653648
.76949540774028
.55542812744776
.67622323830922
.50458716352781
.72285932302475
.48585628469785
.6655198931694
.50191130240758
.65902139743169
.60129970312119
.58944954474767
.59709481398265
.64411314328512
.38799693187078
.64640673001607
.41590213775635
.62652903795242
.48241590460141
.56880734364192
.5156727830569
.59174313147863
.39602446556091
.56039756536484
.48662079373995
.70565750201543
.39984709024429
.52981652816137
.47209480404854
.57339449723562
.46024464567502
.66628440221151
.57415902614594
.6773700316747
.42622322837512
.55772171417872
.51758409539858
.56727826595306
.49426605304082
.54816514253616
.46444954474767
.53593271970749
.37652904788653
.60970950126648
.44074923793475
.59747707843781
.3685015241305
.63570334513982
.37805810570717
.57339449723562
.44418959816297
.58371559778849
.45107033848763
.47935779889425
.48126912117004
.61085625489553
.38455658157667
.54854738712311
.47362385193507
.4686544239521
.32224770387014
.45107033848763
.38111620148023
.48126911123594
.36811925967534
.51949540774028
.38990825414658
.53134556611379
.4613914390405
.58944954474767
.33142201105754
.49885320663452
.42240061362584
.57110093037287
.30007645487785
.4908256928126
.42431191603343
.40519877274831
.29892967144648
.46483179926872
.36506116390228
.5431957244873
.31957187255224
.43922019004822
.3390672703584
.44036697347959
.30733944972356
.47515290975571
.21941896279653
.48929664492607
.327217121919
.48356267809868
.32607032855352
.39029051860174
.35894495248795
.47974007328351
.29204892118772
.38532111048698
.24961774051189
.31880733370781
.26337920129299
.41704893112183
.27370030681292
.30389908949534
.30084097385406
.42125383019447
.34594801068306
.27025994161765
.24923547108968
.40022935469945
.25420489410559
.42316514253616
.21483180423578
.36773700515429
.35703364014626
.30772171417872
.30160550276438
.43730886777242
.18807339668274
.41207950313886
.31651375691096
.37805810570717
.27064220110575
.42813456058502
.29434250791868
.45527522762616
.29013761878014
.41475535432498
.2182721743981
.42316513260206
.30275229612986
.38723241289457
.29472477237384
.49311926960945
.26643731196721
.43883792559306
.35703363021215
.40711009502411
.21674311657747
.36964831749598
.25458715856075
.38226299484571
.26643731196721
.40711009502411
.32836391528447
.47706421216329
.32798166076342
.38646789391836
.2840214073658
.47094801068306
.33142202099164
.37652905782064
.30733944972356
.39946483572324
.22744648655256
.46788991491
.32836391528447
.45756881435712
.26070335507393
.36276758710543
.31116208434105
.4227828681469
.36047401030858
.44648317495982
.35206421216329
.16207951307297
.33524464567502
.46636085708936
.37614678343137
.45412844419479
.31651375691096
.44495412707329
.2683486243089
.43081039190292
.33562691013018
.37461773554484
.26720184087753
.38799694180489
.26490825414658
.34059633811315
.30084097385406
.52178897460302
.29510703682899
.42087156573931
.31001529097557
.41781345009804
.27064221103986
.35512232780457
.39678899447123
.375
.31269113222758
.40787461400032
.18272170921167
.43616207440694
.28211008509
.41169724861781
.39525993665059
.3730886777242
.37385321656863
.4411314924558
.2840214073658
.31689602136612
.27675841252009
.41055046518644
.41437309980392
.42240061362584
.34288991491
.38188073039055
.32071865598361
.39946482578913
.29931192596753
.34288990497589
.3501528998216
.33103975653648
.28440367182096
.45756880442301
.27140673001607
.3272171318531
.32224770387014
.48509173591932
.36620794733365
.41972477237384
.30389907956123
.41093271970749
.30237004160881
.42584098378817
.42240061362584
.38914373517036
.29434250791868
.42622323830922
.31995412707329
.43310397863388
.36276758710543
.38685014843941
.21865443388621
.26643731196721
.30963302652041
.41743119557699
.37308868765831
.36888379851977
.31880734364192
.31880734364192
.24885321160158
.47018349170685
.31422019004822
.38226299484571
.18845565617085
.43233945965767
.32568807403247
.38952598969142
.26490826408068
.375
.28478593627612
.33524464567502
.3088685075442
.44801223278046
.34059633811315
.41857797900836
.26490825414658
.45412843426069
.26070336997509
.39105503757795
.26873088876406
.45642202099164
.24885321656863
.38149846593539
.30504587292671
.34785932302475
.27981651822726
.48662080367406
.28937308986982
.36773700515429
.3023700217406
.37691131234169
.20451069871585
.43463302652041
.22018348673979
.41857797900836
.2637614607811
.43233944972356
.40061161915461
.40711008509
.26758410533269
.38226299484571
.37155963977178
.37576452891032
.25152904788653
.36544342835744
.30045870939891
.40328747034073
.28631499409676
.35512231787046
.23623853425185
.34938838084539
.28593271970749
.28937308986982
.37576452891032
.41743118564288
.21483180423578
.2113914390405
.32415901621183
.46177369356155
.25993884106477
.34824158747991
.3088685075442
.38302752375603
.27943424383799
.33142201105754
.28516820073128
.35091742873192
.26911315321922
.36353210608164
.20986238618692
.47744648655256
.34288990497589
.297782878081
.31536697347959
.40175841252009
.28593271970749
.37729357679685
.3520642320315
.35168195764224
.30810396869977
.34862385193507
.24847095211347
.56422019004822
.28899083534877
.50152905782064
.24770642320315
.36964830756187
.25611620644728
.34633027513822
.30542813738187
.39373088876406
.26185015837351
.3769113222758
.18769113719463
.39984709024429
.27178899447123
.42316514253616
.2996942003568
.41093271970749
.30313456058502
.43004587292671
.3841743071874
.36735474069913
.27217125892639
.36544342835744
.27025993665059
.32798165082932
.36238531271617
.4797400534153
.25496941804886
.35435779889425
.36162080367406
.50649846593539
.30275228619575
.29587155580521
.29740061362584
.35856269796689
.30275229612986
.50496940811475
.23241589963436
.48088684678078
.25955657660961
.4384556611379
.186162079374
.45909786224365
.21750764548779
.38837920626005
.27102446556091
.42201834917068
.23700305819511
.37155963977178
.26567278305689
.40787461400032
.29243119557699
.40099388360977
.31039755543073
.31957186261813
.27217125395934
.30925076206525
.297782878081
.42851682504018
.32607033848763
.37079511086146
.31422018011411
.49464831749598
.32224770387014
.34021406372388
.28058104713758
.38035167256991
.29128440221151
.42545870939891
.27522935469945
.48050459225972
.34212537606557
.48470947146416
.27370029687881
.40328746040662
.27331804235776
.37576452891032
.29510703682899
.36620794733365
.36697247624397
.43730885783831
.30619266629219
.44610093037287
.22477064033349
.23700305819511
.2794342537721
.37844037016233
.24503058195114
.3455657462279
.22821101049582
.41781346003215
.27178899447123
.4227828681469
.31230887770653
.48241590460142
.28019878268242
.40863914291064
.42431192596753
.44151376684507
.28975535432498
.43157492081324
.31383792559306
.36200305819511
.30619266629219
.25955657660961
.26681956648827
.36085627476374
.36085626482964
.42431192596753
.34518349170685
.28746177752813
.3520642220974
.42966360847155
.32683486739794
.35741590460141
.27025993665059
.44686543941498
.31345565120379
.34365443388621
.26949540774028
.29051987330119
.23012232283751
.33792048692703
.28249235947927
.327217121919
.28096330165863
.39029050866763
.36200305819511
.31613150238991
.25879205266635
.32759939630826
.32912843426069
.37614678343137
.30084097385406
.39984709024429
.31689603130023
.46177369356155
.33792048692703
.36964831749598
.28287461400032
.35512231787046
.27331804235776
.33792048692703
.12576452642679
.36467889944712
.30733944972356
.35626911123594
.32645260294278
.43233945965767
.24273700515429
.31842506925265
.26261467734973
.34327217936516
.26529051860174
.40978593627612
.20527522762616
.46941896279653
.31651376684507
.44954128066699
.35894495248795
.41169724861781
.30657492081324
.28325688838959
.29051987330119
.4155198832353
.36276758710543
.35474006334941
.22324159244696
.41704893112183
.2045107036829
.33256880442301
.26758409539859
.45412844419479
.30351682504018
.42507645487785
.32568806409836
.45451069871585
.27484709024429
.36314985156059
.26337920626005
.39181957642237
.26834861934185
.32301223278046
.24541284143925
.41781346003215
.26070336500804
.44342507918676
.32951069871585
.2610856294632
.30619266629219
.39067278305689
.29434250791868
.39067278305689
.26911314328512
.38952598969142
.32874617973963
.32301223278046
.42431192596753
.28325687845548
.30619266629219
.50496941804886
.32645260294278
.47018348177274
.27446483572324
.39755351344744
.29166665673256
.37882262468338
.23929663002491
.49655963977178
.23509174088637
.41093271970749
.32033639152845
.40787462393443
.23394495248795
.35091743866603
.31077981988589
.27981650829315
.27561161915461
.37805810570717
.27408257126808
.3979357779026
.25649846593539
.34250764052073
.32798165082932
.33868500590324
.34174311161041
.38646789391836
.28555045525233
.44418959816297
.24732415378094
.46368501583735
.31307339668274
.29281345009804
.22974006334941
.37614679336548
.32071865598361
.47744647661845
.22477064033349
.52178899447123
.3501528998216
.52905199925105
.2454128464063
.33983179926872
.30581040183703
.43348623315493
.15634556611379
.34250764052073
.29510702689489
.39717124899228
.25993884106477
.45298165082932
.45833334326744
.40137614806493
.25611620644728
.4659785926342
.30466360847155
.42392966151237
.19457186261813
.38761467734973
.28363915284475
.35550459225972
.29166666666667
.48126912117004
.43692660331726
.34136084715525
.25840978324413
.35550459225972
.28631499409676
.48012231787046
.31727828582128
.41513760884603
.34785933295886
.34288990497589
.27178899447123
.29472477237384
.34212538599968
.50649846593539
.28899083534877
.43883792559306
.39220183094343
.3547400534153
.31230886777242
.34594801068306
.21062691013018
.28822629650434
.24197247624397
.4273700316747
.21024464567502
.4659785926342
.38188073039055
.45030581951141
.40405197938283
.37538225452105
.30695719520251
.41246177752813
.31766055027644
.44457186261813
.3134556611379
.33142202099164
.27331803242366
.41972477237384
.25038226942221
.56460243463516
.30045871933301
.34785932302475
.30963302652041
.30389907956123
.32071865598361
.46559632817904
.34785933295886
.35244648655256
.31498470902443
.49388378858566
.36085626482964
.62155961990356
.45756881435712
.54740061362584
.20718654493491
.38455658157667
.3390672703584
.50267584125201
.26987767219543
.45336390535037
.21292049189409
.37194189429283
.24235473573208
.38379205266635
.2090978572766
.40825687845548
.34633027513822
.40749235947927
.27484709024429
.39564220110575
.30351681510607
.41513760884603
.28211009502411
.35474006334941
.29625382026037
.47668196757634
.2859327296416
.35856268803279
.2637614607811
.36314985156059
.34059632817904
.45795106887817
.24923547605673
.46330275138219
.37691131234169
.3730886777242
.34518348177274
.39525993665059
.39220183094343
.37385321656863
.28937307993571
.43616208434105
.30772171417872
.31957186261813
.28325687845548
.40711008509
.25802752872308
.39296635985374
.32989296317101
.40749235947927
.26299694180489
.57224772373835
.30351682504018
.38149846593539
.26987768212954
.36811925967534
.33103976647059
.37614679336548
.41437308986982
.44342507918676
.2591743071874
.37652904788653
.30504587292671
.38646788398425
.32759939630826
.42889907956123
.30160550276438
.37270641326904
.41016820073128
.41093271970749
.32530580957731
.37576451897621
.25535167753696
.37576452891032
.20336392025153
.43081040183703
.39258409539859
.32759938637416
.30925076206525
.38379204273224
.29204893112183
.4770642220974
.32033639152845
.30772170424461
.3180428147316
.47171252965927
.39373088876406
.38340978821119
.33600917458534
.45527522762616
.33715595801671
.32951070864995
.24464831749598
.45145259300868
.30275228619575
.32110092043877
.44113150238991
.39029051860174
.28134556611379
.33486238121986
.27140672008197
.40672783056895
.28287462393443
.43960244456927
.30772171417872
.41934250791868
.3474770685037
.35626911123594
.29281345009804
.34021406372388
.33562692006429
.3887614707152
.34480121731758
.44495412707329
.27790519595146
.4568042854468
.21215595801671
.40175841252009
.27064221103986
.47477063536644
.3455657462279
.37729356686274
.34518349170685
.39143730203311
.35932721694311
.41934250791868
.30619266629219
.33218653996785
.24235473573208
.37691131234169
.24426605800788
.42010702689489
.25305811564128
.45336391528447
.42048929135005
.39984709024429
.3344801167647
.3069571852684
.41628440221151
.45642202099164
.39067278305689
.42507645487785
.31230886777242
.27140673001607
.35512232780457
.48318043351173
.31230887770653
.33486238121986
.32683486739794
.3795871535937
.24044342339039
.3318042854468
.34785932302475
.34480121731758
.25879204273224
.42048929135005
.31422018011411
.43539755543073
.31536697347959
.3566513756911
.30160550276438
.41704892118772
.29357797900836
.43998471895854
.29166667660077
.45642202099164
.23776758213838
.33792048692703
.29204893112183
.359327207009
.2477064182361
.36659022172292
.28669724861781
.55084099372228
.27599388360977
.39449541767438
.29281346003215
.28019878268242
.27178898950418
.39755352338155
.20489296813806
.46674312154452
.31880734364192
.3952599465847
.18463303148746
.36162079373995
.28937308986982
.33142201105754
.40366972486178
.38379205266635
.28899082541466
.51643730203311
.26261467734973
.43386849761009
.24235473573208
.40558103720347
.25535168747107
.3115443388621
.28822629650434
.48050459225972
.35015290975571
.47324158747991
.37079510092735
.32874617973963
.31116208434105
.34212538599968
.2522935817639
.45871559778849
.21444953978062
.31116208434105
.35244648655256
.43577980995178
.26758410036564
.39984709024429
.40596330165863
.44954128066699
.30007645487785
.29204894105593
.33027522762616
.43463302652041
.33562691013018
.5680428147316
.3115443388621
.34021406372388
.24579510589441
.39831804235776
.37882262468338
.45527521769206
.35703364014626
.33715595801671
.22897553443909
.30389908949534
.29931193590164
.38188073039055
.29013761878014
.40099388360977
.2090978572766
.35397554437319
.35397553443909
.44380734364192
.2729357779026
.31766055027644
.34136085708936
.41207951307297
.24885320663452
.36429662505786
.27370030681292
.43195719520251
.3088685075442
.40481650829315
.3134556611379
.35321100552877
.31422018011411
.35932721694311
.36467888951302
.44227828582128
.26681957642237
.422782878081
.33715595801671
.40634556611379
.2477064182361
.32912844419479
.38111620148023
.41857798894246
.29854739705722
.49197248617808
.26987768212954
.37882263461749
.27905198931694
.4411314924558
.33218653996785
.32759937644005
.31039755543073
.23967889944712
.28516819079717
.37538226445516
.24082567791144
.43883792559306
.23470948139826
.36238533258438
.32798165082932
.38914372523626
.32033639152845
.35053517421087
.33027522762616
.51452598969142
.24617737531662
.41628440221151
.24923547108968
.46253823240598
.24579511086146
.35321100552877
.33983180920283
.25535167753696
.27714067697525
.49655962983767
.24503058195114
.43042813738187
.2931957145532
.32530580957731
.29128440221151
.55848624308904
.29128440221151
.45756881435712
.31498471895854
.41704892118772
.32645259300868
.33830274144808
.33906728029251
.42354740699132
.24770642320315
.41857796907425
.21444954474767
.36697247624397
.27370029687881
.46788990497589
.35818042357763
.31192660331726
.3226299683253
.47591742873192
.30198777715365
.37347095211347
.41704892118772
.37347095211347
.35779816905657
.31460245450338
.28975534439087
.46177370349566
.29434251785278
.39411315321922
.33295106887817
.33103974660238
.27866972486178
.41857797900836
.34938838084539
.27675841252009
.10779816408952
.33753823240598
.34671253959338
.50229357679685
.36926605304082
.35244648655256
.39831804235776
.27178898453712
.26261467734973
.45412843426069
.23394495248795
.40214067697525
.33256881435712
.38952598969142
.38570336500804
.40978592634201
.26605503757795
.45374617973963
.25879204273224
.32607032855352
.28707951307297
.48050458232562
.25573395192623
.39181957642237
.31498470902443
.43157492081324
.28134556611379
.42851682504018
.41666667660077
.42010703682899
.3115443388621
.25382262965043
.3069571852684
.3482415775458
.37614678343137
.4136085609595
.35626911123594
.46177370349566
.25726300477982
.51605505744616
.42775228619575
.43081040183703
.33677370349566
.45030580957731
.22935779889425
.43119265635808
.25114678839842
.37194189429283
.28860857089361
.42545871933301
.44036697347959
.39717124899228
.33065749208132
.3069571852684
.22629969815413
.48241589466731
.25649847090244
.39296635985374
.42087155580521
.3612385392189
.25305811067422
.32759938637416
.30733944972356
.53249235947927
.33524464567502
.41055046518644
.25305810570717
.32377676169078
.36162079373995
.42201833923658
.40978593627612
.38226299484571
.34212537606557
.37385320663452
.30351681510607
.43883791565895
.31269113222758
.29740061362584
.3023700316747
.45107033848763
.42125382026037
.39717124899228
.21712538599968
.35053517421087
.29548929135005
.44342507918676
.39755352338155
.38417431712151
.3841743071874
.40214067697525
.34136085708936
.37155962983767
.33027522762616
.51529052853584
.42507645487785
.29128441214561
.29281345009804
.41475536425908
.29357797900836
.45107033848763
.40290519595146
.37844036022822
.29625382026037
.42889907956123
.26605503757795
.40672783056895
.29243119557699
.41704893112183
.26070336500804
.40519877274831
.26758409539859
.35932721694311
.24464831749598
.31345567107201
.39449541767438
.46215596795082
.36085627476374
.42316513260206
.28287461400032
.46330275138219
.41093271970749
.46100917458534
.29931192596753
.4908256928126
.27866972486178
.38799694180489
.25764524936676
.34403669834137
.31498471895854
.32836391528447
.32759938637416
.4908256928126
.30313455065091
.28822629650434
.27866973479589
.36429663499196
.4430428147316
.4476299683253
.29587156573931
.4935015241305
.21788990994294
.45183486739794
.3318042854468
.42010702689489
.3612385292848
.36811925967534
.22974005838235
.34671253959338
.31574923793475
.4338685075442
.32683486739794
.48814984162649
.35741590460141
.40558103720347
.33409787217776
.34441896279653
.32989296317101
.44648317495982
.25879204769929
.45107033848763
.40672782063484
.48853211601575
.37232415874799
.47897554437319
.25993884603182
.43081040183703
.28440367182096
.37270642320315
.27675841252009
.41934251785278
.34671252965927
.36200304826101
.33486239115397
.57492353518804
.39678898453712
.47247705856959
.33906728029251
.48509173591932
.26223242282867
.32071865598361
.30733944972356
.40443424383799
.37155962983767
.35206421216329
.24579510589441
.44074923793475
.30504588286082
.36238532265027
.41131498416265
.38264525930087
.35474006334941
.46559632817904
.31307339668274
.39755351344744
.31269112229347
.49044341842333
.32148318489393
.32492354512215
.36353211601575
.50114679336548
.32301223278046
.38876148064931
.41207950313886
.4816513856252
.48470947146416
.4044342537721
.42660550276438
.49579510092735
.27331804235776
.45068807403247
.35091742873192
.2519113222758
.28746176759402
.3383027613163
.16284403701623
.29396024346352
.35053517421087
.26185015340646
.24388379355272
.39411315321922
.33065749208132
.40252294143041
.2931957244873
.30581040183703
.12041284392277
.31842507918676
.35244648655256
.16972477237384
.23814984162649
.3344801167647
.26490826408068
.297782878081
.2729357779026
.21406728029251
.27905198931694
.25764526923498
.23967889944712
.33524464567502
.24120794733365
.26529051860174
.24999999503295
.27370029687881
.29243119557699
.27828746040662
.30275229612986
.33944954474767
.24273700515429
.26490826408068
.24006116390228
.37614679336548
.30733944972356
.27331805229187
.2683486243089
.29472478230794
.28784403204918
.29090213775635
.25802752375603
.233944957455
.26605504751205
.23050458232562
.22018348673979
.31077980995178
.24464831749598
.30160549283028
.25152905285358
.30619265635808
.21674312154452
.33295106887817
.1704892963171
.18539755543073
.21674311657747
.31001529097557
.28096330165863
.15328746040662
.327217121919
.27025993665059
.3207186460495
.188837920626
.24617737531662
.3088685075442
.35894495248795
.22935779889425
.30389907956123
.32912844419479
.29548930128415
.26185014843941
.34059632817904
.26567278305689
.2633792112271
.3318042854468
.26643731196721
.28134555617968
.1930428147316
.24197247624397
.35894495248795
.22171253959338
.21330275138219
.25649846593539
.19801223278046
.35282874107361
.27828746040662
.35970948139826
.22859326998393
.21788990994294
.24464831749598
.34174312154452
.33142202099164
.26108561952909
.21483180423578
.26987767219543
.19266055027644
.24082568784555
.2389143705368
.29854739705722
.24464832246304
.27790519595146
.23509174585342
.24159021675587
.25382262468338
.28516820073128
.33868502577146
.31651375691096
.22859326998393
.23585626482964
.30122323830922
.34327216943105
.2610856294632
.25344036519527
.24617737531662
.27025993665059
.25420489907265
.28440367182096
.29854739705722
.2729357779026
.25917431215445
.27599387367566
.2182721743981
.36047401030858
.21483179926872
.32989296317101
.18845565617085
.3042813539505
.24006116390228
.30389907956123
.23547400534153
.34288990497589
.30084097385406
.30504587292671
.20833333333333
.31498470902443
.23700305819511
.31039755543073
.22629969318708
.31766055027644
.19992354512215
.22782874604066
.30542813738187
.31536696354548
.19151376187801
.4181957244873
.24273700515429
.30925077199936
.23623853425185
.27981651822726
.3088685075442
.37117737531662
.21903669834137
.31460245450338
.28019877274831
.32492354512215
.2702599465847
.35856268803279
.21406727532546
.22515290478865
.28058103720347
.28478593627612
.19151376684507
.32377675175667
.22629969318708
.27637614806493
.1590214073658
.22056575119495
.30351682504018
.30733943978945
.26185015837351
.2113914390405
.25649846593539
.18807339171569
.30581039190292
.25305810570717
.22859326998393
.24503057698409
.20718653996785
.23738531768322
.22974006334941
.37385320663452
.25076452891032
.29166666666667
.25496941804886
.26758409539859
.2408256928126
.28211009502411
.24923547108968
.2155963331461
.19915902117888
.22821101049582
.19571865598361
.35588684678078
.23279816408952
.26949540774028
.23318042854468
.31880734364192
.21062691509724
.2316513756911
.16857797900836
.30810396869977
.23700305819511
.34518349170685
.32568807403247
.26299694180489
.27064220110575
.28707951307297
.29319571952025
.32912844916185
.28019878268242
.24617736538251
.19762997329235
.26987767219543
.30772171417872
.29854739705722
.1815749257803
.29090213775635
.25955657660961
.27714066704114
.32454128066699
.30542813738187
.28478593627612
.25993884603182
.26567278305689
.24808868765831
.25649847090244
.32683486739794
.31192660331726
.34021407365799
.21674312154452
.3455657462279
.26223241289457
.34365443388621
.3318042755127
.2610856294632
.24732415874799
.39908257126808
.36162079373995
.34594801068306
.30772171417872
.36773700515429
.30925076206525
.28363913297653
.31995412707329
.22094801565011
.35129968325297
.32224770387014
.28058103720347
.37729357679685
.30772171417872
.35741589466731
.29204893112183
.41513761878014
.21139143407345
.19954128563404
.24694189925989
.27025993665059
.27790519595146
.27102446556091
.30657493074735
.27370030681292
.2389143705368
.38188074032466
.18081039190292
.26223241289457
.2205657462279
.36314985156059
.30466360847155
.2316513756911
.30848623315493
.2729357679685
.27102446556091
.30772171417872
.21674312154452
.31574922800064
.35741590460142
.32301223278046
.19113149742285
.3409785926342
.25038226445516
.2683486243089
.21406728029251
.55925077199936
.31880733370781
.32033639152845
.33830275138219
.25993883609772
.2775229314963
.33103975653648
.24541284143925
.3566513756911
.22438837587833
.3023700316747
.21406727532546
.25267584125201
.32836391528447
.38188073039055
.3566513756911
.38302752375603
.28363914291064
.33142202099164
.24885321160158
.25344036519527
.24464831749598
.29548930128415
.2931957145532
.40290519595146
.25191131730874
.43463302652041
.33103975653648
.38188073039055
.28707951307297
.33944953481356
.37155962983767
.38837920626005
.30619266629219
.45451069871585
.27025993665059
.31307338674863
.32912844419479
.33409786224365
.37155962983767
.30160549283028
.26796635985374
.37996941804886
.29969419042269
.3639143705368
.3023700217406
.39220183094343
.33371559778849
.39258409539859
.29816513260206
.38340978821119
.27102445562681
.38226300477982
.35282874107361
.45107032855352
.36659021178881
.35397552450498
.39946483572324
.48814985156059
.29892966151237
.41551987330119
.33830275138219
.42201834917068
.51681955655416
.57148317495982
.41437307993571
.4594801167647
.32186543941498
.48241590460141
.40328746040662
.31574923793475
.37614679336548
.35512232780457
.2905198832353
.38073394695918
.27370030681292
.37308868765831
.42660550276438
.4063455760479
.48356268803279
.49273700515429
.3860856294632
.46292048692703
.3612385292848
.51949540774028
.45527522762616
.51223242282867
.54166666666667
.50038226445516
.34862386186918
.50688072045644
.39717125892639
.4908256928126
.48814984162649
.50152906775475
.46024464567502
.41513760884603
.53096330165863
.39602446556091
.46253823240598
.46903668840726
.58639144897461
.63837917645772
.48279816905657
.38493883609772
.58142201105754
.56383792559306
.58639142910639
.68883792559306
.51032112042109
.63799693187078
.56192662318548
.52790520588557
.49694189429283
.72629968325297
.52025991678238
.58103976647059
.4954128464063
.83562692006429
.76796636978785
.98088685671488
.82836391528447
.89870029687881
.74961773554484
.82110093037287
.70565750201543
1.1399082740148
.95718653996786
1.0470183690389
.90978594621023
1.1613150040309
1.1284403800964
1.1303516626358
1.0535168250402
1.5007645289103
1.5149082740148
1.7679663499196
1.7882262865702
1.8918195565542
1.7236238718033
1.831422050794
1.8172782659531
1.6154434283574
1.7931957244873
1.9858562548955
2.0263761679331
2.3432722091675
2.1261467933655
2.4782110055288
2.3948776721954
2.6850152810415
2.89373087883
2.8902904987335
2.851299683253
2.86811931928
2.8776758511861
3.0959479808807
2.9472477436066
3.8214831352234
3.3123088677724
3.4736238320669
3.7010703086853
3.8111619949341
3.7939602533976
3.884556611379
3.8405963579814
4.4227828979492
4.3562692006429
4.3688839276632
4.3470946947734
4.3233944574992
4.5894495646159
4.7110091845194
4.9568042755127
5.3516818682353
5.0202600161235
5.3103974660238
5.4254587491353
5.6961008707682
5.7645260492961
5.7461773554484
6.0443425178528
6.089067141215
6.2488530476888
5.9132262865702
6.4770642916361
6.415137608846
6.1643730799357
5.0546636581421
6.5764525731405
6.4587155977885
6.7786696751912
7.1108562151591
7.0183485349019
7.4797399838765
7.0711010297139
7.6395260492961
7.5103209813436
7.686544418335
8.0665140151978
8.0504585901896
8.1624615987142
8.0550459225972
8.6066513061523
7.9644494056702
8.2584095001221
8.8096332550049
8.84938844045
9.0175841649373
8.9246943791707
9.4113149642944
9.181957244873
9.6529051462809
9.4239298502604
9.9315751393636
9.9116973876953
10.207950909932
10.2274462382
10.368119239807
10.720183372498
11.009556770325
10.837155977885
10.700305938721
10.82683467865
11.212538083394
11.381880760193
11.929281234741
11.965214093526
11.722476959229
12.077217419942
12.329892794291
12.191895802816
12.249617894491
12.260320981344
12.72171274821
12.369266192118
12.245030403137
12.634174346924
12.910550435384
12.758409500122
12.719418843587
12.959480285645
12.964449564616
13.152905464172
12.954128583272
13.194189389547
13.023317972819
12.90137608846
12.680045763652
13.068042755127
12.780199050903
12.535550117493
12.318042437236
12.382645289103
12.657492637634
11.821100552877
11.847476959229
11.985856056213
11.716361045837
11.569571812948
11.320336341858
11.095565795898
10.770642280579
10.454892794291
10.633409818014
10.250382105509
10.015290896098
9.6509939829508
9.8807338078817
9.2347097396851
9.1055046717326
9.0363149642944
8.6823393503825
8.3960247039795
8.0214066505432
7.7702600161235
7.3795870145162
7.2542049090068
7.1957186063131
6.9621559778849
6.9067277908325
6.4243119557699
6.4124617576599
5.8639143308004
5.6842506726583
5.644113222758
5.2847859064738
4.9973243077596
4.1215597788493
4.799694220225
4.5554280281067
4.3467125892639
4.2159786224365
3.931574900945
3.9690366586049
3.5558103720347
3.6636085510254
3.4350152810415
3.3543577988942
3.0313455263774
3.0753058592478
3
2.6295871734619
2.6012996037801
2.2522936662038
2.2798164685567
2.2014526526133
2.0424312353134
2.1701070467631
2.0431957244873
1.2090978622437
1.6716360648473
1.612003048261
1.3799693981806
1.3658256530762
1.2928134600321
1.226299683253
1.2155963579814
1.130733927091
.96712537606557
.99617737531662
.93730886777242
.66551987330119
.86697248617808
.94954129060109
.66360857089361
.82568806409836
.59633026520411
.71483180920283
.61926605304082
.58103976647059
.64793578783671
.53669726848602
.64946482578913
.56192660331726
.40558103720347
.50267585118612
.49770643313726
.25573395192623
.32339449723562
.37385320663452
.45451069871585
.34480121731758
.35206421216329
.31460244456927
.38914372523626
.42392966151237
.4457186460495
.43883792559306
.40940366188685
.37614679336548
.31842507918676
.42813456058502
.2729357779026
.3860856294632
.26911316315333
.29701834917068
.34059632817904
.34671254952749
.32148318489393
.37079511086146
.2385321110487
.4816513756911
.40672782063484
.36467890938123
.25688073039055
.29969419042269
.32836391528447
.33868501583735
.2450305869182
.35856268803279
.29892966151237
.34021407365799
.25535168250402
.31039755543073
.33562691013018
.24082568784555
.23967889944712
.29969419042269
.21750764052073
.33409786224365
.26223241289457
.29357798894246
.33677370349566
.13608562449614
.34174312154452
.37767584125201
.32186544934909
.28325686852137
.2564984758695
.27331804235776
.26567278305689
.2614678889513
.24808868765831
.37079511086146
.30772171417872
.25535169243813
.27140673001607
.25114678839842
.27408257126808
.28019878268242
.42316514253616
.33142202099164
.22553516427676
.29357796907425
.16934250791868
.19533639152845
.233944957455
.2775229314963
.27714066704114
.31116208434105
.27828746040662
.27064221103986
.38570336500804
.31192661325137
.23318042854468
.32798165082932
.19839449723562
.25573394695918
.24732416371504
.34709480404854
.31766055027644
.31498471895854
.2748471001784
.29587156573931
.28555045525233
.25726299484571
.29243119557699
.28516819079717
.28058103720347
.2389143705368
.25879205266635
.23432722191016
.2931957145532
.25496942301591
.38532111048698
.24044342835744
.26070337494214
.29166666666667
.20718653996785
.14029052356879
.20298164586226
.19457186758518
.37347095211347
.19113150238991
.35397553443909
.29281346003215
.3069571852684
.2450305869182
.30810397863388
.2454128464063
.28937308986982
.34556575616201
.24350152909756
.17087156077226
.21941896279653
.24350152909756
.33256880442301
.2408256928126
.32071865598361
.32186544934909
.29892966151237
.25573394695918
.22438838084539
.24579511086146
.31689603130023
.24197248121103
.26605503757795
.32645259300868
.18769113222758
.28096330165863
.28019877274831
.26452598969142
.24464831749598
.24350152909756
.21483180423578
.28593271970749
.27331805229187
.28593271970749
.27140672008197
.21521406372388
.16169724861781
.21941896279653
.32492354512215
.23585626979669
.22018348673979
.22668195764224
.23203364014626
.25458714862665
.34212537606557
.21903669337432
.21750764548779
.25955657660961
.28134555617968
.19762997329235
.24235474069913
.25764525930087
.27140673001607
.16896024346352
.25305811067422
.22133027513822
.2090978572766
.27866972486178
.21788990994294
.25802752375603
.26529051860174
.27675841252009
.33065750201543
.29854740699132
.26261468728383
.27943424383799
.22400611639023
.36314984162649
.2519113222758
.23088684678078
.31727828582128
.23126911620299
.23394495248795
.25191131234169
.25305810570717
.21712537606557
.24350152909756
.19801223278046
.24808868269126
.28249234954516
.28593271970749
.22974005838235
.30810397863388
.25000000496705
.2270642220974
.25611621141434
.21980122228463
.16896024346352
.26796636978785
.25688074032466
.22897553443909
.22974006334941
.18501529097557
.26758409539859
.23279816905657
.25879206260045
.23050458729267
.16513761878014
.26032110055288
.2408256928126
.29510702689489
.36200304826101
.24923547605673
.27140672008197
.2270642220974
.16322630147139
.2931957145532
.28555046518644
.24694189429283
.30007644494375
.24235474069913
.24426605304082
.25764526426792
.2840214073658
.2840214073658
.25535168747107
.3272171318531
.27408257126808
.27522935469945
.25573395689329
.24847094714642
.29128440221151
.27561161915461
.2549694130818
.26299694180489
.28975534439087
.24885321656863
.25229357679685
.22782874107361
.24694189925989
.26452598969142
.28134556611379
.27370030681292
.2408256928126
.29625382026037
.19533639152845
.35244647661845
.31498470902443
.30657492081324
.29931192596753
.27217124899228
.19227829078833
.32033639152845
.22438838084539
.28555046518644
.25840978821119
.2729357779026
.2155963331461
.29357798894246
.29281345009804
.28707951307297
.28784404198329
.2408256928126
.28287461400032
.29434249798457
.2886085609595
.26796636978785
.24503058195114
.26681957642237
.22171253959338
.22629969318708
.25611620644728
.24847094217936
.31574923793475
.22094801068306
.2840214073658
.29701833923658
.2931957145532
.29281345009804
.3520642220974
.24388379355272
.21980122228463
.24044342835744
.32607032855352
.23394495248795
.2610856294632
.29969419042269
.27522936463356
.32186543941498
.297782878081
.17813455561797
.24426605304082
.33256880442301
.31077981988589
.25688074032466
.2610856294632
.2977828681469
.2610856294632
.34594801068306
.2477064281702
.32874617973963
.21062691509724
.22974006334941
.2683486143748
.27561161915461
.30198777715365
.40214066704114
.33256880442301
.36429663499196
.27599388360977
.28096330165863
.31689603130023
.233944957455
.40290519595146
.28019877274831
.28516820073128
.30428134401639
.27828746040662
.34136085708936
.30542813738187
.2775229314963
.38302752375603
.30657492081324
.30466360847155
.22859326998393
.22018348673979
.25114678839842
.27178899447123
.31230887770653
.35168196757634
.33065749208132
.34709480404854
.22935779889425
.26261468231678
.48356268803279
.3088685075442
.24044342835744
.27943424383799
.23050458729267
.3795871535937
.31995412707329
.18081040183703
.34136084715525
.26605504751205
.35970947146416
.32301223278046
.32415901621183
.21444953978062
.22438838084539
.33103975653648
.27140673001607
.24961774051189
.33027523756027
.33868500590324
.33983179926872
.27866972486178
.27561161915461
.34327216943105
.37385320663452
.30772171417872
.31574923793475
.33753822247187
.36200304826101
.38455658157667
.39946483572324
.25764525930087
.30122324824333
.32454127073288
.33983179926872
.31230886777242
.20833333333333
.35512231787046
.30848623315493
.31192660331726
.29587155580521
.34785933295886
.36276757717133
.36773700515429
.29013761878014
.29892967144648
.35474006334941
.31192661325137
.45833332339923
.3115443388621
.31727828582128
.32874616980553
.34977064530055
.29204893112183
.32989296317101
.29434250791868
.23432721694311
.28937308986982
.33295107881228
.32607033848763
.37347095211347
.31269114216169
.38952598969142
.34709479411443
.22515290478865
.422782878081
.327217121919
.29740061362584
.33868501583735
.37920489907265
.39755351344744
.39831805229187
.3704128464063
.36085626482964
.33448012669881
.28249234954516
.3979357779026
.36811926960945
.35321101546288
.38035168250402
.42392966151237
.32645260294278
.42622324824333
.38111621141434
.33142201105754
.36009174585342
.28631498416265
.35741590460142
.39984709024429
.34709480404854
.29740061362584
.36314984162649
.28019877274831
.49273700515429
.39373089869817
.33677369356155
.36314985156059
.32874616980553
.34709479411443
.45068807403247
.33027522762616
.40672783056895
.32683486739794
.37347095211347
.4136085609595
.31192660331726
.35474007328351
.27025993665059
.31307339668274
.30848624308904
.32951070864995
.37882262468338
.38226299484571
.34021406372388
.34824158747991
.37958716352781
.24732415874799
.39602446556091
.38990825414658
.41666666666667
.42851681510607
.32607032855352
.42889907956123
.3704128464063
.30925077199936
.30963302652041
.41666666666667
.34709480404854
.31307338674863
.38226300477982
.47018349170685
.39946483572324
.39258409539858
.44418959816297
.45336391528447
.27140673001607
.46444953481356
.48394496242205
.53707951307297
.43233944972356
.41322630643845
.44380734364192
.34288990497589
.46253823240598
.42584098378817
.47935778896014
.48814984162649
.52102446556091
.50344037016233
.49503059188525
.42010703682899
.42966360847155
.51681957642237
.41055045525233
.48394495248795
.45451069871585
.50229357679685
.58677369356155
.34365444382032
.48967888951302
.38111620148023
.48432721694311
.5405198931694
.49541283647219
.46368502577146
.50688074032466
.33371559778849
.43730886777242
.45795106887817
.38723241289457
.47821101546288
.53593271970749
.6020642320315
.50229359666506
.40328746040662
.39143731196721
.38455657164256
.52446482578913
.48050459225972
.58944954474767
.53669724861781
.60397553443909
.4476299683253
.56536696354548
.45833334326744
.54969418048859
.52714067697525
.46827216943105
.452217121919
.47515290975571
.59174311161041
.58103974660238
.49426605304082
.59633026520411
.59480120738347
.46024464567502
.51987767219543
.50114678343137
.54778285821279
.516437292099
.58983180920283
.61085627476374
.51643731196721
.53134556611379
.64870029687881
.48012231787046
.56230886777242
.57759938637416
.52943424383799
.59709479411443
.58027523756027
.58333333333333
.45986238121986
.62920488913854
.62232414881388
.57683485746384
.61353212594986
.56230886777242
.50955657164256
.57836389541626
.59097858270009
.62155963977178
.57186543941498
.51911314328512
.53631500403086
.50229357679685
.70145259300868
.71139142910639
.62882262468338
.68157492081324
.53096330165863
.51987767219543
.64984709024429
.53516820073128
.65672781070073
.57759938637416
.53478594621023
.52599388360977
.58983180920283
.59671254952749
.60512230793635
.58409784237544
.52752294143041
.63226300477982
.61926605304082
.62729358673096
.60474008321762
.6838685075442
.54357796907425
.53631496429443
.63340977827708
.66590211788813
.58142203092575
.61429663499196
.53631498416265
.60894495248795
.66169726848602
.58256880442301
.70298167069753
.67048929135005
.70986239115397
.67201834917068
.50573394695918
.56039756536484
.67660550276438
.60321098566055
.67928133408229
.58065748214722
.61506116390228
0
0
0
0
0
0
0
0
0
0
0
0
0
0
0
0
0
0
0
0
0
0
0
0
0
0
0
0
0
0
0
0
0
0
0
0
0
0
0
0
0
0
0
0
0
0
0
0
0
0
0
0
0
0
0
0
0
0
0
0
0
0
0
0
0
0
0
0
0
0
0
0
0
0
0
0
0
0
0
0
0
0
0
0
0
0
0
0
0
0
0
0
0
0
0
0
0
0
0
0
0
0
0
0
0
0
0
0
0
0
0
0
0
0
0
0
0
0
0
0
0
0
0
0
0
0
0
0
0
0
0
0
0
0
0
0
0
0
0
0
0
0
0
0
0
0
0
0
0
0
0
0
0
0
0
0
0
0
0
0
0
0
0
0
0
0
0
0
0
0
0
0
0
0
0
0
0
0
0
0
0
0
0
0
0
0
0
0
0
0
0
0
0
0
0
0
0
0
0
0
0
0
0
0
0
0
0
0
0
0
0
0
0
0
0
0
0
0
0
0
0
0
0
0
0
0
0
0
0
0
0
0
0
0
0
0
0
0
0
0
0
0
0
0
0
0
0
0
0
0
0
0
0
0
0
0
0
0
0
0
0
0
0
0
0
0
0
0
0
0
0
0
0
0
0
0
0
0
0
0
0
0
0
0
0
0
0
0
0
0
0
0
0
0
0
0
0
0
0
0
0
0
0
0
0
0
0
0
0
0
0
0
0
0
0
0
0
0
0
0
0
0
0
0
0
0
0
0
0
0
0
0
0
0
0
0
0
0
0
0
0
0
0
0
0
0
0
0
0
0
0
0
0
0
0
0
0
0
0
0
0
0
0
0
0
0
0
0
0
0
0
0
0
0
0
0
0
0
0
0
0
0
0
0
0
0
0
0
0
0
0
0
0
0
0
0
0
0
0
0
0
0
0
0
0
0
0
0
0
0
0
0
0
0
0
0
0
0
0
0
0
0
0
0
0
0
0
0
0
0
0
0
0
0
0
0
0
0
0
0
0
0
0
0
0
0
0
0
0
0
0
0
0
0
0
0
0
0
0
0
0
0
0
0
0
0
0
0
0
0
0
0
0
0
0
0
0
0
0
0
0
0
0
0
0
0
0
0
0
0
0
0
0
0
0
0
0
0
0
0
0
0
0
0
0
0
0
0
0
0
0
0
0
0
0
0
0
0
0
0
0
0
0
0
0
0
0
0
0
0
0
0
0
0
0
0
0
0
0
0
0
0
0
0
0
0
0
0
0
0
0
0
0
0
0
0
0
0
0
0
0
0
0
0
0
0
0
0
0
0
0
0
0
0
0
0
0
0
0
0
0
0
0
0
0
0
0
0
0
0
0
0
0
0
0
0
0
0
0
0
0
0
0
0
0
0
0
0
0
0
0
0
0
0
0
0
0
0
0
0
0
0
0
0
0
0
0
0
0
0
0
0
0
0
0
0
0
0
0
0
0
0
0
0
0
0
0
0
0
0
0
0
0
0
0
0
0
0
0
0
0
0
0
0
0
0
0
0
0
0
0
0
0
0
0
0
0
0
0
0
0
0
0
0
0
0
0
0
0
0
0
0
0
0
0
0
0
0
0
0
0
0
0
0
0
0
0
0
0
0
0
0
0
0
0
0
0
0
0
0
0
0
0
0
0
0
0
0
0
0
0
0
0
0
0
0
0
0
0
0
0
0
0
0
0
0
0
0
0
0
0
0
0
0
0
0
0
0
0
0
0
0
0
0
0
0
0
0
0
0
0
0
0
0
0
0
0
0
0
0
0
0
0
0
0
0
0
0
0
0
0
0
0
0
0
0
0
0
0
0
0
0
0
0
0
0
0
0
0
0
0
0
0
0
0
0
0
0
0
0
0
0
0
0
0
0
0
0
0
0
0
0
0
0
0
0
0
0
0
0
0
0
0
0
0
0
0
0
0
0
0
0
0
0
0
0
0
0
0
0
0
0
0
0
0
0
0
0
0
0
0
0
0
0
0
0
0
0
0
0
0
0
0
0
0
0
0
0
0
0
0
0
0
0
0
0
0
0
0
0
0
0
0
0
0
0
0
0
0
0
0
0
0
0
0
0
0
0
0
0
0
0
0
0
0
0
0
0
0
0
0
0
0
0
0
0
0
0
0
0
0
0
0
0
0
0
0
0
0
0
0
0
0
0
0
0
0
0
0
0
0
0
0
0
0
0
0
0
0
0
0
0
0
0
0
0
0
0
0
0
0
0
0
0
0
0
0
0
0
0
0
0
0
0
0
0
0
0
0
0
0
0
0
0
0
0
0
0
0
0
0
0
0
0
0
0
0
0
0
0
0
0
0
0
0
0
0
0
0
0
0
0
0
0
0
0
0
0
0
0
0
0
0
0
0
0
0
0
0
0
0
0
0
0
0
0
0
0
0
0
0
0
0
0
0
0
0
0
0
0
0
0
0
0
0
0
0
0
0
0
0
0
0
0
0
0
0
0
0
0
0
0
0
0
0
0
0
0
0
0
0
0
0
0
0
0
0
0
0
0
0
0
0
0
0
0
0
0
0
0
0
0
0
0
0
0
0
0
0
0
0
0
0
0
0
0
0
0
0
0
0
0
0
0
0
0
0
0
0
0
0
0
0
0
0
0
0
0
0
0
0
0
0
0
0
0
0
0
0
0
0
0
0
0
0
0
0
0
0
0
0
0
0
0
0
0
0
0
0
0
0
0
0
0
0
0
0
0
0
0
0
0
0
0
0
0
0
0
0
0
0
0
0
0
0
0
0
0
0
0
0
0
0
0
0
0
0
0
0
0
0
0
0
0
0
0
0
0
0
0
0
0
0
0
0
0
0
0
0
0
0
0
0
0
0
0
0
0
0
0
0
0
0
0
0
0
0
0
0
0
0
0
0
0
0
0
0
0
0
0
0
0
0
0
0
0
0
0
0
0
0
0
0
0
0
0
0
0
0
0
0
0
0
0
0
0
0
0
0
0
0
0
0
0
0
0
0
0
0
0
0
0
0
0
0
0
0
0
0
0
0
0
0
0
0
0
0
0
0
0
0
0
0
0
0
0
0
0
0
0
0
0
0
0
0
0
0
0
0
0
0
0
0
0
0
0
0
0
0
0
0
0
0
0
0
0
0
0
0
0
0
0
0
0
0
0
0
0
0
0
0
0
0
0
0
0
0
0
0
0
0
0
0
0
0
0
0
0
0
0
0
0
0
0
0
0
0
0
0
0
0
0
0
0
0
0
0
0
0
0
0
0
0
0
0
0
0
0
0
0
0
0
0
0
0
0
0
0
0
0
0
0
0
0
0
0
0
0
0
0
0
0
0
0
0
0
0
0
0
0
0
0
0
0
0
0
0
0
0
0
0
0
0
0
0
0
0
0
0
0
0
0
0
0
0
0
0
0
0
0
0
0
0
0
0
0
0
0
0
0
0
0
0
0
0
0
0
0
0
0
0
0
0
0
0
0
0
0
0
0
0
0
0
0
0
0
0
0
0
0
0
0
0
0
0
0
0
0
0
0
0
0
0
0
0
0
0
0
0
0
0
0
0
0
0
0
0
0
0
0
0
0
0
0
0
0
0
0
0
0
0
0
0
0
0
0
0
0
0
0
0
0
0
0
0
0
0
0
0
0
0
0
0
0
0
0
0
0
0
0
0
0
0
0
0
0
0
0
0
0
0
0
0
0
0
0
0
0
0
0
0
0
0
0
0
0
0
0
0
0
0
0
0
0
0
0
0
0
