.2348804473877
.26582277814547
.21659634510676
.20780590673288
.2538677851359
.27883262435595
.23452883462111
.25738397240639
.24753867586454
.22222221891085
.2802390952905
.22468354801337
.19514767825603
.24367088576158
.19374121228854
.1905766526858
.20464135209719
.22749647994836
.18881856401761
.2197609047095
.20534458756447
.25773558020592
.23523207008839
.24015471339226
.19971870382627
.23874823749065
.21167370180289
.23101265728474
.28375527262688
.21308016777039
.25246132413546
.28164556622505
.22011251747608
.22784810264905
.17616033554077
.22046414017677
.27039380868276
.25843881567319
.25246132413546
.25597750643889
.23312236368656
.29465541243553
.26090013980865
.26336146394412
.22609001398087
.25421941280365
.24683544536432
.26652602354685
.20393811662992
.26406469941139
.23136427998543
.24824191629887
.21061884860198
.23945147295793
.26722924908002
.19092827041944
.30485232671102
.23136427501837
.18600562711557
.26054852207502
.2679324845473
.22573839624723
.26758086681366
.22995779911677
.23382559418678
.29571026563644
.19409282505512
.22116737067699
.2556258837382
.23734177152316
.20569620033105
.26863572994868
.23945147295793
.26476792494456
.22995780408382
.22890295584997
.20393811662992
.26441631714503
.22890295584997
.20956399540106
.2457805921634
.20745428899924
.22538677851359
.19303797185421
.28410689036051
.19690576692422
.22855133811633
.23663854102294
.21765119334062
.22362869481246
.24437412619591
.21589310963949
.24789029856523
.18635724484921
.22257383664449
.19163150588671
.24507735669613
.23593530555566
.20253164569537
.23312236368656
.21835442880789
.17862165967623
.22714486221472
.22538678348064
.21554149190585
.19374121228854
.23452882965406
.2264416317145
.22046413520972
.22995780408382
.24613220989704
.20921237766743
.23804500699043
.20780590673288
.21659634510676
.24718706309795
.23030942181746
.25808720787366
.24120956162612
.25843881567319
.29641350110372
.2858649790287
.21940928200881
.25351617733637
.24120956659317
.21624472240607
.28551336129506
.21061884860198
.23101266225179
.19971870382627
.25632911920547
.19936709105968
.21483825643857
.20042193929354
.23945147295793
.25140647093455
.21870605150859
.18530239164829
.24367088576158
.29324895143509
.24015471835931
.28199718395869
.22890295584997
.24472573896249
.27039380868276
.24156117935975
.23206751048565
.21378340323766
.24718706309795
.21694795787334
.21694795787334
.23593530058861
.19409282505512
.27707453568776
.24226441979408
.23909986019135
.20218002796173
.21659634510676
.19092827041944
.16736990213394
.2376933892568
.23839662969112
.25210970640182
.21237693230311
.22116736570994
.17053446173668
.20780590673288
.24648382763068
.19514767825603
.2306610395511
.2528129418691
.23206751048565
.22327707211177
.21448663870494
.27109704415003
.27707453568776
.24015471339226
.19057665765285
.26969057321548
.23523207008839
.17018284400304
.25597750147184
.25879043340683
.20323488116264
.2485935340325
.18635723988215
.17721519370874
.2004219442606
.26547117034594
.21483825643857
.28832630316416
.21554149190585
.17967650791009
.20569620033105
.22609000901381
.22819972038269
.27250351508458
.2735583682855
.20886075993379
.18670886258284
.23804500699043
.22855133811633
.26687764128049
.26758087674777
.26441631714503
.25808719793955
.28129394849141
.23101265728474
.27566807468732
.28059071302414
.23136427501837
.26722925901413
.24718706309795
.24226441482703
.3132911324501
.24331926802794
.21835442880789
.227848097682
.25879043340683
.22784810264905
.20428973436356
.25984528660774
.23417721192042
.22468354801337
.24226441482703
.23382559915384
.20218002796173
.2594936688741
.23171589275201
.22433193027973
.27777777115504
.25773558020592
.24683544039726
.25035162270069
.23523207008839
.20253164569537
.23628691832225
.24507735669613
.23909986019135
.24437412122885
.24402250349522
.23206751048565
.26371308167775
.25
.21167370180289
.2623066107432
.24120956162612
.23312236368656
.22187060614427
.22749648491542
.20745428899924
.27285512288411
.21765119334062
.25351618230343
.25246132413546
.24613220989704
.19549929598967
.24191279709339
.22257384161154
.23382559915384
.27250351508458
.26300984621048
.24120956659317
.27461322148641
.30801687637965
.21026722590129
.27883262435595
.22151898344358
.24718706309795
.26722925901413
.25421941280365
.22679324944814
.25246132413546
.26300984621048
.28902953863144
.28551335136096
.25105485320091
.27320674061775
.23030941685041
.25914206107457
.23980309565862
.21624472737312
.26195500294367
.20534458259741
.21448663870494
.20780590673288
.23699015378952
.21097046633561
.21202531456947
.19338958958785
.23101266225179
.26371308167775
.23417721192042
.18952179948489
.28691983222961
.26125175754229
.24894514679909
.27390997608503
.26969057321548
.21729958057404
.25246132413546
.256680727005
.2623066107432
.25527426600456
.22468354801337
.23452883462111
.20850914220015
.21976089974244
.20007032652696
.23663853605588
.25808719793955
.22538677851359
.25562587380409
.21729957560698
.19514767825603
.25632911920547
.24542896946271
.24542896946271
.24648382763068
.21167370180289
.18952179948489
.22609001398087
.22714486718178
.25070323546728
.26054853200912
.26371308167775
.23663853605588
.23241912325223
.2264416317145
.25984528660774
.20147679249446
.23312236368656
.25879044334094
.23734177649021
.20604782303174
.22960618635019
.20253164569537
.22573839624723
.1947960605224
.18354430298011
.18424753844738
.17299578090509
.20464135209719
.19901546835899
.20780590673288
.15225035448869
.2679324845473
.23839661975702
.22679324448109
.23558368782202
.21132208406925
.18178621431192
.21518987417221
.21765119830767
.21167369683584
.23417721192042
.22151899337769
.19725738465786
.21343178550402
.19198312362035
.15295358498891
.22222221891085
.2099156131347
.20921237766743
.21800281107426
.22398030757904
.23523207008839
.24894515176614
.25210970640182
.21237693230311
.18706048031648
.28234880169233
.26336146394412
.23663853605588
.25421941280365
.23277074098587
.23136427501837
.19585091372331
.16877636810144
.24085794389248
.1877637108167
.23769339422385
.27004220088323
.23699015378952
.24507735669613
.21097046136856
.29113924503326
.21940928200881
.24964838226636
.24578059713046
.2457805921634
.25246131916841
.24824191133181
.22890295088291
.2612517674764
.27355835835139
.24683544536432
.22503516077995
.25386779507001
.22960618635019
.24789029359818
.2858649790287
.28516174356143
.25035161773364
.26160337527593
.24929676949978
.23945147295793
.26125175754229
.17616034050783
.23874823749065
.25879043340683
.23839661975702
.21483825147152
.25105485816797
.2651195526123
.21765119830767
.27812938888868
.23101266225179
.2774261534214
.26863572001457
.27039380868276
.2141350209713
.24261603752772
.25632911920547
.18037974834442
.26160338521004
.22503516077995
.23558368782202
.23593530058861
.27953585982323
.22468354304632
.24718706309795
.25879043340683
.17053445676963
.24261603752772
.26019690434138
.19022503495216
.22784810264905
.23769338428974
.19374121228854
.24437412619591
.29500704010328
.20745428899924
.25879044334094
.27777778108915
.22468354801337
.25035161773364
.25808720787366
.22046413520972
.22292545437813
.24472573896249
.20780590673288
.24085794389248
.22151898841063
.22714486718178
.2113220791022
.22151898344358
.20815752446651
.22187060117722
.23417721688747
.21659634013971
.20464134713014
.243319272995
.24331926802794
.21378340323766
.25527425607045
.22398030757904
.2085091372331
.23171589771907
.21905766924222
.23312236368656
.22573839624723
.27601969242096
.23945148289204
.26687764128049
.2429676502943
.20815752446651
.27109704415003
.21624472240607
.21061884860198
.26371307174365
.22011251747608
.23699015378952
.24402250349522
.22187060614427
.1877637108167
.23452883462111
.28973277409871
.22398030757904
.25843881567319
.24191279709339
.20604782303174
.23663854102294
.23839662472407
.23241912821929
.22784810264905
.28129394849141
.23312236368656
.27144866188367
.22819972038269
.25808719793955
.27426160375277
.27496483922005
.28691983222961
.29746835430463
.24261603752772
.27109704415003
.2791842520237
.24331926306089
.22714486718178
.28586496909459
.23277074595292
.22046413520972
.25105485320091
.27144866188367
.22995779911677
.21448663870494
.28727144996325
.17721518874168
.25351617733637
.2556258837382
.21729958057404
.17580871780713
.22327707707882
.23382559418678
.26722924908002
.24367088576158
.25210970640182
.21905766924222
.2471870581309
.2348804473877
.24789029359818
.21061884860198
.24085794389248
.29008439183235
.2538677851359
.25457102060318
.25246132413546
.2858649790287
.22714486718178
.20499296983083
.30801687637965
.22222221891085
.20886075993379
.23874824245771
.24964838723342
.15330520272255
.19444444775581
.22187060614427
.2113220791022
.21976089974244
.21800281604131
.23663853605588
.20604781806469
.18917018175125
.19374120732148
.26230662067731
.24859352906545
.13255977630615
.22573839624723
.24683544536432
.23206751048565
.24472573896249
.24894514679909
.25140647093455
.20534458756447
.23945147792498
.26758087674777
.27601969242096
.23874824245771
.25597750147184
.23206751048565
.28199718395869
.23804500699043
.24542897442977
.25035161773364
.24437412122885
.23909986019135
.27566807468732
.20534458259741
.27672292788823
.24999999503295
.22222222387791
.21132208406925
.2334739814202
.25105485320091
.24753867586454
.25527425607045
.22749648491542
.25210970640182
.2485935340325
.19620253145695
.19163150588671
.27320674061775
.23030942181746
.22222222387791
.26054853200912
.24683544536432
.27812938888868
.23523207008839
.2471870581309
.21659634510676
.2623066107432
.24542897442977
.22398030757904
.27883263429006
.28270041942596
.23909986019135
.30203938484192
.25070323546727
.24753867586454
.29887482523918
.21589310467243
.2612517674764
.29746835430463
.26371308167775
.22784810264905
.2679324944814
.25808719793955
.29360056916873
.2306610395511
.28445850809415
.25140647093455
.25492263833682
.27848100662231
.23980309565862
.24894515176614
.25457103550434
.23663853605588
.31434598565102
.21870604654153
.26125175754229
.28164556622505
.3537271519502
.20921237270037
.36638537049294
.36392404635747
.25316456456979
.27777778108915
.25843881567319
.26441630721092
.2651195426782
.29043600956599
.29008439183235
.30168775717417
.3357946574688
.29711673657099
.29184247056643
.28129394849141
.303797463576
.25105485816797
.29957805077235
.31434598565102
.26547116041183
.35478199521701
.35091420014699
.28234880169233
.33368495106697
.33333333333333
.28762306769689
.32383966445923
.32946553826332
.25070323546727
.32805906732877
.28832629323006
.27637130022049
.33227848013242
.33157525459925
.28164557615916
.3829114039739
.28691982229551
.33825598160426
.35478199521701
.38080168763796
.34282700220744
.40260196725527
.38466948270798
.36322082082431
.36919831236204
.40119549632072
.44901546835899
.35618846615156
.44479606548945
.33403656880061
.4198312262694
.30907172958056
.34704640507698
.25949367880821
.34142053127289
.40541490912437
.39592124025027
.39592124025027
.31786216298739
.41772151986758
.43881856401761
.39521799484889
.34493670860926
.36497889955839
.37798874576886
.36497889955839
.39556963245074
.3396624426047
.35126582781474
.36181434988976
.36357243855794
.37095640103022
.43073137601217
.40400843818982
.40084387858709
.47538677851359
.40436005592346
.39662447571754
.48804500699043
.38150492310524
.40260197718938
.40893107652664
.41736990213394
.43459916114807
.46413501103719
.38537271817525
.408579458793
.46026723583539
.36286919315656
.35829817255338
.5763009985288
.46026722590129
.40365681052208
.49683544039726
.53270041942596
.34036567807198
.45358648896217
.44585091869036
.36814345916112
.44760899742444
.42158931493759
.4254571000735
.46026722590129
.40576652685801
.455696195364
.45815751949946
.4585091372331
.40330521265666
.51406468947728
.42158930500348
.31540083885193
.43248944481214
.42686357100805
.42967651287715
.51828410228093
.54324895143509
.38607594370842
.49718704819679
.42018283406893
.41736990213394
.58087201913198
.48382560412089
.48980309565862
.48523206512133
.41420535246531
.50316454966863
.53199718395869
.50386779507001
.38502109050751
.51300984621048
.43706047534943
.4905063311259
.44303797682126
.56751056512197
.52390996615092
.41315048933029
.4887482325236
.51933896541595
.43424754341443
.52496484915415
.57594937086105
.51898734768232
.48417721192042
.52074541648229
.55520393451055
.57805905739466
.6300984621048
.52777779102325
.61954991022746
.52848101655642
.56012660264969
.56821378072103
.67158931493759
.5622362891833
.60161743561427
.58720113833745
.59880447387695
.66701829433441
.55872011184692
.65225034952164
.65260197718938
.67475386460622
.62341771523158
.77883263429006
.6782700419426
.85443039735158
.84845288594564
.93917020161947
.79184248050054
.93424755334854
.83368494113286
.7897327542305
1.0625879367193
1.047468384107
.91490858793259
1.1297468344371
1.0312939484914
1.1153304974238
1.3178621530533
1.1761603355408
1.3213783502579
1.5604782104492
1.6575246254603
1.743319272995
1.8931083281835
1.7538677851359
2.0210970640182
2.0189873377482
2.098804473877
2.0685654083888
2.4061182339986
2.3973276615143
2.4061181545258
2.5232067108154
2.5942335128784
2.70991563797
2.7180027961731
3.0573136011759
3.1729958057404
3.0523909727732
3.3505625724792
3.4898031552633
3.3804500897725
3.631153345108
3.7218706607819
3.7802391052246
4.0502813657125
4.1132208506266
4.1494375864665
4.3076651891073
4.3853726387024
4.5843880971273
4.8083685239156
4.7369899749756
4.8684949874878
4.9166665077209
5.1350212097168
5.1575247446696
5.5344586372375
5.4525318145752
5.5186357498169
5.7819972038269
5.7524612744649
6.1216597557068
6.1385372479757
6.194092909495
6.2183545430501
6.3561884562174
6.570675055186
6.5815750757853
6.8934597969055
6.9641350110372
6.8772854804993
7.0910690625509
7.3034459749858
7.0597748756409
7.4398733774821
7.5270744959513
7.4004923502604
7.7383966445923
7.7921942075094
7.9542895952861
7.871307849884
7.902250289917
8.2141348520915
8.3836148579915
8.2753165562948
8.3533757527669
8.539732615153
8.4778480529785
8.4240506490072
8.6202532450358
8.7637128829956
8.8681433995565
8.8667373657227
9.0668074289958
8.9433895746867
8.8540786107381
9.2918421427409
9.0780591964722
9.4085791905721
9.375527381897
9.3386074701945
9.5109001795451
9.4476089477539
9.5123065312703
9.7141348520915
9.7746130625407
9.8259496688843
9.872714360555
10.069268544515
9.5400842030843
9.8969764709473
9.9799582163493
9.8537273406982
9.821026802063
9.9964838027954
10.035864830017
9.7468357086182
9.8333336512248
9.9715191523234
9.8354431788127
9.8878342310588
9.5330518086751
9.481715520223
9.4915612538656
9.4669481913249
9.4968353907267
9.1944443384806
9.3607597351074
8.9697608947754
8.8463430404663
9.0611813863118
8.8906466166178
8.7619552612305
8.5530942281087
8.402250289917
8.4050629933675
8.3066104253133
7.9662446975708
8.0305905342102
7.6891702016195
7.6733476320903
7.5263713200887
7.2250351905823
7.3980309168498
7.0428972244263
6.8396625518799
6.7521096865336
6.707102616628
6.5351616541545
6.1814346313477
6.2587903340658
5.8097748756409
5.8431787490845
5.5907173156738
5.4831225077311
5.5365683237712
5.2464838027954
5.2668778101603
5.124120871226
5.0787623723348
4.9954290390015
4.7865681648254
4.8291139602661
4.5140647888184
4.6146272023519
4.4458508491516
4.4887480735779
4.3097750345866
4.1308016777039
4.1283404032389
4.1543599764506
3.7359352111816
3.9687061309814
3.9419831434886
3.9483122030894
3.9395218690236
3.5822784900665
3.6772151788076
3.6431082884471
3.5559071699778
3.560126543045
3.4757383664449
3.4405766328176
3.2682840824127
3.3498593966166
3.2345288594564
3.2436708609263
3.1040787696838
3.1371308167775
3.0084388256073
3.082981745402
2.9915611743927
2.8069619337718
2.7883263429006
2.8607595761617
2.799578110377
2.7376933892568
2.7658228079478
2.5411392052968
2.5260197321574
2.4592123826345
2.3983825842539
2.3783403237661
2.2594936688741
2.2447257041931
2.1810829639435
1.9507735967636
1.911040743192
1.9047116835912
1.8146976232529
1.6023206710815
1.6135724385579
1.6768635511398
1.5580168962479
1.2893811861674
1.3621659676234
1.197257399559
1.291490872701
1.2675808668137
1.1392405033112
.99261603752772
.95780591169993
.98382560412089
.78481012582779
.89029534657796
.86111110448837
.72819972038269
.82313642899195
.64662448565165
.6283403635025
.66420535246531
.60407876968384
.61427567402522
.60337553421656
.50914205114047
.47679324944814
.52461322148641
.4613220791022
.52566806475321
.56540083885193
.46905765930812
.37939522663752
.37517581383387
.43073135614395
.34985935688019
.38255976637204
.28938115636508
.31364276011785
.4585091372331
.38255977630615
.38677917917569
.35724331935247
.35759493708611
.3660337527593
.35548524061839
.37376934289932
.31856539845467
.35091420014699
.35161743561427
.3424753844738
.36919832229614
.28445850809415
.32770745952924
.39345991611481
.28691983222961
.29395218690236
.34423347314199
.3396624426047
.29500703016917
.32524613539378
.29043600956599
.25351618230343
.29184248050054
.3150492310524
.31399436791738
.23417721688747
.3066104054451
.31223627924919
.23030942678452
.27883263429006
.24859352906545
.25070323546727
.29395218690236
.26828411221504
.22116737067699
.28164556622505
.29500703016917
.23945147792498
.31926863392194
.29219408830007
.22503516077995
.32700421412786
.32032348712285
.29395218690236
.29781997203827
.24261603256067
.25210970640182
.25738396247228
.29008439183235
.24718706309795
.29992967844009
.31012658278147
.2099156131347
.28340365489324
.22855133314927
.28832630316416
.24964838226636
.27707453568776
.30907173951467
.30098453164101
.31047820051511
.24964838226636
.32137834032377
.27426160375277
.27707453568776
.28164556622505
.27988747755686
.27812938888868
.2542194177707
.29571027557055
.27672291795413
.29641351103783
.23804500699043
.27426160375277
.28621659676234
.25879043340683
.22714486221472
.26019691427549
.31504922111829
.23206751048565
.2679324845473
.26160337527593
.25386779507001
.28762306769689
.26019690434138
.21448663870494
.21237693230311
.23241912821929
.26300984621048
.24331926802794
.19866385062536
.29219409823418
.19655414919058
.25
.25246132413546
.27812938888868
.26230662067731
.20358649889628
.21343179047108
.28691983222961
.24718706309795
.27144866188367
.27777778108915
.30203938484192
.25773558020592
.22995780408382
.24683544536432
.18952179948489
.2735583682855
.2528129418691
.19831223785877
.24191279709339
.29535865783691
.20850914220015
.26898733774821
.27074541648229
.23593530058861
.25140647093455
.24894515176614
.24964838723342
.33052040139834
.26230662067731
.22116737067699
.2763713101546
.23241912821929
.19760899742444
.27250351508458
.28234880169233
.21835442880789
.23839662472407
.22116736570994
.24613220989704
.23980309565862
.21729958057404
.25914205610752
.27707453568776
.26722925404708
.26441631714503
.25879043340683
.2886779208978
.21729957560698
.26863572001457
.2830520371596
.25703235467275
.28094233075778
.2556258837382
.24894514679909
.21448664367199
.28586496909459
.22749648491542
.24015471339226
.2429676502943
.25738397240639
.22714486718178
.24437412619591
.25000000496705
.2348804473877
.27672292788823
.20182841022809
.21554148693879
.25703235467275
.24261603256067
.23417721688747
.28797468543053
.25140647093455
.26617440581322
.25316455960274
.27320674061775
.19866385559241
.28516174356143
.26758086681366
.26406469941139
.27074541648229
.23980309565862
.23312236368656
.27320674061775
.26547117034594
.22398031254609
.26582278807958
.20675105849902
.20991561810176
.22187060117722
.25879043340683
.22644162674745
.2791842520237
.27215189735095
.24789029856523
.29324895143509
.27742616335551
.24050632615884
.30168776710828
.29746835430463
.23980309069157
.24683544039726
.2830520371596
.25808720787366
.26054852207502
.25351617733637
.24789029359818
.29043600956599
.29817159970601
.30028129617373
.28902953863144
.25879044334094
.24613219996293
.26054852207502
.22679324944814
.23101265728474
.27777778108915
.25914205114047
.23734177649021
.21659634510676
.27953585982323
.2485935340325
.2471870581309
.2802390952905
.22046413520972
.17580871780713
.23241912821929
.2584388256073
.25703235467275
.26300983627637
.23558368782202
.21835442880789
.22925456861655
.23980309565862
.21308016777039
.24226441979408
.29254571596781
.22151898841063
.25140647093455
.2718002696832
.23593530555566
.31786216298739
.27390998601913
.25914206107457
.26617440581322
.26441631714503
.23452882965406
.26019691427549
.26582278807958
.23663853605588
.2405063311259
.22925456861655
.25421941280365
.24331926802794
.23241913318634
.21272855003675
.26336146394412
.23593530555566
.26160337527593
.20639943579833
.21976089974244
.22995780408382
.2584388256073
.26828410228093
.19163150091966
.25808719793955
.26090013980865
.24156118432681
.27004219094912
.27848101655642
.21026722590129
.22116737067699
.30028129617373
.24648382763068
.2528129418691
.25105484823386
.23241912821929
.2071026712656
.25914205114047
.21483825643857
.22679324448109
.27215189735095
.28059071302414
.24156117935975
.28938114643097
.23312235871951
.20675105849902
.21343178550402
.26406469941139
.17299578090509
.2306610395511
.20569620033105
.22292545934518
.21870604654153
.21800281107426
.21905766427517
.21167369683584
.20921237270037
.22609000901381
.2099156131347
.28234880169233
.2457805921634
.23628691832225
.24718706309795
.174050634106
.25668073693911
.2651195526123
.18881856401761
.21870604654153
.22819972038269
.18143460154533
.25738396247228
.25492264330387
.23523206512133
.25773558020592
.28375527262688
.25879043340683
.23382559915384
.24824191629887
.22116736570994
.2348804473877
.24964838226636
.24120956659317
.23417721688747
.21483825643857
.23523207008839
.22679324944814
.22327707707882
.18495077391466
.22257384161154
.23417721688747
.2071026712656
.18635723988215
.20077356199423
.18600562711557
.19760899742444
.24472573896249
.22503516077995
.23839662969112
.25070323546728
.28938115636508
.23101265728474
.22679324944814
.22257383664449
.22749648491542
.26441632707914
.26054852207502
.22433192531268
.23066104451815
.21729958057404
.18002813061078
.25632911920547
.23030942181746
.27883263429006
.20464135209719
.22538677851359
.16877637306849
.22011251747608
.20393811662992
.22679324944814
.2405063311259
.23839662472407
.1976090023915
.2208157479763
.2014767875274
.20534458756447
.22890295584997
.227848097682
.22890295584997
.27531645695368
.22503516077995
.18495077391466
.26863572001457
.25703235467275
.23277074098587
.23488045235475
.27320674061775
.23874823749065
.26441631714503
.21554149190585
.20077355702718
.25210970640182
.24367088576158
.25140647093455
.24402249852816
.23874824245771
.19549929598967
.27039381861687
.243319272995
.21624472737312
.25808719793955
.1810829838117
.25562587877115
.21483825643857
.22609000901381
.22257384161154
.21097046633561
.21765119830767
.18987341225147
.21272855003675
.23839662472407
.20218002796173
.17475386460622
.22749648491542
.22433193027973
.15611814459165
.2584388256073
.20745428899924
.22292545437813
.26019690434138
.22187060614427
.18600562214851
.26371307174365
.19233473638693
.1782700419426
.26406469941139
.24331926802794
.2594936688741
.25808720787366
.24859352906545
.25949367384116
.26476794481277
.2623066107432
.2707454264164
.2774261534214
.23206751048565
.21272855003675
.25632911920547
.21448663870494
.21378340323766
.27601968248685
.24613220989704
.20393811166286
.21835443377495
.27601969242096
.23030942181746
.21518987417221
.26265822847684
.21026722590129
.22151898841063
.28762306769689
.2528129418691
.21905766924222
.26722925901413
.23488045235475
.24156117935975
.27039380868276
.1698312262694
.26863572001457
.31399437785149
.23101266225179
.23101265728474
.26758087674777
.21835442880789
.25421940286954
.18530239164829
.20604782303174
.19901547332605
.2264416317145
.20147679746151
.23980309565862
.22327707707882
.21308016777039
.21765119334062
.25035161773364
.27707453568776
.21554149190585
.22925456861655
.22011251747608
.21940928200881
.19549929598967
.20850914716721
.22046413520972
.2457805921634
.23277074595292
.20745429396629
.25351617733637
.22679324448109
.21800281604131
.25316455960274
.24226441979408
.22116737067699
.22116737067699
.25105485816797
.19655414919058
.25632911920547
.23628691832225
.21237693230311
.2236286898454
.27953586975733
.24085794885953
.21976089974244
.26300984124343
.21905766427517
.28516174356143
.22503516077995
.2085091372331
.27531645695368
.22855133314927
.22573839624723
.19760899742444
.26863572001457
.16807313263416
.24683544039726
.21026722590129
.18635724484921
.22398031254609
.22960618635019
.17897327740987
.23804500699043
.24789029856523
.2169479628404
.22292545437813
.25843881567319
.21624472737312
.27742616335551
.21800281107426
.24402250349522
.26371309161186
.23382559915384
.22819972038269
.21729958057404
.19233474135399
.18284107247988
.23101265728474
.25773558020592
.23839662969112
.22187060117722
.21132208406925
.22960618635019
.21061884860198
.20639943579833
.21378340323766
.21835443377495
.21378340323766
.227848097682
.15260196725527
.22960619131724
.20358649889628
.16666666666667
.21870605150859
.2169479628404
.17932489017646
.2471870581309
.2236286898454
.19936709105968
.2099156131347
.18811533351739
.19303797185421
.22714486718178
.23593530555566
.21272855003675
.24191279709339
.21694795787334
.19655414919058
.22433192531268
.22890295584997
.18248945474625
.21237693230311
.19866385559241
.22116737067699
.24824191133181
.22151898344358
.22573839624723
.28691983222961
.24507735172908
.20639943579833
.24894515176614
.25527426600456
.23874824245771
.2457805921634
.24859352906545
.24648383259773
.24613220492999
.25035161773364
.23382559418678
.23206751048565
.28973277409871
.19971870879332
.27812938888868
.21237693230311
.22433192531268
.26828410228093
.22784810264905
.20323488116264
.22327707211177
.20112517476082
.21940928200881
.19163150588671
.24507735669613
.20956399540106
.22573839624723
.21237693230311
.23136427998543
.1810829838117
.24472573896249
.21483825643857
.18811532855034
.28270041942596
.21729958057404
.20288326342901
.25316455960274
.18319268524647
.23171589275201
.22538677851359
.20358649889628
.1905766526858
.26582278807958
.24402250349522
.21237693727016
.24437412122885
.22292545934518
.1933895945549
.22995780408382
.24789029856523
.21061884363492
.19831223785877
.20850914220015
.19092827041944
.23066103458405
.24824191629887
.18565400938193
.21026722590129
.24367088576158
.20956399540106
.22609001398087
.27144865194956
.2556258837382
.21518987417221
.26687763134638
.20569620529811
.29184248050054
.2679324944814
.23909986019135
.2514064759016
.22890295088291
.24437412122885
.25738397240639
.26019690434138
.19655414919058
.24578058719635
.24261603256067
.22151898841063
.17264416317145
.25140647093455
.20991560816765
.18565400938193
.22398031254609
.22925456861655
.19268635908763
.21589310963949
.22222222387791
.20780590673288
.21308016777039
.2071026712656
.20639943579833
.25246132413546
.21483825643857
.18213783204556
.25070323546727
.19303797185421
.18881856401761
.2542194078366
.26933895548185
.22116737067699
.22222222387791
.22960618635019
.18741209805012
.2405063311259
.18178621927897
.2306610395511
.21448663373788
.20604781806469
.2236286898454
.18635723988215
.22714486718178
.21202532450358
.25386779507001
.21483825643857
.21378340323766
.18706047534943
.23734177152316
.20991560816765
.23030942181746
.2306610395511
.24015471339226
.20921237270037
.19163150091966
.20921237270037
.24156118432681
.26758087674777
.22257384161154
.23136427501837
.243319272995
.2348804473877
.23101265728474
.25175808866819
.22855133811633
.25457103053729
.27777777115504
.22151898841063
.22011251747608
.23558368285497
.24507735669613
.1976090023915
.24683544536432
.27601968248685
.29852320750554
.24085794885953
.23909986019135
.21237693230311
.24507735172908
.24578059713046
.21765119334062
.20991561810176
.2292545735836
.19901547332605
.22784810264905
.18846695125103
.20288326342901
.25
.19514768322309
.19936708609263
.22784810264905
.21624472240607
.21061884860198
.24964838226636
.21272855003675
.19163150588671
.21976089974244
.22749648491542
.21202531953653
.26582278807958
.22433193027973
.24437412619591
.21378340323766
.2457805921634
.20675105849902
.27988747755686
.25281294683615
.23945147792498
.25246131420135
.24648382266363
.17088607947032
.29184248050054
.28516174356143
.27496484915415
.24824191133181
.2292545735836
.22679324944814
.22925456861655
.2236286898454
.19690576692422
.26054852207502
.25668073693911
.22573839624723
.27285513281822
.23136427501837
.21378340323766
.28621659676234
.23945147792498
.18354430298011
.24120956162612
.23839662472407
.21097046136856
.19233474135399
.23699015378952
.17897327740987
.21448663870494
.21694795787334
.16807313760122
.18248944977919
.23488045235475
.2334739814202
.21448663870494
.22749648491542
.23558368285497
.21448664367199
.22644163668156
.22960618635019
.23382559915384
.26758087674777
.26933895548185
.20112517476082
.22116737067699
.23523206512133
.25316455960274
.27426160375277
.23980309069157
.26336146394412
.19233474135399
.20745428899924
.17510548730691
.23136427501837
.25316455463568
.22960618635019
.25140647093455
.24261603256067
.22187060614427
.22819972038269
.21624472737312
.26617441574732
.25527426600456
.24437412122885
.22573840121428
.22257383664449
.25879043340683
.20604781806469
.21097046136856
.2429676502943
.18459915618102
.20147679746151
.20393811662992
.18143459657828
.24507735669613
.20112517476082
.19690576692422
.25386779507001
.24472573896249
.2141350209713
.23874824245771
.21729958057404
.21729958057404
.21518987417221
.21448663870494
.19092827041944
.22433192531268
.22046413520972
.22081575294336
.18706048031648
.23558368285497
.20886075496674
.18530239164829
.19936708609263
.21729957560698
.19163150588671
.23171589275201
.21448664367199
.21554149190585
.27250351508458
.25492264827092
.18741209308306
.25210970640182
.20464135209719
.23241912821929
.25527426600456
.20499296486378
.1976090023915
.24015471339226
.21237693727016
.22081575294336
.24331926802794
.22433192531268
.18319269021352
.2528129418691
.25175809363524
.24261603256067
.23663854102294
.27531645695368
.21905766427517
.22433193027973
.25035161773364
.22819971541564
.20604781806469
.22819972038269
.2376933892568
.22925456861655
.21343179047108
.20218002796173
.19866385559241
.23206751048565
.22749647994836
.23909985522429
.21765119830767
.20288325846195
.23769338428974
.24789029856523
.23171589275201
.27250351508458
.2858649790287
.22292545437813
.22398031254609
.20288326342901
.24120956659317
.25351617733637
.25140647093455
.25210971136888
.20253164072831
.27180027961731
.24542896449566
.17334739367167
.24753868083159
.22749648491542
.1877637108167
.16104078292847
.20288325846195
.20534458756447
.20956399540106
.19655414919058
.2071026712656
.21940928200881
.23417721688747
.17440224687258
.22222221891085
.21518986920516
.23558368782202
.24929676949978
.20921237766743
.22503516574701
.24613220492999
.21870605150859
.25597749153773
.23101265728474
.20218002796173
.19690576692422
.22081575294336
.24718706309795
.20639944076538
.24085795382659
.21097046136856
.20288325846195
.16526020069917
.24648382763068
.20956399540106
.22714486718178
.22151898841063
.18037974834442
.1782700419426
.19514767825603
.18846695125103
.21097046136856
.21589310963949
.21729957560698
.24085794885953
.21237693727016
.17721519370874
.19796062012513
.18530239164829
.21308016777039
.22468354304632
.22714486221472
.26969057321548
.2334739814202
.18952179948489
.22679324944814
.23101266225179
.22749647994836
.22151898841063
.23734177152316
.21202531456947
.20991560816765
.18284107247988
.27988748749097
.21800281107426
.23558368285497
.22855133314927
.25386779507001
.22784810264905
.23312236368656
.22573839624723
.1891701767842
.24191279709339
.23030942181746
.22714486718178
.25035161773364
.25738396247228
.20815752446651
.21870604654153
.22925456861655
.227848097682
.23734177649021
.22292545934518
.22679324944814
.24929676949978
.29535864790281
.21554149190585
.30414908130964
.2594936688741
.25527426600456
.30661041537921
.31188466151555
.32911392052968
.26265822847684
.27180027961731
.29606188337008
.28973277409871
.23980309565862
.27180027961731
.30766525864601
.31012657284737
.27812938888868
.35091420014699
.28094233075778
.34317862987518
.34634316960971
.36919831236204
.39767932891846
.41842475533485
.39803094665209
.42616033554077
.47679324944814
.40049227078756
.37341772516569
.45710267623266
.5094936688741
.446202536424
.56715893745422
.59704639514287
.6624472339948
.50738397240639
.32383966445923
0
0
0
0
0
0
0
0
0
0
0
0
0
0
0
0
0
0
0
0
0
0
0
0
0
0
0
0
0
0
0
0
0
0
0
0
0
0
0
0
0
0
0
0
0
0
0
0
0
0
0
0
0
0
0
0
0
0
0
0
0
0
0
0
0
0
0
0
0
0
0
0
0
0
0
0
0
0
0
0
0
0
0
0
0
0
0
0
0
0
0
0
0
0
0
0
0
0
0
0
0
0
0
0
0
0
0
0
0
0
0
0
0
0
0
0
0
0
0
0
0
0
0
0
0
0
0
0
0
0
0
0
0
0
0
0
0
0
0
0
0
0
0
0
0
0
0
0
0
0
0
0
0
0
0
0
0
0
0
0
0
0
0
0
0
0
0
0
0
0
0
0
0
0
0
0
0
0
0
0
0
0
0
0
0
0
0
0
0
0
0
0
0
0
0
0
0
0
0
0
0
0
0
0
0
0
0
0
0
0
0
0
0
0
0
0
0
0
0
0
0
0
0
0
0
0
0
0
0
0
0
0
0
0
0
0
0
0
0
0
0
0
0
0
0
0
0
0
0
0
0
0
0
0
0
0
0
0
0
0
0
0
0
0
0
0
0
0
0
0
0
0
0
0
0
0
0
0
0
0
0
0
0
0
0
0
0
0
0
0
0
0
0
0
0
0
0
0
0
0
0
0
0
0
0
0
0
0
0
0
0
0
0
0
0
0
0
0
0
0
0
0
0
0
0
0
0
0
0
0
0
0
0
0
0
0
0
0
0
0
0
0
0
0
0
0
0
0
0
0
0
0
0
0
0
0
0
0
0
0
0
0
0
0
0
0
0
0
0
0
0
0
0
0
0
0
0
0
0
0
0
0
0
0
0
0
0
0
0
0
0
0
0
0
0
0
0
0
0
0
0
0
0
0
0
0
0
0
0
0
0
0
0
0
0
0
0
0
0
0
0
0
0
0
0
0
0
0
0
0
0
0
0
0
0
0
0
0
0
0
0
0
0
0
0
0
0
0
0
0
0
0
0
0
0
0
0
0
0
0
0
0
0
0
0
0
0
0
0
0
0
0
0
0
0
0
0
0
0
0
0
0
0
0
0
0
0
0
0
0
0
0
0
0
0
0
0
0
0
0
0
0
0
0
0
0
0
0
0
0
0
0
0
0
0
0
0
0
0
0
0
0
0
0
0
0
0
0
0
0
0
0
0
0
0
0
0
0
0
0
0
0
0
0
0
0
0
0
0
0
0
0
0
0
0
0
0
0
0
0
0
0
0
0
0
0
0
0
0
0
0
0
0
0
0
0
0
0
0
0
0
0
0
0
0
0
0
0
0
0
0
0
0
0
0
0
0
0
0
0
0
0
0
0
0
0
0
0
0
0
0
0
0
0
0
0
0
0
0
0
0
0
0
0
0
0
0
0
0
0
0
0
0
0
0
0
0
0
0
0
0
0
0
0
0
0
0
0
0
0
0
0
0
0
0
0
0
0
0
0
0
0
0
0
0
0
0
0
0
0
0
0
0
0
0
0
0
0
0
0
0
0
0
0
0
0
0
0
0
0
0
0
0
0
0
0
0
0
0
0
0
0
0
0
0
0
0
0
0
0
0
0
0
0
0
0
0
0
0
0
0
0
0
0
0
0
0
0
0
0
0
0
0
0
0
0
0
0
0
0
0
0
0
0
0
0
0
0
0
0
0
0
0
0
0
0
0
0
0
0
0
0
0
0
0
0
0
0
0
0
0
0
0
0
0
0
0
0
0
0
0
0
0
0
0
0
0
0
0
0
0
0
0
0
0
0
0
0
0
0
0
0
0
0
0
0
0
0
0
0
0
0
0
0
0
0
0
0
0
0
0
0
0
0
0
0
0
0
0
0
0
0
0
0
0
0
0
0
0
0
0
0
0
0
0
0
0
0
0
0
0
0
0
0
0
0
0
0
0
0
0
0
0
0
0
0
0
0
0
0
0
0
0
0
0
0
0
0
0
0
0
0
0
0
0
0
0
0
0
0
0
0
0
0
0
0
0
0
0
0
0
0
0
0
0
0
0
0
0
0
0
0
0
0
0
0
0
0
0
0
0
0
0
0
0
0
0
0
0
0
0
0
0
0
0
0
0
0
0
0
0
0
0
0
0
0
0
0
0
0
0
0
0
0
0
0
0
0
0
0
0
0
0
0
0
0
0
0
0
0
0
0
0
0
0
0
0
0
0
0
0
0
0
0
0
0
0
0
0
0
0
0
0
0
0
0
0
0
0
0
0
0
0
0
0
0
0
0
0
0
0
0
0
0
0
0
0
0
0
0
0
0
0
0
0
0
0
0
0
0
0
0
0
0
0
0
0
0
0
0
0
0
0
0
0
0
0
0
0
0
0
0
0
0
0
0
0
0
0
0
0
0
0
0
0
0
0
0
0
0
0
0
0
0
0
0
0
0
0
0
0
0
0
0
0
0
0
0
0
0
0
0
0
0
0
0
0
0
0
0
0
0
0
0
0
0
0
0
0
0
0
0
0
0
0
0
0
0
0
0
0
0
0
0
0
0
0
0
0
0
0
0
0
0
0
0
0
0
0
0
0
0
0
0
0
0
0
0
0
0
0
0
0
0
0
0
0
0
0
0
0
0
0
0
0
0
0
0
0
0
0
0
0
0
0
0
0
0
0
0
0
0
0
0
0
0
0
0
0
0
0
0
0
0
0
0
0
0
0
0
0
0
0
0
0
0
0
0
0
0
0
0
0
0
0
0
0
0
0
0
0
0
0
0
0
0
0
0
0
0
0
0
0
0
0
0
0
0
0
0
0
0
0
0
0
0
0
0
0
0
0
0
0
0
0
0
0
0
0
0
0
0
0
0
0
0
0
0
0
0
0
0
0
0
0
0
0
0
0
0
0
0
0
0
0
0
0
0
0
0
0
0
0
0
0
0
0
0
0
0
0
0
0
0
0
0
0
0
0
0
0
0
0
0
0
0
0
0
0
0
0
0
0
0
0
0
0
0
0
0
0
0
0
0
0
0
0
0
0
0
0
0
0
0
0
0
0
0
0
0
0
0
0
0
0
0
0
0
0
0
0
0
0
0
0
0
0
0
0
0
0
0
0
0
0
0
0
0
0
0
0
0
0
0
0
0
0
0
0
0
0
0
0
0
0
0
0
0
0
0
0
0
0
0
0
0
0
0
0
0
0
0
0
0
0
0
0
0
0
0
0
0
0
0
0
0
0
0
0
0
0
0
0
0
0
0
0
0
0
0
0
0
0
0
0
0
0
0
0
0
0
0
0
0
0
0
0
0
0
0
0
0
0
0
0
0
0
0
0
0
0
0
0
0
0
0
0
0
0
0
0
0
0
0
0
0
0
0
0
0
0
0
0
0
0
0
0
0
0
0
0
0
0
0
0
0
0
0
0
0
0
0
0
0
0
0
0
0
0
0
0
0
0
0
0
0
0
0
0
0
0
0
0
0
0
0
0
0
0
0
0
0
0
0
0
0
0
0
0
0
0
0
0
0
0
0
0
0
0
0
0
0
0
0
0
0
0
0
0
0
0
0
0
0
0
0
0
0
0
0
0
0
0
0
0
0
0
0
0
0
0
0
0
0
0
0
0
0
0
0
0
0
0
0
0
0
0
0
0
0
0
0
0
0
0
0
0
0
0
0
0
0
0
0
0
0
0
0
0
0
0
0
0
0
0
0
0
0
0
0
0
0
0
0
0
0
0
0
0
0
0
0
0
0
0
0
0
0
0
0
0
0
0
0
0
0
0
0
0
0
0
0
0
0
0
0
0
0
0
0
0
0
0
0
0
0
0
0
0
0
0
0
0
0
0
0
0
0
0
0
0
0
0
0
0
0
0
0
0
0
0
0
0
0
0
0
0
0
0
0
0
0
0
0
0
0
0
0
0
0
0
0
0
0
0
0
0
0
0
0
0
0
0
0
0
0
0
0
0
0
0
0
0
0
0
0
0
0
0
0
0
0
0
0
0
0
0
0
0
0
0
0
0
0
0
0
0
0
0
0
0
0
0
0
0
0
0
0
0
0
0
0
0
0
0
0
0
0
0
0
0
0
0
0
0
0
0
0
0
0
0
0
0
0
0
0
0
0
0
0
0
0
0
0
0
0
0
0
0
0
0
0
0
0
0
0
0
0
0
0
0
0
0
0
0
0
0
0
0
0
0
0
0
0
0
0
0
0
0
0
0
0
0
0
0
0
0
0
0
0
0
0
0
0
0
0
0
0
0
0
0
0
0
0
0
0
0
0
0
0
0
0
0
0
0
0
0
0
0
0
0
0
0
0
0
0
0
0
0
0
0
0
0
0
0
0
0
0
0
0
0
0
0
0
0
0
0
0
0
0
0
0
0
0
0
0
0
0
0
0
0
0
0
0
0
0
0
0
0
0
0
0
0
0
0
0
0
0
0
0
0
0
0
0
0
0
0
0
0
0
0
0
0
0
0
0
0
0
0
0
0
0
0
0
0
0
0
0
0
0
0
0
0
0
0
0
0
0
0
0
0
0
0
0
0
0
0
0
0
0
0
0
0
0
0
0
0
0
0
0
0
0
0
0
0
0
0
0
0
0
0
0
0
0
0
0
0
0
0
0
0
0
0
0
0
0
